0.031545,0.016085,0.0066172,0.00024184,3.2654e-35,0.0006286,3.3338e-17,2.1185e-91,2.8478e-70,0.002232,0.000244,1.8019e-15,9.6116e-05,0.0014075,2.0019
0.050793,0.024561,0.012908,0.011712,3.8665e-48,1.1883e-15,1.0015e-65,1.0866e-69,1.3377e-53,0.00085459,1.4218e-05,4.8344e-05,1.0635e-10,2.7827,1.5042
0.031986,0.015475,0.0076071,0.0047696,4.7368e-81,0.0007624,1.6831e-27,2.4376e-54,4.5193e-71,7.517e-05,0.00065096,1.0366e-30,1.9889e-12,4.0023,1.9528e-07
2.2221e-61,6.5462e-62,4.5321e-62,1.0701e-70,1.2294e-116,3.7089e-86,1.8698e-106,2.0893e-118,2.0111e-47,2.569e-56,8.211e-32,6.7048e-16,5.4749,3.7234e-44,1.4585
0.0010126,5.3381e-05,7.6971e-46,3.5553e-06,2.5667e-77,1.7416e-29,5.4761e-41,3.685e-98,3.8615e-69,2.2577e-13,1.8392e-57,7.9504e-19,5.6546,2.8298,1.8555e-09
0.032622,0.016099,0.0062957,0.003873,1.4971e-55,3.7788e-22,2.7808e-37,6.8795e-73,5.037e-83,0.00096968,1.2301e-56,1.1903e-21,8.0008,3.8143e-42,2.8151e-06
0.034805,0.010361,0.0011332,1.2156e-11,1.0997e-88,2.4257e-26,9.7353e-47,2.4459e-86,6.5098e-70,4.142e-10,3.6346e-67,11.079,5.8961e-07,4.4669e-44,1.443
0.014009,0.0045148,1.1047e-49,9.4113e-15,6.4646e-51,2.3026e-08,6.954e-147,8.5215e-62,4.4985e-63,2.8952e-20,4.7362e-54,11.292,1.5643e-06,2.8349,1.7054e-08
2.1464e-45,1.7527e-29,1.2421e-29,4.4497e-30,6.7185e-88,1.475e-30,2.164e-14,8.3178e-148,1.7558e-87,5.4383e-28,3.1875e-16,11.347,5.6417,2.5731e-47,1.6714e-05
0.033268,0.016431,0.0088362,0.0043675,6.84e-79,5.225e-14,2.4607e-34,1.8473e-58,1.4843e-98,0.00074915,0.00034695,16.007,7.665e-07,1.1761e-44,2.0538e-06
5.8798e-29,2.9937e-29,2.5427e-30,3.0566e-31,3.9956e-99,1.2315e-36,2.1579e-14,2.9948e-145,1.7491e-99,5.1832e-23,22.026,1.5619e-10,2.2648e-05,2.1011e-43,1.4509
0.034324,0.016343,0.0018299,1.1777e-13,3.9241e-58,8.1162e-11,8.7056e-43,7.5742e-122,2.1173e-88,0.0062529,22.586,1.1519e-21,5.6317e-09,2.8351,4.8265e-11
1.5625e-32,6.3222e-31,8.3961e-70,8.4867e-48,9.3573e-72,2.0657e-32,3.6411e-16,8.0186e-56,4.653e-90,2.7806e-15,22.709,7.5354e-16,5.6373,3.6832e-35,2.8822e-05
5.4867e-13,2.6969e-13,3.3446e-68,6.289e-14,1.3277e-103,1.0625e-14,9.9983e-29,1.9912e-52,8.383e-76,2.0027e-15,22.623,11.318,2.6704e-07,5.5727e-39,2.0839e-09
0.031929,0.013898,0.0084917,0.00070443,1.8975e-59,0.00017985,2.7273e-49,3.5477e-65,3.0526e-64,0.0067435,32.002,2.2107e-26,0.00010857,0.00022662,3.9272e-06
0.013466,0.004745,0.0016857,7.5246e-20,1.6645e-113,0.00020413,1.3518e-45,1.7655e-130,9.3612e-155,44.008,1.237e-54,4.4567e-08,4.7233e-11,7.9203e-58,1.4524
5.3831e-31,4.3287e-29,3.5348e-13,1.1253e-14,2.3221e-58,5.5108e-21,1.4211e-41,2.458e-131,6.6754e-99,45.19,1.7219e-60,2.1522e-22,1.313e-05,2.8325,0.00015388
5.2716e-45,4.3046e-29,2.6751e-30,4.9281e-31,3.819e-129,2.2319e-46,2.2161e-14,2.3605e-141,1.8961e-62,45.239,4.431e-53,2.5224e-18,5.6593,2.6235e-36,1.6424e-07
7.8407e-29,4.5743e-30,3.2229e-13,6.5634e-22,1.3735e-42,1.8267e-14,8.7237e-28,1.4023e-133,1.3212e-107,45.15,2.9298e-57,11.341,5.0893e-19,3.7278e-40,0.00023049
1.82e-13,9.0669e-14,4.4824e-14,1.3992e-13,1.269e-92,2.2684e-14,9.116e-27,1.5934e-71,1.3548e-15,45.09,22.727,7.018e-20,8.9865e-06,8.4433e-43,0.01319
0.02389,0.0066834,0.0014866,9.4277e-05,8.9891e-40,7.4713e-17,2.2947e-08,2.9632e-265,3.0069e-92,64.018,2.9541e-79,8.0043e-13,1.6688e-18,2.3886e-34,6.0172e-06
9.1952e-14,6.4154e-13,3.661e-14,4.6482e-15,5.8463e-135,1.4457e-14,4.8907e-43,5.6477e-109,87.739,1.5475e-05,9.853e-56,2.5308e-127,3.4151e-06,1.456e-74,1.4564
2.4023e-14,1.1839e-14,2.3779e-13,1.3167e-13,6.5169e-87,1.5981e-36,9.7308e-53,4.9031e-61,90.565,6.2593e-06,2.8712e-15,1.1579e-19,9.125e-07,2.8268,1.7705e-06
5.9315e-29,2.8701e-29,2.5142e-30,1.6975e-13,2.8026e-58,1.3067e-14,3.04e-53,9.5815e-57,90.645,1.5294e-14,2.1382e-15,4.3534e-19,5.6493,1.3113e-40,8.9411e-08
1.5577e-29,9.6146e-31,6.4081e-14,8.073e-14,4.1345e-87,3.8536e-14,1.1203e-26,1.2914e-50,90.297,7.2855e-06,2.0671e-15,11.34,2.6209e-17,7.6701e-42,2.0508e-05
9.2388e-13,6.085e-14,3.2611e-14,1.3179e-13,4.7624e-59,1.6954e-37,3.2641e-30,7.6166e-63,90.151,1.4759e-13,22.72,7.6236e-20,2.1803e-06,1.5125e-43,2.1418e-09
2.4096e-14,1.2162e-14,5.8554e-15,1.1008e-16,1.1503e-48,4.2575e-16,2.8519e-49,1.9418e-66,2.786,1.774,1.0511e-35,9.3251e-29,2.7357e-08,9.322e-40,1.9989
1.06e-12,7.0561e-13,1.7517e-13,1.689e-29,3.677e-123,2.0251e-14,5.7876e-24,9.6868e-128,128,1.3799e-11,3.3116e-54,7.5319e-28,9.4174e-06,1.125e-71,1.7897e-05
0.051179,0.026331,1.9964e-55,0.026101,1.1373e-111,2.7355e-11,2.2417e-45,5.1448e-164,0.00052073,0.0031959,0.0002951,8.2681e-97,0.020418,0.0037713,2.0167
0.064003,0.032149,0.015559,0.010218,1.3633e-91,0.00024498,8.8931e-20,2.8003e-71,3.7126e-55,0.00015574,0.00063098,4.4139e-05,1.7296e-09,4.0027,3.4539e-09
0.065594,0.033718,0.012784,0.0079744,1.7028e-107,3.0435e-24,1.1336e-56,2.8865e-72,4.1568e-96,0.00094623,3.3205e-24,1.3398e-21,8.0018,3.8485e-46,3.0744e-06
0.06554,0.03257,0.017316,0.0087242,3.8135e-73,0.0010631,1.2378e-15,2.3589e-37,1.8152e-65,5.2166e-09,0.00049657,16.005,2.4164e-05,8.1809e-42,7.3145e-10
0.064015,0.029684,0.01198,0.0054088,2.243e-49,4.4087e-23,4.9739e-47,9.0908e-73,6.5704e-84,0.0091711,32.005,3.1619e-22,4.5299e-09,1.2826e-41,0.00022594
0.064269,0.031819,0.009339,0.047396,1.2276e-25,6.3375e-15,0.004983,3.3623e-47,9.4655e-58,64.015,1.3644e-38,7.8711e-144,1.2091e-11,1.141e-47,0.0018079
0.21342,1.4028,0.52497,1.66,8.5714e-26,0.17649,5.0008e-15,9.4348e-46,128.04,3.0564e-05,1.1178e-66,1.1527e-146,6.1794e-10,4.8911e-48,0.0018324
5676,2817.7,1418.3,750.14,4.841e-25,138.25,74.761,5.1011e-51,27.615,50.245,14.178,9.1584e-24,4.6676e-06,0.010565,0.0064937
9.0755e-13,5.3893e-19,1.5754e-13,1.0288e-13,2.082e-50,2.4862e-20,351.56,2.5214e-105,2.1614e-83,8.8631e-07,1.874e-19,1.5581e-10,2.2593e-05,2.4678e-33,1.4541
0.038907,0.001467,0.001736,3.0502e-11,4.1151e-49,0.0063847,362.59,1.6687e-54,2.7949e-64,1.497e-05,1.5818e-56,5.018e-22,1.8737e-05,2.8277,5.6594e-10
4.3911e-14,1.8245e-14,3.0704e-13,8.8388e-14,1.3095e-104,5.4006e-27,361.93,5.8644e-68,3.44e-34,1.4437e-08,3.3385e-58,8.2735e-17,5.659,6.3282e-05,7.6487e-07
0.012132,0.0062449,0.0061197,0.0010151,2.7527e-79,1.0871e-07,361.29,8.358e-60,5.3638e-62,1.8153e-14,1.2994e-07,11.344,3.9617e-05,1.7396e-38,4.7956e-08
5.9322e-13,2.7384e-13,1.4707e-13,9.3401e-16,2.0674e-162,3.1295e-14,360.95,3.2792e-74,3.3957e-83,3.268e-05,22.698,3.5327e-12,8.6125e-07,9.3391e-38,1.9122e-05
3.53e-15,8.1917e-16,7.5557e-16,6.8743e-16,1.1557e-68,8.0054e-16,6.8031,0,2.776e-43,0.89625,1.5816e-170,3.611e-07,7.3489e-20,3.8393e-06,1.9998
1.233e-15,4.6609e-16,4.9979e-15,2.9699e-17,2.0258e-74,5.313e-46,5.117,2.8846e-60,1.2191,1.4306e-13,1.1456e-156,9.2808e-10,2.3063e-07,0.0572,1.9999
0.058988,0.041813,0.060201,0.018916,4.2685e-80,3.6091e-10,512.89,2.0467e-54,4.5395e-49,0.00013014,1.6369e-78,3.2139e-21,8.1437e-12,1.0329e-36,9.1351e-07
0.027416,0.011779,0.0064107,0.0016912,2.2048e-39,0.00017991,525.34,4.0547e-43,3.9642e-64,1.0027e-14,1.0179e-80,1.4475e-26,6.6621e-11,6.5484e-06,8.1862e-07
1.3648e-12,1.0586e-18,4.8894e-14,5.5669e-29,2.8266e-66,703.63,1.8042e-10,1.791e-85,9.5023e-69,0.00014226,4.267e-62,4.9068e-12,1.2992e-06,3.4922e-23,1.4531
9.4029e-14,7.0273e-13,3.7908e-14,3.3032e-30,2.1574e-124,723.04,3.5166e-25,5.3174e-62,1.0297e-93,5.7158e-11,2.122e-58,1.5273e-18,4.6758e-07,2.8325,1.454e-06
1.4105e-12,1.2746e-23,3.7215e-14,3.3976e-18,2.5164e-47,723.83,8.1886e-12,9.6928e-85,1.1138e-63,1.6964e-14,2.6822e-15,2.7397e-08,5.6589,1.0818e-41,1.0406e-06
4.8294e-13,6.577e-13,4.9991e-14,1.5937e-19,3.6289e-80,722.38,8.823e-11,3.8079e-109,1.5857e-60,1.5497e-05,3.6292e-101,11.34,6.6381e-06,4.2214e-33,3.9114e-09
8.3997e-13,4.0222e-13,1.4892e-27,1.0067e-13,2.9277e-162,721.98,1.1609e-39,4.561e-66,3.396e-83,0.00014311,22.7,2.9186e-23,8.8121e-07,2.9693e-39,4.9695e-11
1.3648e-15,6.784e-16,3.3287e-16,1.8116e-15,9.633e-106,7.492,3.7696e-41,6.4323e-69,1.4032e-98,0.47061,6.3385e-09,1.2636e-19,8.5097e-09,4.75e-46,2
5.9977e-31,2.4787e-31,3.1769e-15,1.2899e-16,1.9164e-68,6.5068,2.6709e-13,1.1965e-94,0.77324,4.058e-11,2.8356e-155,1.7804e-20,6.4806e-08,0.023181,2
8.0088e-16,5.7285e-16,2.7758e-16,3.6442,1.0563e-50,1024.1,5.8506e-28,1.7548e-86,3.5209e-64,9.7659e-05,3.697e-71,3.0231e-148,9.3874e-06,1.1768e-32,4.8664e-11
9.4177e-16,3.8475e-15,4.2784e-18,1.154e-16,3.0553e-43,3.9844,1.8791,1.6523e-79,1.31e-05,2.5644e-07,0.0016728,2.3337e-22,1.6964e-10,0.047417,2.0017
0.034552,0.017246,0.0091552,0.037418,5.0568e-51,1024,2.3117e-28,3.7066e-53,2.9845e-60,9.6818e-05,2.7599e-51,1.4266e-05,4.3103e-12,3.1914e-44,7.6612e-10
1.0202e-12,4.5732e-13,6.0437e-14,2840.2,3.778e-76,1.5983e-09,5.1196e-34,1.018e-83,3.7729e-61,0.00023006,2.2512e-53,2.3079e-09,3.8586e-06,5.3073e-38,1.4462
9.1977e-15,1.957e-13,3.4126e-13,2899,4.2222e-79,2.9828e-19,2.0601e-28,1.1875e-44,1.7084e-50,1.4243e-14,1.0143e-10,3.8564e-20,6.5138e-06,2.8259,8.0717e-11
9.1433e-13,5.4668e-13,4.4806e-14,2932.5,5.5811e-31,2.0608e-19,0.00083186,5.8408e-69,7.0433e-81,0.00033786,2.9829e-96,2.6468e-07,5.5854,6.6092e-35,0.00023732
2.3683e-13,1.3687e-14,3.4881e-13,2889.5,1.559e-78,1.4487e-25,4.6648e-08,8.7143e-226,1.5118e-59,3.5097e-05,4.5477e-58,11.341,6.1375e-08,3.1179e-22,7.3733e-07
7.284e-29,5.9478e-13,1.9693e-13,2912.6,1.8107e-77,5.7033e-08,9.9779e-24,3.1126e-68,8.0876e-68,9.885e-06,22.515,3.2239e-26,1.3259e-06,1.0872e-36,1.9834e-07
4.3726e-15,2.255e-15,1.5911e-20,12.823,3.3599e-75,7.4564e-10,2.4184e-33,7.4326e-70,2.4621e-75,0.20038,2.033e-53,1.052e-06,7.5358e-08,2.3095e-43,2
1.9415e-31,1.0031e-31,1.1398e-15,9.3074,3.3215e-81,1.7381e-09,4.7219e-31,3.0549e-60,0.28197,1.2076e-06,2.2261e-62,2.2513e-24,3.8428e-09,0.0012016,2.0001
0.071963,0.012405,2.8781e-16,4228.6,6.7704e-73,6.4824e-05,1.2778e-36,1.8494e-88,3.4926e-46,3.5074e-05,1.2985e-78,3.036e-23,7.0554e-09,8.8681e-36,3.634e-09
1.7539e-31,1.4322e-15,2.8878e-16,6.3049,7.2363e-88,3.8553e-16,0.87784,4.6636e-137,4.5584e-66,2.4898e-08,3.6984e-58,3.7288e-147,2.2153e-10,0.0008545,2
1.4712e-31,1.2014e-15,1.4045e-17,4.9063,3.647e-106,1.1878,4.7882e-24,1.8067e-48,1.4981e-17,6.1189e-15,0.02066,5.3028e-11,2.6393e-11,2.0419e-37,2.0003
0.031426,0.016137,0.004785,4096.5,5.275e-35,0.00080935,9.2426e-51,4.3201e-38,3.81e-63,1.5545e-06,7.3197e-51,1.6838e-08,9.7833e-06,5.0762e-32,4.7983e-06
1.3741e-12,8.1597e-19,5610.2,1.5912e-25,4.82e-64,1.2133e-17,1.8062e-13,1.2415e-103,9.9486e-69,9.4092e-06,7.3051e-58,4.5406e-10,1.3602e-05,4.7468e-45,1.4575
1.4197e-12,4.1947e-18,5796.3,0.0023418,3.9142e-42,2.6911e-24,7.4371e-35,1.3044e-41,5.3008e-62,4.8171e-11,3.6459e-11,5.2269e-86,4.7219e-06,2.8268,1.1392e-06
1.4184e-12,7.9499e-15,5791.3,1.755e-27,3.5833e-38,1.6576e-09,1.6569e-54,1.307e-38,1.2607e-63,1.3882e-05,2.1246e-188,1.9115e-06,5.6591,1.0779e-51,2.8361e-06
1.3492e-12,2.1412e-13,5779.3,1.1921e-05,8.9606e-26,1.5428e-27,1.4247e-11,2.2902e-117,5.3748e-96,7.3667e-11,2.9299e-57,11.341,8.2713e-07,1.3775e-41,1.2169e-06
3.5625e-15,1.7412e-15,20.34,8.155e-08,9.9408e-43,2.8403e-13,1.1316e-05,2.3129e-115,7.3797e-85,8.8438e-07,0.18695,3.5178e-179,9.2709e-08,0.02921,2
4.299e-15,2.4725e-17,17.553,2.7582e-11,1.5477e-52,3.1342e-13,2.671e-39,3.636e-95,4.3473e-44,0.13952,1.9152e-105,3.3848e-09,0.0003624,0.0016221,2.0001
1.1594e-16,1.6933e-15,13.835,0.0010206,3.8364e-67,2.9475e-43,2.6259e-12,3.3378e-61,0.18692,2.713e-09,5.7877e-42,4.4375e-31,0.0041527,0.0037717,2.0001
1.8028e-12,1.0725e-13,7412.4,455.41,5.4992e-66,9.9673e-26,1.6573e-16,3.8472e-109,1.2107e-38,0.0011783,4.9567,2.0751,2.9271,2.4364e-32,1.3449e-06
1.6713e-15,5.49e-16,8.1645,2.3182e-08,7.7213e-69,1.5169e-14,0.52562,3.6367e-86,1.2147e-15,0.01991,6.1925e-21,1.195e-14,6.0769e-13,0.010733,2.0006
1.4459e-15,1.1286e-16,5.975,1.5605e-06,3.1764e-150,0.85202,1.5083e-33,4.0656e-98,2.0201e-47,0.00013222,0.052574,1.3473e-19,0.00048888,0.013681,2.0009
6.12e-17,4.2696e-16,3.4953,1.7508,4.18e-82,3.7447e-11,3.93e-19,5.3746e-70,1.8542e-52,2.1168e-08,1.4645e-10,1.1705e-24,0.08268,7.335e-45,2.0012
1.5219e-12,6.5384e-13,8192.2,0.0042875,9.0615e-76,3.5341e-11,1.1861e-43,3.8008e-86,1.9368e-12,0.00021548,3.6836e-58,1.3109e-29,3.9742e-08,7.0797e-05,1.6064e-06
1.3775e-12,11248,5.7025e-48,0.0010228,1.6079e-85,8.4703e-10,1.4965e-10,5.299e-54,3.9003e-93,0.00014572,1.7657e-62,1.9482e-08,1.7776e-06,3.6834e-23,1.4556
1.4161e-12,11564,5.5321e-47,0.00039131,7.5766e-73,8.418e-07,6.9766e-58,9.2472e-68,3.525e-89,0.00011633,2.0833e-50,5.5007e-20,5.9087e-07,2.8339,1.6845e-08
1.4195e-12,11591,0.0058444,0.0061463,5.7949e-31,7.5508e-18,8.4527e-07,9.1342e-132,3.7088e-12,9.1219e-05,1.7886e-62,1.1742e-27,5.6589,4.0675e-52,1.519e-06
1.4149e-12,11553,0.0070217,0.011224,6.5826e-78,7.429e-27,5.4306e-14,7.4933e-66,4.2033e-48,3.7824e-14,1.7671e-39,11.35,9.872e-05,6.8368e-36,1.5196e-06
2.2063e-15,18.016,3.8209e-53,1.17e-07,1.5752e-149,1.0388e-25,1.3059e-10,4.496e-81,7.6962e-65,5.5295e-14,0.15096,6.1413e-122,3.3787e-08,0.024789,2.0003
2.4882e-15,20.318,5.4817e-49,6.4105e-08,2.2987e-30,1.9056e-10,2.25e-14,8.3332e-84,7.0284e-72,0.18711,1.2529e-17,1.8577e-26,0.016854,1.5971e-09,2
1.8291e-15,14.935,6.7519e-41,1.7368e-20,2.2325e-104,3.8609e-25,6.4647e-40,2.7207e-127,0.17436,1.3305e-17,1.4417e-16,4.1198e-11,9.3229e-09,4.0805e-33,2.0002
1.9939e-12,16282,6.7917e-41,476.43,1.1045e-75,4.7192e-18,5.7989e-18,7.5422e-146,1.4028e-65,2.9762e-11,1.6296e-55,1.4582e-23,3.5887e-09,6.4437e-05,1.4931e-06
1.2146e-15,9.918,2.3214e-10,1.3526e-05,2.2965e-68,5.0457e-11,0.34522,2.1537e-121,1.0116e-58,0.00091474,0.050182,2.1776e-30,4.5749e-13,0.00196,2.0025
9.7586e-16,7.9685,0.062196,1.1961e-29,3.6347e-52,0.44449,3.2891e-36,4.7976e-91,0.020373,0.024297,0.0070793,6.3334e-112,4.4628e-10,0.015182,2.0002
6.6514e-16,5.4313,0.0033892,1.3488,1.9621e-76,1.0752e-06,1.21e-44,2.3692e-118,1.213e-82,0.1271,1.7398e-74,0.051947,0.024453,2.1794e-44,2.0003
4.9163e-16,4.0145,2.0799,2.2487e-20,2.6548e-105,6.2408e-17,5.3429e-32,2.6628e-65,9.1648e-75,0.048249,6.1671e-70,4.6951e-25,0.0026404,0.00947,2.0002
2.0065e-12,16385,0.0078136,0.005534,3.1567e-45,1.9449e-09,3.0414e-62,4.0365e-45,2.6876e-13,2.3606e-06,2.0895e-39,1.6488e-27,9.5142e-06,1.1005e-37,9.3296e-11
22504,0.022057,2.405e-120,0.0025672,5.732e-49,6.2964e-10,2.2707e-10,0,4.6295e-58,9.1953e-09,2.5588e-103,3.5297e-11,1.1677e-06,1.0444e-74,1.4541
23193,0.018961,2.9953e-42,0.0078644,1.6321e-37,3.4575e-14,3.7629e-40,1.156e-68,4.4351e-62,0.0007189,1.4302e-87,1.0145e-11,5.8926e-09,2.8261,3.7383e-09
23182,0.01899,2.6711e-40,2.1009e-12,2.477e-31,7.2059e-05,2.3463e-38,7.158e-124,5.1181e-59,5.095e-05,5.6295e-17,6.6983e-09,5.6641,2.3662e-36,2.3705e-07
24139,0.014346,1.914e-37,1.1716e-24,4.083e-96,1.1148e-16,5.4992e-13,3.0258e-81,6.2862e-69,3.4006e-09,1.7377e-41,10.824,4.2646e-09,1.6272e-25,1.5006e-06
36.029,0.000115,3.8206e-53,5.0102e-08,4.3103e-58,1.0387e-25,1.3058e-10,7.071e-45,6.7652e-65,7.2641e-14,0.15095,4.5547e-121,3.1907e-08,0.024788,2.0002
22.912,0.0018889,0.0059647,3.9099e-20,5.2928e-84,2.8747e-09,2.1746e-18,2.9436e-60,2.1646e-49,0.098477,0.0052094,1.1144e-104,0.028432,2.2749e-31,2
19.565,2.1098e-07,1.1313e-12,3.9402e-10,5.8317e-42,2.1541e-18,2.3221e-17,2.9973e-76,0.13205,2.5461e-08,3.4386e-51,0.0091905,0.029292,6.7222e-36,2.0001
32893,15.475,1.4964e-11,7.0824e-06,5.0495e-49,1.0139e-08,1.6242e-19,1.4974e-103,3.8691e-67,1.6953e-05,5.6512e-59,2.1829e-22,3.6297e-07,1.6429e-35,1.2368e-06
11.197,0.010588,1.2327e-10,1.1225e-28,4.024e-80,3.6851e-20,0.1258,1.4096e-104,1.9234e-75,0.086224,0.034888,4.9223e-31,0.027199,2.4495e-07,2.0001
10.166,0.0021776,3.4076e-54,1.8345e-08,3.1304e-39,0.28412,2.6623e-11,1.5314e-95,1.6826e-66,6.7493e-11,0.054607,8.9041e-14,0.030006,6.3974e-45,2
7.8997,1.1269e-05,0.0024647,0.97765,5.5148e-46,7.8067e-07,1.3829e-18,1.6167e-68,1.0286e-86,0.025689,8.9358e-75,0.060767,0.024451,2.1792e-44,2.0001
7.8297,3.0665e-05,1.9884,1.9607e-16,1.7314e-148,1.6679e-16,7.1905e-35,5.5928e-71,6.5934e-17,0.041735,5.8101e-89,1.5905e-25,0.0039504,0.0093901,2.0002
9.0282,4.5126,2.4842e-47,2.0138e-08,7.2213e-31,3.7659e-11,7.0685e-15,1.0048e-87,8.149e-72,0.059986,1.027e-18,5.9376e-27,0.029386,1.2983e-10,2
32772,0.015961,0.0050541,0.0034521,1.0729e-96,3.3612e-37,6.9826e-21,6.4002e-94,3.4535e-07,6.4029e-11,2.0157e-73,5.6012e-22,7.946e-07,9.7598e-05,7.798e-07
26.252,13.242,6.4683,3.4564,2.648e-45,0.79414,0.32265,9.3244e-52,4.717e-72,1.1421e-09,4.9618e-65,7.9551e-13,0.0076978,9.9628e-41,2.0028
11.47,5.6983,2.7277,1.3849,4.302e-90,0.2749,0.25488,4.845e-137,1.4807e-51,0.11352,3.4252e-47,9.744e-11,0.016449,1.0349,1.9331
12.903,6.4151,3.079,1.6093,1.2042e-56,0.29651,0.093984,8.865e-48,3.0571e-19,0.18037,2.5061e-84,1.0195e-12,5.913e-12,1.0457,1.9338
20.292,10.229,4.9449,1.8905,2.0765e-109,0.47616,5.7252e-36,6.7446e-85,6.6422e-61,9.6674e-08,8.534e-88,1.6252e-27,0.59037,2.0617e-36,2.0256
19.754,9.7736,5.2568,2.6248,1.8183e-87,0.62229,8.3895e-15,2.1987e-192,8.0152e-91,0.10366,6.8612e-52,0.12309,0.59266,1.1134,1.9163
11.917,5.8713,2.7275,1.5093,3.7644e-37,0.2284,4.5076e-40,1.3452e-40,6.5532e-63,0.063751,0.23567,0.10331,0.8586,1.0306e-43,1.9894
9.4103,4.7728,2.325,1.1873,2.0684e-62,0.19285,1.0388e-42,1.4592e-127,2.1178e-66,8.6695e-10,0.0039448,0.31918,1.501e-08,1.8159e-40,1.9997
9.4458,4.6667,2.2159,1.2222,1.6077e-44,0.22858,2.3334e-31,6.9694e-89,0.20443,0.010672,3.1709e-58,0.29279,0.048974,1.0583,1.9347
42.158,21.089,11.326,5.1809,4.1073e-125,1.0328,1.4094e-31,1.3744e-126,7.4204e-58,0.047911,2.2222e-66,0.41398,0.62845,1.0481,1.9358
9.0532,4.4974,2.3912,1.1606,2.022e-62,0.18888,2.1756e-34,5.8914e-126,9.7995e-66,1.775e-08,0.0056733,0.31921,2.9832e-08,2.7376e-76,1.9998
8.1162,4.0309,2.1245,1.044,2.4703e-38,0.20484,4.3317e-10,4.0898e-57,3.4228e-66,0.10836,0.16961,2.2966e-12,0.025457,5.5796e-39,2.0007
8.7143,4.3189,2.1373,1.2534,4.0011e-40,4.3858e-11,6.424e-30,1.8742e-77,0.031071,0.028709,0.18248,0.22378,0.11185,1.0448,1.9309
7.7629,3.863,1.7856,0.94498,2.4214e-37,0.14781,5.8499e-35,2.2195e-76,1.2813e-56,0.041298,0.20719,0.00036713,0.56743,1.0477e-34,1.9969
14.047,7.1625,3.4984,1.7915,2.66e-44,0.34024,3.9427e-31,4.5678e-52,0.049673,0.050663,0.36896,0.47154,0.061928,0.53751,1.9863
9.7541,4.8449,2.4048,1.2416,1.5705e-45,0.24267,1.0858e-14,1.22e-95,4.0393e-66,0.12798,0.27346,4.3886e-12,0.039291,3.4456e-39,2.0007
16.728,8.3407,4.1101,2.1283,1.9518e-89,0.47685,0.36497,4.3735e-96,0.051569,0.26067,2.5703e-15,0.015684,0.027931,0.001336,2.0005
11.175,5.5515,2.6667,1.3755,4.5251e-77,0.28085,0.081992,1.2494e-137,9.0427e-07,0.17499,0.00060671,6.2521e-14,0.0024185,1.0321,1.933
19.922,9.9196,4.9841,2.6043,2.0822e-81,0.061646,9.2433e-34,8.3971e-87,4.1906e-56,0.27714,1.1844e-05,0.033987,0.58019,7.1109e-33,2.0144
7.1461,3.5799,1.7119,0.9014,2.1404e-79,5.5697e-19,1.0137e-08,4.0134e-48,2.5185e-06,0.20004,0.061117,0.33937,3.378e-07,0.076248,2.006
11.715,5.7723,3.0086,1.5366,2.7741e-69,0.25851,0.064724,6.843e-39,1.1959e-62,0.24527,0.21049,0.033664,0.052987,1.2816e-44,1.9999
7.9343,3.923,2.0633,1.0503,7.0224e-87,0.30703,0.045158,1.3305e-60,5.8855e-42,0.26621,0.00083554,0.0045005,2.5016e-09,4.2519e-46,2.0004
12.713,6.4129,3.1203,1.6717,1.2807e-45,0.3841,0.15606,3.4826e-52,0.34941,1.6982e-09,5.5654e-65,1.1793e-12,0.011642,1.5067e-40,2.0007
25.157,12.471,6.2922,3.4558,2.0537e-64,0.88086,2.3334e-39,5.763e-77,1.0718,5.3891e-07,2.0215e-53,2.3279e-23,0.17146,1.0452,1.9338
4.004,1.9828,0.94139,0.37681,9.394e-45,0.054753,0.00060538,6.3415e-135,0.15535,9.7972e-08,8.4251e-88,3.3178e-102,0.58284,2.3008e-36,1.9997
7.2334,3.581,1.724,0.94958,2.196e-39,0.2176,4.1695e-07,3.4093e-47,0.18566,8.3465e-06,5.5468e-60,0.32418,4.7325e-09,0.085829,2.001
11.989,5.9553,2.917,1.4944,1.1381e-38,0.34397,0.15894,1.2845e-49,0.45933,0.0016684,0.20076,2.3003e-27,0.0057035,8.3039e-39,2.004
12.619,6.3652,3.0654,1.6614,7.2755e-46,0.38334,0.17153,5.0292e-52,0.35088,0.23581,3.5392e-63,0.092299,2.4658e-08,1.9938e-40,2.0004
8.6136,4.2429,2.1368,1.0885,6.8702e-37,0.20645,0.1117,4.9662e-50,0.468,9.6665e-10,0.20163,2.3102e-27,0.00010129,8.767e-39,2.0031
2430.9,1226.2,590.97,319.98,5.6463e-47,73.857,33.047,1.1298e-49,11.856,16.374,7.0138e-06,1.7124e-11,6.0269e-10,0.10978,1.8906
3510.8,1756.2,880.65,465.79,1.4512e-31,85.844,46.42,1.3939e-49,0.60568,27.514,7.7637,5.0151e-24,2.5559e-06,3.3665,0.0064711
2580.5,1281.7,645.44,322.1,2.4664e-36,74.93,25.924,1.0328e-42,31.368,1.5337,4.9438,3.389e-24,7.5517,1.1247e-36,1.4418e-07
3378.8,1704.3,830.8,441.79,1.2344e-40,103.07,50.727,7.8443e-69,8.7491e-88,20.509,2.4308e-19,14.616,5.2695e-07,3.6419e-33,6.539e-09
2898.9,1442.8,725.45,353.26,4.0566e-88,68.882,54.144,1.5154e-66,7.4866,1.8821e-14,30.915,2.1313,1.2935e-09,1.6818e-34,9.4281e-07
2983.2,1473.6,719.99,382.05,2.6352e-107,75.22,2.4893e-32,5.7077e-82,1.0231e-63,62.116,4.5789,3.1216e-90,1.2747,1.2834e-37,9.4815e-06
3352.1,1664.1,834.74,441.48,3.4563e-11,81.456,44.071,3.0215e-51,119.03,8.8479e-08,9.6569,3.3792e-25,8.9404e-10,0.010516,0.0048675
8970.9,4487.5,2194.6,1185.5,4.7e-67,45.675,1.2455e-36,3.1018e-49,1.328,4.9065e-06,2.2506e-15,5.9218e-24,2.4306e-06,3.3706,0.0063721
11.379,5.6521,2.7884,1.4214,9.3319e-66,0.44411,1.5285,2.0892e-114,1.5235e-83,0.0014112,0.0086795,4.6535e-14,0.00092867,2.12e-35,2.002
11.75,5.8363,2.8683,1.4569,5.3296e-78,0.46368,1.2299,2.1084e-162,1.0718e-05,1.5608e-09,0.00054514,2.5851e-28,0.010384,1.0351,1.9385
6.0592,2.9981,1.4163,0.74454,7.8542e-53,9.3454e-17,0.87368,2.1292e-61,3.5529e-88,8.6699e-09,0.0077538,3.8419e-97,1.7953,1.7985e-07,1.949
229.34,113.92,54.732,28.231,4.2994e-62,8.8684,23.485,4.0306e-161,0.00037896,1.2897,0.01128,4.025,0.22376,1.0465e-40,1.9367
6.2425,3.0938,1.4982,0.82171,1.0338e-105,0.24579,0.74491,1.2831e-46,2.1677e-62,0.039428,0.16507,4.9361e-10,1.3474e-09,0.048326,2.0006
6.2063,3.1225,1.5329,0.81078,7.6644e-91,0.14166,0.67871,1.6563e-47,3.7175e-51,0.26893,2.8886e-15,2.8363e-26,0.027943,4.4695e-82,2.0005
9.0006,4.6144,2.2377,1.1151,9.7368e-39,0.20943,1.007,2.6194e-41,0.25816,4.9131e-09,0.001137,5.8116e-13,0.0089239,2.1834e-34,2.0002
3741.7,1858.7,916.93,466.27,3.6624e-36,107.44,439.31,1.4781e-60,4.9126e-77,0.45764,14.047,9.063e-12,0.83706,1.007e-32,0.001943
5.4514,2.804,1.3741,0.69697,3.6431e-89,0.36883,1.1968,1.6559e-76,0.0067611,0.0060054,1.4674e-61,9.439e-15,0.014709,0.0011162,2
10.843,5.3681,2.6986,1.3668,4.1255e-69,2.9453,5.6001e-09,1.9929e-130,2.4218e-83,3.0817e-10,6.9393e-63,3.842e-91,4.7345e-05,9.0441e-39,2.0001
11.258,5.5591,2.7918,1.429,4.0257e-45,2.9345,3.3212e-14,3.3022e-118,6.5226e-85,0.018423,1.8916e-63,6.2518e-15,4.3768e-09,1.0725,1.927
87.483,43.376,23.4,10.614,8.9152e-104,25.002,2.1184e-53,6.5955e-85,9.9276e-69,0.42781,3.8072e-61,3.3054e-17,0.62473,1.0419,1.9243
5.2956,2.6474,1.3232,0.714,1.4517e-74,1.1218,2.3771e-39,1.4625e-92,2.5119e-68,2.7753e-07,0.12103,0.3986,0.012835,4.4407e-41,1.9996
7.4175,3.677,1.948,0.9548,3.5582e-64,1.922,4.8669e-10,2.9947e-44,5.2845e-57,0.0038455,0.18315,2.2039e-167,0.045676,0.011306,2.0001
9.8113,4.866,2.4467,1.2411,8.8381e-73,2.649,2.3005e-54,4.5616e-86,0.0051692,0.21674,0.01852,1.2938e-12,0.014483,3.8633e-42,2.0001
7.8438,3.9216,1.9288,0.95483,6.3447e-64,2.1006,3.4275e-09,4.9712e-56,0.24842,2.3045e-06,5.3218e-60,0.060759,0.050246,1.4436e-50,2.0023
3776,1868.4,903.8,473.54,1.8886e-76,999.09,1.1053e-10,7.8732e-41,4.5654e-46,3.6103e-11,4.3828e-178,8.0451e-94,1.8906e-05,8.0521e-07,1.1123e-05
5.4726,2.7093,1.2883,0.50951,4.8649e-39,1.4819,0.57987,4.574e-41,1.4837e-60,1.0924e-07,1.3828e-60,0.0085708,0.21768,0.045537,2.0005
4.1062,2.0355,1.0784,0.52855,2.143e-64,2.0789,1.4161e-09,2.0183e-113,5.9639e-66,0.0040711,0.19389,6.1617e-170,0.048124,5.7755e-50,2.0002
11.275,5.5873,2.8131,12.361,1.158e-117,0.31586,0.020028,4.5856e-53,1.6851e-74,1.2215e-08,0.0011948,6.5964e-13,5.2901e-05,2.1684e-35,2
2.2776,1.105,0.60935,2.0016,3.152e-104,1.4319e-12,6.7111e-25,3.7095e-41,4.8991e-53,0.0045901,0.09091,9.7125e-139,4.6483e-09,1.0368,1.9332
58.441,27.902,13.774,61.957,8.9915e-78,2.0674,7.0353e-33,2.4656e-85,1.6623e-16,1.7563e-07,4.2583e-49,1.21e-07,1.1557,2.1667,1.6567
20.994,10.501,5.2052,22.997,8.519e-120,0.61764,2.0495e-08,2.8387e-70,6.121e-87,2.8858e-05,0.002083,0.45109,2.5179e-05,1.9185e-40,2.0002
5.528,2.7533,1.3297,6.1278,8.7937e-79,0.19412,3.5665e-27,9.183e-80,3.5537e-62,0.030699,0.16762,1.1235e-149,4.6936e-10,0.048574,2.0006
7.8257,3.8779,1.9194,8.5576,2.8942e-40,0.23484,1.3619e-35,9.2196e-83,2.0368e-65,0.18925,0.01092,7.1799e-100,0.010939,4.301e-29,2.0001
7.7542,3.8608,1.9595,8.556,4.6628e-44,0.21834,7.3412e-40,1.2588e-56,0.22613,2.7795e-07,2.9212e-58,0.045733,0.042715,2.4995e-59,2.0034
3520.1,1744.4,869.47,3846.3,1.2806e-37,98.287,3.7687e-38,3.8908e-44,9.5068e-61,4.0092e-11,8.7405,0.28627,0.01416,0.0028072,9.1691e-06
4.5875,2.2734,1.1446,5.0294,1.2309e-95,0.12157,0.60438,2.7772e-54,9.3998e-75,6.8138e-09,1.2442e-05,3.6793e-13,2.9507e-05,0.010264,2
3.6602,1.812,0.86021,4.0206,1.2335e-52,0.8016,3.6466e-53,1.3965e-57,2.6682e-89,6.4167e-09,0.011566,7.6793e-116,0.022641,0.013282,2
2.1883,1.0844,0.53819,4.2104,2.6784e-40,0.072195,1.8164e-54,1.4091e-69,9.5417e-66,0.062599,0.001783,0.1121,5.5693e-09,2.6644e-48,2.0002
7.6064,3.7366,16.312,1.0596,1.3658e-80,0.20006,0.11959,6.649e-94,0.052588,3.7676e-07,2.3064e-08,4.0066e-14,0.0083991,2.5901e-38,2.0005
3.1276,1.6912,5.6899,0.33243,8.0447e-24,0.10225,6.182e-39,1.4891e-69,1.7568e-55,0.029243,0.078259,9.6457e-14,3.4376e-12,1.0377,1.9321
1.7096,0.84478,1.6459,2.3012e-20,7.8413e-84,4.1878e-20,1.8239e-32,9.1261e-42,6.8812e-71,0.045277,2.1188e-59,2.9518e-11,0.72549,0.3351,2.0177
5.0275,2.3343,11.071,0.73049,1.6965e-103,1.3903e-07,4.3041e-44,1.7363e-103,4.8256e-98,0.012232,1.5407e-63,0.29977,0.10414,1.1239e-43,2.0001
4.4025,2.204,9.194,0.53876,1.1318e-70,0.18261,5.5895e-28,4.9901e-56,3.1598e-93,1.3163e-06,0.1835,1.6743e-30,0.048625,4.5657e-45,2.0002
4.5622,2.2234,9.7155,0.62481,1.2746e-68,0.1417,0.069562,1.1785e-46,4.1509e-67,0.1624,1.205e-38,7.4027e-25,4.5156e-08,1.707e-74,2.0021
4.5272,2.2109,9.6808,0.56261,8.6205e-81,0.1187,1.0226e-20,1.6638e-56,0.25896,7.4884e-15,0.029072,2.8485e-30,0.00976,6.477e-38,2.0004
3184.3,1539.7,6777.3,403.42,8.6996e-35,3.8837e-11,5.7323e-25,2.3459e-64,3.2276e-08,26.245,0.14355,1.7152,2.8705,1.2457e-34,0.00033694
5.4956,2.7512,11.477,0.65862,1.4579e-66,0.22788,0.82907,1.737e-40,9.3723e-93,1.9061e-09,0.00071908,6.5844e-31,0.016689,1.6298e-45,2.0001
4.6436,2.2678,9.8842,0.57449,1.0809e-80,1.2763,1.6901e-20,2.0619e-57,7.4677e-50,0.19074,0.011338,1.8786e-34,0.014056,8.9886e-38,2.0017
1.6351,0.81828,3.4318,1.7523,1.5705e-103,4.9559e-09,5.07e-32,7.4306e-41,4.1947e-65,2.8444e-07,3.2282e-56,3.4333e-15,0.07661,2.4088e-34,1.9999
1.3018,0.52406,5.1334,0.11312,9.0213e-73,6.7711e-21,1.8289e-40,1.61e-136,1.6525e-51,7.4644e-08,5.4962e-66,4.3836e-22,0.066616,0.009058,2.0004
8.9494,37.686,2.1785,1.1442,8.7976e-57,0.25427,7.8556e-34,5.7191e-99,3.1835e-61,0.00022394,0.0029768,9.4497e-131,0.021085,0.011914,2.0002
1.9794,8.8408,1.7798,6.3945e-12,4.7982e-58,3.4985e-14,3.8781e-11,1.1841e-39,2.5257e-58,0.037342,0.075795,6.6426e-274,0.011058,1.0375,1.9318
98.159,423.22,24.116,14.884,2.2549e-68,9.3897,3.9153e-54,2.0603e-37,5.3743e-44,3.7605e-09,3.5167e-17,4.442e-18,5.4667,8.4165e-41,1.4592
1.7197,7.0087,0.40043,0.24657,1.8918e-56,0.0069627,1.0382e-62,1.4539e-58,3.6399e-79,0.057704,9.4341e-66,0.28356,0.099099,1.9457e-38,1.9997
3.6197,15.324,0.88199,0.46566,4.7354e-51,1.3022e-14,3.3024e-37,1.6233e-130,2.287e-48,4.2796e-06,0.15334,6.2502e-13,1.7406e-10,4.905e-36,2
5.8666,24.704,1.4281,0.75007,5.7671e-57,0.16668,1.1301e-53,7.6286e-41,2.0869e-61,0.12234,0.0031007,9.8432e-131,0.020351,0.011914,2.0001
2.7514,11.583,0.6696,0.35706,3.5542e-78,0.07591,2.0672e-44,4.022e-42,0.15426,0.10891,0.0020041,2.0416e-141,0.016386,0.010139,2
3811.5,16136,858.63,478.16,4.7213e-93,1.1649e-07,7.7905e-41,7.5688e-146,1.4233e-65,2.9866e-11,0.26692,1.0363e-29,3.6014e-09,1.3568e-33,1.5075e-06
3.6147,15.119,0.87409,0.45912,5.2712e-58,0.027777,0.48231,2.0121e-44,4.2605e-57,0.079091,0.00013777,6.3152e-131,0.016238,0.00066654,2.0002
1.9398,8.3121,0.48469,0.24742,7.2461e-44,0.40157,9.5765e-44,1.173e-48,5.8351e-18,0.10757,0.00023563,5.8656e-11,2.6135e-15,0.0018082,2.0007
1.1062,4.6494,0.29742,1.1638,6.3365e-48,4.7373e-20,2.103e-17,5.4275e-50,5.2969e-85,0.11846,2.8166e-54,9.5005e-142,0.07378,1.3693e-29,2
1.3177,5.072,2.495,0.20982,3.8006e-49,8.1773e-10,3.3637e-16,6.2128e-115,4.0704e-51,0.045172,6.3893e-60,0.0017326,0.0019452,0.0096806,2.0001
0.88233,6.7362,0.27639,0.11499,5.7278e-55,1.0613e-09,5.8041e-38,7.3394e-104,0.0064792,0.056474,5.1245e-62,0.0022742,0.0075009,0.00097943,2.0013
26.564,1.5269,0.78954,0.39333,6.3197e-89,2.8288e-22,3.7821e-17,2.2341e-114,1.0892e-67,2.457e-08,0.0022924,3.7685e-13,0.001125,0.018501,2
45.089,2.523,1.3151,0.724,4.7052e-103,7.0549e-19,3.9428e-29,4.6005e-60,1.0008e-48,2.1196e-07,0.14382,4.1109e-29,0.026954,1.0316,1.9333
22.451,1.2562,0.65482,0.3605,2.3428e-103,7.4702e-18,1.9381e-24,2.2907e-60,4.9831e-49,1.0554e-07,9.317e-05,1.6814e-29,0.84903,1.2059,1.8986
20.338,1.169,0.60447,0.30662,1.0425e-56,5.9738e-07,2.0517e-44,8.9765e-40,5.4548e-97,1.8447e-10,8.2567e-76,0.27299,0.095098,0.033862,1.9998
23.007,1.3594,0.67689,0.35011,2.2897e-72,1.5127e-20,4.3151e-17,3.4668e-48,1.5478e-52,0.033566,0.14914,2.3911e-134,2.728e-07,0.0023625,2.0001
16.226,0.90161,0.51798,0.24095,5.975e-96,0.049176,4.556e-15,7.9452e-55,6.321e-80,0.11408,5.8989e-53,0.041071,0.0073555,0.0132,2.0001
17.952,1.0318,0.53355,0.27963,1.1209e-56,9.0106e-11,1.5619e-28,8.5198e-42,0.084826,0.00079353,0.02011,1.7866e-14,0.00098442,0.020474,2
32004,1865.6,947.22,467.62,2.2729e-34,84.48,0.00017265,6.2882e-89,1.4833e-85,4.0553e-07,0.0092406,1.6273e-121,8.3204e-06,3.6105e-33,2.4637e-10
9.0387,0.46556,0.29983,0.14277,2.1774e-105,0.17834,0.15981,1.2654e-55,1.006e-82,0.074334,0.059274,4.1584e-12,2.5422e-12,0.015739,2.0009
9.6831,0.51521,0.31947,0.075947,1.0117e-33,0.19514,2.5481e-15,4.2119e-56,2.2401e-99,2.6852e-05,0.01593,0.029644,1.2049e-16,0.013764,2.0022
6.9914,0.35509,0.20255,0.86631,1.0902e-95,2.4252e-17,1.1101e-39,6.6026e-56,7.5002e-69,0.097174,0.00087614,1.3202e-22,5.7926e-12,0.010921,2
7.3176,0.43159,1.8142,0.12025,9.7517e-43,6.8836e-21,5.0738e-24,2.8402e-103,2.7022e-18,0.040356,1.7146e-50,8.7909e-25,0.0038048,0.0095348,2
8.7978,4.3847,0.18468,0.16514,5.5571e-103,0.011568,2.0978e-18,1.3141e-49,1.9162e-54,0.007048,0.027402,1.8776e-27,0.0012383,0.015185,2.0011
9.9171,0.30074,0.18695,0.11654,1.3454e-23,2.4047e-11,1.3961e-17,7.8961e-109,1.4582e-46,0.049717,0.0023203,1.2423e-13,0.0020282,0.019229,2.0001
