0.80418,0.83418,0.80795,0.80527,0.86486,0.793,0.81465,0.80127,0.80239,0.7907,0.78897,0.86217,0.89901,0.82815,7.6075
0.80439,0.83418,0.80795,0.80225,0.82198,0.793,0.80624,0.77263,0.80423,0.7907,0.76903,0.86217,0.89901,0.82815,7.9471
0.22248,0.32133,0.25175,0.17329,0.12323,0.20229,0.19365,0.21489,0.20098,0.2042,0.16235,0.16522,0.086888,0.15991,25.483
0.22255,0.28877,0.23271,0.20483,0.12183,0.25247,0.19306,0.15662,0.15974,0.2055,0.23129,0.1309,0.14456,0.86476,23.98
0.2219,0.34993,0.2706,0.20465,0.13973,0.20279,0.17098,0.17866,0.16517,0.19577,0.1684,0.13085,0.77308,0.17596,24.977
0.80418,0.80236,0.80792,0.77871,0.24008,0.83704,0.80622,0.77541,0.80799,0.82969,0.78973,0.23133,0.98386,0.96744,11.122
0.23996,0.31179,0.28083,0.20352,0.12171,0.30807,0.16293,0.17508,0.20045,0.20509,0.22876,0.75478,0.13345,0.15986,24.688
0.80351,0.80378,0.83371,0.77872,0.24932,0.83914,0.80222,0.78029,0.80799,0.82979,0.78065,0.87292,0.22443,0.98676,10.67
0.80383,0.79854,0.80989,0.80544,0.23403,0.79464,0.80165,0.77633,0.80279,0.80377,0.71205,0.90672,0.89525,0.22345,10.923
0.23041,0.25134,0.2649,0.19769,0.20027,0.27776,0.1695,0.1571,0.19659,0.20514,0.95005,0.11319,0.13325,0.14711,24.576
0.80381,0.80344,0.81066,0.8025,0.24145,0.83866,0.7973,0.77396,0.79625,0.80377,0.99254,0.22821,0.90504,0.80956,10.809
0.75418,0.80306,0.80876,0.8079,0.22384,0.83748,0.80644,0.77339,0.8048,0.78364,0.9883,0.90678,0.22593,0.82176,11.082
0.22992,0.31129,0.28078,0.20274,0.1218,0.29761,0.1641,0.15678,0.2072,0.93249,0.24639,0.11291,0.14418,0.15767,24.785
0.78649,0.80267,0.80795,0.8023,0.82133,0.79165,0.80623,0.80112,0.80426,0.98578,0.78897,0.22427,0.22976,0.89938,10.879
0.80417,0.80371,0.83269,0.80225,0.87654,0.83856,0.80628,0.80107,0.80792,0.98272,0.78393,0.21909,0.90199,0.89029,9.1992
0.78568,0.80396,0.83323,0.77872,0.23918,0.79304,0.89173,0.78244,0.80794,0.98604,0.8205,0.87385,0.22247,0.83887,10.611
0.22955,0.25137,0.27737,0.21548,0.19471,0.31733,0.16951,0.17214,0.8495,0.24083,0.15613,0.13857,0.10495,0.14705,24.769
0.22958,0.25124,0.35727,0.2152,0.1229,0.2756,0.19126,0.76338,0.16366,0.20452,0.17328,0.16262,0.15471,0.15492,24.205
0.80383,0.79854,0.80989,0.80608,0.21653,0.79464,0.81809,0.93832,0.80279,0.80377,0.77893,0.23593,0.89525,0.22328,11.697
0.80383,0.79854,0.80989,0.80544,0.21653,0.79464,0.81809,0.93267,0.80279,0.80377,0.77813,0.90672,0.89525,0.22328,10.506
0.22182,0.30193,0.26992,0.19935,0.13869,0.20291,0.83684,0.15417,0.16502,0.20436,0.16091,0.16508,0.13261,0.17893,24.436
0.75131,0.80346,0.80807,0.77922,0.23409,0.79479,0.89227,0.7933,0.80797,0.83503,0.82012,0.22448,0.8912,0.79796,11.099
0.80351,0.80396,0.83448,0.77872,0.2607,0.79304,0.89173,0.78244,0.80803,0.78189,0.8205,0.87385,0.22247,0.2377,11.433
0.22191,0.3236,0.25873,0.20502,0.12308,0.79219,0.19104,0.16802,0.20107,0.20437,0.22147,0.11289,0.14475,0.14601,25.062
0.80359,0.83226,0.81011,0.80225,0.2474,0.917,0.80334,0.79381,0.80666,0.80467,0.7921,0.25795,0.24062,0.90602,11.36
0.80424,0.80238,0.81007,0.80992,0.22225,0.83644,0.80551,0.81099,0.82544,0.80448,0.78988,0.22769,0.90971,0.2288,11.441
0.80383,0.83373,0.80989,0.78012,0.23399,0.9172,0.80401,0.79603,0.80296,0.79609,0.78973,0.90312,0.24921,0.24437,11.495
0.80349,0.83075,0.81012,0.78006,0.22314,0.92819,0.89133,0.79601,0.79593,0.80554,0.77892,0.22142,0.26884,0.788,11.667
0.22826,0.35013,0.28129,0.21639,0.81766,0.278,0.20223,0.15663,0.21005,0.19444,0.22837,0.1137,0.13935,0.14644,24.607
0.80355,0.83072,0.8305,0.80203,0.87887,0.79275,0.67762,0.79599,0.80795,0.80391,0.77336,0.21452,0.20699,0.94955,11.259
0.80439,0.80344,0.80989,0.83487,0.89098,0.79401,0.80167,0.76425,0.79598,0.80377,0.77849,0.23211,0.95374,0.16982,10.786
0.80351,0.80378,0.83371,0.77872,0.89185,0.79304,0.80222,0.24076,0.80802,0.80799,0.78065,0.87292,0.22443,0.2377,11.383
0.80418,0.80297,0.81055,0.80611,0.94961,0.83741,0.80343,0.76728,0.8073,0.83465,0.99324,0.22829,0.2705,0.80887,10.946
0.7843,0.8318,0.81157,0.79185,0.88804,0.79272,0.81873,0.77405,0.7956,0.98511,0.78368,0.21452,0.24111,0.82697,11.114
0.80484,0.83254,0.83384,0.77884,0.88933,0.79265,0.80339,0.92809,0.80792,0.78379,0.82001,0.24844,0.24123,0.22657,11.572
0.80349,0.74924,0.81013,0.77777,0.88826,0.78701,0.89133,0.77508,0.80886,0.80211,0.77957,0.20629,0.29131,0.788,11.256
0.80305,0.7941,0.79681,0.80137,0.92692,0.91733,0.80319,0.77943,0.80667,0.80146,0.7899,0.278,0.27308,0.25667,11.749
0.22253,0.29075,0.2583,0.95236,0.12021,0.2775,0.17187,0.15671,0.19941,0.20551,0.2313,0.11311,0.16121,0.17818,24.711
0.80243,0.83261,0.83014,1,0.23901,0.79062,0.81872,0.80511,0.80794,0.80202,0.77959,0.21455,0.27029,0.85471,11.818
0.8042,0.80238,0.81001,0.80992,0.24012,0.83644,0.80164,0.81099,0.80798,0.80448,0.78988,0.22769,0.90971,0.2245,11.272
0.80285,0.80396,0.83121,0.80845,0.2607,0.79304,0.80985,0.78161,0.77285,0.78189,0.8205,0.87385,0.22252,0.2377,11.519
0.80464,0.83356,0.81007,0.99991,0.22204,0.79536,0.81867,0.92708,0.80815,0.79198,0.78354,0.24843,0.8726,0.82512,10.751
0.81707,0.80416,0.83448,0.81485,0.25618,0.25149,0.89173,0.78244,0.83582,0.78189,0.82253,0.13503,0.22662,0.80379,12.519
0.80323,0.83733,0.83014,1,0.23906,0.92512,0.81845,0.80511,0.80793,0.80202,0.77959,0.21456,0.2713,0.85471,11.797
0.80349,0.74924,0.81025,0.99536,0.87472,0.79796,0.81744,0.77582,0.80793,0.80554,0.77959,0.20635,0.28059,0.7872,11.268
0.25538,0.30928,0.91451,0.1731,0.12323,0.29254,0.19365,0.21489,0.20098,0.20421,0.17107,0.10854,0.084671,0.15991,24.385
0.22818,0.89132,0.28023,0.21574,0.14055,0.27752,0.17088,0.17507,0.20044,0.207,0.23183,0.12725,0.08107,0.15994,25.148
0.80586,0.2913,0.26432,0.20483,0.12177,0.30807,0.17103,0.16789,0.2009,0.20509,0.23244,0.16283,0.13456,0.15718,23.956
