0.0056107,0.0062471,0.0047957,0.005149,0.0049745,0.0058235,0.00378,0.0057337,0.0039841,0.0037303,0.0049869,0.004604,0.0034793,0.006334,0.031082
0.0020448,0.0019874,0.0017201,0.001266,0.0018132,0.0017227,0.0014432,0.00065324,0.00058193,0.0018461,0.0010753,0.001022,0.0016476,0.26933,0.0060205
6.6889e-05,7.4312e-05,4.0695e-05,2.0319e-05,5.2523e-05,4.1873e-05,3.1428e-05,2.0295e-05,2.1767e-05,2.9845e-05,1.8628e-05,2.5294e-05,1.855e-06,0.88289,4.4329e-08
0.0026,0.0022143,0.0021596,0.0018676,0.0024968,0.0023751,0.0016929,0.0020639,0.0036622,0.0023911,0.0022508,0.0018185,0.17779,0.00044165,0.0047417
0.0017958,0.001563,0.001701,0.00089175,0.0016076,0.0015803,0.0019369,0.00056038,0.00073314,0.001016,0.00065902,0.00077203,0.089851,0.089053,0.00012279
5.9325e-06,4.9586e-06,1.8037e-05,2.3029e-06,4.6595e-06,7.0971e-06,4.7811e-06,2.7234e-06,1.7928e-06,1.0998e-06,2.8331e-06,2.804e-06,0.96884,9.5484e-07,9.0917e-06
5.9623e-05,0.00099423,0.000305,0.0001651,0.0007764,0.00078941,0.00019904,0.00019626,0.00020339,0.00046743,0.00014799,0.5003,0.0024469,0.0013704,0.020858
0.0022076,0.0028273,0.001998,0.0028183,0.0027333,0.0026365,0.0011502,0.0017573,0.0010492,0.0020669,0.0014143,0.047593,0.0025863,0.063884,8.9096e-05
0.0019824,0.0018551,0.0012424,0.00042397,0.0013329,0.001258,0.00071708,0.0059986,0.0069373,0.002612,0.0021365,0.039309,0.068752,0.0028617,0.00093464
0.00012039,0.00017572,0.00016012,0.00010357,0.00013476,0.00014623,0.00019179,0.00017824,0.00027166,0.00013605,0.00010518,0.70378,0.00024935,0.00039003,9.036e-05
0.00051894,0.00049522,0.00048941,0.00015347,0.0003618,0.00063793,0.00024642,0.00049487,0.00031001,6.2121e-05,0.52018,0.00027007,0.0019002,0.00027146,0.030043
0.0018308,0.0014196,0.0016287,0.0014975,0.0018309,0.002159,0.001218,0.00061291,0.00061446,0.0016461,0.056194,0.0031002,0.0011796,0.10162,7.4039e-05
0.0015783,0.001756,0.0014173,0.00074257,0.0007271,0.0016686,0.0010461,0.00097631,0.00041688,0.0014339,0.073631,0.00012211,0.13417,0.00075856,5.9079e-05
0.0018482,0.0021556,0.0017953,0.0014914,0.0013623,0.0025925,0.00096292,0.00065096,0.00041049,0.00041289,0.07253,0.095364,0.0015164,0.0022398,0.0002575
0.00048769,0.00037889,0.00056678,0.00038373,0.00034016,0.00069941,0.00038287,0.00018716,0.00023956,0.00039735,0.58858,0.00028232,0.00028444,0.00020645,0.00031288
0.0047707,0.0038796,0.0028511,0.0030547,0.003506,0.0020822,0.0025265,0.00053761,0.0013993,0.13679,0.00027875,0.0043349,0.0012681,0.003885,0.0094002
0.0020031,0.0020363,0.0013408,0.00096722,0.00082261,0.0012223,0.00083651,0.00057315,0.00065456,0.066675,0.0014535,0.0017889,0.0020601,0.10962,2.5162e-05
0.0038728,0.0033237,0.0028297,0.0026643,0.0031098,0.0013246,0.0014401,0.0010854,0.0014982,0.039155,0.0019435,0.0027594,0.065919,0.0015879,5.5181e-08
0.0028096,0.0022731,0.00096955,0.0014921,0.0013629,0.0018318,0.0024398,0.0022727,0.00048162,0.05393,0.0029062,0.066972,0.0015795,0.0040826,0.00027738
0.003319,0.0033559,0.0010124,0.00083331,0.0011308,0.0037171,0.0011072,0.0014543,0.00057703,0.070163,0.065541,0.0018225,0.0013286,0.0026269,0.000315
0.00047367,0.00050852,0.00031442,0.00015252,0.00034768,0.00016861,0.00023058,0.00012755,0.00012697,0.56755,0.0013509,0.00029337,0.00094943,0.00073499,5.9808e-07
0.0040066,0.0042536,0.0035275,0.0014733,0.0013056,0.0058092,0.0014153,0.0022205,0.10982,0.005914,0.0017568,0.0017301,0.0017326,0.0019307,0.014564
0.00057302,0.00059754,0.0006708,0.00028711,0.00038572,0.0010098,0.00084538,0.0003089,0.044234,0.0013708,0.00091281,0.0010077,0.0021196,0.21703,9.0171e-05
0.0012254,0.001735,0.0017107,0.00083403,0.00095363,0.001495,0.00088619,0.0016395,0.032326,0.0022182,0.0017345,0.0016599,0.16085,0.00044962,2.437e-06
0.0057746,0.0050494,0.0044866,0.0044639,0.00089016,0.0041524,0.00026447,0.00066376,0.015312,0.0042609,0.0025173,0.064693,0.0025732,0.0029318,0.00029585
0.0017469,0.0018872,0.0015085,0.00078783,0.00080805,0.0014596,0.00093321,0.00063937,0.047349,0.0010421,0.14937,0.0011561,0.0017161,0.00074292,0.00042518
0.001345,0.001428,0.0011399,0.0012333,0.00072653,0.0024464,0.00059602,0.00093415,0.044462,0.12988,0.0018178,0.0017902,0.0017928,0.0019977,7.8916e-05
0.0022978,0.0018688,0.0019241,0.0012834,0.0015376,0.0015575,0.0021428,0.00080152,0.23026,0.0014773,0.0015487,0.00098757,0.0027857,0.0024395,0.00017368
0.0011593,0.002411,0.0017502,0.0012383,0.0015453,0.0036051,0.00010361,0.16806,0.0022948,0.0037763,0.0029279,0.0036123,0.0024193,0.0020854,0.018078
0.0013223,0.001474,0.00076447,0.00065617,0.00070088,0.00097129,0.0007991,0.047705,0.00058328,0.0009437,0.0011306,0.0013467,0.0026381,0.16371,0.00061918
0.0031974,0.0026723,0.0020909,0.0014461,0.0015446,0.0026868,0.0015455,0.030805,0.0023863,0.0015671,0.002063,0.0020959,0.09742,0.00053404,8.681e-06
0.002082,0.0018123,0.0012022,0.00078109,0.0013527,0.0016114,0.00079022,0.03167,0.0046925,0.0030319,0.0044638,0.077238,0.003744,0.0025795,0.00086005
0.00065046,0.00071138,0.00026024,0.0029164,0.0007953,0.0012378,0.002015,0.062784,0.0017932,0.0013071,0.12081,0.00017289,0.0023452,0.0023162,2.0782e-07
0.00092353,0.0008518,0.00057841,5.5284e-05,0.00035009,0.00019052,0.00030389,0.082994,0.0011799,0.17209,0.0016001,8.8036e-05,0.0030205,0.0012221,0.00028484
0.0033087,0.0038396,0.0034358,0.0023859,0.0033128,0.0037547,0.0017061,0.040198,0.026175,0.005765,0.0020705,0.001482,0.0039564,0.0024643,0.00028413
0.0013293,0.0014816,0.0012356,0.0016106,0.0011866,0.0018384,0.0029234,0.28422,0.0020534,0.00073839,8.4399e-06,0.0017852,0.0015601,0.0020911,0.00012095
0.0010561,0.0010868,0.0019614,0.000522,0.00085698,0.001059,0.20788,0.0019403,0.0023927,0.0026595,0.0024618,0.0032773,0.0016792,0.0024883,0.018399
0.0038742,0.0013568,0.0021839,0.0017314,0.0024639,0.002514,0.032973,0.0014506,0.00076207,0.00098191,0.0019209,0.0018861,0.0012293,0.10686,0.00012948
0.002688,0.0022822,0.003247,0.0025686,0.0025337,0.0040605,0.024248,0.0024172,0.0020731,0.003402,0.0015669,0.0030731,0.081123,3.2031e-05,2.4699e-05
0.0055569,0.005182,0.0025823,0.0037212,0.0032527,0.0039807,0.017602,0.0011531,0.00091225,0.0012452,0.002366,0.065765,0.0017287,0.0029066,0.00033372
0.00069018,0.0007483,0.00052885,0.00030579,0.00034995,0.00055437,0.087635,0.0019829,0.0010534,0.0011178,0.15999,0.00085515,0.00022162,0.00076399,0.00033701
4.6649e-05,0.00034801,0.00014803,1.1111e-05,0.00068081,0.0003651,0.080967,0.00039673,0.0017169,0.15869,0.0013986,0.0019424,0.0029511,0.0022456,5.2592e-05
0.0030945,0.0033574,0.0021971,0.0026945,0.0018509,0.0029207,0.038857,0.0020902,0.027513,0.0018934,0.0014755,0.0036135,0.0048596,0.0069057,0.00064496
0.0035508,0.0024394,0.0027523,0.0025875,0.0027424,0.0029815,0.030271,0.029388,0.003339,0.0047075,0.0016529,0.0062178,0.0020132,0.0032709,0.00059693
0.0012901,0.001068,0.00045159,7.5325e-05,0.00048631,0.0006055,0.32179,0.001519,0.0013916,0.0014964,0.0028742,0.0018273,0.0014554,0.0021904,0.00052786
0.00016179,0.00053134,0.0003097,0.0029757,0.00082629,0.31233,0.00080732,0.0015483,0.0017407,0.0012035,0.0029568,0.0017155,0.0020504,0.00078192,0.0063034
0.0011474,0.00070171,0.0011918,0.00030857,0.00090218,0.085922,0.0013255,0.0015462,0.0018876,0.0030874,0.0016693,0.0005334,0.0010241,0.094256,0.00066514
0.0017298,0.0014855,0.0017216,0.00053335,0.0012691,0.064777,0.0012875,0.0024255,0.0020505,0.00099162,0.0024008,0.0023669,0.073417,0.0024215,1.7376e-05
0.00069404,0.00055243,0.0005483,0.0048513,0.0015081,0.074105,0.0019407,0.00044305,0.0015803,0.0010339,0.0041397,0.063649,0.0041221,0.0021939,7.3259e-05
0.0016906,0.0017086,0.0010114,0.00084906,0.0005356,0.077796,0.0027742,0.0022733,0.0014726,0.00031352,0.048409,0.0043178,0.006078,0.0023671,2.5412e-05
8.1477e-05,2.8698e-05,4.7876e-05,3.6556e-05,4.744e-05,0.14759,0.00025416,0.00057231,0.0015114,0.098604,0.0031441,0.0028374,0.0026756,0.0017595,0.00024923
0.0024163,0.0019384,0.0010661,0.0012574,0.0019373,0.094439,0.0021012,0.002097,0.023275,0.0018992,0.0039159,0.001966,0.0029171,0.0027486,7.1632e-05
0.0026114,0.0021366,0.00025801,0.00042269,0.00038849,0.11065,0.0015709,0.034949,0.0028058,0.0025486,0.0038533,0.0037918,0.00076765,0.0020803,0.0002171
0.001619,0.0017654,0.00095823,0.00026483,0.00047414,0.081162,0.028285,0.0033853,0.0030543,0.0049501,0.0030141,0.0057926,0.0019792,0.0026446,0.00067035
1.0863e-05,8.1435e-06,6.82e-06,2.0467e-09,1.1267e-06,0.88245,0.00019465,0.00049788,3.7487e-05,1.3506e-11,3.5474e-06,0.00036566,1.8343e-09,4.2976e-06,3.2392e-05
0.0017622,0.0019402,0.0025665,0.00068912,0.17153,0.0018766,0.0033698,0.0022454,0.0013174,0.0024172,0.0017681,0.0040197,0.0014584,0.0023365,0.013277
0.0021276,0.0021306,0.0012306,0.00098294,0.034586,0.0040971,0.0018733,0.0016768,0.0018791,0.0027239,0.00079456,0.0022112,0.0025293,0.089729,9.4781e-05
0.00032001,0.00021142,3.1408e-05,0.00012961,0.052522,0.005949,0.0024764,0.0015325,0.001467,0.0029782,0.0013787,0.0012249,0.12925,0.0018611,0.00037109
0.0030649,0.0030743,0.0029286,0.00038979,0.046892,0.0022388,0.0022683,0.00022023,0.0020202,0.00067324,0.00073831,0.085963,0.0042307,0.002433,8.6369e-05
0.00070682,0.00012078,0.00013498,0.00021348,0.085391,0.0059839,0.00072779,0.00090191,0.00096693,0.00050242,0.11956,0.0030661,0.0019505,0.00079701,8.6322e-05
0.0024244,0.0028102,0.0016911,0.001704,0.044888,0.0019604,0.0026242,0.0022012,0.0013724,0.070686,0.00091345,0.0038861,0.0021617,0.0012848,8.9918e-05
0.0027558,0.0028404,0.0033752,0.0015685,0.055971,0.0027323,0.0021412,0.0020289,0.026546,0.0050944,0.0018066,0.0042242,0.0015024,0.002422,0.00038317
0.0031766,0.0023818,0.0027253,0.00099364,0.054361,0.0036674,0.0028052,0.038805,0.0041219,0.0026942,0.0030058,0.0003639,0.0020044,0.002093,0.00032644
0.002615,0.0030124,0.0015283,0.0013456,0.040344,0.0031208,0.030394,0.0034919,0.0042876,0.0021649,0.0030099,0.003827,0.0039946,0.0026635,0.00032358
0.0027176,0.0028331,0.00081575,0.0013902,0.035137,0.084876,0.00017477,0.0019607,0.0038086,0.0014318,0.0058458,0.001771,0.0015042,0.0030556,0.00024661
0.0019826,0.0017735,0.0012451,0.0003994,0.38611,0.00034469,9.9175e-05,0.0027002,0.0017377,0.0018498,0.00018102,0.00026618,0.00034339,0.0015948,8.5234e-05
0.0010009,0.00090249,6.2607e-05,0.13416,0.0041897,0.0016334,0.0029119,0.0024223,0.0018678,0.0017568,0.0035967,0.0051747,0.0047746,0.0049849,0.012898
0.0012394,0.0010776,0.00012547,0.027388,0.0041123,0.0016161,0.0016829,0.0010204,0.00084635,0.0020226,0.0033704,0.003625,0.003235,0.11666,5.1498e-05
0.00017021,0.0017179,0.00049551,0.035934,0.0015741,0.0020497,0.0026674,0.0017948,0.0019901,0.0012714,0.001679,0.0018994,0.14869,0.00053041,0.00060915
0.0032129,0.0025573,0.0025382,0.022458,0.0040138,0.0017029,0.0015993,0.0018385,0.001437,0.0034144,0.0041445,0.063723,0.0041269,0.0021671,3.8125e-06
0.0041207,0.0035816,0.0034553,0.021354,0.0036934,0.0038497,0.0015931,0.0016167,0.0014413,0.001396,0.053444,0.0036759,0.0044406,0.0029351,8.6278e-05
0.0013221,0.001506,0.00067292,0.042914,0.0017237,9.1098e-05,0.0018921,0.0019073,0.00098199,0.10679,0.0033779,0.0019511,0.0034247,0.0025685,0.00021953
0.0017583,0.0019977,0.0043568,0.039148,0.002286,0.0041898,0.002351,0.0029339,0.029428,0.0027183,0.0011815,0.0048025,0.0033646,0.0040255,9.2546e-05
0.00071279,0.00083056,0.00070977,0.041108,0.0046729,0.004928,0.0027022,0.050302,0.002881,0.0020852,0.0030444,0.005098,0.002663,0.0016758,0.00032473
0.0031345,0.0036477,0.0042171,0.029799,0.0035392,0.0032369,0.032352,0.0028142,0.0023129,0.002414,0.0033678,0.0028273,0.0023625,0.0027206,0.0012354
0.0033285,0.0024683,0.0025186,0.026555,0.0019531,0.084476,0.0017976,0.001436,0.0016163,0.0024579,0.0018595,0.003397,0.0015681,0.0024036,3.5994e-05
5.411e-05,4.658e-05,0.00078459,0.040221,0.071982,0.0054547,0.001166,0.0035676,0.0027345,0.0027947,0.0030241,0.0038279,0.0039957,0.0027444,0.00011968
0.0016516,0.0019701,0.0011646,0.23221,0.0014227,0.0025481,0.00084827,0.002254,0.00183,0.0027695,0.0015047,0.00025991,0.0024787,0.0022315,0.00024404
0.0010528,4.3825e-09,0.17359,0.0033776,0.0026559,0.00098486,0.0029255,0.0017901,0.0031465,0.0022956,0.0033309,0.0040503,0.0014418,0.0031656,0.0083812
0.00011198,0.00011324,0.052637,0.00067644,0.0027897,0.0019017,0.0013407,0.0014913,0.0016286,0.0032116,0.0012138,0.0019328,0.0014074,0.12503,3.2339e-05
0.0012272,0.0013084,0.03417,0.0022221,0.0015318,0.0020328,0.0028345,0.0017214,0.0012814,0.0020994,0.0026869,0.003835,0.07907,0.0025217,2.9302e-05
0.0018758,0.0022324,0.033916,0.002884,0.0068439,0.002214,0.0027838,0.0023669,0.0022206,0.0046423,0.0034123,0.055039,0.0010032,0.00029595,3.1252e-05
0.00086991,0.0006379,0.042495,0.0028031,0.0024657,0.0030747,0.0014437,0.0024906,0.002097,0.003697,0.056237,0.002631,0.0042596,0.002452,0.00029916
0.0015628,0.00097445,0.047086,0.0034669,0.00026622,0.0032194,0.0008881,0.0010346,0.0012597,0.070942,0.0030902,0.002517,0.003851,0.0048251,0.00031635
0.0026104,0.0016214,0.057624,0.0030329,0.0014453,0.0038895,0.0040813,0.0020285,0.030003,0.0015231,0.0032677,0.0027323,0.0023782,0.0024179,0.00037856
0.0012454,0.0012802,0.053743,0.0036811,0.0033779,0.0036612,0.0028005,0.038739,0.0041149,0.0026896,0.0030025,0.00038056,0.0020031,0.0021302,3.1393e-05
0.0011934,0.0012271,0.053424,0.00098443,0.0038173,0.0027116,0.037156,0.0038279,0.0039832,0.0024276,0.0026981,0.0014477,0.002946,0.0032546,2.9625e-05
0.00024365,0.00029346,0.044975,0.00091239,0.0012503,0.09756,0.0012898,0.0030582,0.0034579,0.0024813,0.0021518,0.0027609,0.0014445,0.0033839,0.00022925
0.00083581,0.00088711,0.040651,0.0018612,0.032063,0.0040695,0.0046355,0.003357,0.0036631,0.002238,0.0025815,0.0051235,0.0029434,0.0031989,2.9598e-05
0.0023731,0.0026319,0.060623,0.034948,0.0011803,0.0039741,0.0013329,0.0031106,0.003077,0.0025247,0.0022104,0.0020272,0.0014417,0.0034113,0.00022903
0.0011167,0.00092319,0.45163,3.9796e-05,0.00033321,4.6481e-06,0.00026606,1.4481e-09,0.0012274,0.00052073,0.0031366,0.0017992,0.0017224,0.0011562,0.00067377
6.5911e-07,0.31216,7.8762e-05,0.00012864,0.0012052,0.0024609,8.0969e-05,0.0030998,0.0023903,0.0022316,0.00025558,0.00044089,0.0047312,0.0049882,0.012902
1.6578e-12,0.071366,0.0018436,0.003703,0.0034259,0.00086632,2.0774e-09,0.0012829,0.0012199,0.00020257,0.0014078,0.0011757,0.0011602,0.13839,0.00013251
6.7239e-12,0.069905,0.00014095,0.0031948,0.0027661,0.004921,3.3553e-08,0.0013749,0.0014405,7.7783e-05,0.0026307,0.0001164,0.13317,0.0030291,0.0019399
6.268e-10,0.058623,0.00011243,0.0028136,0.0021017,0.005224,0.0021558,0.0014429,0.0013343,0.0011597,0.0016075,0.08168,0.0038588,0.0021937,0.00010026
0.0063685,0.054194,0.0007487,0.00027579,0.0039444,0.002195,0.0010156,0.0027006,0.0016323,0.001545,0.057897,0.0035226,0.00087458,0.0032314,0.00023803
4.7993e-07,0.071612,2.3955e-05,0.0030877,0.0026911,0.0042422,0.00030884,0.00095688,0.0014377,0.083766,0.0032073,0.0027185,0.00269,0.0017009,0.00025244
0.0030806,0.064668,0.0023034,0.0028173,0.0018384,0.0006252,0.0019849,0.0017392,0.027124,0.0046782,0.0025155,0.0020878,0.0055457,0.0024193,0.00066553
3.4426e-07,0.068166,0.0017488,0.0039578,0.0041595,0.0023046,0.0026514,0.036603,0.0026771,0.0024199,0.0017474,0.0013117,0.0030366,0.0033184,0.00012123
1.0015e-66,0.071238,0.0017481,0.0041972,0.0043487,0.0027788,0.040242,0.0023434,0.0046742,0.00274,0.00016821,0.0014527,0.0029527,0.0022456,7.7879e-05
1.3245e-08,0.063169,0.0016818,0.00087366,0.0020575,0.11437,9.1088e-05,0.002447,0.0021419,0.0033033,0.001451,0.0029893,0.0027306,2.1843e-05,0.00030059
0.0025757,0.058319,0.0032367,0.0013911,0.047371,5.0688e-06,0.0030386,0.00083714,0.0031815,0.0024116,0.0039094,0.004602,0.0034247,0.0016568,8.7215e-05
3.1569e-07,0.15749,0.00039715,0.070533,0.0017523,3.0445e-05,0.0033948,0.0006427,0.0021706,0.00044359,0.0038411,0.00053529,0.002101,3.2694e-05,7.6531e-05
6.56e-07,0.10414,0.081643,3.0229e-05,0.0010009,2.539e-05,0.0020467,0.0010923,0.003567,0.00045217,0.0032175,0.001193,0.0013218,0.0055551,0.00065486
1.0681e-07,0.54816,0.0013796,3.6497e-05,0.0023087,6.6725e-05,0.00016365,0.00085958,0.0025501,0.00056622,0.0003658,0.00057232,0.00021143,9.9272e-06,3.2128e-05
0.17872,7.4398e-07,0.00070759,0.0033172,0.0026157,0.00098538,0.002927,0.001791,0.0031392,0.002355,0.0033371,0.0040578,0.0014444,0.0031715,0.008389
0.045505,0,0.0013798,0.0037675,0.0033902,0.0019937,0.0013802,0.0017768,0.0013804,0.0034516,0.0023423,0.0014929,0.0035009,0.077423,0.00016968
0.083712,0,0.00018552,0.0004911,0.0028944,0.00080082,6.2452e-06,0.0015389,0.0014698,0.00095468,0.00034982,0.0013523,0.14957,0.0030357,0.001838
0.05654,1.7482e-06,2.9336e-05,0.0016557,0.0034258,0.0024227,0.0024888,0.0017741,0.0016812,0.0034899,0.0030933,0.072862,0.0014052,0.0052962,1.9267e-07
0.059813,9.7985e-09,0.0021791,0.0023296,0.0029224,0.0041494,0.0017896,0.0022891,0.0021401,0.0031239,0.055972,0.0024552,0.0012386,0.0017603,0.00061318
0.077254,3.4928e-06,2.6055e-05,0.0025085,0.0021115,0.0041971,0.0003088,0.00095676,0.0014375,0.083756,0.0032246,0.0027191,0.0025591,0.0016968,0.00025214
0.066092,0.0025417,0.0023286,0.0027821,0.0036598,0.0013687,0.0022259,0.0027211,0.027484,0.0021911,0.0019746,0.0016724,0.0032973,0.0029651,0.00036533
0.071599,0.00014734,0.0020596,0.0021663,0.0042769,0.0023708,0.0010934,0.035025,0.0025732,0.0022393,0.0034798,0.0043935,0.00082345,0.0031868,0.00034843
0.070406,7.2374e-05,0.0019297,0.0021099,0.0041412,0.0010556,0.03997,0.0018588,0.0025332,0.0023776,0.002592,0.0028189,0.0029073,0.003256,0.00058852
0.050546,0,0.00017628,0.0015656,0.0014709,0.084632,0.0040421,0.0030111,0.00184,0.0029155,0.001493,0.0027123,0.0024582,0.0027941,9.0706e-07
0.068994,0.0028355,0.00018085,0.0033285,0.048376,7.9834e-09,0.0025081,0.0038221,0.0024559,0.00041795,0.0028871,0.0034348,0.0014734,0.0055178,0.00017433
0.070228,0,0.00013286,0.032432,0.0017497,0.0041422,0.0025083,0.0032993,0.003849,0.0065605,0.0028138,0.002723,0.0026168,0.0024949,0.00074956
0.062609,6.4405e-05,0.04653,0.0046589,0.00028978,0.0019264,0.0016907,0.0020413,0.004013,0.0048979,0.0043365,0.002874,0.0026723,0.00038493,0.00023561
0.10872,0.1089,0.00046327,3.4403e-05,0.0018175,5.3825e-06,0.00024084,0.0028168,0.0019939,0.00056982,0.0025959,0.00027137,0.0017283,0.0011666,0.00055332
0.48902,0.00023569,0.0013504,4.305e-05,0.0023682,5.8956e-05,0.00032137,0.0011496,0.00042853,0.0011245,0.00026611,0.00030983,0.0011705,0.0016347,7.6953e-05
0.0064846,0.0056673,0.004923,0.0025708,0.0053622,0.010022,0.0036019,0.0027497,0.0023138,0.0061971,0.0042781,0.0055196,0.0084682,0.0090537,0.00095627
0.0043377,0.0036896,0.0032497,0.0020234,0.0036603,0.0067435,0.0026067,0.0018617,0.0015849,0.0042431,0.0029262,0.0038302,0.0063219,0.0623,0.00097246
0.0032347,0.0032475,0.0026165,0.0013113,0.0024614,0.005823,0.0020663,0.0014951,0.0016228,0.0043111,0.0037133,0.0028293,0.0043789,0.097509,4.0573e-06
0.0042033,0.0046532,0.0031057,0.0021357,0.0029202,0.0070323,0.0021926,0.0017103,0.0015068,0.0037909,0.0033004,0.0036347,0.060788,0.0080901,0.0012206
0.0033578,0.0034134,0.0021505,0.0012731,0.0023891,0.0049433,0.0020775,0.0011454,0.0015099,0.0032354,0.0019772,0.0024913,0.045296,0.0443,2.1057e-05
0.0041269,0.0033566,0.0024685,0.0014953,0.0031761,0.0062165,0.0016476,0.0012493,0.0012717,0.0021695,0.0032579,0.0035355,0.10419,0.0055254,0.00060327
0.0045618,0.0044894,0.0028866,0.0014928,0.0030958,0.0073097,0.0026185,0.0018716,0.0010337,0.0037327,0.0032333,0.05036,0.0078222,0.0080561,0.0012481
0.0032388,0.003698,0.002488,0.0011988,0.0029261,0.0056265,0.0021241,0.0013224,0.00093406,0.0032274,0.0018308,0.033343,0.0050428,0.046924,0.00063962
0.003175,0.0029891,0.0030201,0.0024468,0.0027785,0.0040162,0.0013834,0.001565,0.0015384,0.0028333,0.003345,0.029666,0.040525,0.0067634,0.00021223
0.0041743,0.0030148,0.0023761,0.0016624,0.0026818,0.0061852,0.0015075,0.0015701,0.0012073,0.0029114,0.0024878,0.083893,0.0071661,0.0073362,0.00024415
0.0046933,0.003882,0.0030515,0.0017313,0.0036137,0.0068691,0.0024342,0.0017776,0.0015621,0.0041726,0.036393,0.0055539,0.0085208,0.0090412,0.0009589
0.0030135,0.0030831,0.0027638,0.00074587,0.0015045,0.0047592,0.0018286,0.0010364,0.0006576,0.002347,0.033474,0.0039358,0.0055888,0.060418,1.0936e-05
0.0030883,0.0026908,0.0023887,0.0019399,0.0018397,0.0052733,0.0013222,0.0014727,0.00081733,0.0022942,0.030919,0.0037562,0.052631,0.0064532,0.00031719
0.003341,0.0031495,0.0026723,0.0021723,0.0026468,0.0058815,0.0014637,0.0014008,0.00092894,0.0028179,0.027808,0.035564,0.0061577,0.0067805,0.00039222
0.0045609,0.0038251,0.002817,0.0023189,0.0033399,0.0051603,0.0027452,0.00085054,0.0018487,0.0038386,0.058864,0.0043302,0.0065632,0.0066564,4.7606e-06
0.0048531,0.0045427,0.0029526,0.0021623,0.0026035,0.0073169,0.0022623,0.0011878,0.0019158,0.038943,0.0045532,0.0053258,0.0076495,0.0078667,0.0001973
0.0030916,0.002512,0.0028596,0.0010311,0.0025575,0.0053656,0.0013637,0.0015743,7.9212e-05,0.032367,0.0039857,0.0038433,0.0068137,0.05234,0.0007407
0.0033586,0.0026882,0.0018949,0.002235,0.0018584,0.0052598,0.0016206,0.0015086,0.00086849,0.030124,0.0025969,0.0038312,0.049813,0.006464,0.00032128
0.0037504,0.0027958,0.0029757,0.00099645,0.003027,0.0060239,0.0024857,0.00094035,0.00089199,0.029483,0.0025074,0.038404,0.0062962,0.0056252,0.00027388
0.003638,0.0030237,0.0024442,0.0023747,0.002436,0.0063047,0.0023669,0.0017637,0.0022556,0.029295,0.02575,0.0043426,0.0047999,0.0049208,0.00090225
0.0044248,0.0038424,0.0027893,0.0013013,0.0032137,0.006,0.0019936,0.00099537,0.00090779,0.067062,0.0035116,0.0054746,0.0072809,0.0072987,0.00013968
0.0058902,0.0048756,0.0035949,0.0017147,0.0043061,0.0082646,0.0029127,0.0023128,0.013809,0.0041335,0.0042624,0.0063743,0.0077694,0.0084682,0.00062686
0.0036456,0.0031492,0.0022602,0.0023217,0.00192,0.0059824,0.0020065,0.0012854,0.012064,0.0033162,0.0046365,0.0035152,0.0056081,0.053805,0.00088673
0.0043291,0.0037299,0.0026776,0.0012703,0.002863,0.0063893,0.0023554,0.0018162,0.010816,0.0030969,0.0026543,0.003853,0.052198,0.0065534,0.00033063
0.0037124,0.0029975,0.00246,0.0014161,0.0031084,0.0061926,0.0023304,0.001697,0.011638,0.0041957,0.0041676,0.038158,0.006545,0.0056243,0
0.0041015,0.003395,0.0031463,0.0011234,0.0028581,0.0064481,0.0024207,0.0015216,0.011805,0.0031938,0.031538,0.005091,0.0071124,0.0064425,0.00022322
0.0033669,0.0027862,0.0020518,0.0022039,0.0029109,0.0060415,0.0023157,0.0014281,0.012132,0.033978,0.0037474,0.005095,0.0080171,0.0065116,0.00061112
0.004257,0.004797,0.0032614,0.0015652,0.0034467,0.0073893,0.0027357,0.002096,0.025424,0.0043808,0.00458,0.0053557,0.0078091,0.0072076,0.00019711
0.005388,0.0046713,0.0033849,0.0011315,0.0039305,0.0080457,0.0030309,0.019615,0.0021681,0.0058664,0.0047527,0.0052246,0.0078183,0.006737,0.0010152
0.0033889,0.0029084,0.0021064,0.0024828,0.0024732,0.0060683,0.0020333,0.014777,0.0012312,0.0031142,0.00502,0.0040405,0.0057885,0.047747,7.6519e-05
0.0030053,0.0030413,0.0020775,0.0020167,0.00096637,0.0049713,0.0023226,0.016031,0.0012369,0.0026778,0.004915,0.0038487,0.056124,0.0068422,0.00031936
0.0036537,0.0031632,0.002969,0.0012426,0.0027343,0.0060847,0.0019373,0.015226,0.0012283,0.0046676,0.0038612,0.038512,0.0059214,0.0052088,0.00013457
0.0045848,0.0039673,0.0027643,0.0013238,0.0027289,0.0057718,0.0014615,0.014878,0.001538,0.0036454,0.030517,0.0051495,0.007167,0.0053928,7.5879e-05
0.0038699,0.0032422,0.0024472,0.0022235,0.0028392,0.0064396,0.0025109,0.014323,0.0020463,0.027809,0.0038906,0.0043793,0.0057865,0.0063587,1.5327e-05
0.0031904,0.0036289,0.0026781,0.0023641,0.0032218,0.0060184,0.0024922,0.018072,0.013524,0.0038454,0.0033728,0.0052174,0.0077989,0.0071203,9.8295e-05
0.0038839,0.0044152,0.0036729,0.0015783,0.0025654,0.0069925,0.0020856,0.03579,0.0018989,0.0044576,0.0032114,0.0054189,0.007304,0.0087487,2.8643e-05
0.0041408,0.0043095,0.0034154,0.0029455,0.0033469,0.0083001,0.019114,0.0030092,0.0024664,0.0043346,0.0043957,0.0053862,0.007751,0.0079371,0.0007833
0.0034683,0.0036354,0.0031594,0.0018126,0.0033471,0.0053579,0.013854,0.0020139,0.0013814,0.0031213,0.0041953,0.0038766,0.0045802,0.046621,4.4288e-05
0.003075,0.0032003,0.0025457,0.0021899,0.0024883,0.0061709,0.013911,0.0017887,0.0017882,0.0031429,0.0031872,0.0039054,0.045972,0.0079479,0.00078462
0.0038093,0.0044522,0.0032354,0.00092526,0.0029315,0.0050972,0.016148,0.0027625,0.0014677,0.0044372,0.0024467,0.036006,0.0063121,0.0054897,0.00031513
0.0031614,0.0035659,0.002276,0.0022649,0.0030467,0.0065193,0.015319,0.00089391,0.0010738,0.0030315,0.032523,0.0055095,0.0077655,0.0070998,8.8218e-05
0.0042783,0.0034716,0.0038803,0.0022595,0.002376,0.006681,0.01407,0.0019705,0.0013644,0.030051,0.0025352,0.003802,0.0062971,0.0066024,0.0006473
0.0037953,0.0033193,0.0029372,0.0023121,0.0033943,0.0071876,0.015908,0.00091134,0.013,0.0042696,0.0047842,0.0055148,0.0077877,0.0071078,8.9105e-05
0.0033973,0.0038992,0.0030103,0.0024678,0.003201,0.0056826,0.017945,0.016137,0.0020476,0.0047541,0.0033905,0.0053245,0.006291,0.0054842,0.00031463
0.0041312,0.0046952,0.0034895,0.0016041,0.0026289,0.0065169,0.034579,0.0027354,0.001924,0.0045161,0.0034776,0.0049743,0.007372,0.0088301,0.00032644
0.0040958,0.0047096,0.0029504,0.00155,0.002352,0.053466,0.0032205,0.0020888,0.0019832,0.0044512,0.0037565,0.005591,0.0061812,0.0071787,0.0001541
0.0040321,0.0032641,0.0024475,0.0010524,0.0009349,0.042132,0.0025633,0.0016701,0.0013656,0.0034687,0.0029376,0.0042613,0.0044991,0.045616,0.00072654
0.0026014,0.0031668,0.0025618,0.00099032,0.0014686,0.042007,0.0026307,0.0010115,0.00092503,0.0030458,0.0036459,0.0040313,0.046208,0.0059134,7.0924e-05
0.0033168,0.0037733,0.0023178,0.0011024,0.0024244,0.040315,0.0016853,0.0016218,0.0015261,0.0038673,0.0025919,0.03223,0.0061812,0.0057671,0.00040982
0.0034823,0.0030343,0.0022242,0.0010509,0.0015408,0.043141,0.0020587,0.001546,0.002146,0.0046739,0.025897,0.0040514,0.0054783,0.0063253,1.234e-05
0.00383,0.0033052,0.0029958,0.0011999,0.0012081,0.043483,0.0025946,0.00070287,0.0013997,0.029585,0.0031976,0.0036414,0.0059102,0.006407,8.0723e-05
0.0032047,0.0027829,0.0020203,0.00086606,0.0022957,0.050053,0.0024518,0.001617,0.012012,0.0046148,0.0035686,0.0055471,0.0057505,0.007149,0.00014913
0.0028225,0.003211,0.0029091,0.0010854,0.0018934,0.043315,0.0024222,0.014832,0.0020543,0.0049503,0.0030544,0.0054677,0.0063032,0.0055572,0.00027745
0.0044676,0.0039925,0.0026813,0.00090237,0.0029372,0.046291,0.014242,0.00097587,0.00043373,0.0050282,0.0043509,0.0053302,0.0055596,0.006287,7.8044e-05
0.0027085,0.0022414,0.0019372,0.00075968,0.0018403,0.091048,0.0018016,0.0030368,0.0017399,0.0040266,0.0034672,0.0050291,0.0069986,0.0066376,0.00031045
0.0051541,0.0044813,0.0030976,0.0014504,0.024399,0.0069223,0.0034109,0.0025752,0.0016636,0.0046982,0.0050149,0.0054977,0.008282,0.0080253,0.00090831
0.0046731,0.003615,0.0027659,0.0012572,0.020945,0.0051591,0.0022468,0.0017594,0.0011986,0.00378,0.0019814,0.0036618,0.0044526,0.050982,0.00111
0.0037459,0.0031028,0.0021035,0.0014063,0.018933,0.0062456,0.0022061,0.0014285,0.0014279,0.0035403,0.0030102,0.0047364,0.047998,0.0056813,0.00027719
0.0041059,0.0033628,0.0023997,0.00112,0.019118,0.0063336,0.0027595,0.0014539,0.0011956,0.0036438,0.0038894,0.035765,0.0061967,0.0065682,6.0494e-05
0.0045863,0.0037464,0.0026693,0.0013118,0.020448,0.0070717,0.0033947,0.0012403,0.001585,0.0035194,0.027723,0.0043031,0.0063162,0.0051515,0.00090094
0.0044255,0.0037292,0.0027905,0.001248,0.02061,0.0059157,0.0028993,0.0016008,0.0013847,0.030333,0.002915,0.0060039,0.0056356,0.0047358,0.001141
0.0042589,0.0048861,0.0029916,0.0013879,0.023087,0.0068523,0.0026581,0.0026788,0.0089426,0.0052893,0.0035319,0.0038363,0.0061152,0.0069297,4.0591e-06
0.0034688,0.0038663,0.0032855,0.0019645,0.021355,0.0060893,0.0019235,0.015916,0.0012791,0.0046215,0.0040056,0.0050839,0.0061917,0.0064647,0.00038449
0.0041,0.0046758,0.0028226,0.0015727,0.021745,0.0062714,0.01479,0.0026318,0.002264,0.0042191,0.0026934,0.0051052,0.0062626,0.0065411,0.00033004
0.0035441,0.002895,0.0021906,0.0023001,0.019096,0.043725,0.0019901,0.0011165,0.0026111,0.0037877,0.0040244,0.0039016,0.0057253,0.0053077,0.00033167
0.0043702,0.0037949,0.0040321,0.0024287,0.042714,0.0056664,0.002631,0.0022047,0.0013366,0.003688,0.0046421,0.005577,0.0062088,0.007367,1.7962e-05
0.0050526,0.0041304,0.0044665,0.017929,0.0027023,0.0075689,0.002853,0.002807,0.0016643,0.004922,0.0049682,0.0055901,0.007803,0.0079878,0.00060674
0.0029702,0.0033724,0.0022562,0.014366,0.0028883,0.0055516,0.0018515,0.0018332,0.00095078,0.0042298,0.0037217,0.0039269,0.0056681,0.053226,3.6212e-05
0.0030801,0.0041796,0.0028541,0.011755,0.0021869,0.004779,0.0021785,0.0016506,0.0020102,0.0033577,0.0046793,0.0037675,0.049089,0.0062215,8.0959e-05
0.0041646,0.0029245,0.0026084,0.013133,0.0034223,0.0051226,0.0022462,0.0014314,0.0013446,0.0036584,0.0034502,0.039022,0.0061869,0.0067094,0.00061632
0.0040293,0.003929,0.0032873,0.012938,0.0030528,0.0056041,0.0012818,0.0020671,0.0020083,0.0040418,0.031654,0.0043988,0.0062097,0.0056457,0.00041816
0.0040952,0.0040003,0.0025921,0.011257,0.0033611,0.0051086,0.0023288,0.0017146,0.0023981,0.030742,0.0043876,0.0045174,0.006546,0.0056507,0.00022351
0.0038011,0.0018327,0.0027207,0.017448,0.0032442,0.0065614,0.0022168,0.0024515,0.014775,0.0044421,0.0022057,0.0047792,0.0076463,0.010001,0.00011795
0.0053349,0.0021414,0.0032683,0.015148,0.0028373,0.0061853,0.0034229,0.016762,0.0014884,0.0041994,0.0034893,0.0055362,0.005363,0.008196,5.1657e-05
0.0034371,0.0037886,0.0033171,0.015289,0.0012111,0.0057853,0.019864,0.0019379,0.0019034,0.004301,0.0036313,0.0053858,0.0076253,0.0081635,2.2608e-05
0.0035519,0.003945,0.002579,0.012468,0.0017106,0.045202,0.0027805,0.0023329,0.0014448,0.0043507,0.0027444,0.0046922,0.0062731,0.0054981,7.4855e-05
0.0023998,0.0027191,0.0020442,0.017101,0.026819,0.0080818,0.0027364,6.3935e-06,0.0018793,0.0048094,0.0050975,0.0055369,0.0077016,0.0071358,3.7965e-05
0.0030397,0.0024827,0.002686,0.031174,0.0026586,0.0074464,0.0028068,0.002769,0.0016378,0.0055476,0.0049582,0.0055795,0.0077609,0.0079644,2.161e-05
0.0052365,0.0045511,0.026071,0.0029605,0.0021361,0.0064312,0.0027752,0.0025888,0.0016992,0.0047726,0.0051358,0.0054711,0.007501,0.0074385,0.00088788
0.0041404,0.003367,0.019063,0.0024678,0.0021917,0.0048195,0.0024228,0.0015796,0.0013133,0.0038776,0.0039899,0.0042266,0.0044606,0.045226,0.0007218
0.0031953,0.003713,0.018926,0.0025991,0.0029477,0.0036565,0.0024822,0.0018932,0.0013593,0.0037355,0.0027468,0.0040035,0.046538,0.0053584,7.9969e-05
0.0029904,0.0034774,0.017839,0.0016018,0.0051964,0.0054821,0.0025424,0.0022493,0.0012673,0.0040497,0.0019204,0.035896,0.0062928,0.0054724,0.00031248
0.003231,0.0042782,0.019396,0.0025565,0.0040258,0.0051272,0.002174,0.0016465,0.0021772,0.0042257,0.027984,0.0041389,0.0047458,0.0056317,8.6149e-05
0.004251,0.0036929,0.020206,0.0028018,0.0024803,0.0059518,0.00084341,0.0029925,0.0026693,0.029108,0.0027751,0.003641,0.0059968,0.0052435,0.00022318
0.0035117,0.0040407,0.021341,0.0028776,0.002878,0.0066611,0.0026409,0.0026367,0.0091148,0.0046587,0.0033816,0.005328,0.0061503,0.0065643,4.0576e-06
0.0039005,0.0039255,0.020427,0.0037672,0.0026582,0.0057644,0.0028112,0.011501,0.0013029,0.0054359,0.0036104,0.0051679,0.0062235,0.0066805,2.4844e-05
0.0038826,0.0045386,0.021086,0.0028086,0.002231,0.0062799,0.015083,0.0022987,0.0019109,0.0055638,0.002694,0.0051077,0.0061007,0.0054662,0.0003364
0.0010511,0.001248,0.022057,0.0028669,0.004588,0.045278,0.00025315,0.002859,0.0013174,0.0041167,0.0035685,0.0056263,0.0061678,0.0066153,8.6684e-05
0.001027,0.0010259,0.025967,0.0014098,0.024468,0.0067638,0.0024202,0.0020088,0.0022887,0.004333,0.0052169,0.0049224,0.0063794,0.0074239,2.1124e-05
0.0036283,0.0040366,0.018053,0.014517,0.0036226,0.0050899,0.0024959,0.0028632,0.0013295,0.0052196,0.0026961,0.005002,0.0077724,0.0065347,0.00073625
0.0018281,0.0018253,0.046213,0.002509,0.0038851,0.0065614,0.0023478,0.0019487,0.0032474,0.0043351,0.0052197,0.0049251,0.0063827,0.0074278,2.119e-05
0.0049464,0.035075,0.0039305,0.0022784,0.0028365,0.0068442,0.0030438,0.002457,0.0026451,0.0041356,0.0047325,0.0046518,0.0063054,0.0075201,0.00060601
0.0039334,0.024031,0.0028152,0.0020268,0.0020852,0.0050385,0.0022407,0.0017925,0.0016495,0.0041303,0.0035446,0.0033968,0.0046983,0.044633,0.00059
0.0027656,0.022499,0.0033702,0.0018238,0.0019601,0.0044374,0.0021846,0.0017714,0.0016971,0.0036042,0.0026615,0.0049663,0.046356,0.0054551,2.8383e-05
0.0026986,0.026991,0.0036586,0.001847,0.00077828,0.0050207,0.0034045,0.0017236,0.00127,0.0038061,0.0028442,0.038442,0.0060168,0.0051948,0.00013771
0.0022984,0.025633,0.0013306,0.0016471,0.0046984,0.0054652,0.0016958,0.0014645,0.0030469,0.0035138,0.026479,0.0044042,0.0061464,0.0075454,0.00012703
0.0029549,0.027258,0.0013864,0.0025243,0.0038902,0.0058057,0.0018358,0.0021756,0.00082869,0.031296,0.0044612,0.0040832,0.004678,0.0058671,0.00012116
0.0038781,0.031226,0.003921,0.0017933,0.0014557,0.0051634,0.0019426,0.001588,0.013548,0.0041091,0.0043451,0.0050505,0.0061874,0.0068122,0.00012329
0.0030236,0.025799,0.0031618,0.002207,0.0044071,0.0060414,0.0027068,0.012824,0.0019078,0.0043665,0.0032134,0.0042972,0.0063076,0.0061441,5.1785e-05
0.003197,0.024391,0.0031435,0.002448,0.0043279,0.0055037,0.013066,0.0029952,0.001907,0.0040839,0.0038869,0.0045713,0.0063083,0.0052551,0.00030027
0.0015325,0.023885,0.0024194,0.001644,0.0014855,0.044993,0.0027491,0.0013539,0.0013545,0.0041218,0.0049969,0.0031725,0.0060803,0.0070683,7.413e-05
0.0017378,0.029907,0.0033446,0.0001266,0.022915,0.0040925,0.0030007,0.0023446,0.0019709,0.0053608,0.0038698,0.0050569,0.0061752,0.0070406,8.5872e-05
0.00081642,0.028408,0.0027882,0.013132,0.0027226,0.0068685,0.0029872,0.0023479,0.0019737,0.0053684,0.0038753,0.0050379,0.0061813,0.0070475,8.0902e-05
0.0033934,0.029936,0.019847,0.00029008,0.0021689,0.0070168,0.0012328,0.0033275,0.0026757,0.0034869,0.0039174,0.004588,0.0062359,0.0069035,2.3864e-05
0.0028858,0.057399,0.0022724,0.0046928,0.0023968,0.005886,0.0020064,0.0010073,0.0027092,0.0034836,0.0039118,0.0045835,0.0061724,0.0068914,2.3843e-05
0.031349,0.0043878,0.0042425,0.0030494,0.0031895,0.0066465,0.0031701,0.0018903,0.0019177,0.0043848,0.0037413,0.0050415,0.0079518,0.0076205,0.00061464
0.030625,6.2038e-08,0.0023629,0.0016899,0.0050026,0.0051921,0.0021039,0.001486,0.0015454,0.0035094,0.0030589,0.0036717,0.0054652,0.057217,7.0828e-07
0.027295,1.2633e-08,0.0054039,0.0022699,0.002257,0.0049322,0.0022517,0.0022353,0.0017723,0.0034752,0.0028835,0.0037368,0.048749,0.0066068,8.4764e-05
0.024254,0.0037456,0.0033003,0.0025813,0.0024314,0.0051588,0.0024992,0.0023017,0.0016052,0.0041527,0.0031131,0.031775,0.0047968,0.0049886,8.6919e-05
0.021829,0.0042906,0.0033426,0.0026759,0.0031989,0.0051927,0.0029327,0.0023198,0.0016784,0.004304,0.021506,0.0033103,0.0058667,0.0057101,7.2287e-05
0.024742,0.0042068,0.0014207,0.0025609,0.0039769,0.0059388,0.0018779,0.0016507,0.00080904,0.031207,0.0044368,0.0040708,0.0046638,0.0058631,0.00012099
0.030649,0.0028123,0.0038314,0.0026958,0.0028238,0.0056313,0.0028023,0.0016651,0.0090968,0.0052912,0.0036843,0.0038458,0.0081616,0.0057727,7.2172e-05
0.024907,0.0035101,0.0032811,0.0020941,0.0041896,0.0055657,0.0025254,0.011605,0.0020618,0.0055662,0.0048958,0.0046988,0.0058011,0.0054618,8.7198e-05
0.026876,0.0030231,0.003172,0.0029197,0.0024695,0.0054147,0.013657,0.0022357,0.0018739,0.0054847,0.0027838,0.0046151,0.0059217,0.0070936,0.00032356
0.026153,9.0068e-07,0.0045088,0.0022335,0.0030196,0.042564,0.003556,0.0022288,0.0014585,0.0037665,0.0035205,0.003829,0.0056552,0.0062785,1.3216e-05
0.031312,0.0014863,0.0033721,0.00012764,0.023104,0.0041261,0.0030253,0.0023716,0.0025908,0.0054237,0.0039662,0.0051903,0.0063168,0.0052488,8.3656e-05
0.033351,1.3018e-06,0.0041787,0.013787,0.0029048,0.0066006,0.0029833,0.0036542,0.0022337,0.0044862,0.0039131,0.0048679,0.0053113,0.0067481,2.0855e-05
0.027678,0.0049989,0.020854,0.00030481,0.002279,0.0051721,0.0012489,0.0033191,0.002669,0.0034781,0.0039076,0.0045764,0.0062202,0.0068862,2.3834e-05
0.030877,0.027597,0.0025829,2.8842e-05,0.0032341,0.0053732,0.0013069,0.0020031,0.0026428,0.0054364,0.0036992,0.0046983,0.0051269,0.0069455,0.00012749
0.064811,0.0029484,0.00016201,0.002899,0.0017217,0.0072238,0.0023742,0.0025244,0.0025803,0.005355,0.0032088,0.0069033,0.00632,0.0052398,5.4058e-05
