0.034999,0.03011,0.030604,0.03042,0.030097,0.030084,0.030425,0.030335,0.030555,0.030658,0.031114,0.030004,0.030548,0.031179,30.03
0.049515,0.036485,0.034673,0.035475,0.0368,0.036319,0.089723,0.035167,0.035354,0.036343,0.035197,0.037432,0.03552,20.026,21.037
0.041146,0.040771,0.040739,0.042543,0.040777,0.040752,0.040743,0.040814,0.040849,0.043144,0.040848,0.046146,0.041061,28.041,0.074447
0.099834,0.10598,0.054713,0.054843,0.058484,0.053552,0.053293,0.056833,0.056461,0.058195,0.061268,0.054142,18.557,0.36084,21.109
0.06466,0.042951,0.042401,0.042028,0.045456,0.047815,0.044056,0.041459,0.043437,0.044318,0.044259,0.041465,18.646,19.595,0.37341
0.057607,0.039574,0.070381,0.040175,0.043019,0.039693,0.04253,0.039577,0.071331,0.039503,0.039212,0.048527,26.038,0.045115,0.059079
0.15085,0.041987,0.036642,0.050954,0.035697,0.035641,0.043283,0.051672,0.045369,0.047449,0.057578,16.925,0.143,0.31583,21.276
0.14494,0.051331,0.0481,0.061652,0.051103,0.054729,0.30031,0.048508,0.078999,0.052414,0.16757,17.064,0.16804,19.729,0.26238
0.10406,0.047622,0.048291,0.043529,0.1072,0.053814,0.058457,0.042973,0.045717,0.14418,0.052692,17.433,17.94,0.080657,0.22815
0.049648,0.049639,0.048739,0.048765,0.048794,0.048963,0.048895,0.049075,0.054844,0.060814,0.049037,24.049,0.13324,0.079721,0.055094
0.070706,0.049886,0.067902,0.04715,0.050306,0.052058,0.047944,0.049755,0.19485,0.050443,15.607,0.2081,0.059496,0.26685,21.247
0.22938,0.059822,0.050521,0.3002,0.26753,0.038053,0.048749,0.048325,0.038832,0.048016,15.455,0.14935,0.11707,19.789,0.15197
0.036255,0.033158,0.035845,0.092922,0.03453,0.034956,0.033475,0.033099,0.11358,0.033046,15.827,0.20612,18.125,0.16994,0.44881
0.041137,0.038327,0.040888,0.038242,0.039026,0.038719,0.038437,0.044711,0.047211,0.038554,15.815,16.763,0.22692,0.23103,0.12201
0.057545,0.060008,0.038892,0.037423,0.037641,0.046938,0.03896,0.038959,0.040307,0.064903,22.035,0.11852,0.075204,0.11522,0.096383
0.05116,0.041153,0.041325,0.040783,0.070008,0.18453,0.041823,0.07488,0.044189,14.555,0.097917,0.10881,0.043212,0.068142,20.675
0.095746,0.079629,0.093194,0.073823,0.077627,0.11804,0.073419,0.073861,0.075406,14.4,0.30951,0.073152,0.10363,19.604,0.08315
0.04389,0.043159,0.043177,0.043682,0.043263,0.043174,0.069986,0.082774,0.043957,14.108,0.058629,0.10549,18.523,0.32752,0.39003
0.047751,0.036577,0.03624,0.059846,0.1128,0.15904,0.04848,0.036157,0.037078,14.268,0.19371,16.891,0.089471,0.10408,0.26213
0.12052,0.051946,0.11494,0.046536,0.052431,0.045963,0.049112,0.20512,0.045727,14.089,15.678,0.20306,0.33084,0.38768,0.27197
0.065083,0.041536,0.041087,0.043068,0.042016,0.040289,0.040255,0.040501,0.075269,20.038,0.16412,0.048513,0.083396,0.073986,0.1249
0.10761,0.045399,0.042253,0.090042,0.051914,0.037511,0.041657,0.038941,12.878,0.14296,0.2005,0.078438,0.090285,0.10331,21.03
0.43107,0.12355,0.057764,0.23416,0.096472,0.14534,0.048813,0.16548,12.541,0.085572,0.046408,0.22554,0.3154,19.404,0.090079
0.32367,0.06518,0.04561,0.11724,0.043645,0.074197,0.05463,0.037474,12.407,0.14808,0.34955,0.073187,18.539,0.18117,0.12463
0.33683,0.061714,0.26696,0.07733,0.083498,0.078823,0.049777,0.060189,12.746,0.23647,0.10227,16.656,0.22666,0.21488,0.28477
0.23488,0.047857,0.053975,0.052653,0.085731,0.04222,0.071947,0.050782,12.549,0.15063,15.697,0.21808,0.38526,0.29615,0.0742
0.23328,0.11907,0.04785,0.038628,0.059193,0.047375,0.039959,0.075405,12.782,13.996,0.39233,0.16065,0.19936,0.31466,0.11499
0.24703,0.045759,0.054988,0.045647,0.042747,0.058622,0.050975,0.050678,17.939,0.1686,0.084417,0.14907,0.12922,0.11998,0.065599
0.13046,0.12882,0.064302,0.067791,0.064264,0.079247,0.061855,11.501,0.44304,0.17948,0.17225,0.149,0.17838,0.15964,20.99
0.064569,0.048812,0.048549,0.42226,0.103,0.053998,0.052259,11.292,0.16243,0.21799,0.19447,0.36907,0.34895,19.913,0.28585
0.096865,0.0444,0.047266,0.046928,0.044905,0.045819,0.040949,11.359,0.13201,0.27974,0.078491,0.097219,18.395,0.20826,0.20118
0.49376,0.12527,0.0754,0.11779,0.069671,0.15905,0.054,11.255,0.097775,0.16851,0.14531,16.345,0.15592,0.082999,0.32513
0.03664,0.03198,0.032007,0.033747,0.047328,0.17084,0.033366,11.309,0.047111,0.1895,15.621,0.31504,0.27725,0.25756,0.73053
0.26955,0.05347,0.0447,0.042706,0.041531,0.047857,0.062177,11.459,0.13839,13.84,0.12885,0.42982,0.48579,0.45735,0.28665
0.26508,0.066482,0.069011,0.081439,0.098724,0.063705,0.076765,11.01,13.019,0.3532,0.28104,0.29251,0.30951,0.50358,0.21836
0.15435,0.07133,0.067025,0.066382,0.07467,0.065725,0.066305,16.047,0.19552,0.072875,0.19943,0.098917,0.11693,0.12829,0.19828
0.35203,0.060271,0.39792,0.041198,0.072286,0.13328,9.9644,0.095024,0.10431,0.082917,0.13048,0.039608,0.17431,0.045659,20.576
0.11172,0.058936,0.052853,0.049748,0.053575,0.062894,9.9096,0.13414,0.059318,0.10363,0.097372,0.14938,0.28118,19.904,0.097689
0.11939,0.047916,0.049673,0.09976,0.056053,0.049496,9.8202,0.08327,0.23045,0.50145,0.068895,0.079788,18.612,0.3548,0.41809
0.20021,0.05586,0.18554,0.039763,0.05224,0.051398,9.7876,0.08746,0.10806,0.070794,0.13556,17.144,0.26454,0.096028,0.14625
0.20805,0.051505,0.054626,0.22757,0.057784,0.086546,10.124,0.14091,0.18477,0.15067,15.186,0.20741,0.16668,0.42823,0.10034
0.30508,0.062417,0.068751,0.052115,0.083346,0.08423,9.8453,0.36214,0.20844,14.101,0.40957,0.056831,0.22772,0.079121,0.087281
0.1472,0.068582,0.052314,0.094801,0.042683,0.047964,9.332,0.077689,13.463,0.22464,0.050323,0.24459,0.20106,0.67865,0.54588
0.085856,0.04717,0.042113,0.048388,0.045414,0.044503,10.344,10.857,0.26648,0.087541,0.16321,0.073355,0.54487,0.3728,0.34093
0.070887,0.034252,0.0326,0.031432,0.034774,0.035312,14.027,0.13587,0.085297,0.046169,0.19974,0.16855,0.10619,0.062375,0.17104
0.21323,0.048941,0.049529,0.045335,0.15479,8.5469,0.13382,0.21077,0.15453,0.12505,0.20199,0.10644,0.091687,0.099712,21.004
0.3093,0.06695,0.056952,0.20932,0.047598,8.631,0.11009,0.14153,0.1652,0.15557,0.14738,0.067446,0.12219,19.197,0.061538
0.41447,0.051575,0.074389,0.10722,0.077821,8.4326,0.069489,0.3209,0.13501,0.23015,0.15002,0.087314,17.888,0.48356,0.36924
0.24877,0.060323,0.050029,0.047153,0.047539,8.4736,0.19117,0.080514,0.15412,0.075999,0.095054,16.939,0.48367,0.45571,0.56444
0.10066,0.051132,0.05226,0.056081,0.05251,8.7293,0.12907,0.087597,0.21136,0.083119,15.2,0.53761,0.54884,0.5748,0.60313
0.64119,0.077717,0.21146,0.064784,0.071614,8.1365,0.077436,0.071712,0.1371,13.61,0.21207,0.074798,0.080128,0.06403,0.17949
0.10112,0.054303,0.0539,0.072107,0.21045,8.6172,0.17296,0.15598,12.632,0.22733,0.05971,0.27703,0.23535,0.12643,0.23135
0.09791,0.11269,0.04719,0.048645,0.048355,8.6162,0.04957,11.225,0.17888,0.53667,0.094333,0.13106,0.07978,0.11862,0.13104
0.13896,0.069828,0.06517,0.094533,0.06777,8.902,9.5039,0.1708,0.27313,0.095487,0.096595,0.38968,0.14643,0.61212,0.10987
0.16196,0.064486,0.061322,0.054239,0.061256,12.033,0.12104,0.10951,0.13584,0.098874,0.10516,0.13604,0.14828,0.15252,0.058585
0.28023,0.052095,0.11501,0.22831,7.2871,0.047946,0.088729,0.0863,0.14963,0.14591,0.11343,0.10178,0.10809,0.098862,20.374
0.081116,0.058129,0.054841,0.061257,7.154,0.14645,0.10475,0.10352,0.20403,0.28415,0.24839,0.12218,0.30002,19.757,0.44866
0.39066,0.06817,0.047325,0.041081,6.9552,0.070247,0.079526,0.070625,0.1465,0.24532,0.12251,0.065587,18.215,0.059807,0.19717
0.054302,0.047122,0.051219,0.21044,7.1715,0.052357,0.22298,0.11457,0.19108,0.11499,0.20591,16.856,0.57239,0.54112,0.63069
0.051888,0.054032,0.037445,0.068173,7.046,0.073131,0.12242,0.24533,0.21482,0.18685,15.717,0.24308,0.17302,0.23851,0.30482
0.11453,0.040215,0.036857,0.038337,6.9988,0.12305,0.20695,0.046591,0.16493,14.349,0.20808,0.5173,0.577,0.55257,0.36698
0.10937,0.066161,0.064769,0.06427,7.0011,0.10799,0.17439,0.13652,13.009,0.22818,0.10658,0.28614,0.31093,0.29926,0.41146
0.35871,0.075176,0.078252,0.20065,7.1,0.13559,0.16599,11.13,0.13994,0.16257,0.20601,0.17532,0.10679,0.30905,0.099088
1.1008,0.75666,0.13187,0.10924,6.0027,0.088928,8.0602,0.17251,0.054554,0.1658,0.2678,0.17617,0.14276,0.20939,0.11699
0.31526,0.051958,0.065146,0.054182,7.0673,8.4181,0.11297,0.18658,0.24379,0.12215,0.29671,0.3592,0.23829,0.13306,0.16599
0.071436,0.041991,0.050056,0.064794,10.038,0.066313,0.10334,0.097256,0.20002,0.17906,0.1521,0.11838,0.12618,0.11382,0.21896
0.33554,0.073386,0.4509,5.8392,0.22834,0.20027,0.44986,0.14737,0.080278,0.14975,0.30332,0.08251,0.14257,0.13252,20.193
0.29405,0.061415,0.057544,5.5749,0.10617,0.1899,0.08046,0.061597,0.125,0.17786,0.1521,0.32385,0.30173,19.985,0.21338
0.21952,0.046722,0.19359,5.5886,0.23257,0.20008,0.097125,0.16887,0.36815,0.12368,0.43782,0.11363,18.542,0.04552,0.46988
0.44014,0.075092,0.049034,5.6701,0.67523,0.065015,0.053726,0.039331,0.14749,0.048098,0.077486,16.309,0.36545,0.3905,0.46107
0.13135,0.15216,0.048983,5.2271,0.27997,0.069974,0.095622,0.060304,0.18738,0.24923,16.748,0.23383,0.18749,0.2298,0.11515
0.18265,0.072389,0.06897,5.5702,0.13677,0.095488,0.1692,0.084516,0.11062,14.505,0.10026,0.40433,0.45746,0.42522,0.23742
0.1453,0.056799,0.13608,5.7724,0.15878,0.1901,0.045735,0.09847,12.568,0.21314,0.14728,0.15452,0.13388,0.22581,0.58044
0.076229,0.047813,0.043245,5.5692,0.13665,0.10711,0.15338,11.594,0.2614,0.35645,0.16257,0.25829,0.37936,0.47506,0.53423
0.13821,0.046214,0.15254,6.169,0.26241,0.23799,8.9851,0.14252,0.11371,0.13046,0.14674,0.074187,0.20505,0.085687,0.11242
0.1858,0.059857,0.064391,5.7775,0.17819,8.3629,0.095737,0.087596,0.19708,0.057531,0.14636,0.12823,0.074859,0.18264,0.1664
0.23635,0.050827,0.046853,5.4133,7.3829,0.062182,0.097772,0.092446,0.20985,0.076413,0.15401,0.092259,0.12632,0.11397,0.21779
0.081101,0.043842,0.076864,8.0343,0.19841,0.24224,0.041273,0.11502,0.092484,0.16495,0.15155,0.12725,0.13924,0.19661,0.089558
0.12242,0.05092,4.119,0.1024,0.10298,0.051917,0.12747,0.12601,0.20542,0.26797,0.30198,0.12167,0.12037,0.19827,22.01
0.071967,0.031588,4.0522,0.056293,0.21416,0.13047,0.12772,0.169,0.16214,0.054409,0.26876,0.07535,0.0785,20.75,0.43601
0.38963,0.080495,3.7086,0.049978,0.073381,0.13449,0.099157,0.097581,0.16915,0.22508,0.23215,0.10077,20.126,0.083494,0.077169
0.046201,0.040688,4.7825,0.040468,0.044274,0.15383,0.25039,0.070146,0.2057,0.34772,0.23056,14.73,0.15172,0.10046,0.041276
0.32803,0.065038,4.3813,0.051659,0.070478,0.088453,0.10391,0.13768,0.20712,0.086235,14.83,0.12921,0.035079,0.11959,0.22888
0.062544,0.041788,4.3014,0.14113,0.3306,0.11681,0.091168,0.22198,0.28657,14.081,0.074332,0.33357,0.29214,0.3262,0.36268
0.051626,0.044324,4.4213,0.084439,0.12102,0.068454,0.16847,0.14474,12.348,0.21714,0.29841,0.13094,0.054211,0.15959,0.20926
0.23026,0.0663,4.3827,0.13597,0.32537,0.080973,0.15572,11.01,0.2949,0.18015,0.19347,0.17441,0.22237,0.24933,0.13678
0.18246,0.073501,4.539,0.13824,0.37009,0.25562,9.3079,0.17346,0.069314,0.17278,0.34872,0.19664,0.20959,0.20604,0.13107
0.23172,0.066293,4.0849,0.25895,0.099671,8.8339,0.21157,0.18395,0.12994,0.12082,0.067317,0.18996,0.49226,0.23958,0.2088
0.5054,0.09754,4.2115,0.35189,6.8736,0.068497,0.25618,0.10874,0.17998,0.26133,0.38114,0.28159,0.14567,0.2669,0.17163
1.5262,0.07303,2.5977,4.2387,0.26051,0.06201,0.10487,0.13378,0.27861,0.14548,0.31922,0.063785,0.062195,0.052958,0.079794
0.11509,0.037256,6.0207,0.054247,0.080715,0.12931,0.088276,0.16248,0.099769,0.1514,0.12865,0.1662,0.18444,0.20179,0.095504
0.4019,2.8421,0.14765,0.12953,0.094682,0.087052,0.17941,0.15895,0.24483,0.34867,0.33076,0.20736,0.19867,0.51905,20.994
1.3684,1.9757,0.14409,0.12241,0.15644,0.26079,0.074225,0.13148,0.10821,0.15728,0.14686,0.067247,0.066891,16.127,0.34122
0.056968,2.5808,0.096589,0.092238,0.56679,0.042268,0.045473,0.1193,0.099435,0.39967,0.1226,0.054274,20.071,0.043388,0.070511
0.57407,2.7415,0.22455,0.11925,0.41703,0.17086,0.12135,0.44234,0.071276,0.21772,0.098437,16.435,0.37255,0.38364,0.33311
1.5391,1.9339,0.11086,0.0869,0.072981,0.044787,0.10044,0.046156,0.1937,0.41319,10.269,0.17251,0.12332,0.2736,0.17379
0.079473,2.9965,0.17202,0.051644,0.11817,0.18359,0.24512,0.1843,0.3452,13.477,0.53633,0.72498,0.74391,0.19002,0.77291
0.22442,2.8966,0.17567,0.16955,0.33724,0.15849,0.18995,0.21445,12.655,0.29221,0.096427,0.35405,0.36342,0.36026,0.51011
0.068556,2.7747,0.15297,0.14273,0.10436,0.15559,0.23444,11.699,0.37872,0.25029,0.11866,0.30621,0.31432,0.29676,0.79227
1.477,2.0287,0.13284,0.086425,0.21547,0.33131,6.8402,0.22043,0.065811,0.23086,0.07755,0.16528,0.3057,0.11902,0.057701
0.40833,2.5593,0.43986,0.12913,0.063413,9.0791,0.15234,0.23661,0.33207,0.44424,0.45433,0.2752,0.2823,0.30952,0.18876
0.72583,2.9235,0.16881,0.16157,6.0339,0.22942,0.14922,0.32553,0.40553,0.27907,0.14928,0.33834,0.34848,0.35846,0.30609
1.2402,2.1514,0.2044,4.8658,0.19519,0.18241,0.31088,0.10597,0.35453,0.34599,0.21486,0.099491,0.096574,0.11382,0.1937
0.74363,3.2056,3.066,0.087066,0.15079,0.12184,0.17182,0.20728,0.1455,0.25509,0.43536,0.18618,0.19061,0.18709,0.12031
0.19954,4.0226,0.28601,0.18233,0.1295,0.13174,0.23929,0.24021,0.36118,0.23447,0.10313,0.28894,0.29635,0.27791,0.22237
1.4084,0.19771,0.097377,0.10332,0.039584,0.21703,0.040731,0.10331,0.092606,0.050323,0.12342,0.079675,0.083269,0.039928,21.856
1.3475,0.086476,0.069104,0.043463,0.054176,0.19519,0.061523,0.046955,0.1169,0.19374,0.20404,0.05071,0.18733,21.182,0.11897
1.4075,0.10292,0.037313,0.11514,0.055008,0.07019,0.082933,0.11283,0.176,0.049887,0.041249,0.077211,18.905,0.084822,0.19492
1.4923,0.1382,0.086806,0.20416,0.17735,0.063019,0.089551,0.045132,0.10083,0.10307,0.1542,16.557,0.047746,0.11081,0.047505
1.3364,0.096876,0.033477,0.046647,0.066852,0.082612,0.09541,0.12673,0.15039,0.070798,16.717,0.13431,0.040374,0.12508,0.1667
1.3904,0.13461,0.071497,0.045069,0.20226,0.050236,0.057139,0.046713,0.11331,14.764,0.18402,0.054936,0.07391,0.080762,0.15188
1.4376,0.11269,0.1478,0.088399,0.15305,0.078198,0.12232,0.11387,12.95,0.17324,0.25181,0.09719,0.094557,0.096234,0.1505
1.4983,0.20879,0.049757,0.04912,0.18672,0.056177,0.063621,10.864,0.16669,0.052366,0.1265,0.077043,0.09705,0.10527,0.1777
1.3913,0.12376,0.064007,0.040809,0.13392,0.15032,10.289,0.10753,0.05233,0.063753,0.16226,0.19004,0.12869,0.089593,0.19191
1.4125,0.12703,0.069372,0.057437,0.04576,8.7646,0.078455,0.071357,0.24514,0.10254,0.25583,0.062121,0.067679,0.052795,0.13903
1.532,0.11747,0.09057,0.067948,6.695,0.042537,0.096799,0.091414,0.2109,0.074357,0.15516,0.11599,0.12395,0.1115,0.21533
1.3152,0.1025,0.13819,6.1737,0.1644,0.18119,0.15239,0.1687,0.23618,0.054257,0.1997,0.088902,0.11051,0.076451,0.19265
1.4902,0.1926,4.1097,0.031033,0.071171,0.14858,0.076275,0.17003,0.062748,0.18419,0.23149,0.12663,0.14317,0.15996,0.050543
1.6829,2.3202,0.1301,0.072852,0.21681,0.34597,0.047344,0.18735,0.088463,0.14667,0.15384,0.1568,0.29679,0.13348,0.045587
2.0396,0.16633,0.082046,0.066499,0.047185,0.063202,0.077575,0.070355,0.047353,0.11687,0.22891,0.081853,0.084416,0.069986,0.15689
1.4554,0.23217,0.40851,0.45914,0.46092,0.46072,0.71815,0.69923,0.89537,0.79285,1.0378,1.2024,1.145,1.341,21.021
1.6005,0.26693,0.49204,0.75351,0.59304,0.67498,0.90099,1.0153,1.0936,1.1207,1.2624,0.83747,1.3896,12.527,13.71
1.385,0.1548,0.32537,0.51177,0.43729,0.56743,0.74388,0.68475,0.79484,0.92805,0.90812,1.1288,0.88186,20.463,1.6438
1.5167,0.1854,0.50157,0.46595,0.42833,0.58125,0.76326,0.85711,0.67205,1.0697,1.179,1.3877,11.816,1.6156,14.276
1.5767,0.21865,0.3414,0.44986,0.49384,0.51995,0.77533,0.91398,0.84066,0.96204,1.2528,0.87751,11.587,12.494,1.8695
1.384,0.13047,0.47421,0.42434,0.39609,0.41685,0.622,0.58258,0.81048,0.7333,0.96458,0.80112,18.905,1.7693,1.6373
1.5132,0.20769,0.42247,0.50951,0.42782,0.97691,0.83166,1.0395,0.74619,0.92515,1.1277,11.311,1.6468,1.6813,13.915
1.5566,0.20875,0.32015,0.4304,0.44431,0.99969,0.74431,0.96931,0.88133,0.98272,0.99475,10.772,1.6137,12.571,1.9706
2.0076,0.11055,0.17622,0.2616,0.2275,0.19515,0.20477,0.14661,0.14852,0.19306,0.28016,2.3345,2.5617,0.33518,0.3166
1.3693,0.1257,0.29907,0.3352,0.55281,0.52277,0.82585,0.61708,0.63546,0.71447,0.84831,17.794,1.4106,1.4812,1.4503
1.4627,0.1589,0.42052,0.33492,0.5112,0.56482,0.96067,0.78972,0.94501,0.83589,10.844,1.0876,1.8416,1.6481,14.556
1.4693,0.19447,0.37035,0.56796,0.50789,0.56358,0.67696,0.78005,0.94444,0.89731,10.736,1.4236,1.6078,13.671,2.1028
1.6126,0.12037,0.36378,0.41312,0.36062,0.57896,0.72415,0.63345,0.7608,0.66839,9.4527,1.1604,10.863,1.678,1.5753
1.4205,0.15953,0.32178,0.34995,0.35279,0.407,0.63589,0.60516,0.6468,0.7268,11.584,11.788,1.7118,1.7674,1.9614
1.1164,0.11587,0.29353,0.32144,0.48607,0.40022,0.49594,0.46651,1.0497,0.64278,18.366,1.5536,1.6749,1.6675,1.6218
1.295,0.2817,0.49914,0.5331,0.57858,0.70989,0.78216,0.80714,0.96924,10.563,1.4406,1.7239,1.8571,2.02,16.034
1.5151,0.13366,0.39674,0.61432,0.46618,0.55187,0.77179,0.49867,0.93608,9.6647,1.3261,1.3784,1.5852,12.935,1.8296
1.3034,0.1959,0.36431,0.42898,0.39483,0.4778,0.5225,0.56079,1.2476,10.768,1.3734,1.2218,14.337,1.9745,1.9928
1.981,0.11386,0.10061,0.083613,0.09187,0.20129,0.25715,0.1159,0.2218,2.9974,0.43818,3.2935,0.54086,0.3612,0.4681
2.006,0.2735,0.13682,0.056244,0.27111,0.13083,0.1162,0.32143,0.34061,2.1807,2.3357,0.3606,0.34561,0.36634,0.36624
1.2762,0.13338,0.28062,0.32341,0.32841,0.33103,0.53729,0.72435,0.62686,15.574,1.1044,1.3274,1.4396,1.6039,1.6475
1.4592,0.1819,0.42041,0.50165,0.7062,0.87223,0.67674,1.1172,8.7946,1.329,1.536,1.3957,1.5415,1.5117,14.316
2.0074,0.10093,0.10644,0.24585,0.12908,0.30452,0.28594,0.2913,2.0311,0.30987,0.45108,0.31442,0.37453,2.9315,0.37638
1.5244,0.097439,0.24222,0.31927,0.67908,0.42668,0.65276,0.5736,8.4458,0.97155,1.2405,1.0921,12.038,1.6863,1.5261
1.4756,0.11981,0.27667,0.35763,0.64302,0.51991,0.6628,0.83847,8.6094,1.1905,1.2377,11.715,1.6045,1.5458,2.0885
1.5759,0.14738,0.24565,0.32429,0.57126,0.3948,0.54954,0.54323,7.9193,0.98644,9.8817,1.4599,1.4206,1.5158,1.6844
1.4287,0.12479,0.27057,0.66629,0.26245,0.41105,0.61786,0.83543,9.092,9.901,1.5466,1.5911,1.5642,1.725,1.8967
1.2278,0.10495,0.2366,0.42059,0.45396,0.36448,0.43636,0.4375,14.614,1.1282,1.1332,1.3364,1.3377,1.4893,1.5641
1.3171,0.24239,0.48254,0.46356,0.50692,0.58359,0.69134,8.4766,1.4487,1.1943,1.2733,1.5874,1.6609,1.6109,16.232
1.4515,0.22915,0.35608,0.31684,0.41583,0.48707,0.60678,7.8718,1.159,1.212,1.2857,1.2729,1.3115,13.623,1.9156
1.406,0.096791,0.36036,0.30012,0.30552,0.32914,0.59486,7.9352,0.99819,1.198,1.3111,1.4906,13.388,1.8459,1.9568
1.4522,0.18398,0.26289,0.36438,0.35498,0.45146,0.61218,7.9161,1.1008,1.1419,1.1432,11.936,1.5574,1.7175,1.8159
1.4046,0.055631,0.34151,0.28993,0.47971,0.36151,0.55396,8.0353,0.98189,1.1784,11.117,1.5128,1.6106,1.6709,1.8267
1.4592,0.29988,0.28127,0.33365,0.31144,0.41495,0.65502,7.9763,0.96236,9.7281,1.4889,1.5556,1.5653,1.8182,1.8207
1.4611,0.11496,0.28568,0.26915,0.29282,0.75607,0.42794,7.6926,8.7123,1.3568,1.1846,1.4264,1.5079,1.5745,1.8452
0.81425,0.058112,0.13588,0.18013,0.39675,0.38866,0.80136,14.58,1.0867,1.3487,1.3323,1.4078,1.5852,1.5373,1.6275
1.8682,0.21194,0.35991,0.4794,0.39676,0.56248,3.9849,0.72269,0.71087,0.63424,0.7135,0.77034,0.78836,0.80452,8.6051
1.4539,0.16543,0.39375,0.60768,0.45111,0.45974,6.9675,1.065,0.9748,1.2256,1.3232,1.3577,1.6494,13.732,1.9321
1.5252,0.19161,0.2591,0.43089,0.6533,0.39895,6.6106,0.76157,1.0053,0.95492,1.1071,1.1329,12.118,1.6436,1.5049
1.4158,0.07886,0.35881,0.37673,0.63345,0.42294,7.0572,0.98922,1.0893,1.1557,1.4743,12.063,1.7164,1.7501,2.0687
1.4168,0.13446,0.33591,0.27873,0.51646,0.41648,7.079,0.8843,0.87898,1.2186,11.033,1.6659,1.6403,1.7923,1.7306
0.93713,0.13695,0.20035,0.229,0.21716,0.83906,8.7341,0.94115,1.1265,12.292,1.5237,1.8959,2.0373,2.1527,2.1857
1.5365,0.32218,0.37943,0.36187,0.57739,0.42111,6.1888,0.7624,8.3093,1.3265,1.2358,1.5568,1.3023,1.79,1.7573
1.4139,0.25612,0.16389,0.54463,0.61144,0.76664,7.3067,8.352,1.0753,1.369,1.4644,1.5407,1.5742,1.7779,1.8286
0.55827,0.05355,0.11461,0.66886,0.55751,0.95952,13.278,1.1145,1.0109,1.2855,1.2787,1.4775,1.5247,1.5903,1.6562
0.76014,0.73535,0.26824,0.33278,0.37043,7.8422,1.2259,1.4051,1.4204,1.6068,1.8446,1.717,1.9815,2.2189,18.63
1.4403,0.13519,0.34748,0.3834,0.66312,6.0692,0.94405,1.0278,0.93098,1.1779,1.2683,1.3302,1.5824,13.904,1.8723
1.5067,0.21091,0.86733,0.43691,0.30198,5.9439,0.8676,0.93381,1.086,1.0384,1.6094,1.1462,11.961,1.7909,1.7112
1.4493,0.31559,0.30288,0.34958,0.45485,5.8587,0.86335,0.92443,0.93922,1.09,1.3779,11.7,1.4967,1.6322,1.6898
1.5425,0.1005,0.33412,0.35525,0.34309,5.4015,0.85956,0.84901,1.0034,0.95705,10.165,1.5314,1.6328,1.6214,1.6582
0.08035,1.1503,0.14357,0.20194,0.28066,7.8567,1.0068,1.0698,1.2203,13.386,1.8155,2.3031,2.3662,2.4689,2.3804
1.1436,0.1635,0.62296,0.35741,0.3415,6.7119,1.0111,1.84,10.727,1.2424,1.6845,1.8271,1.8667,1.9765,2.3151
0.69251,0.087581,0.11419,0.64779,0.3373,7.9303,0.8139,10.32,1.443,1.7024,1.7198,1.6906,1.9539,1.7884,1.9395
1.4233,0.080409,0.24281,0.65405,0.21795,5.7226,7.1444,1.1872,0.8754,1.1535,1.2468,1.3381,1.3632,1.8609,1.7779
0.47206,0.51355,0.31228,0.31624,0.68217,12.09,0.98312,1.2287,1.4171,1.3574,1.5576,1.6299,1.5262,1.6879,1.7207
0.3854,0.13151,0.17148,0.19279,6.9472,1.0311,1.2257,1.5971,1.4329,1.5219,1.6947,1.9049,1.8595,2.1344,20.299
0.43897,0.14838,0.20754,0.20491,7.0387,1.0832,1.2859,1.6661,1.5324,1.6702,1.774,1.9869,1.9472,18.439,2.3105
1.1496,0.10766,0.42838,0.42954,5.9363,0.76546,1.0018,1.1389,1.016,1.2429,1.3691,1.2924,14.353,2.1465,2.0831
0.96505,0.087767,0.26831,0.33918,5.9521,0.85575,1.2036,1.4388,1.3716,1.2855,1.2915,14.968,2.1362,2.3838,2.2361
1.1465,0.22124,0.47851,0.27155,5.8806,0.77256,0.94581,1.0176,1.0699,1.0683,12.351,1.7278,1.8577,1.9324,2.0437
0.89703,0.064535,0.29814,0.22792,6.3007,0.76604,0.93618,0.77084,0.99579,12.589,1.5043,1.7902,1.9023,2.0044,2.1326
1.1483,0.071433,0.4286,0.44715,5.9367,0.76357,0.96073,1.0643,9.8884,1.56,1.7149,1.6294,1.7974,1.7984,1.7357
1.0703,0.29866,0.50389,0.23255,5.9419,0.70939,0.87235,9.4539,1.2718,1.2956,1.405,1.7367,1.8003,1.9805,1.9219
1.0107,0.090606,0.47449,0.23193,6.2002,0.56171,8.334,1.5183,1.375,1.6322,1.37,1.7574,1.856,1.9028,2.1159
1.1248,0.083882,0.22167,0.26476,6.0809,6.7056,1.1211,1.337,1.2421,1.5302,1.6554,1.7386,1.8259,1.9974,2.1838
0.37999,0.39717,0.084547,0.28288,9.7057,0.76218,0.95152,1.1677,1.248,1.2181,1.3741,1.4273,1.7268,1.6043,1.9636
1.2959,0.15051,0.33903,4.3246,0.65234,0.76153,1.0122,1.1252,1.1959,1.2914,1.3802,1.3861,1.5783,1.4909,15.673
1.5043,0.3004,0.24814,3.8163,0.60653,0.6941,0.81886,0.85882,1.1096,0.99154,1.3023,1.1179,1.4639,12.868,1.7062
1.1417,0.13866,0.25755,4.8168,0.58066,0.76242,0.94201,1.0625,1.0408,1.1967,1.3849,1.2792,14.34,2.0246,2.2176
1.3833,0.07766,0.29423,4.305,0.77398,0.72623,0.81445,0.88864,1.0266,0.9684,1.2271,11.625,1.6708,1.6898,1.9199
1.3422,0.25473,0.27422,4.2092,0.46319,0.76011,0.92525,0.88143,1.0023,1.3727,11.455,1.5259,1.5345,1.638,1.7909
1.1503,0.2951,0.2551,4.4922,0.40631,0.80152,1.0063,1.2774,1.1867,12.029,1.705,1.9343,2.0859,2.1926,2.1662
1.256,0.094025,0.28686,4.4677,0.59834,0.67485,0.84629,0.85588,9.7376,1.2316,1.5583,1.8813,1.9311,2.0173,1.8981
1.2262,0.11312,0.26883,4.4404,0.52186,0.64337,0.7447,8.9751,1.4095,1.532,1.6253,1.6273,1.8572,1.755,2.0303
1.142,0.050191,0.15856,4.7464,0.40903,1.0205,7.7181,1.0934,1.1925,1.3167,1.4819,1.4601,2.0189,2.0492,2.0728
1.452,0.081913,0.42728,4.0776,0.36087,5.7961,0.9929,1.042,0.83852,1.2238,1.1299,1.4572,1.4607,1.5975,1.5627
0.4535,0.094114,0.11488,5.4028,6.6195,0.82304,1.4768,0.84332,1.9459,2.1742,1.8895,2.5807,2.6903,2.3157,2.8361
0.11677,0.35597,0.092377,7.8537,0.76383,0.62808,0.94198,0.96624,0.90335,1.3429,1.5469,1.6125,1.459,1.6976,1.7274
1.6417,0.28546,2.4608,0.47783,0.41187,0.53548,0.69398,0.66856,0.87552,1.0121,1.1013,1.2862,0.97491,1.4713,12.374
0.93644,0.091764,4.0864,0.75634,0.80332,1.3749,1.1227,1.0337,1.3463,1.5132,1.5729,1.3948,1.9047,15.251,2.1519
1.0894,0.13312,3.5724,0.67928,0.7674,0.90338,1.077,0.97965,1.1298,1.2414,1.402,1.4466,15.332,2.4409,2.1922
1.0457,0.10912,3.5288,0.62359,0.71808,0.69483,1.0545,1.2436,1.3338,1.269,1.8864,14.203,2.3126,2.4208,2.7062
1.0339,0.22158,3.8458,0.58981,0.64171,0.71188,0.92488,1.047,1.1019,1.3256,12.327,1.7157,1.8889,1.95,1.9525
1.384,0.16554,3.2518,0.47011,0.48452,0.5777,0.82621,0.61386,0.84205,10.102,1.34,1.4215,1.8952,1.6217,1.6103
0.78468,0.87849,4.1915,0.33699,0.48818,0.58879,0.73798,1.1805,9.8732,1.495,1.6191,1.8541,1.5759,2.0935,2.0024
1.1405,0.083933,3.6713,0.3822,0.67934,0.55687,0.70782,8.772,1.1474,1.2845,1.6511,1.4286,1.5042,1.5604,2.0517
0.84362,0.06435,4.0901,0.68501,0.48896,0.52599,8.3718,1.1477,1.3003,1.4462,1.6621,1.6395,1.8215,1.9177,1.9474
1.8316,0.22063,1.9196,0.25324,0.41386,3.6152,0.57971,0.66377,0.50555,0.64527,0.59287,0.90167,0.91448,0.89854,1.293
0.96976,0.19897,3.5264,0.77228,6.279,0.97932,1.2233,1.4103,1.4978,1.5626,1.7708,1.758,2.1199,1.9669,2.223
0.70884,0.79933,4.178,4.6367,0.69386,0.90556,0.92279,1.0262,1.1207,1.2273,1.6275,1.8784,1.9833,2.1178,1.5138
0.26432,0.29301,5.8853,0.37629,0.57455,0.62548,0.87185,0.74807,1.0684,1.1829,1.2875,1.504,1.5873,1.7031,1.5829
0.43741,2.9329,0.61684,0.67655,0.68276,0.99683,1.045,1.1875,1.2851,1.408,1.5407,1.7576,1.7492,1.9554,18.518
0.49485,2.9298,0.59197,0.68707,0.69189,0.78491,1.0242,1.0482,1.2681,1.5723,1.4247,1.7127,1.8084,17.085,2.2941
0.62072,2.9934,0.52366,0.55337,0.70986,0.61686,0.85819,0.93491,1.0796,1.0379,1.2822,1.4748,14.917,2.3555,2.121
0.3208,3.0226,0.55184,0.65329,0.77683,0.98946,1.1054,1.3649,1.1511,1.347,1.4642,14.962,2.0735,2.1827,2.1977
0.19854,3.2027,0.43989,0.57953,0.62708,0.70583,0.9799,0.96535,1.4452,1.1342,12.436,1.6556,1.7269,1.8109,1.9126
0.16972,2.7936,0.47488,0.66064,0.72812,0.84934,0.93275,1.0222,1.7325,13.571,1.7781,2.1924,2.2103,2.3203,2.2447
0.67461,2.9176,0.50287,0.5926,0.65767,0.5488,0.80747,1.4299,10.527,1.5431,1.4924,1.8634,1.6887,2.2172,1.8808
0.58246,2.9874,0.5642,0.58338,0.83487,0.82277,0.96871,9.3075,1.3077,1.5929,1.668,1.8131,1.9052,1.9769,2.1482
0.60179,2.7716,0.50326,0.66414,0.69115,0.77714,8.765,1.3543,1.3321,1.5156,1.8213,1.7037,1.8054,1.9768,2.1673
0.27916,2.8322,0.55587,0.72834,0.73779,8.0327,1.3253,1.3625,1.6617,1.6167,1.5465,1.7826,2.1259,2.3988,2.4523
0.15721,2.8066,0.27895,0.47462,6.8508,0.8645,1.1143,1.2014,1.4171,1.4503,1.6823,1.9183,2.0187,2.1191,2.2905
0.27542,2.9624,0.43157,5.1927,0.85466,0.92413,1.1837,1.2137,1.4484,1.4263,1.7284,2.0487,2.1152,2.2091,2.099
1.4428,2.0856,2.7994,0.47696,0.5737,0.676,0.55071,0.9277,0.99383,0.96629,1.0549,1.2464,1.3764,1.4096,1.4184
0.20601,3.9496,0.41678,0.55209,0.52884,0.65084,0.87579,0.9397,1.1342,1.2993,1.3523,1.5695,1.6497,1.7347,1.893
1.5728,0.31244,0.64996,0.50504,0.81372,0.98358,1.1199,1.1494,1.2877,1.3832,1.5618,1.4535,1.7864,1.9555,18.552
1.7347,0.23424,0.47873,0.72594,0.66607,0.81295,0.95151,1.0093,1.1556,1.0844,1.3378,1.2095,1.4754,14.112,1.7921
1.7068,0.2053,0.56365,0.52291,0.55862,0.65107,0.87208,0.96226,1.1181,1.1833,1.3052,1.4667,13.431,2.1022,1.7397
1.7367,0.18155,0.46193,0.48189,0.54801,0.63484,0.76206,0.93158,0.99465,1.1099,1.5216,11.858,1.5523,1.6011,1.7871
1.5982,0.35864,0.46628,0.5265,0.65543,0.85304,1.0276,1.0612,1.1201,1.2537,13.164,1.7833,1.9407,2.0177,2.0153
1.5779,0.32087,0.54789,0.62534,0.67141,0.86352,1.032,1.0431,1.1254,12.391,1.6468,1.8738,2.0111,2.1235,2.1281
1.6634,0.21112,0.47818,0.56093,0.49872,0.78002,0.96445,1.1922,10.009,1.5642,1.346,1.6692,1.7974,1.8202,1.9474
1.6054,0.20692,0.46235,0.5567,0.57068,0.70962,0.93796,9.3121,1.4716,1.5353,1.4174,1.5802,1.854,1.9186,2.0859
1.6993,0.19133,0.43833,0.5043,0.76545,0.6543,7.5543,1.0087,1.0987,1.3734,1.4961,1.5725,1.647,1.7216,1.9041
1.4635,0.28574,0.49844,0.56009,0.65111,8.291,1.3554,1.4258,1.5063,1.6754,1.7953,1.9154,1.9888,2.0775,2.6237
1.445,0.15914,0.46146,0.46681,6.7617,0.95802,1.2736,1.3313,1.4076,1.5909,1.8757,1.8,2.1128,1.9928,2.3823
1.5309,0.16642,0.42009,5.2143,0.83522,0.90218,1.1595,1.1874,1.4223,1.3918,1.6965,2.0212,2.0796,2.1719,2.0872
1.8085,0.20334,2.65,0.4821,0.58512,0.66271,0.75973,0.93068,1.0162,1.0333,1.22,1.2269,1.5003,1.3253,1.789
1.7317,2.0883,0.35693,0.38217,0.5831,0.63513,0.88481,0.9155,1.0655,1.1607,1.2792,1.5143,1.5735,1.7024,1.592
2.0351,0.24228,0.37686,0.41039,0.60423,0.65637,0.87564,0.94002,1.0892,1.2025,1.2428,1.5324,1.6075,1.7227,1.6126
