0.77212,0.7687,0.80206,0.86288,0.85525,0.86033,1.5763,1.5907,0.94774,0.13839
0.77371,0.77045,0.80001,0.86432,0.85626,0.86727,1.5774,1.4349,1.526,0.2074
0.79037,0.79012,0.81759,0.85495,0.87573,0.87214,1.3078,1.6206,0.97404,0.13845
0.77625,0.77321,0.80281,0.86586,0.84496,0.86195,1.5716,1.4327,1.0538,0.14004
0.75618,0.75775,0.78817,0.86832,0.85506,1.0437,1.0344,0.93599,1.1936,0.17616
0.75967,0.7491,0.77596,0.85874,0.85506,1.0423,1.0974,1.1399,0.94512,0.13813
0.77293,0.76448,0.81501,1.015,1.1885,0.91434,0.85146,0.93892,1.5073,0.20469
0.74529,0.74789,0.79486,0.86652,1.0121,0.86706,1.1278,1.1326,0.94547,0.13817
0.78084,0.77454,0.80527,0.88809,1.5582,1.8184,0.84626,0.94227,0.94654,0.13827
0.76444,0.75431,0.79564,0.87145,1.0047,1.0327,0.85851,0.94433,1.1493,0.16989
0.74472,0.73184,0.78676,0.85663,1.012,1.0427,1.006,0.92948,0.94453,0.13835
0.7622,0.75394,0.77927,0.86946,1.1588,1.3897,1.0071,0.94106,0.94715,0.13843
0.77373,0.76215,0.79474,0.85393,1.3651,1.1275,1.0412,0.95012,0.9477,0.13867
0.71689,0.81668,0.86889,1.1117,0.86229,1.0336,0.85131,0.93681,1.434,0.21238
0.73136,0.82843,0.85802,1.1352,0.89582,1.0545,0.83717,0.94097,1.2281,0.18102
0.75347,0.7346,0.7705,1.0123,0.8481,1.0363,1.0325,0.94471,0.9577,0.14004
0.75295,0.74178,0.79604,1.2202,1.1904,0.91418,0.85131,0.93936,1.2365,0.16675
0.73162,0.72027,0.82758,1.0088,1.0119,0.85495,1.0035,0.95576,0.94408,0.13799
0.747,0.7509,0.7678,1.0801,1.0407,1.0417,0.88631,0.93978,0.95188,0.13928
0.74773,0.75175,0.98582,0.85608,0.8732,0.87009,0.85513,0.93184,1.4984,0.20406
0.74191,0.72364,0.98562,0.87314,0.85942,0.83526,1.0315,0.93375,1.1468,0.15395
0.72004,0.72085,1.0111,0.86589,0.86718,0.86094,1.1022,1.1461,0.94468,0.13814
0.73282,0.73092,0.98455,0.84901,0.86482,1.042,0.8567,0.96576,1.2223,0.181
0.75147,0.71126,1.0048,0.87449,0.85368,1.0369,0.91849,1.1471,0.94608,0.13806
0.71683,0.71008,0.92261,0.8653,0.85632,1.037,1.0381,0.94279,0.94525,0.13822
0.7329,0.73477,0.98234,0.84652,1.005,0.86929,0.85465,0.94181,1.2037,0.16277
0.71766,0.73317,0.93593,0.83242,1.0112,0.86301,1.0324,0.94435,0.94947,0.13847
0.7159,0.70903,0.9216,0.86462,1.0114,1.0369,0.88595,0.94273,0.94559,0.13828
0.78198,0.7744,1.4437,1.8325,0.87439,0.8728,0.85775,0.94705,0.95533,0.13961
0.748,0.73351,0.95099,1.0248,0.86151,0.87062,0.85995,0.94477,1.1158,0.16405
0.71501,0.71005,0.93654,1.0266,0.86345,0.8726,1.0329,0.96422,0.94606,0.13851
0.71856,0.71521,0.93485,1.0176,0.86485,1.0419,0.85666,0.96453,0.9429,0.13824
0.71379,0.70742,0.93589,1.0195,0.98588,0.88051,0.89105,0.9642,0.94612,0.13852
0.72067,0.70402,1.5674,1.4808,1.0047,1.0375,0.88568,0.94409,0.95431,0.13941
0.7192,0.95807,0.77763,0.85662,0.8475,0.87801,0.88372,0.94142,1.514,0.20572
0.71299,0.89225,0.82617,0.85967,0.86592,0.87856,0.99567,1.1065,1.2425,0.16902
0.72621,0.8433,0.81259,0.84684,0.84868,0.86322,1.0365,0.93652,1.2479,0.16998
0.71141,0.87051,0.79047,0.86974,0.83602,0.86675,1.2419,1.2512,0.94452,0.13831
0.69512,0.92721,0.80622,0.84954,0.89024,1.063,0.84529,0.93576,1.1476,0.15355
0.71086,0.94287,0.7736,0.85101,0.8558,1.0475,1.01,1.2401,0.94283,0.13836
0.71464,0.81989,0.78854,0.87015,0.82169,1.037,1.041,0.94455,0.94711,0.13835
0.69725,0.86701,0.84199,0.97396,1.2192,0.92091,0.85738,0.94197,0.96804,0.13838
0.71614,0.85503,0.80415,0.84968,1.0139,0.88382,0.85683,0.92922,1.2286,0.16697
0.70918,0.87372,0.84872,0.98372,1.2204,0.88372,1.04,1.139,0.94142,0.13837
0.71423,0.82326,0.8139,0.84198,1.0144,0.847,1.0436,0.94102,0.94575,0.13842
0.69361,0.93574,0.75613,0.84571,1.362,1.3823,0.85669,0.94086,0.94239,0.13806
0.72543,0.81895,0.81619,1.0254,0.87577,0.87418,0.8869,0.93213,1.1526,0.16939
0.73315,0.82258,0.77537,1.0389,0.86509,0.86448,1.0326,0.94065,0.94779,0.13847
0.7314,0.82285,0.77326,1.0232,0.85003,1.0421,0.85641,0.9644,0.94568,0.13835
0.74185,0.79873,0.76914,1.217,1.1906,0.86563,0.88772,0.94309,0.94361,0.13802
0.68633,0.82647,1.0312,0.8575,0.85852,0.87585,0.88802,0.93637,0.96643,0.14096
0.69931,0.82675,0.95628,0.87093,0.85939,0.87342,0.857,0.92964,1.2241,0.16655
0.78406,0.78566,1.024,0.87299,0.87424,0.87034,0.9635,1.1478,0.9459,0.1381
0.67743,0.80312,0.98931,0.84041,0.86642,0.86261,1.0326,0.94251,0.95054,0.13883
0.69206,0.7977,0.98014,0.85642,0.8478,1.0367,0.85148,0.94074,0.94948,0.13883
0.68755,0.81322,0.9497,0.85111,1.0119,0.8843,0.84962,0.9417,0.94291,0.13841
0.90764,0.89651,1.4157,1.8312,0.87726,0.87687,0.86199,0.94574,0.9549,0.13971
0.71948,0.98001,0.80731,0.89006,0.86528,0.87512,0.83308,0.94297,1.2101,0.16229
0.7116,0.94367,0.82502,0.86407,0.86822,0.86651,0.99251,1.2398,0.94295,0.1383
0.70383,0.89058,0.80775,0.84979,0.85255,0.86406,1.0336,0.95283,0.95463,0.13855
0.71438,0.94395,0.77477,0.85079,0.87757,1.0651,0.85445,0.93932,0.94796,0.13838
0.71978,0.93302,0.78848,0.85103,1.0216,0.88925,0.83444,0.93693,0.94426,0.13832
0.73541,0.8929,0.81248,1.0594,0.8514,0.88633,0.84509,0.94353,0.95659,0.13927
0.64963,0.94531,1.0264,0.86261,0.82741,0.86788,0.88922,0.94023,0.9473,0.13846
1.0042,0.73902,0.83529,0.83429,0.83259,0.87418,0.85867,0.94637,1.3805,0.20464
0.98719,0.73404,0.78375,0.85985,0.85188,0.88149,0.85663,0.94038,1.6082,0.21986
0.9979,0.708,0.81881,0.87154,0.85384,0.87156,0.97078,1.1844,1.3588,0.20226
0.90334,0.73144,0.7918,0.85251,0.83075,0.83884,1.0408,0.93834,1.2058,0.16209
0.98862,0.712,0.76709,0.86071,0.84223,0.85938,1.1464,1.1831,0.94366,0.13866
0.88827,0.70691,0.80441,0.8483,0.88922,1.0636,0.85421,0.93401,1.1569,0.15474
0.78372,0.76827,0.8484,0.875,0.85386,1.04,0.92097,1.1434,0.94203,0.13805
0.84547,0.70334,0.79088,0.86865,0.82192,1.0365,1.033,0.94796,0.94944,0.13836
0.98464,0.69363,0.84905,0.98751,1.2198,0.85552,0.85912,0.94503,0.97171,0.13831
0.89203,0.71309,0.80826,0.84215,1.0118,0.89,0.85683,0.93848,1.1145,0.16389
0.78038,0.76387,0.79615,0.87375,1.0124,0.86935,0.95869,1.1556,0.94646,0.13805
0.88399,0.68988,0.81221,0.84199,1.0084,0.84464,1.0414,0.941,0.94616,0.13848
0.85733,0.70474,0.79288,0.8532,1.013,1.0334,0.8429,0.95048,0.94608,0.13834
0.85361,0.72088,0.82128,1.0223,0.85885,0.88302,0.8593,0.94067,1.1382,0.16859
0.99929,0.66178,0.85628,1.1485,0.86962,1.0404,1.0332,1.2138,0.95275,0.13912
0.86262,0.70621,0.7769,1.0284,0.87222,0.87131,1.0409,0.9562,0.94567,0.13819
0.86072,0.71476,0.7972,1.0252,0.84794,1.0336,0.83796,0.94362,0.94659,0.13867
0.84572,0.71796,0.79429,1.0601,1.0623,0.87093,0.84163,0.94001,0.95682,0.14056
0.89409,0.66451,0.99543,0.85886,0.86794,0.84616,0.88355,0.93601,1.1575,0.15511
0.85398,0.662,1.024,0.88086,0.85921,0.87232,0.86681,1.0452,0.94624,0.13796
0.84809,0.68763,0.94158,0.84698,0.84742,0.83479,1.0374,0.94449,0.94792,0.13871
0.83524,0.68993,0.93891,0.81464,0.84724,1.0371,0.88033,0.94209,0.94285,0.13839
0.86086,0.66941,0.94997,0.85191,1.0086,0.87406,0.8485,0.93902,0.94499,0.13839
0.83641,0.69437,0.93333,1.0256,0.86915,0.85615,0.84103,0.94115,0.94509,0.13904
0.85741,0.66997,1.1443,0.98952,0.86801,0.85314,0.86648,1.0453,0.94619,0.13794
0.88004,0.7861,0.78666,0.82592,0.86121,0.87353,0.87236,0.94677,0.94394,0.13829
0.90769,0.75974,0.7863,0.86254,0.87068,0.85004,0.85393,0.93388,1.1675,0.1568
0.82258,0.80654,0.78676,0.86071,0.86913,0.85407,0.85747,1.0522,0.94896,0.13832
0.87283,0.7723,0.77291,0.8158,0.8517,0.86219,1.0328,0.9433,0.94551,0.13834
0.87555,0.76406,0.78666,0.81902,0.85344,1.047,0.8551,0.94196,0.94318,0.13843
0.82119,0.79182,0.7793,0.85469,1.0107,0.85355,0.85846,0.94065,0.94197,0.13803
0.78745,0.77015,0.80765,1.0166,0.87426,0.87443,0.8595,0.94991,0.94928,0.13822
0.80476,0.77044,0.94304,0.83592,0.83626,0.85383,0.85842,0.94068,0.94415,0.13843
0.81671,0.80467,0.80535,0.8632,0.87062,0.85596,0.86403,0.94432,0.95118,0.13846
1.0004,0.75391,0.76117,0.85877,0.85479,0.86706,0.88504,0.96391,1.1086,0.16315
0.99754,0.71087,0.82172,0.86264,0.85348,0.87143,0.97089,1.1848,0.94546,0.13882
0.99909,0.70321,0.79003,0.85087,0.85059,0.87156,1.0305,0.94096,0.94691,0.13835
1.0003,0.70539,0.79042,0.85454,0.84933,1.0367,0.85667,0.94473,0.95085,0.13823
1.003,0.70726,0.7772,0.86333,1.0121,0.88155,0.85959,0.9377,0.94312,0.13825
0.91527,0.71425,0.77966,1.0196,0.87216,0.87313,0.88597,0.94074,0.96082,0.14034
0.99808,0.66423,0.93391,0.86057,0.86221,0.87486,0.86122,0.94014,0.94654,0.13825
0.76947,0.76069,0.82029,0.88633,0.98518,0.87961,0.93316,1.0289,1.0244,0.13833
0.77473,0.76682,0.81991,0.88061,0.87065,0.91891,0.85496,0.94053,1.6446,0.22143
0.74998,0.73227,1.0526,0.92788,0.872,0.8824,0.86642,0.94563,1.0276,0.13813
0.7154,0.93152,0.82238,0.85782,0.87774,0.88611,0.85619,0.96606,1.0218,0.13828
0.99937,0.71496,0.79196,0.8824,0.85569,0.86762,0.8865,0.96508,0.95629,0.13989
