0,0,0,0,0,0,0,0,0,20
0.16287,0.11461,0.10174,0.093105,0.074448,0.076784,0.062311,0.052169,0.48277,1.0544
0.14986,0.11283,0.079773,0.090332,0.063065,0.067942,0.052506,0.041346,0.98641,0.53794
0,0,0,0,0,0,0,0,17.903,0.00013154
0.1508,0.114,0.10941,0.085394,0.089037,0.057449,0.05752,0.49198,0.059432,1.2305
0.14669,0.10476,0.080671,0.076543,0.039864,0.046001,0.05352,0.40745,0.54039,0.59158
0.12498,0.10488,0.067353,0.065398,0.060529,0.053386,0.046991,0.42144,1.0079,0.025606
0.1402,0.10533,0.073248,0.065075,0.046338,0.039948,0.018451,1.5619,0.022661,1.0148
0.11297,0.081481,0.070993,0.064598,0.067325,0.067348,0.055979,0.91865,0.53758,0.030164
0,0,0,0,0,0,0,15.212,0.0099568,0.0036217
0.14891,0.10491,0.09299,0.10934,0.079548,0.065051,0.5529,0.031176,0.037905,1.6797
0.14169,0.10669,0.075431,0.085485,0.05964,0.064251,0.34824,0.047841,0.47239,0.53794
0.12293,0.0863,0.047241,0.068933,0.054465,0.021632,0.54193,0.027906,1.3752,0.015054
0.12011,0.084619,0.075005,0.088194,0.064163,0.05247,0.44597,0.56785,0.03993,0.66519
0.11921,0.083547,0.076183,0.066003,0.053424,0.057334,0.34774,0.42769,0.47124,0.020691
0.11096,0.086906,0.074666,0.064203,0.050548,0.041196,0.47557,1.0994,0.039586,0.030646
0.13192,0.10698,0.069271,0.073557,0.059928,0.057595,1.0621,0.052631,0.041365,0.82681
0.13137,0.099172,0.06935,0.068168,0.059302,0.045414,0.71698,0.048887,0.55892,0.017991
0.099711,0.090279,0.068751,0.060932,0.0487,0.059238,1.0226,0.55623,0.037294,0.021167
0,0,0,0,0,0,12.813,0.0079764,0.020488,0.00023746
0.14894,0.11734,0.083184,0.085189,0.064077,0.5104,0.050317,0.047491,0.055642,1.8636
0.12067,0.079489,0.08031,0.065967,0.055683,0.40893,0.045986,0.045711,0.70837,0.80186
0.12064,0.073208,0.076875,0.060356,0.048817,0.39687,0.045262,0.037709,1.3332,0.015068
0.11522,0.070468,0.075123,0.05749,0.049414,0.46568,0.03053,0.81183,0.032691,1.036
0.1077,0.076908,0.068044,0.06178,0.063823,0.33145,0.053406,0.44525,0.56909,0.024088
0.1197,0.085746,0.07548,0.065691,0.053925,0.35912,0.041515,1.1413,0.042701,0.013563
0.13184,0.10492,0.091106,0.076039,0.059027,0.33248,0.42666,0.051289,0.045236,0.65652
0.11512,0.090807,0.066627,0.063623,0.058998,0.34949,0.34937,0.044606,0.55083,0.013317
0.10914,0.083329,0.072924,0.05731,0.050858,0.33341,0.43204,0.51499,0.046548,0.018343
0.10363,0.078031,0.055053,0.058244,0.060843,0.46437,1.1176,0.051918,0.041074,0.013866
0.15816,0.11066,0.095002,0.055353,0.067251,0.85712,0.022292,0.033206,0.053766,0.78156
0.092806,0.06815,0.064429,0.04625,0.041611,1.0229,0.044628,0.044049,0.828,0.026909
0.096742,0.061994,0.063525,0.044727,0.041025,1.0114,0.024213,0.8692,0.049911,0.023685
0.096868,0.077989,0.061021,0.057786,0.047081,0.97698,0.63649,0.035576,0.042327,0.013736
0,0,0,0,0,10.138,0.013748,0.016727,0.021266,0.0081459
0.11923,0.083985,0.081932,0.067204,0.70982,0.059801,0.02818,0.022152,0.032198,3.6589
0.12712,0.089165,0.068826,0.090169,0.30036,0.072223,0.063631,0.057612,0.54271,0.66629
0.12471,0.087424,0.06914,0.056439,0.26384,0.056573,0.073334,0.034318,1.3013,0.021798
0.10728,0.077352,0.058762,0.050702,0.47472,0.049512,0.024214,0.85235,0.029576,1.1817
0.12612,0.087336,0.083074,0.055968,0.23448,0.055971,0.058076,0.40344,0.52981,0.015221
0.11192,0.087499,0.076017,0.063775,0.32129,0.050581,0.03922,1.2054,0.043814,0.020727
0.11291,0.10094,0.06695,0.064149,0.42931,0.014947,0.64337,0.027379,0.058355,1.0501
0.085818,0.086748,0.061476,0.056231,0.28967,0.054498,0.55017,0.023798,0.75657,0.014447
0.11803,0.092168,0.063284,0.06734,0.25794,0.048708,0.43752,0.45685,0.054492,0.019757
0.1089,0.084716,0.067441,0.07783,0.35024,0.049622,1.1089,0.052848,0.022322,0.011397
0.13879,0.087491,0.070883,0.071526,0.34432,0.44358,0.06865,0.035476,0.035638,0.83636
0.12105,0.095646,0.0846,0.067409,0.23486,0.33169,0.060244,0.047581,0.48118,0.01866
0.10286,0.067578,0.063909,0.05571,0.31606,0.47107,0.050396,0.58641,0.032421,0.023441
0.1028,0.083733,0.073826,0.056391,0.34063,0.35122,0.4711,0.053877,0.043512,0.026281
0.12205,0.096227,0.067549,0.04464,0.36575,0.96998,0.04032,0.030793,0.034619,0.021049
0.13423,0.094473,0.11835,0.067756,0.82653,0.073031,0.041316,0.021229,0.021145,1.0893
0.12011,0.093059,0.067095,0.068339,0.6115,0.049781,0.043691,0.041581,0.6899,0.010191
0.14506,0.087561,0.091725,0.071265,0.45906,0.059624,0.052545,0.49458,0.040428,0.02416
0,0,0,0,3.046,0.03516,2.4168,0.027519,0.021264,0.014196
0.14078,0.075144,0.080839,0.060845,0.6541,0.44379,0.035702,0.033232,0.044531,0.023513
0,0,0,0,7.8904,0.022053,0.013979,0.016447,0.021808,0.0075527
0.14381,0.12024,0.09534,0.33891,0.080324,0.074897,0.07874,0.031158,0.055867,1.9843
0.099528,0.085463,0.073451,0.30301,0.054093,0.052782,0.036972,0.046343,0.97134,1.0411
0.10484,0.089306,0.075654,0.28719,0.074752,0.02832,0.0372,0.033023,1.5701,0.012544
0.14331,0.12496,0.078371,0.20743,0.074293,0.05244,0.055153,0.5094,0.037513,0.6842
0.13262,0.10446,0.070354,0.19453,0.044211,0.055614,0.058179,0.40027,0.52107,0.022923
0.074761,0.11243,0.050998,0.30997,0.04583,0.04817,0.030102,1.8025,0.031164,0.012593
0.14466,0.10099,0.098042,0.1957,0.090759,0.071045,0.37246,0.056521,0.058217,0.621
0.10351,0.063122,0.048927,0.17447,0.056451,0.053133,0.61835,0.045024,0.8868,0.011492
0.1078,0.089218,0.070441,0.23219,0.053092,0.051685,0.46089,0.55248,0.041048,0.019368
0.12964,0.093055,0.08198,0.21865,0.064567,0.051853,0.94566,0.057615,0.040601,0.026311
0.12367,0.10254,0.065764,0.24855,0.048142,0.5653,0.049414,0.063263,0.040983,1.0703
0.109,0.078219,0.073584,0.2245,0.049131,0.41288,0.031248,0.044004,0.76871,0.016338
0.11909,0.081692,0.087484,0.1998,0.060071,0.40708,0.02845,0.60808,0.036666,0.014428
0.10136,0.082183,0.073151,0.20465,0.054435,0.4742,0.60191,0.032884,0.037154,0.028266
0.12239,0.10212,0.078393,0.28724,0.05512,0.9509,0.024768,0.036307,0.037147,0.012525
0.12609,0.090447,0.078955,0.33246,0.45601,0.059405,0.036299,0.024462,0.037749,1.1556
0.13701,0.098083,0.0885,0.19418,0.24084,0.059445,0.047895,0.053413,0.52587,0.024057
0.094002,0.073383,0.056464,0.30657,0.36543,0.0403,0.046579,0.71907,0.046765,0.011472
0.099094,0.071178,0.059157,0.24732,0.40852,0.064569,0.56865,0.05208,0.040635,0.018004
0.11682,0.09127,0.073443,0.22862,0.31793,0.42826,0.058888,0.04954,0.046218,0.016463
0.10649,0.076307,0.052161,0.36013,0.82244,0.044648,0.086812,0.031154,0.056812,0.018561
0.1468,0.10323,0.075997,0.64568,0.070048,0.057844,0.019131,0.050143,0.057263,1.1755
0.12536,0.088283,0.081711,0.45963,0.065217,0.06221,0.042776,0.03895,0.66773,0.018844
0.13041,0.093059,0.066299,0.51978,0.030876,0.056584,0.034893,0.72177,0.033955,0.025194
0,0,0,2.107,0.028427,0.035196,2.4193,0.02814,0.021419,0.011438
0.11358,0.090829,0.087297,0.54841,0.055442,0.43608,0.050281,0.050646,0.039175,0.030896
0,0,0,2.4187,1.5865,0.028541,0.014295,0.0095283,0.043441,0.0096159
0,0,0,6.1789,0.0053774,0.028542,0.014848,0.0098962,0.013391,0.0047882
0.14977,0.10265,0.37402,0.070082,0.007885,0.074249,0.051427,0.035107,0.023158,3.9258
0.14388,0.1012,0.15139,0.091001,0.074738,0.053744,0.048464,0.044742,0.70948,0.77884
0.099933,0.07503,0.24657,0.053099,0.055412,0.029313,0.042939,0.030548,1.9823,0.020876
0.11245,0.088242,0.26229,0.080777,0.04493,0.044491,0.024953,0.87057,0.032157,1.1676
0.10803,0.081222,0.19019,0.047625,0.046283,0.046122,0.035318,0.62697,0.72317,0.029941
0.11491,0.080625,0.16684,0.067275,0.061118,0.048051,0.035794,1.6349,0.043673,0.021529
0.10924,0.085844,0.27804,0.059858,0.072607,0.0521,0.69649,0.046648,0.020634,1.0964
0.11601,0.087573,0.17583,0.077405,0.066944,0.051921,0.42955,0.048851,0.56418,0.018384
0.1148,0.092088,0.17755,0.05951,0.05157,0.04405,0.48161,0.61324,0.041205,0.0178
0.09702,0.075733,0.26731,0.054258,0.057786,0.036014,1.5732,0.029488,0.027852,0.011396
0.11728,0.10979,0.22106,0.060031,0.067412,0.54612,0.044689,0.057908,0.039839,1.0493
0.089194,0.070496,0.22054,0.062011,0.047543,0.44459,0.051006,0.053119,0.78377,0.025976
0.093913,0.0734,0.20288,0.048089,0.057893,0.48299,0.036529,0.73028,0.056877,0.021378
0.09983,0.091664,0.22621,0.045736,0.081496,0.4277,0.54994,0.03272,0.030357,0.022883
0.10119,0.086842,0.28175,0.058577,0.061606,1.1447,0.028504,0.034882,0.031227,0.023799
0.094271,0.12203,0.2456,0.062139,0.49718,0.039322,0.13608,0.02709,0.029023,1.1372
0.12596,0.10243,0.16938,0.0084612,0.43699,0.037418,0.030118,0.021173,1.032,0.021111
0.089595,0.06619,0.2321,0.062614,0.4184,0.057581,0.029299,0.75311,0.035967,0.030206
0.11466,0.078352,0.17157,0.050763,0.41798,0.03033,0.71458,0.036382,0.039646,0.026281
0.11808,0.10308,0.18951,0.080847,0.41146,0.4396,0.038196,0.027093,0.029058,0.0072143
0.10929,0.073722,0.24802,0.044846,1.148,0.047286,0.032382,0.031394,0.044097,0.019602
0.15282,0.0737,0.31316,0.48648,0.0048273,0.040582,0.028197,0.06212,0.024764,1.6466
0.093307,0.067855,0.25407,0.30441,0.044161,0.062975,0.043405,0.027518,0.93088,0.011663
0.087486,0.066027,0.16801,0.38037,0.048045,0.058477,0.062871,0.81126,0.057285,0.02017
0.12453,0.09902,0.14246,0.27506,0.078827,0.048351,0.564,0.051972,0.042423,0.025973
0.11785,0.0849,0.24837,0.33087,0.019176,0.55951,0.026475,0.052775,0.032701,0.022746
0.10512,0.08322,0.24731,0.39083,0.43635,0.034567,0.024618,0.03642,0.040453,0.031097
0.11181,0.086926,0.30772,0.77672,0.05947,0.043268,0.040833,0.015623,0.040291,0.013337
0,0,1.6094,0.072832,0.060567,0.057882,0.070277,0.039186,0.092263,3.9991
0,0,1.2574,0.044633,0.032657,0.037345,0.043324,0.025491,2.801,0.023788
0,0,1.2823,0.034555,0.049724,0.040473,0.025845,2.3839,0.043655,0.022072
0.13012,0.09886,0.355,0.061023,0.07545,0.058236,0.58317,0.035394,0.041248,0.024377
0.13308,0.1046,0.37182,0.093563,0.070945,0.44216,0.036584,0.037509,0.039929,0.014843
0,0,1.4609,0.070601,1.3631,0.026811,0.014557,0.026893,0.043298,0.014319
0,0,1.6424,1.1664,0.005812,0.034636,0.026872,0.02605,0.036712,0.015072
0,0,4.1631,0.012068,0.0055393,0.017594,0.027137,0.031528,0.011935,0.014166
0.14711,0.2295,0.1016,0.069698,0.080738,0.038262,0.041612,0.040256,0.040476,3.913
0.12183,0.12383,0.075694,0.07379,0.05751,0.067925,0.048339,0.03335,1.172,1.2432
0.12329,0.1848,0.062611,0.073618,0.063355,0.054491,0.053426,0.88099,0.019322,1.2325
0.1016,0.14839,0.068766,0.059637,0.057263,0.041827,0.060003,0.62783,0.75985,0.012209
0.16559,0.12893,0.090294,0.059884,0.05428,0.050565,0.67796,0.046339,0.044949,1.1001
0.1103,0.10144,0.060461,0.071371,0.056191,0.053955,0.61282,0.045042,0.89092,0.010778
0.099583,0.12588,0.081346,0.05575,0.034435,0.043639,0.70634,0.84273,0.023795,0.014636
0.11073,0.14378,0.054317,0.02779,0.050617,0.038165,2.1603,0.032313,0.031844,0.020677
0.13858,0.17537,0.086495,0.058769,0.066703,0.59187,0.045114,0.058459,0.030505,1.0493
0.11473,0.121,0.089662,0.048438,0.057532,0.45861,0.048214,0.042287,0.82514,0.021482
0.11467,0.13852,0.070104,0.064859,0.052735,0.49685,0.03683,0.75043,0.033891,0.0095451
0.10781,0.14794,0.070664,0.01581,0.051076,0.54773,0.74489,0.056558,0.046903,0.02099
0.10176,0.16545,0.077702,0.04188,0.013233,1.8345,0.018545,0.059145,0.037166,0.014356
0.15045,0.15328,0.087057,0.075073,0.51237,0.040524,0.053128,0.045518,0.028091,1.451
0.11107,0.13164,0.073821,0.044202,0.43128,0.038544,0.026809,0.04655,1.0615,0.013374
0.13193,0.11354,0.082585,0.047148,0.44859,0.038831,0.025067,0.87725,0.02825,0.012852
0.079874,0.1329,0.067375,0.051604,0.55422,0.049579,0.93198,0.029447,0.028222,0.010533
0.14251,0.11608,0.075218,0.063411,0.43577,0.47598,0.03837,0.054565,0.037044,0.019886
0.084011,0.22687,0.076601,0.051503,1.3236,0.031119,0.037571,0.03198,0.02832,0.013611
0.14495,0.17342,0.082273,0.37615,0.062369,0.05365,0.058305,0.057884,0.044585,1.2751
0.10129,0.15456,0.069665,0.33222,0.05661,0.03163,0.041455,0.037813,1.0733,0.012283
0.10123,0.15223,0.051543,0.39896,0.058937,0.032286,0.037203,0.9727,0.030617,0.0126
0.088553,0.13924,0.049499,0.38421,0.046442,0.061347,0.9061,0.050578,0.041016,0.018475
0.099142,0.16454,0.094604,0.27637,0.062491,0.60057,0.061024,0.061932,0.026437,0.016194
0.12301,0.13902,0.083228,0.42612,0.53755,0.028095,0.033622,0.032145,0.023249,0.028843
0.136,0.22447,0.026237,1.1031,0.012941,0.03454,0.034955,0.051528,0.042519,0.0043287
0.16802,0.17591,0.33925,0.051964,0.048746,0.057954,0.044969,0.050012,0.036641,1.5764
0.088594,0.1984,0.25153,0.063279,0.061153,0.036507,0.039912,0.018853,1.1671,0.013001
0.13177,0.17124,0.21609,0.057005,0.024606,0.038991,0.040214,1.0155,0.042286,0.013654
0.10678,0.146,0.35581,0.065985,0.0078627,0.034511,0.97388,0.036353,0.031489,0.023924
0.1062,0.13552,0.32074,0.079574,0.051448,0.68124,0.034741,0.033275,0.038893,0.024073
0.14145,0.18311,0.3041,0.01103,0.60255,0.04922,0.039582,0.028992,0.032238,0.011797
0.1093,0.21519,0.33886,0.49356,0.030614,0.038317,0.02095,0.028549,0.03745,0.01154
0.17029,0.24176,0.85885,0.011436,0.006798,0.020879,0.025939,0.041851,0.039707,0.013303
0,0.8671,0.074188,0.082102,0.058386,0.063883,0.024877,0.037417,0.046405,3.9991
0,0.6003,0.076394,0.079454,0.067165,0.044745,0.031961,0.034966,1.985,0.018385
0,0.60627,0.0020671,0.0565,0.044018,0.064903,0.1144,2.3834,0.043645,0.022554
0,0.59,0.08458,0.074457,0.079979,0.043795,1.562,0.029735,0.028587,0.022212
0,0.72608,0.038601,0.065033,0.055296,1.594,0.019583,0.017113,0.03596,0.01811
0,0.81271,0.025007,0.043436,1.3116,0.047698,0.038943,0.03325,0.014637,0.019604
0,0.87744,0.011638,1.0673,0.045189,0.034168,0.026572,0.03631,0.036723,0.014579
0,1.0372,0.9015,0.014105,0.0071752,0.022037,0.011851,0.043148,0.012894,0.013303
0,2.5721,0.004711,0.011934,0.0059098,0.017038,0.026798,0.025998,0.036653,0.014793
0.19525,0.13438,0.099912,0.060766,0.047052,0.068911,0.030829,0.037286,0.038698,4
0.12301,0.086075,0.066329,0.067405,0.052582,0.039181,0.02939,0.027726,1.7308,1.8958
0.16652,0.050112,0.067869,0.044671,0.03263,0.037301,0.043287,0.025793,2.8002,0.024419
0.14626,0.077746,0.068989,0.049389,0.042367,0.036279,0.029383,1.4556,0.049108,1.8876
0.13998,0.098127,0.071868,0.048262,0.057263,0.041827,0.060003,0.62783,0.75985,0.012209
0.093662,0.066654,0.13667,0.067797,0.051585,0.040495,0.025624,2.3842,0.043659,0.021886
0.11062,0.069994,0.056793,0.0062475,0.023354,0.0236,2.1074,0.031367,0.029807,3.3309
0.13002,0.079291,0.06146,0.061401,0.056136,0.052836,0.6149,0.044773,0.88185,0.021158
0.12175,0.085341,0.061243,0.060841,0.051012,0.041087,0.69467,0.81971,0.039695,0.025538
0.14474,0.064631,0.062725,0.043758,0.04422,0.035197,2.4194,0.028162,0.02142,0.011377
0.15861,0.096548,0.069755,0.073997,0.056282,0.69792,0.058637,0.062183,0.036493,1.4763
0.13203,0.096016,0.089217,0.049137,0.057514,0.45866,0.048364,0.042286,0.82511,0.021559
0.1295,0.079166,0.084262,0.06457,0.04806,0.51598,0.033828,0.89507,0.027574,0.024072
0.096931,0.072948,0.05933,0.042356,0.043235,0.79755,0.98532,0.027683,0.045499,0.011326
0.16565,0.089354,0.082089,0.044244,0.016227,1.9524,0.019737,0.025717,0.012811,0.014356
0.16884,0.091712,0.077622,0.065271,0.7156,0.02597,0.041042,0.043106,0.036412,1.8692
0.12872,0.091671,0.070195,0.06436,0.43305,0.038623,0.027108,0.042956,1.0594,0.016162
0.1204,0.081667,0.064547,0.05472,0.52026,0.054443,0.026904,0.93486,0.044626,0.018397
0.12659,0.075202,0.057773,0.052405,0.56016,0.050684,0.88781,0.031457,0.028222,0.010532
0.1196,0.063846,0.06852,0.043279,0.56147,0.84847,0.033198,0.03864,0.041042,0.02344
0.14012,0.095886,0.038057,0.038543,1.597,0.10164,0.044907,0.01644,0.02204,0.007702
0.14935,0.105,0.077327,0.65686,0.030763,0.070575,0.03598,0.022867,0.031614,2.2586
0.13731,0.081523,0.072625,0.40771,0.043997,0.012017,0.024684,0.035095,1.3089,0.019458
0.11388,0.061387,0.052442,0.41278,0.053532,0.051467,0.039128,1.2401,0.041787,0.025533
0.135,0.085476,0.080228,0.44026,0.037923,0.050176,0.86847,0.027073,0.013367,0.012414
0.11902,0.086498,0.045602,0.48951,0.07045,0.80188,0.032041,0.032247,0.02437,0.019376
0.11714,0.083982,0.058726,0.50152,0.6709,0.060369,0.040906,0.015579,0.036712,0.018606
0.15143,0.10674,0.07499,1.016,0.084392,0.026991,0.040401,0.026983,0.036668,0.0098445
0.19401,0.09276,0.43091,0.076525,0.049042,0.040217,0.038532,0.03177,0.02338,2.3124
0.14179,0.084529,0.3292,0.046884,0.045892,0.017221,0.038841,0.033448,1.2973,0.017988
0.11495,0.090207,0.26813,0.082575,0.045931,0.045243,0.0255,1.2167,0.04384,0.022881
0.13163,0.071561,0.32045,0.055131,0.068348,0.054168,0.92044,0.035896,0.028689,0.020357
0.12897,0.11069,0.25977,0.066752,0.07044,0.69795,0.027095,0.062003,0.04288,0.01931
0.14448,0.098028,0.32854,0.070259,0.60879,0.026558,0.037151,0.031356,0.044539,0.019602
0.17581,0.084788,0.39925,0.60142,0.0058184,0.028738,0.033862,0.02859,0.028117,0.020134
0.22899,0.12072,0.79198,0.01106,0.03493,0.024961,0.036374,0.041384,0.039711,0.013207
0.17855,0.27865,0.11735,0.073639,0.062201,0.044514,0.044,0.045196,0.037719,2.3078
0.091611,0.24181,0.084098,0.074803,0.042925,0.045349,0.041522,0.019066,1.6893,0.018281
0.1521,0.25807,0.04359,0.069006,0.0033804,0.011577,0.035733,1.6934,0.039774,0.01661
0.18212,0.2599,0.027735,0.0059299,0.032674,0.024173,1.5278,0.028172,0.039941,0.017248
0.1776,0.20414,0.029628,0.046624,0.067064,1.2055,0.026455,0.028114,0.012931,0.016237
0.15906,0.25987,0.042558,0.03808,0.91165,0.0309,0.024563,0.050277,0.030846,0.013731
0.16016,0.36437,0.011503,0.86194,0.0095587,0.021226,0.042799,0.043346,0.015577,0.011744
0.14876,0.29288,0.57222,0.036449,0.02976,0.046402,0.030187,0.02835,0.05051,0.010867
0.27279,0.65679,0.041907,0.033629,0.005656,0.046773,0.026977,0.026747,0.051989,0.017762
0.40694,0.0070267,0.1089,0.051731,0.080907,0.06513,0.027724,0.023935,0.039828,3.913
0.28527,0.0011621,0.077388,0.080488,0.068039,0.045327,0.032377,0.035421,2.0109,0.0030675
0.24204,0.11686,0.0042754,0.058323,0.049087,0.038723,0.03428,1.7,0.036726,0.014804
0.26355,0.077066,0.013914,0.051509,0.058938,0.045262,1.553,0.025174,0.022976,0.01282
0.3299,0.059284,0.012109,0.018282,0.040988,1.4782,0.032002,0.037219,0.01515,0.013789
0.37808,0.0063115,0.012934,0.052063,1.3333,0.031736,0.037777,0.032227,0.022814,0.011383
0.31276,0.056424,0.012569,1.1527,0.0059696,0.034171,0.026575,0.036313,0.036726,0.014437
0.42269,0.012388,0.87131,0.0116,0.0062516,0.021137,0.019046,0.039683,0.039741,0.013303
0.46428,0.59634,0.0047456,0.01196,0.0059685,0.017078,0.022524,0.028436,0.037274,0.014782
1.0233,0.028903,0.04926,0.014677,0.0051444,0.02972,0.012325,0.010505,0.013256,0.01811
0.12487,0.08253,0.066083,0.082786,0.057013,0.14776,0.13864,0.21193,0.23221,2.6134
0.11853,0.083838,0.073923,0.067345,0.05081,0.063999,0.16886,0.14363,1.2282,0.089603
0.12717,0.08598,0.1185,0.075663,0.079537,0.076253,0.081136,0.90604,0.11312,0.089439
0.11327,0.10235,0.07795,0.066779,0.068394,0.069326,1.1097,0.05558,0.16249,0.076177
0.14316,0.09694,0.11343,0.072592,0.067707,0.50869,0.08679,0.1208,0.13559,0.089524
0.14437,0.10219,0.10666,0.074821,0.50451,0.083738,0.10582,0.048349,0.12932,0.087114
0.14273,0.10293,0.071171,0.4382,0.097818,0.066105,0.084366,0.10545,0.15154,0.0759
0.13604,0.10185,0.33782,0.10736,0.091631,0.11115,0.11437,0.049153,0.1128,0.094447
0.14428,0.18035,0.091589,0.094832,0.078239,0.092321,0.15093,0.21518,0.13127,0.089601
0.14148,0.11536,0.11092,0.084589,0.095036,0.16515,0.091138,0.18519,0.21695,0.23001
