2.2147e-32,2.7674e-32,9.5973e-31,3.5458e-48,1.1638e-62,8.1595e-37,9.7972e-16,7.17e-40,2.9294e-24,2
4.6251e-47,3.7767e-31,1.9247e-31,3.8878e-37,3.1374e-41,4.1667e-32,4.3762e-16,9.0314e-162,1.7867,1.7894
1.4992e-14,1.761e-15,5.8918e-15,2.1559e-20,3.0199e-15,1.7647e-42,2.3125e-62,7.8347e-79,3.5675,0.90465
0.00097715,0.00053082,0.00025842,0.00014588,0.0001004,6.781e-05,1.0652e-05,3.0156e-61,4.0027,4.4286e-29
7.931e-34,2.1852e-34,3.6972e-18,9.2382e-25,5.5739e-26,8.2171e-16,1.4137e-16,3.5479,8.0747e-13,1.7926
7.5389e-31,2.0085e-32,5.162e-31,9.5146e-37,7.9126e-36,1.122e-15,3.8305e-59,4.5809,2.38,1.1742
2.6978e-14,1.7746e-22,4.0697e-46,5.2178e-21,4.5416e-16,5.0691e-86,4.7699e-59,3.5647,3.581,4.966e-30
1.5314e-14,1.9184e-14,9.4324e-15,9.2448e-32,5.7901e-24,1.8709e-20,6.2638e-58,7.1382,1.0038e-07,0.90301
2.6301e-14,8.1579e-15,6.0988e-48,2.9635e-21,1.3961e-49,2.6568e-18,7.2981e-16,7.149,1.7953,8.6683e-07
0.0006958,0.000168,2.0878e-05,4.0525e-25,2.011e-93,8.1516e-21,5.2051e-51,8.0003,2.8592e-10,1.2888e-23
1.8407e-14,1.4076e-26,1.5399e-20,2.5962e-15,2.3406e-25,6.3652e-74,7.0818,0,3.2526e-10,1.7934
1.3823e-14,1.6693e-14,9.3753e-21,2.2117e-21,2.2074e-31,2.1493e-36,9.2205,2.1917e-202,2.3253,1.1637
2.7936e-14,1.2828e-22,8.3011e-21,6.5978e-25,9.9804e-23,6.7241e-91,7.1285,3.1049e-20,3.5811,4.7472e-09
3.4745e-14,1.3464e-16,1.6235e-16,5.1356e-21,1.5104e-23,2.228e-19,8.8679,4.4343,1.717e-10,1.2421
3.615e-14,1.909e-16,8.0906e-23,4.0575e-21,3.6913e-23,5.035e-21,9.2251,4.608,2.3184,0.00035529
2.7981e-14,8.1436e-17,5.4118e-33,1.6978e-17,3.9957e-37,5.9448e-17,7.1567,7.1552,1.309e-05,5.0132e-14
5.5922e-14,2.0257e-18,8.9541e-32,1.8466e-24,2.5755e-85,1.6176e-22,14.27,1.9802e-42,1.4476e-05,0.90466
2.9965e-30,2.4468e-14,3.159e-40,2.6764e-20,1.7214e-15,5.8028e-25,14.329,7.4428e-103,1.8044,8.744e-08
1.5694e-14,2.689e-14,9.9309e-41,5.226e-18,1.4884e-16,7.1642e-20,14.309,3.5802,1.0251e-07,1.5557e-18
0.0010282,0.00053706,0.00027791,2.9571e-16,3.6256e-05,2.6002e-32,16,1.1625e-125,3.6533e-08,5.1529e-14
5.1603e-31,6.6813e-31,1.5839e-59,2.9242e-15,9.3974e-16,14.192,1.5802e-41,2.3672e-116,7.4158e-06,1.7926
6.7343e-15,1.6126e-14,1.4364e-31,6.788e-22,3.989e-24,16.815,1.2396e-38,9.0739e-34,2.2944,1.2573
2.1408e-31,1.7481e-15,1.5534e-21,3.4691e-15,6.0448e-22,14.276,2.2457e-11,9.3796e-31,3.5799,4.7521e-09
8.296e-63,6.7742e-47,5.5316e-31,7.0692e-57,2.2584e-15,18.441,7.6492e-06,4.6174,1.3449e-06,1.1572
3.6174e-14,9.0264e-23,8.0955e-23,4.2768e-20,3.6375e-23,18.461,2.9817e-14,4.6108,2.3198,0.0003555
2.8046e-14,1.2051e-22,1.2867e-21,1.1062e-24,1.6174e-91,14.313,8.8868e-11,7.1552,1.8479e-05,6.2405e-32
3.6207e-14,4.7068e-25,3.9236e-29,2.0193e-21,5.4736e-30,18.478,9.2512,7.8652e-69,1.0536e-07,1.1529
2.2115e-30,9.9729e-43,9.0293e-15,5.9847e-21,1.1947e-49,18.432,9.2254,3.4277e-146,2.3179,2.7549e-10
2.2178e-30,1.7131e-39,1.6649e-55,4.5274e-15,5.556e-54,18.485,9.2415,4.6147,8.4545e-08,1.8829e-06
9.8475e-31,7.0391e-31,1.7265e-41,3.5072e-15,2.1144e-32,14.319,14.309,6.2837e-82,1.4067e-09,3.0579e-12
5.5941e-14,1.1264e-22,3.3247e-34,3.4102e-20,9.0157e-24,28.55,2.9847e-16,1.1997e-89,3.8282e-12,0.90496
5.5665e-14,3.2295e-15,5.4961e-21,6.4308e-21,3.3037e-32,28.599,6.7983e-17,4.3914e-129,1.7945,3.1516e-34
5.604e-14,1.1244e-25,1.2279e-20,1.0421e-34,1.5649e-16,28.629,1.1936e-57,3.5744,4.1381e-13,4.8604e-23
4.7067e-14,8.6244e-21,2.5462e-30,3.8096e-15,2.5568e-25,28.617,7.1606,1.1449e-32,1.689e-08,1.6267e-13
0.0010146,0.0005209,0.00032286,0.00030314,3.2106e-05,32.001,5.6907e-44,2.4332e-168,2.7271e-06,4.4942e-28
6.1347e-31,7.9429e-31,5.0478e-48,3.4763e-15,28.386,1.494e-27,1.3629e-13,1.773e-98,2.4666e-05,1.7927
5.5723e-15,2.7918e-15,8.3753e-15,4.2396e-20,35.13,5.0237e-41,1.5119e-12,2.1326e-30,2.3024,1.2123
2.7973e-14,1.3251e-26,8.9787e-24,6.8379e-23,28.552,4.3535e-70,4.7189e-37,2.4233e-41,3.5799,3.2054e-09
1.3549e-46,1.1063e-30,9.0338e-15,2.8796e-21,36.883,5.1761e-87,3.6003e-39,4.6174,1.3516e-06,1.1572
3.4805e-14,2.7872e-27,5.0015e-20,1.2246e-15,36.906,0.00010315,5.9928e-12,4.6085,2.3195,5.4875e-21
1.7163e-30,1.4015e-14,3.8175e-31,1.3026e-20,28.61,8.788e-57,2.6314e-40,7.1562,6.8912e-10,4.8069e-06
3.6499e-14,2.5547e-26,3.9815e-29,2.0356e-21,37.255,4.0371e-79,9.1254,7.8438e-69,2.039e-06,1.1595
3.2839e-16,1.8059e-14,1.4521e-20,4.2794e-22,36.868,7.1544e-18,9.2261,6.0274e-43,2.3182,4.8375e-42
2.9374e-14,1.0911e-19,5.2284e-15,4.1535e-16,36.961,8.7947e-05,9.2587,4.6074,2.2987e-08,1.2092e-05
1.7173e-30,2.4255e-33,7.0113e-15,1.6075e-20,28.626,6.0132e-57,14.31,1.4253e-38,4.5718e-08,3.5515e-12
3.6031e-14,7.7225e-27,1.0257e-30,1.4835e-21,36.777,18.346,1.4047e-05,1.7724e-139,1.468e-06,1.1683
2.0205e-30,1.6499e-14,3.6525e-25,1.7949e-15,36.731,18.398,4.3565e-05,2.2269e-37,2.3327,3.2726e-14
2.2168e-30,1.8101e-14,1.1923e-29,3.5181e-18,36.952,18.469,1.1536e-21,4.6327,6.2654e-09,7.0808e-19
8.1669e-16,1.8095e-14,3.9486e-53,4.5123e-22,36.949,18.508,9.2233,1.0478e-61,9.0925e-10,1.3964e-13
1.7154e-30,1.4007e-14,2.6648e-25,1.3815e-21,28.594,28.629,1.9843e-06,5.1684e-105,8.5062e-10,1.3691e-29
7.3276e-16,8.5053e-17,1.3982e-14,6.8873e-21,57.093,1.2498e-26,9.1927e-26,1.4694e-124,7.6326e-11,0.90487
5.4149e-31,4.4216e-15,3.1215e-15,6.7362e-15,57.18,9.8509e-60,8.9678e-07,0,1.7969,1.4541e-41
4.7191e-14,1.5148e-14,4.9188e-29,1.6533e-17,57.24,0.00013628,8.4947e-11,3.5786,6.5705e-11,1.5292e-18
3.4339e-30,2.0251e-42,8.1911e-37,7.01e-15,57.241,1.8814e-15,7.1567,7.3351e-30,4.2668e-08,3.738e-09
2.4001e-14,8.5166e-15,1.1937e-14,2.037e-22,57.251,14.306,6.8836e-25,2.6422e-34,1.4954e-07,1.9376e-27
0.00065622,0.0001494,1.5302e-05,6.2761e-16,64.001,3.3759e-06,4.1838e-30,1.4191e-99,2.7356e-08,2.2461e-13
1.703e-30,1.3906e-14,3.7488e-31,56.776,1.0743e-09,0,3.8282e-41,2.3675e-116,3.7754e-10,1.7928
1.3042e-14,1.5966e-14,8.9809e-21,70.414,9.424e-17,6.8035e-21,2.8042e-11,2.7525e-31,2.3075,1.2084
8.1222e-31,6.6323e-15,6.1571e-15,57.105,2.5195e-17,5.0109e-37,3.4221e-17,1.8251e-112,3.5799,1.0835e-09
3.6659e-14,2.0396e-24,1.2657e-20,74.836,5.0347e-08,8.7179e-07,8.0719e-38,4.6776,2.6859e-07,1.1248
3.6146e-14,1.7439e-27,5.1943e-20,73.789,6.0839e-07,0.00010312,5.991e-12,4.6071,2.3188,8.0398e-21
1.7422e-15,1.4025e-14,7.4421e-23,57.373,5.4446e-11,3.1068e-05,3.3228e-39,7.1515,5.063e-06,2.2422e-25
1.503e-14,1.6541e-14,1.5007e-28,74.179,6.072e-40,0.00034422,9.271,2.021e-68,1.2366e-05,1.149
1.4854e-14,1.6342e-14,1.0222e-15,73.763,3.0739e-06,3.3453e-05,9.219,4.0921e-21,2.3184,9.1766e-06
2.2213e-30,1.8138e-14,2.6684e-52,74.054,6.2051e-05,9.3316e-28,9.2418,4.6073,1.113e-10,4.7767e-40
2.2424e-14,8.4351e-15,8.8737e-29,57.284,1.6043e-06,0.00081026,14.311,6.2845e-82,3.8333e-07,1.1168e-08
3.5793e-14,2.3128e-24,2.9225e-20,73.068,1.7579e-06,18.241,5.6965e-12,5.7315e-21,5.2904e-08,1.2511
3.6179e-14,2.3246e-33,1.0412e-20,73.856,4.8393e-18,18.438,1.002e-11,7.2016e-52,2.316,1.577e-11
2.6688e-14,1.227e-14,1.5108e-35,74.011,5.0172e-35,18.476,3.0738e-05,4.6119,8.0189e-09,2.1983e-29
4.2353e-32,1.1095e-30,9.0617e-15,73.994,1.3303e-07,18.462,9.2326,7.7657e-05,2.5465e-08,1.8895e-13
2.8056e-14,7.9828e-21,1.2146e-20,57.273,3.0018e-09,28.619,5.6058e-10,2.0973e-31,4.4861e-09,1.6284e-13
2.0784e-30,1.6971e-14,6.2668e-21,69.291,34.637,4.5848e-08,5.0731e-34,6.7606e-109,7.8747e-11,1.2903
2.0022e-14,2.0709e-15,7.4893e-15,74.041,36.844,4.4065e-05,1.9604e-07,3.2555e-67,2.3118,4.8342e-39
2.2235e-30,6.0208e-32,9.0913e-15,74.236,37.106,9.874e-10,1.6039e-10,4.6301,7.5641e-10,1.4816e-14
4.4761e-15,1.2627e-14,6.4404e-15,74.209,36.925,1.1256e-08,9.2062,6.514e-125,5.461e-08,2.2462e-05
2.5151e-14,1.3095e-14,5.0401e-58,74.125,36.97,18.41,5.3632e-22,7.24e-125,3.0422e-12,6.8804e-15
4.9745e-16,4.8982e-16,3.6404e-34,2.2429,1.8626,8.7056e-37,1.8976e-14,1.1161e-100,1.8892e-06,2.0056
5.5957e-14,8.7838e-23,2.0863e-19,114.23,4.7488e-74,1.9061e-07,1.0023e-12,7.5118e-37,1.3232e-05,0.90522
2.7904e-14,2.0478e-14,6.5484e-15,114.43,0.0001233,2.6248e-144,2.8608e-64,2.0013e-29,1.7925,2.2577e-12
1.9584e-16,2.0091e-14,9.7886e-15,114.53,1.5183e-07,3.9428e-36,9.5702e-17,3.5721,5.7428e-08,3.2259e-25
5.6081e-14,9.1285e-23,4.8496e-27,114.48,9.8452e-45,3.8293e-06,7.1563,3.3089e-47,2.5703e-12,1.2326e-36
2.5565e-30,1.1467e-30,1.4023e-14,114.5,4.5884e-23,14.306,4.1409e-12,1.3822e-103,3.3209e-06,1.4565e-27
3.7096e-18,0.030291,0.060931,5.5684,1.3166,7.9928e-07,3.8494e-18,2.8805e-78,8.4184e-07,1.9977
0.0010597,0.00056583,0.00032832,128.01,8.3769e-05,1.0392e-48,3.0561e-13,2.0256e-103,2.9993e-08,4.3591e-06
4.8227e-15,1.3679e-14,113.42,3.4355e-05,2.2682e-05,7.102e-20,1.8641e-37,1.3612e-33,2.5808e-06,1.7931
3.6495e-14,1.6386e-26,149,5.446e-05,0.00027748,2.0884e-08,9.7617e-25,2.4475e-133,2.3428,1.129
2.7939e-14,1.3963e-22,114.07,3.2132e-15,2.2636e-17,2.0863e-36,1.5289e-44,4.4692e-104,3.581,2.8897e-09
3.6238e-14,9.6743e-23,147.95,6.4942e-05,7.6336e-07,6.4906e-29,8.5534e-06,4.6305,1.0835e-06,1.1522
2.214e-30,1.8079e-14,147.62,6.6383e-05,6.0857e-07,8.224e-05,4.1062e-14,4.6086,2.3187,0.0002976
1.7163e-30,1.4015e-14,114.44,0.00024845,1.1747e-07,1.3504e-41,1.7315e-21,7.1562,6.0062e-06,5.0423e-06
2.3272e-30,1.9003e-14,155.17,6.6268e-06,8.8384e-81,2.6813e-22,9.7197,1.2297e-76,3.4605e-06,1.0389
2.2126e-30,1.8067e-14,147.53,7.5166e-06,6.0125e-14,5.9953e-151,9.2191,2.7543e-31,2.3184,3.8843e-21
2.2146e-30,1.8084e-14,147.66,7.5045e-15,6.4987e-07,8.8718e-05,9.214,4.6351,2.2109e-10,2.1552e-20
2.8045e-14,3.9612e-17,114.5,0.00026252,2.6858e-34,0,14.31,1.4253e-38,4.5719e-08,3.5515e-12
3.1632e-22,1.8421e-14,150.42,1.9774e-14,0.0029884,18.927,1.4409e-05,1.0673e-74,8.0212e-10,1.1045
2.2169e-30,1.8102e-14,147.82,0.00030094,1.0027e-16,18.455,1.5547e-11,1.8632e-125,2.3117,7.1756e-21
2.2206e-30,1.8133e-14,148.07,1.5835e-20,1.3479e-41,18.481,3.1798e-21,4.6101,4.2321e-09,2.9261e-19
2.2139e-30,1.8078e-14,147.61,6.2131e-05,4.9824e-05,18.528,9.2227,2.6279e-102,2.5414e-08,1.944e-34
2.8283e-16,1.4008e-14,114.39,2.6567e-05,4.8155e-34,28.632,2.3107e-06,2.8281e-95,1.8223e-07,6.3523e-37
2.5845e-14,1.0272e-15,105.85,8.8573e-26,26.458,3.6456e-36,1.3727e-17,1.7254e-73,1.2772e-10,1.6225
3.5799e-14,2.1509e-15,147.21,5.1028e-10,36.793,3.3838e-73,1.4432e-17,3.6278e-71,2.3285,7.3438e-06
3.6039e-14,1.5793e-15,147.7,8.3732e-07,36.917,1.5745e-67,2.8539e-12,4.6264,3.4096e-06,7.1945e-28
3.6174e-14,2.512e-23,147.69,4.9546e-08,36.916,0.0010866,9.2535,2.3355e-38,4.1412e-10,4.2187e-10
6.5163e-15,1.7791e-14,147.69,2.7278e-05,36.914,18.525,1.7084e-45,7.0273e-62,8.0955e-08,1.041e-16
4.392e-07,6.6449e-13,4.1427,1.5859e-06,1.7198,2.1814e-28,1.4637e-22,4.8682e-67,0.043085,2.0009
4.4284e-14,3.1165e-23,180.8,90.622,3.4338e-05,4.1953e-22,2.8094e-66,2.8849e-14,1.6809e-06,2.468e-40
2.2081e-30,1.803e-14,147.23,73.865,1.3098e-08,5.8854e-31,4.7309e-21,2.2991e-158,2.3195,1.4584e-11
2.2084e-30,1.8033e-14,147.25,73.806,2.6913e-05,3.1199e-22,2.2648e-53,4.6421,2.6631e-06,1.0822e-27
3.6236e-14,4.568e-60,147.95,73.945,6.7195e-07,5.2548e-83,9.2236,3.1279e-60,6.9047e-10,3.0773e-24
6.5465e-32,5.3456e-16,4.365,2.1748,1.4361e-06,1.3607,1.1832e-10,1.8712e-114,2.8453e-14,2.0361
7.0979e-32,5.7959e-16,4.7327,2.0471,1.1941,0.00010044,6.5516e-39,3.4464e-36,0.052118,2.0027
3.7598e-32,3.0701e-16,2.5069,3.2955,1.2768e-07,0.00020057,4.4795e-69,1.8992e-15,7.7888e-12,1.9997
3.425e-30,2.7968e-14,228.37,0.00011248,3.9355e-05,1.2498e-26,4.3092e-25,6.6926e-127,8.0257e-11,0.90487
5.422e-14,7.0421e-15,228.72,8.5952e-05,0.00014923,6.6266e-19,8.9678e-07,4.3633e-84,1.7969,5.687e-32
5.6094e-14,1.6817e-26,229.02,1.6263e-08,9.9778e-11,8.9594e-24,1.6194e-50,3.5751,3.0465e-10,9.8366e-16
5.6081e-14,9.1285e-23,228.97,1.501e-12,9.8452e-45,1.0608e-31,7.1563,2.1861e-49,3.5865e-10,1.8552e-36
5.609e-14,2.6322e-25,229,2.7478e-06,3.5819e-23,14.306,3.8707e-12,7.0393e-36,2.9607e-06,1.4565e-27
1.4531e-15,1.8081e-16,6.1137,1.6089e-05,0.86863,3.6614e-06,5.6816e-39,4.5118e-86,0.081289,2.004
7.3817e-16,1.8068e-25,3.0138,0.80212,0.00010425,5.3641e-08,1.2051e-63,1.2279e-215,5.3732e-11,2.0005
0.0008674,0.00025142,256.01,0.00012611,6.0002e-05,1.5344e-26,8.5319e-42,6.3382e-73,7.5144e-13,4.957e-17
2.7399e-14,223.73,7.1333e-15,6.2685e-05,9.9443e-20,7.7983e-85,1.5041e-12,9.7152e-21,1.7563e-08,1.799
3.2242e-14,263.27,1.5325e-13,1.0313e-05,5.161e-11,1.5497e-23,2.9648e-07,2.5363e-33,2.3672,1.2417
2.7936e-14,228.11,0.00013557,4.6573e-15,6.9116e-06,1.1268e-74,2.2427e-11,4.0283e-20,3.5811,4.7472e-09
3.6809e-14,300.57,0.00031521,6.1263e-21,5.0554e-08,7.6218e-07,4.8485e-08,4.6528,2.6828e-07,1.1309
3.6153e-14,295.21,1.2852e-06,0.0001006,6.0851e-07,8.2231e-05,1.1973e-12,4.608,2.3193,0.00035534
2.803e-14,228.88,1.5227e-14,0.00023762,1.1747e-07,1.3504e-41,2.6314e-40,7.1562,1.6822e-05,5.0423e-06
3.6557e-14,298.51,1.2114e-12,1.3982e-05,7.5114e-41,8.4582e-23,9.2249,9.2995e-52,2.599e-07,1.145
3.6134e-14,295.05,3.4486e-21,7.4443e-06,1.316e-32,2.6845e-174,9.2191,4.4208e-32,2.3184,2.6984e-10
3.6276e-14,296.22,2.5459e-36,3.7668e-05,4.0966e-06,1.1158e-14,9.2418,4.6073,2.9152e-10,3.6036e-26
2.806e-14,229.13,3.599e-24,4.9646e-26,2.6873e-34,2.4662e-151,14.318,1.4874e-48,4.5743e-08,3.5534e-12
3.8847e-14,317.21,4.2034e-05,5.8059e-16,2.8625e-41,19.857,3.4856e-05,3.6236e-62,1.3194e-09,0.97439
3.6185e-14,295.48,0.00056094,5.6807e-05,4.8833e-14,18.441,8.5138e-07,6.6592e-29,2.3148,3.7847e-28
3.6168e-14,295.34,6.5148e-39,1.7393e-06,1.3443e-41,18.451,3.1729e-21,4.63,5.7728e-09,2.9271e-19
0.0031668,295.22,2.1483e-34,6.2142e-05,2.3889e-14,18.528,9.2235,6.953e-102,2.6136e-08,1.4781e-13
2.8014e-14,228.75,5.2476e-09,2.2562e-05,3.5894e-33,28.629,1.5885e-06,5.1683e-105,1.3338e-07,2.3105e-29
3.459e-14,282.45,3.1434e-05,0.00013211,35.298,2.5538e-09,5.1699e-34,6.0264e-144,1.3568e-10,1.3149
3.606e-14,294.45,1.7573e-05,4.8526e-07,36.796,1.7374e-79,2.4658e-23,3.7078e-62,2.3287,6.558e-12
3.6229e-14,295.83,2.1594e-24,0.00016387,36.97,1.1807e-92,3.0595e-10,4.6129,1.6996e-10,1.4144e-11
3.6075e-14,294.57,1.3899e-26,2.9151e-10,37.018,2.7232e-126,9.2538,2.3619e-33,8.1656e-11,1.3109e-24
3.6311e-14,296.5,1.9055e-26,9.7162e-10,36.97,18.41,2.2169e-10,6.8e-132,3.3744e-10,2.5824e-09
8.3113e-16,6.7867,5.6862e-07,1.5177e-05,1.4087,2.7757e-108,3.5999e-23,0.16779,1.4709e-07,2.0009
3.6749e-14,300.08,0.00028945,75.196,0.00034486,9.8598e-14,4.4951e-11,1.465e-35,1.9722e-06,1.1531
3.6078e-14,294.6,0.00024692,73.831,1.1198e-18,8.3351e-21,4.3133e-11,2.3881e-36,2.3195,5.4505e-06
3.6096e-14,294.75,4.2897e-58,73.919,4.2837e-17,4.6999e-07,2.0187e-07,4.6312,6.1184e-08,1.709e-17
3.619e-14,295.52,1.4079e-08,74.072,2.8483e-33,3.9123e-57,9.2242,2.0492e-29,1.2048e-09,6.9047e-22
0.065459,12.05,1.2982e-24,3.0019,7.2513e-06,0.8719,1.4883e-17,3.4723e-111,0.08922,2.0174
5.0432e-16,4.1181,7.01e-23,0.89072,0.49383,0.0010651,4.0185e-60,7.603e-43,0.009021,1.9998
3.6173e-16,2.9538,3.7025e-26,1.5403,0.00011209,1.2823e-05,2.7873e-61,1.1419e-40,5.1473e-11,2.0018
4.1663e-14,340.2,170.06,1.7962e-05,8.0074e-15,1.4027e-25,4.0479e-21,3.4197e-30,4.6034e-06,0.68478
3.6258e-14,296.07,148,1.5632e-05,6.9686e-15,1.2011e-25,3.5228e-21,1.2463e-41,2.3028,1.4309e-16
3.6159e-14,295.26,147.38,3.7351e-14,6.5911e-10,1.906e-22,6.5414e-52,4.6373,1.3881e-07,2.013e-12
3.6284e-14,296.28,147.94,9.9987e-05,2.5796e-40,1.0077e-117,9.2461,9.9742e-66,2.3695e-11,9.3862e-10
0.013321,8.0519,3.9531,2.6202e-17,0.00018951,0.69863,0.0016724,2.6836e-75,3.3339,1.1036
0.067983,2.9796,1.6009,0.47716,0.6101,1.9135e-24,1.6789e-07,3.4225e-77,5.1424e-11,1.9999
4.1261e-16,3.3692,2.0807,0.69111,7.8019e-05,1.434e-07,0.095548,2.7728e-31,1.187e-10,2
3.7538e-16,3.0652,3.0941,1.5943e-20,9.2405e-11,0.0003667,0.0003872,3.6941e-38,4.3963e-12,2.0005
5.5968e-14,457.02,0.00033788,7.7489e-17,1.1777e-07,1.3473e-28,3.4394e-12,1.1782e-120,6.1146e-11,0.90541
5.6038e-14,457.59,1.1605e-15,0.00025443,1.2087e-15,2.1893e-08,2.4653e-34,1.3021e-39,1.7945,1.0631e-06
5.6094e-14,458.04,1.6293e-25,1.2505e-20,8.4445e-12,2.7573e-43,1.83e-20,3.5751,2.0301e-11,1.4055e-11
5.6073e-14,457.87,4.2504e-24,2.8728e-10,7.2757e-48,9.4805e-08,7.1605,1.4588e-76,2.1939e-11,8.5386e-17
5.6088e-14,458,2.2688e-41,2.4556e-06,6.1525e-17,14.307,0.00010516,9.0287e-34,6.7804e-09,7.2941e-28
1.1791e-15,9.6277,4.7987e-06,1.7764e-17,0.61049,7.5674e-05,6.1703e-13,2.9329e-66,0.17335,2.0007
7.432e-16,6.0687,2.3946e-26,0.78122,0.00011183,1.6244e-07,1.6826e-61,2.5449e-39,1.2472e-10,1.9998
6.5764e-16,5.37,1.519,3.1304e-16,1.2623e-07,3.0481e-05,0.077119,7.4918e-104,1.2011e-05,1.9999
0.00099435,512.04,0.00026341,0.00011188,5.3859e-46,3.0525e-90,5.5316e-43,5.8561e-132,5.6115e-08,1.4012e-18
454.59,2.1198e-10,0.00014963,5.9121e-05,2.6888e-08,0.00047878,3.1466e-39,4.3013e-21,0.00055782,1.7922
596,1.7027e-09,2.1137e-25,7.5546e-06,0.00027748,2.0883e-08,9.7616e-25,4.6301e-61,2.3427,1.129
456.5,0.00062395,5.3109e-07,9.145e-22,4.9173e-08,1.647e-13,3.2441e-44,8.4533e-18,3.583,2.9499e-09
591.8,1.5066e-06,8.9542e-60,8.161e-07,8.2273e-18,2.306e-07,8.5534e-06,4.6305,4.9519e-08,1.1522
590.49,1.4734e-06,1.3215e-06,6.6383e-05,6.0857e-07,8.224e-05,4.1062e-14,4.6086,2.3187,0.00035534
458.03,1.9681e-06,2.1014e-05,1.6506e-08,2.6414e-75,3.6006e-57,8.8868e-11,7.1551,1.8659e-05,9.2269e-27
598.07,7.2182e-10,2.2952e-13,0.073574,1.4902e-21,0.00044779,9.3498,1.2412e-51,3.061e-07,1.1537
590.1,0.00012908,6.1986e-21,8.2349e-06,3.5312e-13,2.6845e-174,9.219,0,2.3184,5.9714e-21
593.22,4.2877e-10,1.7089e-31,6.9574e-05,6.1254e-33,3.7601e-07,9.2631,4.6156,2.4826e-11,8.8218e-29
458.42,1.6388e-07,0.00040393,1.5712e-22,1.39e-06,4.8734e-05,14.307,1.3316e-48,1.5676e-06,8.1991e-44
573.2,9.9236e-08,0.00048233,1.3845e-05,0.0048513,17.888,2.8312e-43,3.9668e-21,5.1878e-08,1.2244
590.36,6.7662e-06,3.5732e-08,1.2238e-05,4.9742e-15,18.422,9.3844e-07,2.4403e-35,2.3194,7.6986e-06
590.67,2.9852e-09,0.00064063,5.9582e-05,1.3443e-41,18.451,1.4626e-39,4.6298,4.232e-09,2.9271e-19
591.84,4.8713e-10,0.00050119,2.8818e-16,7.4562e-22,18.459,9.2362,1.0511e-06,1.8705e-05,7.7927e-11
457.5,2.3815e-06,3.2558e-38,8.5053e-06,1.8011e-18,28.629,4.441e-42,1.4158e-22,1.045e-07,3.493e-09
553.3,5.836e-07,0.00014214,2.127e-05,34.573,8.8203e-44,2.6258e-09,0.028092,1.0045e-09,1.2913
591.44,7.1401e-08,0.00013919,4.7504e-10,36.956,3.7323e-73,1.3372e-23,4.8058e-61,2.3388,6.5865e-12
591.67,5.6217e-10,4.7609e-07,1.1263e-20,36.971,4.6704e-07,1.8904e-07,4.613,3.37e-11,1.4761e-14
590.76,4.1024e-07,2.4137e-05,6.3226e-08,36.916,0.00077997,9.2535,2.3355e-38,4.1412e-10,4.2187e-10
19.648,2.6206e-05,4.2067e-30,1.6056e-06,1.2249,0.60997,1.5461e-22,2.3321e-35,6.1104e-08,1.9989
7.229,8.5571e-10,1.2714e-07,5.8526e-07,0.88961,1.9172e-05,4.1074e-09,2.0808e-295,4.1822e-08,1.9998
501.54,6.3161e-05,3.4251e-07,62.669,2.8952e-06,2.3539e-05,2.1498e-17,6.4501e-77,1.1177e-09,1.4429
589.2,1.1348e-09,0.00024692,73.831,3.6111e-05,8.3351e-21,3.6558e-10,2.1915e-36,2.3195,5.4505e-06
592.12,4.2809e-10,4.3127e-32,74.196,9.9033e-33,7.1601e-20,1.0659e-09,4.6073,3.0594e-06,2.6521e-26
591.64,7.4508e-05,0.0013978,73.928,3.4242e-06,9.1817e-05,9.2277,2.8647e-20,2.0544e-09,9.5663e-27
6.0839,1.6314e-12,0.072902,0.75869,4.091e-35,0.47468,1.24e-13,1.1703e-53,0.048391,2.0028
7.425,8.9597e-45,1.4902e-05,0.80581,0.4806,0.00017106,9.9238e-45,0.065513,0.11377,2.0022
3.7971,5.4395e-13,1.004e-10,1.2652,4.8191e-07,1.5644e-35,1.3375e-11,5.479e-16,0.03257,1.9999
603.55,0.0020641,150.68,1.0843e-09,0.0001798,0,1.0965e-21,1.3615e-66,5.2217e-06,1.1069
592.54,4.6126e-05,147.89,6.2318e-06,6.9686e-15,1.1585e-30,1.1092e-49,7.4058e-44,2.3028,3.6238e-26
590.51,8.1297e-05,147.38,7.8399e-15,1.201e-09,8.3181e-32,1.9611e-56,4.6373,1.2182e-07,1.4961e-12
591.99,3.2347e-07,147.79,7.3238e-05,0.00057231,1.4779e-34,9.2262,6.3487e-94,4.6977e-10,1.4052e-36
56.464,1.2079e-08,14.097,1.2782e-06,1.7534e-34,1.7979,3.0256e-05,5.3381e-68,4.0927e-09,1.9909
4.343,2.0201e-06,0.82015,5.209e-07,0.56486,7.1649e-29,1.2347e-23,1.599e-67,0.014152,2.0018
8.5265,2.8561e-12,2.2905,0.68168,1.8835e-10,1.9135e-24,1.7774e-07,0,5.4647e-11,1.9999
5.9642,1.2937e-08,3.0103,8.0804e-06,1.1203e-38,0.00035676,0.00037671,3.594e-38,0.012574,2.0014
578.46,289.29,0.00031745,6.2306e-17,2.1644e-78,7.1842e-34,1.0077e-10,5.3638e-127,5.7755e-10,1.2028
588.47,293.94,2.6243e-07,8.6209e-05,1.6129e-05,4.6867e-85,2.2331e-76,3.2579e-63,2.3342,1.2904e-11
634.31,317.21,3.6629e-15,0.00040774,3.0452e-15,1.5873e-25,5.4578e-38,4.9403,8.6161e-09,3.3604e-16
431.9,214.7,2.193e-25,2.7372e-07,4.3202e-07,8.2366e-80,6.7126,5.1405e-116,6.9868e-13,1.3715
6.1284,2.9255,4.0225e-09,4.1903e-07,9.0602e-21,0.46774,1.1841e-16,1.1532e-53,0.049548,1.9997
4.7651,2.4056,2.7649e-36,1.976e-16,0.23295,6.676e-74,2.989e-46,6.9109e-16,8.4897e-13,2
4.6411,2.4518,5.2454e-06,0.5704,0.0075915,0,4.7812e-44,6.6367e-16,8.9444e-12,2
6.8392,3.4705,1.6377,1.0423e-16,2.6149e-17,0.22151,8.7673e-41,5.7853e-51,2.2141e-05,2.0094
3.5969,3.585,7.3182e-06,1.5864e-07,2.723e-16,1.4788e-82,4.965e-13,1.7771e-33,2.7742e-10,2
913.23,2.0335e-09,8.0574e-37,3.0546e-08,0.00010238,7.9247e-63,8.6388e-14,5.1031e-44,1.2508e-05,0.90478
915.19,0.0001399,1.285e-14,4.8903e-14,2.2245e-20,1.4144e-56,2.0546e-38,1.8901e-100,1.7945,1.4927e-06
916.08,1.5788e-19,7.1825e-11,1.4557e-21,9.7592e-12,1.0395e-40,1.9713e-06,3.5751,3.6898e-08,6.824e-17
915.87,1.4908e-06,6.6825e-11,1.5753e-12,9.8452e-45,3.8293e-06,7.1564,2.1861e-49,3.5865e-10,1.2326e-36
915.97,4.2407e-06,4.785e-24,6.7627e-06,8.1383e-48,14.306,0.00016806,9.0284e-34,4.6963e-09,2.5399e-25
18.865,2.4328e-11,1.134e-25,3.7121e-27,0.72412,5.8295e-09,4.5922e-11,5.7966e-10,0.16866,1.9979
9.0608,7.1305e-10,3.403e-25,0.55926,4.9239e-06,0.00090686,2.6027e-13,0.071809,5.4058e-11,1.9999
4.1696,5.2977e-05,0.483,5.4515e-07,5.7952e-11,7.1624e-05,4.935e-15,0.00011037,2.1968e-09,2.0008
4.1456,0.99045,0.047642,0.056769,1.0918e-06,6.419e-07,3.9562e-39,5.7275e-15,0.024158,2.0001
1024.1,0.00049433,0.00027145,0.00011008,4.9601e-05,4.2547e-73,3.8017e-06,8.8431e-99,9.553e-08,1.2759e-05
5.2278,2.731,1.3709,0.89063,6.9139e-07,1.4795e-57,7.4295e-33,2.6618e-39,2.0479e-08,2
3.0763,1.6066,0.6452,7.9162e-05,2.1359e-20,6.1687e-07,3.9633e-10,1.6618e-35,1.0976,1.9292
7.1371,3.5943,1.6768,1.4724,1.7648e-41,0.061054,3.3165e-69,2.0334,0.42989,1.9294
7.998,4.2699,1.6393,0.62188,1.4357e-19,0.017867,1.7429,3.1054e-36,3.976,3.8353e-09
4.6597,2.4342,1.2147,0.79222,9.0279e-07,1.8063,3.7149e-32,4.6152e-38,1.024e-07,1.9968
2.095,1.1067,6.1779e-08,0.35764,1.7376,0.0013977,6.3788e-73,9.2523e-16,2.6525e-10,2.0016
1.4113,0.44255,0.2008,1.9503,1.0411e-17,0.00089785,1.6266e-31,7.9249e-36,0.67031,1.9879
1.2885,0.77338,3.4086,5.5803e-21,6.8591e-19,8.3433e-09,5.838e-06,9.364e-68,6.8467e-09,2.0158
1.2342,6.2062,5.1073e-18,3.4576e-05,3.6284e-10,1.8728e-06,7.7681e-25,1.461e-41,0.024337,1.9998
8.0342,0.47194,3.8977e-27,3.846e-09,3.4673e-06,1.5102e-09,2.7823e-12,3.8376e-119,0.042958,1.9999
