0.070026,0.064772,0.064252,0.06373,0.063702,0.063127,0.069145,0.063319,0.063015,0.063918,0.063326,0.06387,0.062875,0.073256,30.063
0.10579,0.10219,0.10224,0.10195,0.10658,0.10211,0.10208,0.10209,0.11023,0.10198,0.10218,0.11445,0.10263,19.814,21.408
0.066401,0.066383,0.066383,0.066384,0.066393,0.066383,0.066383,0.066396,0.066382,0.066402,0.066436,0.066964,0.066382,28.066,0.08607
0.17107,0.16172,0.095231,0.09687,0.09607,0.097005,0.097756,0.096282,0.096518,0.094898,0.10515,0.097549,18.331,0.23896,21.441
0.097346,0.10181,0.091779,0.093145,0.09195,0.091555,0.091898,0.091751,0.10656,0.10912,0.091843,0.092101,18.542,19.82,0.1343
0.070715,0.067648,0.06672,0.06707,0.068904,0.066752,0.066837,0.069693,0.066605,0.071204,0.078822,0.067404,26.066,0.07698,0.16398
0.091722,0.085128,0.08047,0.08086,0.081121,0.080538,0.081442,0.081768,0.081657,0.11588,0.081525,17.171,0.13893,0.38411,21.139
0.16747,0.14699,0.1593,0.11959,0.12403,0.33488,0.27745,0.12075,0.52042,0.1325,0.12492,16.905,0.21387,20.096,0.45756
0.12941,0.11624,0.076625,0.080836,0.075156,0.11041,0.12,0.07511,0.08028,0.082127,0.076247,17.287,18.175,0.16461,0.096469
0.10013,0.092746,0.086289,0.085778,0.085774,0.08674,0.085746,0.086084,0.088648,0.089287,0.085991,24.085,0.095697,0.11321,0.17607
0.23167,0.16677,0.11357,0.1171,0.11315,0.11746,0.11359,0.17363,0.12442,0.13303,15.475,0.1358,0.22022,0.32059,21.479
0.15017,0.10944,0.14721,0.10876,0.10866,0.10739,0.10613,0.14716,0.10883,0.11101,15.881,0.22708,0.16023,19.61,0.28735
0.44758,0.23656,0.12107,0.11639,0.1117,0.10776,0.13392,0.11038,0.1225,0.10739,15.927,0.20859,17.566,0.19849,0.22773
0.46587,0.79842,0.090466,0.13587,0.08489,0.25662,0.10234,0.11211,0.10257,0.11785,14.611,16.98,0.14912,0.27195,0.20792
0.10054,0.10138,0.099383,0.099415,0.1004,0.099401,0.10148,0.1178,0.099429,0.1216,22.099,0.16018,0.12878,0.16871,0.12285
0.16259,0.25857,0.13341,0.13028,0.12149,0.11854,0.17818,0.11815,0.1156,14.158,0.23194,0.35215,0.30834,0.15193,21.428
0.11231,0.12007,0.11345,0.09768,0.092214,0.097993,0.095246,0.11206,0.09291,14.193,0.28136,0.18122,0.24612,19.942,0.10928
0.30246,0.2187,0.10334,0.11703,0.093731,0.090011,0.091008,0.20334,0.093415,14.052,0.33448,0.14113,18.467,0.2021,0.36582
0.10993,0.099211,0.097459,0.087807,0.14473,0.083238,0.084512,0.16071,0.081431,14.408,0.40403,16.817,0.23535,0.095318,0.22493
0.11123,0.11328,0.095547,0.096828,0.095331,0.11017,0.10618,0.094591,0.095428,14.806,14.996,0.13733,0.21625,0.24038,0.14109
0.086734,0.086436,0.086428,0.08645,0.08643,0.28593,0.12601,0.087259,0.086887,20.083,0.16041,0.14437,0.11507,0.21232,0.1478
0.082839,0.081775,0.083183,0.081657,0.10311,0.081821,0.081876,0.081842,12.773,0.13022,0.14268,0.16991,0.086425,0.27472,21.354
0.099151,0.088838,0.094394,0.082346,0.13273,0.078587,0.0783,0.32677,12.629,0.51221,0.11659,0.13656,0.23746,20.126,0.4937
0.13067,0.10482,0.095464,0.097049,0.091048,0.096304,0.091456,0.16591,12.988,0.095689,0.24172,0.12649,18.218,0.19741,0.26778
0.43511,0.11458,0.091967,0.11611,0.095242,0.0829,0.21668,0.090437,12.155,0.24157,0.2055,17.345,0.18345,0.30186,0.24307
0.32737,0.10949,0.28046,0.13743,0.1106,0.12954,0.11831,0.67369,12.422,0.097945,15.894,0.097204,0.1026,0.31581,0.16938
0.16594,0.09343,0.087788,0.095133,0.089108,0.087804,0.092906,0.092463,12.776,14.241,0.28949,0.14701,0.25816,0.37437,0.11465
0.077742,0.076951,0.076773,0.077347,0.076734,0.076748,0.076738,0.083127,18.076,0.21321,0.15408,0.23089,0.11334,0.21289,0.12975
0.098113,0.10661,0.084723,0.084451,0.085288,0.084966,0.49644,11.05,0.21813,0.098115,0.093762,0.36077,0.13873,0.15985,21.907
0.098829,0.081897,0.10789,0.083136,0.078394,0.076224,0.2571,11.159,0.10745,0.51796,0.090543,0.12106,0.25851,20.248,0.47409
0.27875,0.13005,0.089714,0.22369,0.081592,0.89612,0.16294,11.194,0.15778,0.16358,0.12219,0.21089,18.505,0.16236,0.097437
1.956,0.13796,0.20414,0.30268,0.18622,0.18023,0.19505,4.1175,0.17937,0.09357,0.27134,5.9408,0.20819,0.18098,0.15239
0.47662,0.74386,0.11992,0.19247,0.10413,0.11991,0.12068,11.254,0.16083,0.192,14.921,0.25261,0.23253,0.19636,0.18413
0.70621,0.5432,0.62488,0.1667,0.13021,0.11359,0.13671,11.232,0.11105,12.706,0.48301,0.093544,0.27548,0.13684,0.40716
0.21127,0.088223,0.08334,0.15817,0.39061,0.083076,0.16203,11.534,12.571,0.19099,0.13047,0.28191,0.087147,0.14937,0.084703
0.11949,0.09974,0.12102,0.10159,0.099224,0.098408,0.11239,16.097,0.1342,0.1889,0.16553,0.17957,0.14188,0.24338,0.17189
0.26455,0.57242,0.11457,0.12005,0.10916,0.10914,9.6759,0.31063,0.13609,0.62693,0.11495,0.24225,0.17499,0.33584,21.532
0.13775,0.11407,0.14521,0.10613,0.10349,0.10351,9.8715,0.10189,0.27125,0.50632,0.17627,0.14685,0.10944,20.129,0.12547
0.22276,0.11024,0.18639,0.13064,0.10889,0.098293,10.141,0.1362,0.12266,0.11032,0.21101,0.16471,18.134,0.21572,0.2084
0.3283,0.18542,0.089064,0.11511,0.090356,0.082774,9.9999,0.13693,0.19295,0.24608,0.20645,16.747,0.15604,0.29369,0.1877
0.59262,0.096641,0.10536,0.11215,0.11149,0.10062,10.073,0.14017,0.20499,0.23882,14.481,0.18412,0.19285,0.19623,0.21994
0.67641,0.21254,0.45892,0.11361,0.096041,0.10332,9.8066,0.10603,0.13607,13.037,0.211,0.49667,0.095068,0.1687,0.35551
0.24254,0.20414,0.10328,0.28866,0.10235,0.19688,9.9717,0.1294,12.765,0.26133,0.21635,0.18984,0.1583,0.21352,0.45201
0.14912,0.1144,0.17045,0.11603,0.10592,0.10595,9.91,11.495,0.34143,0.68124,0.20877,0.16997,0.11296,0.16677,0.12378
0.11994,0.10212,0.090682,0.10898,0.090487,0.089736,14.087,0.11921,0.14382,0.14739,0.1045,0.11779,0.18999,0.20274,0.10539
0.18709,0.14047,0.12999,0.15629,0.12743,8.5203,0.30989,0.29754,0.21304,0.28134,0.29094,0.15041,0.3263,0.47868,21.525
0.19914,0.10686,0.083515,0.088935,0.14077,8.3506,0.085209,0.15333,0.14882,0.13977,0.10216,0.16887,0.087856,20.288,0.20523
0.63899,0.21837,0.17007,0.13517,0.11581,8.2213,0.12743,0.15262,0.090269,0.25623,0.23148,0.21643,17.683,0.38397,0.14321
1.3668,0.093044,0.14517,0.15197,0.10967,6.6218,0.14172,0.12074,0.19367,0.24789,0.20911,12.771,0.20119,0.26938,0.1952
0.17459,0.28075,0.10741,0.11973,0.11591,9.198,0.22015,0.22437,0.13853,0.13223,14.402,0.28151,0.26842,0.33937,0.26529
0.53641,0.30584,0.21481,0.25567,0.11273,8.6914,0.16222,0.13559,0.16737,13.341,0.13067,0.11294,0.13054,0.30748,0.326
0.11946,0.11308,0.094134,0.101,0.095855,8.0552,0.11018,0.12114,13.552,0.56193,0.21275,0.26204,0.16047,0.13124,0.29221
0.6543,0.13776,0.69115,0.19478,0.13442,8.1475,1.0043,10.96,0.1111,0.16406,0.13897,0.1514,0.20955,0.21217,0.13937
0.13988,0.123,0.10668,0.108,0.28435,8.4936,10.11,0.2954,0.17052,0.19038,0.13104,0.28491,0.1574,0.17179,0.25958
0.11715,0.083226,0.074662,0.076651,0.095728,12.069,0.090176,0.10989,0.1919,0.14953,0.093344,0.18928,0.073838,0.15135,0.26239
0.088733,0.087084,0.0868,0.4535,7.1328,0.12384,0.16384,0.14146,0.17993,0.1076,0.12732,0.18447,0.3682,0.10824,21.325
0.11726,0.098519,0.14716,0.099306,6.9651,0.18767,0.14314,0.1816,0.22813,0.2559,0.16369,0.22914,0.17601,20.443,0.33669
0.1005,0.094513,0.093355,0.093649,7.2725,0.12633,0.17164,0.13546,0.15567,0.11248,0.13206,0.24357,18.189,0.19437,0.28646
0.36885,0.24193,0.29294,0.2537,7.2733,0.13316,0.14283,0.14968,0.17497,0.12586,0.22353,16.451,0.17791,0.23244,0.22601
0.4497,0.51516,0.12128,0.16765,6.9094,0.13853,0.18159,0.10466,0.19182,0.22396,15.599,0.30802,0.21631,0.2599,0.25012
0.1321,0.11369,0.075772,0.085662,7.3378,0.14636,0.18429,0.098337,0.087558,13.798,0.39739,0.092825,0.20995,0.11422,0.2408
0.56045,0.18342,0.42553,0.323,6.6035,0.11927,0.097362,0.16005,13.046,0.15444,0.29673,0.23477,0.11512,0.26416,0.1341
0.17763,0.27098,0.10622,0.10627,7.2556,0.14258,0.13114,11.235,0.18512,0.20609,0.24346,0.13652,0.17289,0.13989,0.34402
0.14039,0.10184,0.12877,0.10632,7.1918,0.13592,9.9673,0.16797,0.20221,0.13492,0.2681,0.20301,0.17079,0.22492,0.21811
0.20473,0.30442,0.10226,0.10623,6.8983,8.8512,0.17524,0.14838,0.18841,0.10269,0.1237,0.20898,0.16776,0.14267,0.22136
0.1037,0.099696,0.080698,0.082285,10.078,0.16707,0.17103,0.18096,0.24816,0.13885,0.16539,0.25733,0.18065,0.19542,0.11231
0.167,0.34216,0.27996,5.5172,0.27433,0.2228,0.20218,0.17271,0.35986,0.1722,0.19022,0.56404,0.31746,0.12768,22.059
0.33152,0.14718,0.10797,5.6731,0.14743,0.13219,0.17788,0.14662,0.19696,0.11953,0.14497,0.20046,0.1941,19.922,0.33153
0.29223,0.14034,0.096365,5.5181,0.18792,0.16386,0.12123,0.18876,0.25201,0.39703,0.13376,0.42553,18.957,0.74431,0.45398
0.27544,0.092757,0.10235,5.6009,0.85025,0.19516,0.19164,0.27927,0.33598,0.2758,0.37549,17.172,0.41242,0.53697,0.73838
0.26592,0.094724,0.095066,5.7511,0.21522,0.19035,0.24153,0.26818,0.31416,0.46395,15.474,0.3109,0.36863,0.43671,0.5245
0.28095,0.54514,0.13369,5.6304,0.13016,0.13262,0.16886,0.14407,0.1799,14.382,0.41654,0.20075,0.45581,0.28376,0.39968
0.09774,0.095492,0.08605,5.5152,0.1147,0.10678,0.18979,0.10799,13.301,0.27227,0.34943,0.18887,0.099485,0.22688,0.15795
0.26008,0.16896,0.24434,5.908,0.26796,0.16016,0.24281,11.228,0.35399,0.32863,0.19453,0.1959,0.20737,0.4108,0.42509
0.10931,0.1059,0.11067,6.3019,0.18997,0.10919,8.9452,0.34102,0.31907,0.40068,0.24515,0.34972,0.26133,0.4021,0.39469
0.67823,0.38245,0.13067,5.1195,0.52519,8.8045,0.22554,0.18342,0.25777,0.32948,0.20012,0.35491,0.42983,0.20617,0.44076
1.2887,0.25554,0.12332,5.0794,5.1068,0.15526,0.2177,0.31272,0.19049,0.20832,0.15531,0.31107,0.1854,0.19888,0.29115
0.16469,0.11532,0.088083,8.0785,0.14151,0.11845,0.18203,0.13629,0.20654,0.10337,0.13037,0.20952,0.19872,0.13559,0.23934
0.29472,0.14106,4.2213,0.16146,0.14869,0.1676,0.18111,0.15619,0.22421,0.14742,0.11553,0.19461,0.11323,0.25794,21.516
0.16568,0.12456,4.2174,0.43535,0.10696,0.16424,0.14822,0.16774,0.26846,0.18981,0.21644,0.28352,0.2345,20.331,0.4794
0.30148,0.16519,4.1733,0.12164,0.11088,0.12683,0.13776,0.10543,0.16811,0.090129,0.2148,0.13085,18.813,0.2611,0.19458
0.61294,0.19813,3.8983,0.10372,1.1606,0.14517,0.14561,0.20209,0.19023,0.24175,0.20337,17.261,0.15704,0.29473,0.14366
0.79136,0.12424,3.5675,0.55861,0.1258,0.1147,0.13147,0.12922,0.11737,0.10797,16.294,0.11221,0.18831,0.30012,0.30697
0.094741,0.090377,4.0816,0.54835,0.12023,0.11177,0.14909,0.33973,0.14981,14.972,0.1122,0.094541,0.16719,0.28702,0.32447
0.14881,0.15784,4.0949,0.37443,0.14834,0.14948,0.18949,0.17275,13.519,0.34552,0.19294,0.15948,0.24843,0.29284,0.26267
1.9145,0.28102,1.7885,0.11878,0.18714,0.14685,0.25209,4.3506,0.1334,0.09069,0.22207,0.15654,0.12347,0.2272,0.16454
0.33246,0.34831,3.9264,0.17489,0.54965,0.10736,10.702,0.24186,0.11181,0.10574,0.19939,0.26892,0.10514,0.14028,0.24492
0.21916,0.17398,4.5495,0.39829,0.12092,8.1321,0.30431,0.22129,0.26117,0.33803,0.41587,0.2562,0.23251,0.28678,0.23246
1.3491,0.32501,3.4752,0.15995,5.2899,0.086443,0.094798,0.18785,0.21377,0.20051,0.2407,0.15557,0.12492,0.1473,0.20112
1.0875,0.62603,3.8558,4.9111,0.2337,0.1631,0.27425,0.38835,0.27629,0.46627,0.46016,0.28817,0.37941,0.21183,0.30978
0.18967,0.12518,6.0746,0.23634,0.13629,0.2132,0.13182,0.10733,0.17449,0.095586,0.33279,0.2395,0.11823,0.15274,0.2291
0.58404,2.6785,0.12036,0.27454,0.16529,0.18985,0.19256,0.20929,0.2024,0.11926,0.10772,0.22471,0.14826,0.23089,21.927
0.09879,2.9568,0.24769,0.29904,0.15912,0.22567,0.21483,0.23962,0.19358,0.27759,0.37372,0.38609,0.33963,19.583,0.60841
0.93609,2.7122,0.19245,0.37379,0.2295,0.18539,0.13184,0.16622,0.28737,0.19037,0.17125,0.15519,16.723,0.24834,0.14245
1.0009,2.3035,0.14073,0.28353,0.15642,0.15252,0.17815,0.17504,0.21477,0.24886,0.23252,17.422,0.20533,0.31116,0.2509
1.0937,2.4757,0.15219,0.32614,0.24644,0.14551,0.15867,0.19652,0.20121,0.2266,14.086,0.22315,0.14704,0.26448,0.20871
1.0616,2.6237,0.1851,0.1355,0.1279,0.13591,0.17701,0.14908,0.18922,12.594,0.12661,0.2049,0.46015,0.2829,0.3907
1.214,2.4348,0.11057,0.46848,0.13724,0.13024,0.18001,0.15246,10.73,0.28513,0.142,0.23113,0.10983,0.23211,0.19967
1.0572,2.6265,0.18718,0.30145,0.19612,0.09929,0.09781,9.7224,0.091921,0.15647,0.20571,0.14782,0.22962,0.091483,0.093623
1.1818,2.6655,0.18545,0.23029,0.12655,0.12568,7.574,0.21482,0.11089,0.097541,0.22418,0.29358,0.19493,0.11552,0.12255
1.2124,2.3088,0.14147,0.18128,0.14046,7.5378,0.17846,0.104,0.19468,0.10936,0.15041,0.21547,0.17335,0.14977,0.17226
1.2306,2.2671,0.098023,0.15493,6.2322,0.12865,0.10734,0.15307,0.22287,0.23426,0.15527,0.23783,0.12105,0.19403,0.15449
0.8207,2.8666,0.26467,5.1802,0.23113,0.31774,0.31119,0.39236,0.43921,0.361,0.39661,0.49464,0.76051,0.22656,0.16767
0.97661,2.6786,3.8792,0.34897,0.11731,0.21153,0.14363,0.18827,0.27622,0.12256,0.23538,0.16654,0.13577,0.18821,0.1798
0.38126,4.0369,0.14052,0.22404,0.15378,0.085168,0.21326,0.30007,0.17288,0.19583,0.14103,0.24164,0.13596,0.18024,0.27754
1.3983,0.11022,0.078628,0.14129,0.12655,0.14201,0.15257,0.13754,0.18756,0.11457,0.15444,0.15556,0.11906,0.25483,22.593
1.4844,0.16399,0.1181,0.17143,0.15958,0.14457,0.19373,0.20534,0.20058,0.21194,0.09919,0.21876,0.13948,20.281,0.2349
1.5192,0.2992,0.14138,0.15061,0.13255,0.11522,0.16512,0.12825,0.17761,0.1123,0.12486,0.19173,18.194,0.17616,0.17868
1.448,0.15206,0.13134,0.11095,0.13314,0.092782,0.1451,0.1539,0.19143,0.24175,0.20432,17.646,0.16121,0.29894,0.18696
1.5159,0.17638,0.10666,0.21974,0.10899,0.1045,0.13469,0.17164,0.13488,0.31918,15.373,0.1162,0.18546,0.20704,0.27379
1.4376,0.17987,0.1446,0.18411,0.12669,0.2443,0.18644,0.174,0.22165,15.029,0.34919,0.14269,0.29121,0.25975,0.11403
1.5545,0.10126,0.1311,0.24979,0.154,0.14789,0.19247,0.17099,12.335,0.14545,0.20026,0.18325,0.26381,0.38644,0.13225
1.6761,0.23796,0.24606,0.3713,0.29038,0.326,0.44237,10.155,0.17703,0.3806,0.13752,0.24148,0.26904,0.15012,0.13334
1.4903,0.26919,0.12074,0.24337,0.13246,0.089977,9.9461,0.17382,0.25315,0.17475,0.17308,0.27273,0.18244,0.32063,0.1124
1.3639,0.14694,0.083437,0.083679,0.13547,9.272,0.22384,0.18218,0.25647,0.1694,0.18745,0.22435,0.11434,0.23833,0.10012
1.5181,0.23043,0.18169,0.17219,7.0213,0.15454,0.15705,0.16564,0.23159,0.12114,0.1466,0.23752,0.46035,0.16105,0.1806
1.5364,0.50185,0.10333,5.5243,0.15601,0.14501,0.20242,0.17112,0.22659,0.12479,0.15308,0.23476,0.49313,0.10703,0.20945
1.5213,0.19416,4.2498,0.088733,0.1114,0.10902,0.23018,0.19132,0.2771,0.17228,0.23538,0.28972,0.11192,0.24395,0.098556
1.5743,2.7292,0.15383,0.10683,0.25062,0.11769,0.15052,0.12171,0.095272,0.1899,0.10093,0.10654,0.082929,0.14179,0.14635
2.0776,0.078827,0.081102,0.1758,0.15361,0.1771,0.19318,0.15459,0.24715,0.13684,0.21218,0.19963,0.088575,0.20865,0.10357
1.4208,0.32305,0.3762,0.46564,0.51486,0.70246,0.78056,0.80506,0.89543,0.89494,1.0438,1.0687,1.115,1.3629,22.382
1.7298,0.2948,0.37296,0.58724,0.75785,0.78656,0.82883,0.84034,0.89215,1.0061,1.1001,1.1265,1.1543,11.069,12.06
1.4528,0.23333,0.3686,0.45529,0.52953,0.71415,0.61859,0.7919,0.85071,0.97163,0.95671,1.1605,1.2385,20.295,1.6438
1.578,0.19025,0.47853,0.48424,0.67861,0.78654,0.84771,1.0048,1.0428,1.2213,1.1913,1.2325,12.331,1.8426,14.118
2.0351,0.15622,0.18271,0.21628,0.10065,0.20677,0.29038,0.32741,0.25041,0.30371,0.28912,0.37332,2.6602,2.9598,0.31016
1.6117,0.28735,0.27672,0.32041,0.3982,0.44207,0.49812,0.79725,0.65905,0.87146,0.87084,0.92098,16.595,1.1026,1.3569
1.6564,0.25097,0.52331,0.55546,0.65944,0.63079,0.65906,0.82982,0.77756,1.1186,1.0666,10.271,1.3527,1.5751,12.913
2.0449,0.072896,0.1919,0.22025,0.21225,0.18274,0.2344,0.22762,0.26559,0.41541,0.34317,2.5407,0.30911,3.0242,0.36535
2.0343,0.15216,0.23523,0.25995,0.19009,0.21123,0.11062,0.32383,0.22881,0.34834,0.2962,2.5372,2.7694,0.40808,0.5223
1.4344,0.29063,0.27434,0.21992,0.43547,0.44113,0.55056,0.60304,0.90285,0.73778,0.8391,17.491,1.403,1.6497,1.6325
1.7429,0.32388,0.35794,0.53464,0.46124,0.46531,0.61412,0.6651,0.74657,0.94823,8.8537,1.1897,1.2073,1.3139,11.554
1.6738,0.22413,0.37574,0.40031,0.44089,0.57903,0.73434,0.67611,0.77932,0.84589,9.3613,1.3996,1.1609,11.651,1.5377
1.6961,0.15229,0.29206,0.41312,0.38026,0.46477,0.3654,0.62286,0.70704,0.77867,8.8491,1.1459,11.136,1.7375,1.869
1.6753,0.4326,0.3912,0.39525,0.60807,0.57154,0.84331,0.86459,1.0053,1.0854,9.4667,10.13,1.2966,1.4714,1.45
1.3613,0.26049,0.33956,0.27487,0.42541,0.53204,0.51443,0.53669,0.7475,0.65831,16.994,0.99122,1.0296,1.1261,1.3923
1.5386,0.30354,0.40744,0.15382,0.64738,0.66818,0.65912,0.72701,0.99662,9.4255,1.199,1.415,1.4182,1.5631,14.421
1.6609,0.29686,0.48315,0.51087,0.66749,0.87229,0.93922,0.98905,1.1036,8.5349,1.0409,1.1095,1.0679,12.216,1.6807
2.0296,0.16512,0.13048,0.090895,0.15704,0.25277,0.19442,0.34526,0.33345,2.4623,0.43125,0.37975,3.0064,0.42936,0.4229
1.6725,0.12965,0.5236,0.43861,0.44825,0.82148,0.93548,0.99922,1.0398,8.5246,1.1026,10.401,1.562,1.5177,1.7099
1.6534,0.26622,0.39209,0.34276,0.41985,0.46614,0.58381,0.55223,0.80371,8.4356,9.2856,1.4156,1.4869,1.6135,1.6417
1.0324,0.63369,0.22124,0.37242,0.3428,0.35465,0.94414,0.38773,0.90769,17.227,1.2204,1.3576,1.4491,1.5997,1.9165
1.6111,0.29768,0.34166,0.43116,0.52287,0.59202,0.65684,0.69846,8.2975,1.1729,1.2611,1.2954,1.5208,1.5906,13.406
1.613,0.22991,0.35335,0.59605,0.53378,0.61091,0.645,0.64912,8.1411,0.99271,1.3266,1.3238,1.3561,12.697,1.639
1.417,0.38481,0.4218,0.35618,0.53468,0.53571,0.65811,0.76213,9.5402,1.3719,1.415,1.4293,13.853,2.2063,1.8798
1.5678,0.32537,0.18854,0.51861,0.42562,0.4829,0.61282,0.70042,8.5981,1.2338,1.2741,11.427,1.7424,1.8533,1.659
1.706,0.22437,0.34245,0.33877,0.35705,0.44336,0.52367,0.86652,7.4808,0.8114,9.2264,1.2413,1.3894,1.5407,1.5434
1.5612,0.39856,0.46609,0.56553,0.52966,0.71115,0.80483,0.89733,8.4812,9.5898,1.298,1.337,1.5198,1.4277,1.6599
1.4769,0.23829,0.20211,0.34338,0.48115,0.39689,0.44163,0.53517,12.954,1.108,1.0208,1.2233,1.207,1.2825,1.4248
0.90058,0.38527,0.34956,0.2555,0.43882,0.88647,0.56642,10.425,1.679,1.5828,1.6912,1.7253,1.7741,2.0328,19.859
0.76901,0.28685,0.2335,0.30674,0.39072,0.65653,0.38617,10.691,1.3824,1.4717,1.5836,1.8282,1.9423,18.137,2.4745
1.3713,0.17848,0.34464,0.44077,0.44487,0.52607,0.53107,8.8655,1.2075,1.1521,1.2127,1.5291,14.062,2.0638,1.8663
1.6785,0.15795,0.33658,0.31063,0.56264,0.61694,0.7319,6.6935,1.265,1.0545,1.2129,10.119,1.238,1.3099,1.488
1.6681,0.61261,0.33509,0.30126,0.382,0.42729,0.47583,6.7164,0.69528,0.96052,9.1801,1.3455,1.4004,1.4871,1.5488
1.5336,0.6224,0.51081,0.44277,0.49568,0.46442,0.51117,7.4326,0.95769,9.3173,1.3967,1.3838,1.5979,1.7623,1.8102
0.55489,0.11705,0.23826,0.4154,0.50702,1.7474,0.58716,10.848,12.03,1.7913,1.8732,1.9383,2.1194,2.273,2.5421
0.76001,0.15499,0.18304,0.21567,0.23931,0.87879,0.69333,14.867,1.2536,1.3602,1.4345,1.4246,1.4454,1.6144,1.7013
1.4557,0.40191,0.34143,0.5455,0.53196,0.6059,6.9557,1.0849,1.2079,1.2116,1.4391,1.3734,1.4597,1.7892,15.363
1.5792,0.25047,0.35895,0.6643,0.70643,0.51614,6.5287,0.96819,1.0908,1.03,1.1659,1.2608,1.2799,12.682,1.769
1.5324,0.2503,0.33016,0.18958,0.47375,0.60799,6.9257,0.98904,1.0165,0.99693,1.146,1.179,12.559,1.7431,1.8741
1.525,0.28918,0.33854,0.46035,0.55489,0.47747,6.7843,0.90382,0.99793,1.1388,1.1466,11.629,1.6477,1.7023,1.8532
1.6234,0.25822,0.5172,0.33618,0.6121,0.43387,6.1808,1.096,0.85019,0.85049,9.1559,1.4003,1.4301,1.5876,1.7303
1.4326,0.54034,0.3341,0.43728,0.36426,0.42058,7.1832,1.0399,1.0481,10.114,1.5581,1.6304,1.7579,1.8208,1.9178
1.5593,0.40166,0.34208,0.44813,0.39417,0.42029,6.6449,0.90266,8.3206,1.3512,1.4485,1.5228,1.5253,1.5552,1.8143
1.5639,0.28305,0.18176,0.34241,0.29189,0.72957,6.538,7.2878,0.9449,1.1309,1.3126,1.436,1.3663,1.4865,1.6628
0.78255,0.26427,0.26189,0.20775,0.28362,0.44074,13.175,1.1326,1.1783,1.25,1.2474,1.4746,1.4827,1.664,1.8067
1.5825,0.3348,0.32009,0.42261,0.64547,5.4393,0.83056,0.83216,1.1275,1.1165,1.33,1.3994,1.4071,1.487,14.228
1.659,0.24419,0.32882,0.42843,0.44869,5.2596,0.79387,0.89139,0.97239,0.95583,1.034,1.1466,1.3283,11.834,1.7455
1.4634,0.53226,0.22595,0.37454,0.29679,6.0132,0.70878,0.84628,0.91387,1.0366,0.94019,1.336,12.671,1.7506,1.6023
1.5899,0.432,0.33809,0.43819,0.42352,5.4549,0.82905,0.88997,1.0027,1.084,1.2097,10.686,1.4847,1.3739,1.7396
1.614,0.29028,0.32027,0.28052,0.32877,5.5663,0.8142,0.83749,0.97098,1.0281,9.7668,1.4103,1.562,1.6662,1.7078
1.5575,0.24243,0.27414,0.3651,0.56551,5.6165,0.68802,0.9345,0.93238,9.6837,1.547,1.5569,1.5103,1.6331,1.7627
1.5483,0.56919,0.50101,0.30935,0.45189,5.6181,0.82006,0.79389,8.2988,1.2541,1.261,1.4934,1.4601,1.6415,1.7162
1.5459,0.27894,0.28364,0.3902,0.28391,5.7822,0.76617,7.3777,1.2126,1.336,1.237,1.4,1.3868,1.5563,1.7165
1.395,0.52689,0.49315,0.82787,0.83179,5.8388,7.7634,1.1264,1.1925,1.545,1.3919,1.6011,1.6522,1.711,1.832
0.2392,0.12173,0.13943,0.48884,0.16933,11.862,0.79507,1.3392,1.2568,1.55,1.5695,1.5215,1.6632,1.7803,2.1124
1.5427,0.2778,0.34725,0.51118,5.1176,0.80492,0.93277,1.0419,1.0085,1.1568,1.2836,1.3649,1.2629,1.5547,14.246
0.74183,0.2633,0.69447,0.38314,6.7348,1.0654,1.2029,1.3808,1.4729,1.6022,1.6309,1.6941,2.016,18.445,2.2224
1.3738,0.47082,0.31047,0.4439,5.3804,0.87841,0.92876,0.96112,1.1104,1.3443,1.1198,1.2502,14.245,1.9584,2.0446
1.616,0.24631,0.34149,0.44016,4.4444,0.68711,0.80537,0.91045,0.95975,1.0684,1.1899,10.758,1.3703,1.5509,1.6999
1.6068,0.23049,0.23251,0.3346,4.7337,0.65947,0.72545,0.82322,0.88104,0.95399,9.5833,1.3113,1.3865,1.4166,1.6655
1.5685,0.25607,0.33545,0.41335,4.6972,0.68708,0.76496,0.81281,1.1121,9.1919,1.24,1.4648,1.4207,1.6074,1.6868
0.55324,0.26548,0.64039,0.22803,6.8754,0.81317,1.0383,0.96289,12.149,1.8695,1.8214,2.0069,1.9636,2.1936,2.21
1.5153,0.30954,0.31856,0.42364,4.89,0.72035,0.7427,7.6474,1.2897,1.3957,1.3909,1.4314,1.5724,1.7671,1.8883
1.3214,0.53859,0.41461,0.28462,5.2306,0.7128,7.7685,1.1643,1.1753,1.4469,1.5269,1.5119,1.5023,1.6866,1.8611
1.3983,0.35069,0.27508,0.26031,5.2089,6.3756,0.94405,1.1307,0.99839,1.0844,1.3664,1.5483,1.5307,1.6575,1.8454
0.2239,0.25205,0.2841,0.21561,9.8788,0.88382,0.99377,1.1427,1.0478,1.2651,1.4322,1.5236,1.7259,1.7134,1.7897
1.3527,0.35208,0.33024,4.369,0.72135,0.82549,1.2813,1.1486,1.319,1.2675,1.4461,1.488,1.5896,1.8688,15.951
1.4721,0.34136,0.3042,4.0617,0.73956,0.72072,0.91873,1.0054,1.0944,1.2336,1.1874,1.4423,1.2856,13.588,1.5838
1.1777,0.41498,0.47262,4.7514,0.80371,0.88273,1.0753,1.1282,1.2546,1.2535,1.4821,1.4785,14.825,2.288,2.0675
1.4017,0.43286,0.34606,4.4093,0.88688,0.83103,0.93371,0.95541,0.98225,1.1613,1.164,12.53,1.7705,1.949,1.9524
1.5642,0.26545,0.28394,3.8781,0.63678,0.71768,0.76271,0.83978,0.93607,1.1575,10.359,1.3939,1.4782,1.6687,1.7228
1.3568,0.28583,0.32427,4.2959,0.6269,0.62746,0.90465,1.0693,0.94592,10.642,1.516,1.5974,1.6345,1.7125,1.8251
1.2119,0.31838,0.73629,4.7288,0.75391,0.7461,0.83152,0.91559,9.8904,1.4217,1.4616,1.7532,1.7767,1.8565,2.0819
1.1734,0.19933,0.50771,4.7365,0.59215,0.69725,0.72746,9.422,1.3888,1.4559,1.4747,1.7654,1.735,1.9245,1.9616
1.3165,0.19518,0.22004,4.5782,0.5752,0.62041,7.2746,1.1557,1.122,1.3148,1.4871,1.5392,1.5746,1.7025,1.867
1.2012,0.36745,0.71323,4.5645,0.68306,6.7282,0.92978,1.1687,1.2912,1.4188,1.4686,1.5267,1.487,1.6833,1.9659
1.2155,0.311,0.20795,4.8256,5.6054,0.86908,1.0531,1.202,1.2604,1.2901,1.4147,1.4522,1.5907,1.7694,1.9581
0.10501,0.092219,0.60236,7.8766,0.80639,0.95329,1.1643,1.2119,1.1172,1.3508,1.4743,1.4845,1.5402,1.8216,1.7997
0.35382,0.24324,4.2696,0.86767,0.97139,1.155,1.2645,1.3703,1.5185,1.5373,1.6371,1.7803,1.9331,2.0971,20.565
0.38724,0.16777,4.223,0.74721,1.0134,1.0485,1.1524,1.3188,1.4936,1.6682,1.6906,1.9432,1.8761,19.009,2.7616
1.4162,0.27738,3.2717,0.49462,0.55575,0.77128,0.81833,0.92854,0.99459,1.1551,1.2235,1.4742,12.679,1.7842,1.9242
0.22919,0.13048,4.4375,0.48758,0.90466,0.80214,0.96041,1.1224,1.5503,1.1602,1.3226,15.787,2.1513,2.4099,2.7156
1.6811,0.2022,2.4305,0.43782,0.57065,0.65033,0.60663,0.87797,0.85402,0.96471,9.1479,1.33,1.4443,1.3879,1.5345
0.27321,0.14934,4.2353,0.64223,0.66573,0.76127,0.96583,1.0096,1.4068,13.566,2.0336,2.1286,2.1926,2.4684,2.6855
0.27255,0.10317,4.5167,0.60787,0.61669,0.63387,0.77618,0.91572,11.394,1.6909,1.7307,1.8653,1.9637,2.1305,2.2541
1.3839,0.20586,3.3742,0.48502,0.86375,0.56059,0.72306,7.8786,1.0525,1.2222,1.3814,1.474,1.4507,1.6489,1.8096
1.2029,0.40376,3.6551,0.51338,0.5441,0.6653,7.6411,1.306,1.1877,1.2071,1.5259,1.5953,1.6436,1.801,1.8628
1.2647,0.1482,3.2989,0.46046,0.5857,6.7594,1.1046,1.1704,1.1373,1.3459,1.4064,1.3517,1.678,1.884,1.9799
1.227,0.4206,3.4613,0.5191,5.6685,1.0552,1.236,1.3057,1.2157,1.3717,1.4482,1.607,1.6748,1.9651,1.9599
0.29476,0.10079,4.143,5.581,0.91217,1.0674,1.1986,1.4357,1.4973,1.5055,1.7183,1.8971,2.1059,2.0665,2.1776
0.23897,0.091171,5.9305,0.55675,0.80597,0.81482,0.98008,1.0796,1.2393,1.3551,1.3664,1.4872,1.5661,1.7142,1.8196
0.56796,2.9636,0.60916,0.85574,0.84818,0.88314,1.1028,1.2725,1.3856,1.528,1.7497,1.6547,1.7991,1.8658,18.206
0.48298,2.9163,0.57701,0.63924,0.89863,1.0201,1.1691,1.2628,1.3638,1.5943,1.6124,1.7003,1.9943,18.006,2.5204
0.98279,2.6691,0.45926,0.57826,0.73033,0.87289,0.99587,1.0371,1.1978,1.4138,1.3075,1.5474,14.905,2.1139,2.2648
1.2568,2.3621,0.49766,0.59307,0.75457,0.84205,0.9695,0.99778,1.128,1.279,1.2609,12.955,1.9561,2.0654,2.1076
0.47522,3.0399,0.46408,0.68324,0.6474,0.82561,0.90233,1.0067,1.3131,1.4385,13.414,1.8553,1.9657,2.1474,2.3336
0.7706,2.9234,0.45282,0.64279,0.68713,0.82738,0.91433,1.0222,1.1087,11.551,1.7535,1.915,1.9,2.1018,2.1784
0.68291,2.7073,0.49081,0.47433,0.65122,0.80747,0.88444,0.9808,11.812,1.5964,1.8723,2.0354,2.1906,2.2809,2.3332
1.2354,2.565,0.40856,0.50227,0.52539,0.6303,0.75129,8.0493,1.098,1.2757,1.3564,1.4934,1.5874,1.7246,1.8594
0.29796,2.8031,0.69044,0.66887,0.78915,0.7962,9.9537,1.5109,1.7361,1.7023,1.8518,2.1869,1.9873,2.3,2.4354
0.9332,2.8724,0.53286,0.43774,0.68975,6.7244,1.1294,1.1812,1.2033,1.5033,1.5291,1.5549,1.6154,1.7348,1.9679
0.53084,2.9306,0.51178,0.73385,6.1817,1.1696,1.0556,1.4254,1.378,1.7364,1.9998,1.8712,1.8482,2.1254,2.2715
0.48961,2.9284,0.41938,5.117,0.8565,1.0988,1.1911,1.419,1.5029,1.5729,1.7395,1.8939,2.0993,1.992,2.5015
0.91731,2.6379,3.8285,0.5423,0.77284,0.95406,1.1015,1.1979,1.3334,1.526,1.5865,1.5693,1.6047,2.0491,1.8979
0.37,3.9059,0.55568,0.64583,0.72301,0.80536,0.92886,1.1161,1.258,1.2769,1.2783,1.5146,1.5469,1.6703,1.813
1.8079,0.42267,0.49144,0.506,0.7059,0.80586,0.92487,1.0441,1.1645,1.1524,1.3891,1.3941,1.4056,1.6883,14.579
1.5793,0.53258,0.52082,0.87335,0.90741,1.0737,1.1188,1.3001,1.4688,1.5681,1.5372,1.6699,1.8226,18.075,2.5407
1.7543,0.50899,0.56128,0.56639,0.71603,0.83867,0.95856,1.0876,1.1813,1.4076,1.4408,1.5117,15.107,2.1129,2.1747
1.7885,0.53533,0.37387,0.65235,0.65484,0.82529,0.90957,0.9527,1.039,1.3852,1.1797,11.811,1.6676,1.7673,1.864
1.8302,0.36935,0.4599,0.57522,0.56216,0.68461,0.80312,0.81178,0.9543,1.0086,10.458,1.451,1.3915,1.5924,1.913
1.7209,0.47735,0.48058,0.55167,0.72562,0.7499,0.73881,1.0595,1.1071,10.804,1.5596,1.5725,1.5788,1.7376,2.1564
1.7448,0.6104,0.4735,0.56613,0.73944,0.7131,0.86617,1.0749,9.8422,1.2317,1.6065,1.6578,1.8351,1.7521,1.9793
1.783,0.40421,0.58711,0.52129,0.63434,0.62756,0.79968,8.4891,1.2763,1.3556,1.5187,1.612,1.5974,1.7839,1.9311
1.6261,0.28486,0.40039,0.50073,0.56424,0.6898,8.7072,1.208,1.3422,1.5909,1.6336,1.8661,1.8444,2.1701,2.0629
1.7587,0.32778,0.37178,0.40379,0.51268,6.3279,0.94202,1.0557,1.0768,1.25,1.4631,1.4362,1.6152,1.6159,1.8056
1.7151,0.32865,0.37534,0.59886,5.519,0.92496,1.0662,1.2223,1.2999,1.3376,1.5149,1.5412,1.8079,1.7865,1.9637
1.656,0.17215,0.32789,4.8341,0.7979,0.88048,1.0721,1.2698,1.3428,1.4578,1.4725,1.6877,1.665,1.9656,2.1003
1.7064,0.33106,3.4502,0.60543,0.84721,0.87759,1.0865,1.2336,1.3258,1.4174,1.643,1.724,1.8015,1.9898,1.9789
1.576,2.5814,0.64787,0.66109,0.86527,1.0072,1.2037,1.2314,1.523,1.4781,1.8019,1.8204,1.8287,2.0461,2.2964
2.0607,0.28647,0.47882,0.53944,0.69517,0.70602,0.97219,1.1163,1.0573,1.2878,1.4118,1.4969,1.5027,1.7919,1.9198
