0.0030011,0.0026454,0.0027129,0.0026654,0.0033023,0.0026484,0.002634,0.0026469,0.0026033,19.515
0.11115,0.077063,0.051502,0.082219,0.0495,0.026891,0.022315,0.068807,0.9491,4.246
0.074293,0.051404,0.027519,0.029084,0.032153,0.016002,0.020989,0.010489,3.3339,3.9966
0.048393,0.031289,0.032318,0.023991,0.023661,0.011864,0.010681,0.01023,8.3703,0.0033045
0.12341,0.10038,0.063654,0.047661,0.0467,0.051053,0.027948,0.78869,0.030227,3.9823
0.058259,0.015217,0.014702,0.027728,0.018659,0.013993,0.0084654,1.6372,1.6514,3.9938
0.11325,0.069082,0.019533,0.042219,0.02945,0.018678,0.022913,1.1188,2.2422,0.0072885
0.1554,0.095536,0.065716,0.05459,0.055267,0.054805,0.069606,1.9627,0.012863,2.3982
0.078822,0.053543,0.054021,0.022691,0.021841,0.016083,0.019773,2.508,1.2768,0.0046246
0.008609,0.0079412,0.0073296,0.0057796,0.0044761,0.0032586,0.0029588,12.776,0.0028916,0.0027429
0.061171,0.041612,0.027353,0.03215,0.03066,0.013873,0.69441,0.018939,0.019623,9.8905
0.063788,0.047553,0.016333,0.017338,0.023547,0.016153,0.63177,0.047666,1.8367,4.4622
0.054461,0.027925,0.024528,0.027042,0.022903,0.024814,0.7479,0.023441,4.5999,0.0063634
0.10645,0.070124,0.064577,0.053369,0.046987,0.03789,0.54982,1.5914,0.038795,3.8454
0.10545,0.082867,0.053518,0.035445,0.045986,0.021043,0.27973,0.94192,1.0336,0.0063236
0.088473,0.023497,0.031351,0.034613,0.011497,0.014813,0.69352,4.1239,0.0073713,0.0055651
0.10327,0.075859,0.050696,0.048518,0.044698,0.028614,1.277,0.030256,0.038522,4.4614
0.076593,0.063073,0.038204,0.042937,0.034097,0.020532,1.2161,0.046051,1.8417,0.0048416
0.095531,0.076194,0.0432,0.018571,0.026411,0.016094,1.1354,1.7177,0.039093,0.0031842
0.10125,0.073124,0.070797,0.046001,0.044358,0.041257,2.8772,0.041515,0.03967,0.0029027
0.080808,0.056014,0.049584,0.041543,0.015239,0.37212,0.024342,0.012877,0.029146,7.973
0.064679,0.049332,0.031679,0.018848,0.025829,0.44496,0.014904,0.020394,1.9133,4.4614
0.044167,0.061687,0.043756,0.04597,0.01309,0.49017,0.026281,0.0096799,4.3823,0.0035883
0.064891,0.042915,0.042568,0.022216,0.020811,0.41945,0.028092,1.6466,0.030446,4.0125
0.080499,0.016702,0.035351,0.013656,0.021282,0.424,0.012585,1.5158,1.5395,0.0051407
0.061922,0.039953,0.024198,0.010233,0.02157,0.53841,0.018182,4.5489,0.009073,0.0039543
0.081792,0.058887,0.050754,0.03183,0.037763,0.45937,0.6782,0.024381,0.039244,5.0311
0.097974,0.07088,0.029968,0.03279,0.016611,0.34894,0.55288,0.041579,1.7259,0.0064654
0.14856,0.027645,0.0080368,0.012415,0.040476,0.33885,0.57673,1.7342,0.039404,0.0035289
0.068648,0.041851,0.036258,0.032219,0.028626,0.81033,2.3562,0.044338,0.032892,0.0054432
0.1014,0.063271,0.052087,0.023584,0.033619,1.1519,0.044219,0.031593,0.021458,5.8879
0.079318,0.056501,0.047458,0.035968,0.044935,0.9092,0.032368,0.034788,2.1029,0.0049363
0.093901,0.070007,0.058075,0.04019,0.037433,0.75478,0.018424,1.659,0.048723,0.0031836
0.075826,0.068424,0.063591,0.046118,0.049106,1.2694,0.93861,0.029424,0.031335,0.0036238
0.12042,0.074673,0.06253,0.066904,0.067828,2.002,0.060428,0.045768,0.048624,0.0052317
0.076394,0.049517,0.039126,0.021394,0.36843,0.034329,0.022642,0.014587,0.0077667,9.8896
0.069182,0.069953,0.017676,0.019007,0.34667,0.03285,0.0212,0.022669,1.7882,4.1623
0.060775,0.044986,0.031855,0.047825,0.39035,0.024649,0.019759,0.013967,4.1971,0.0033752
0.07484,0.045601,0.050004,0.037231,0.28686,0.013209,0.028214,1.6433,0.0041268,4.0026
0.082051,0.063677,0.045982,0.063426,0.25111,0.026739,0.041113,1.0531,1.1051,0.0058786
0.079239,0.08079,0.054649,0.03579,0.29645,0.025468,0.041673,2.89,0.016776,0.0030833
0.11415,0.047004,0.045711,0.028913,0.39027,0.017121,0.60656,0.043409,0.027864,4.5099
0.082013,0.053531,0.046554,0.016791,0.3488,0.042778,0.61301,0.00695,1.9223,0.0042919
0.093369,0.067659,0.0048398,0.036582,0.281,0.019099,0.6792,2.0353,0.026798,0.0078131
0.077007,0.054481,0.043609,0.023461,0.66898,0.029091,2.3837,0.023455,0.023832,0.0059593
0.085612,0.060739,0.043423,0.046552,0.39181,0.45459,0.030859,0.032763,0.038403,5.0458
0.10901,0.078441,0.01834,0.018705,0.2833,0.39148,0.040866,0.026061,1.8493,0.0029181
0.072721,0.052227,0.0378,0.039845,0.31093,0.45913,0.025652,1.9301,0.026941,0.0076125
0.074856,0.058538,0.039715,0.033459,0.51968,0.6387,0.97289,0.013888,0.040988,0.0051099
0.10168,0.072547,0.049452,0.041566,0.54396,1.3133,0.043849,0.053101,0.039509,0.0051367
0.10547,0.065906,0.06187,0.025369,0.81713,0.048511,0.044262,0.031704,0.033615,5.1586
0.084876,0.060726,0.048118,0.040134,0.71811,0.043065,0.040533,0.020515,1.966,0.002906
0.096599,0.072539,0.049592,0.0064777,0.7126,0.045225,0.039841,1.8859,0.026276,0.0063574
0.1006,0.062054,0.061877,0.047563,0.96482,0.041637,0.88603,0.041063,0.027975,0.0035253
0.095461,0.069443,0.04917,0.044621,1.1254,0.69123,0.039617,0.029351,0.039919,0.0032928
0.12442,0.079464,0.07717,0.058925,1.6733,0.043599,0.059271,0.040101,0.041827,0.0054108
0.068906,0.034573,0.013717,0.59687,0.040245,0.0148,0.020857,0.018316,0.020235,9.0232
0.063232,0.046665,0.039696,0.46416,0.02492,0.028772,0.023634,0.01326,1.6304,3.9859
0.03309,0.02527,0.017459,0.70145,0.058104,0.01126,0.0067181,0.031037,4.3465,0.0053741
0.078677,0.051931,0.021139,0.53138,0.0095212,0.028104,0.018388,1.6513,0.014116,4.0948
0.070872,0.034346,0.017745,0.45481,0.037624,0.019046,0.01682,1.2829,1.3555,0.0079978
0.045361,0.038483,0.031416,0.57451,0.022356,0.017926,0.027426,3.6429,0.015921,0.0037635
0.049178,0.032088,0.031276,0.67125,0.052418,0.041656,0.71057,0.0051676,0.037645,5.0296
0.057892,0.037625,0.046566,0.54445,0.017944,0.017162,0.58326,0.035943,1.8048,0.0075665
0.049362,0.013993,0.023193,0.70994,0.017927,0.023395,0.64263,2.0159,0.021817,0.0066477
0.10469,0.038586,0.027561,1.0161,0.04926,0.038983,2.3125,0.040542,0.039917,0.024852
0.089408,0.062211,0.053415,0.48098,0.05075,0.39677,0.036292,0.011112,0.024938,3.9793
0.055964,0.042378,0.028062,0.61477,0.028298,0.36377,0.020136,0.016901,1.9235,0.0030443
0.067266,0.052707,0.0084625,0.66258,0.017581,0.47215,0.020629,1.9337,0.030896,0.011449
0.049367,0.037879,0.031127,0.79021,0.0077973,0.55774,0.88532,0.063888,0.061241,0.0065785
0.071314,0.05356,0.013869,1.0088,0.021861,1.378,0.03692,0.027678,0.026273,0.0036625
0.084275,0.055365,0.04906,0.55741,0.28431,0.038515,0.035605,0.039204,0.030913,4.0274
0.087624,0.067223,0.050684,0.46585,0.30211,0.040239,0.01673,0.030562,1.5126,0.0076791
0.048499,0.023313,0.026047,0.625,0.34115,0.043469,0.017783,1.8859,0.026077,0.0046041
0.099696,0.072364,0.060253,0.49574,0.34523,0.044135,0.59838,0.032016,0.02873,0.0036248
0.059005,0.042191,0.028548,0.88466,0.46347,0.6052,0.026039,0.030483,0.014949,0.0032661
0.068184,0.048879,0.033215,1.0161,1.2049,0.011841,0.026905,0.031317,0.015782,0.0036221
0.07213,0.053251,0.041622,1.0998,0.063343,0.049805,0.039941,0.01147,0.03158,4.1965
0.069187,0.049042,0.033608,1.0541,0.03852,0.028514,0.017415,0.028617,1.7041,0.0036106
0.037124,0.029149,0.024583,1.4492,0.011685,0.015709,0.030954,2.2751,0.028445,0.0066784
0.036068,0.028617,0.016985,1.8746,0.044196,0.035555,1.0117,0.017653,0.026262,0.0041893
0.035662,0.029285,0.016616,1.9704,0.079864,0.66295,0.02759,0.037895,0.011415,0.00342
0.083108,0.068245,0.053348,1.4639,0.42516,0.017394,0.037168,0.032288,0.0098323,0.0035542
0.055928,0.056023,0.033193,2.6971,0.05169,0.044621,0.030435,0.047255,0.0077036,0.0038243
0.068504,0.050135,0.39069,0.031082,0.027633,0.020743,0.013931,0.020687,0.015504,8.043
0.075138,0.017773,0.37932,0.031092,0.037661,0.022229,0.015908,0.010839,1.7463,4.1618
0.085572,0.053412,0.37288,0.018121,0.027632,0.014883,0.026604,0.020386,3.4707,0.0062276
0.065208,0.039477,0.34416,0.026323,0.013124,0.01834,0.011093,1.6778,0.013852,4.0576
0.060763,0.038171,0.36698,0.0032507,0.012841,0.016506,0.012086,1.508,1.5291,0.004741
0.064372,0.046565,0.37297,0.02593,0.028559,0.021433,0.021317,3.3177,0.026202,0.0033598
0.066671,0.050291,0.40318,0.029956,0.038644,0.076143,0.55224,0.02873,0.020215,3.9837
0.059594,0.052453,0.36944,0.035979,0.021572,0.02292,0.6014,0.016704,1.8128,0.005605
0.069997,0.053028,0.34255,0.039718,0.049332,0.039083,0.45525,1.3502,0.027634,0.003931
0.055268,0.042947,0.74713,0.010278,0.062237,0.028878,2.1412,0.018147,0.0095489,0.0051274
0.066801,0.051747,0.44468,0.044599,0.01948,0.502,0.03812,0.022164,0.025123,5.0087
0.040199,0.052814,0.46635,0.014277,0.033103,0.473,0.02744,0.016218,2.0314,0.0042212
0.061139,0.047811,0.39965,0.040169,0.032452,0.34978,0.019778,1.8406,0.052169,0.0080486
0.049561,0.038482,0.67172,0.015677,0.019628,0.65279,0.94597,0.017276,0.023563,0.0044725
0.036446,0.02438,0.89323,0.025206,0.020081,1.6807,0.047551,0.044614,0.014655,0.003448
0.08382,0.063736,0.37589,0.04491,0.31962,0.045049,0.03808,0.021476,0.033669,3.9926
0.069707,0.05289,0.389,0.0287,0.31256,0.034287,0.030757,0.025967,1.7295,0.0038112
0.052942,0.042083,0.44698,0.036832,0.35255,0.016746,0.019986,1.7589,0.025269,0.0053182
0.10157,0.076976,0.40364,0.050809,0.41048,0.010878,0.70302,0.026637,0.020338,0.0059181
0.082124,0.066828,0.51491,0.070172,0.38352,0.48656,0.031485,0.020862,0.024144,0.003231
0.087318,0.066032,0.55123,0.072234,0.85632,0.015106,0.049179,0.048916,0.043119,0.0031429
0.058546,0.043839,0.38556,0.54252,0.055287,0.053667,0.040193,0.012776,0.020481,4.0633
0.030027,0.026941,0.42777,0.54376,0.02314,0.030831,0.034533,0.025065,1.8165,0.0034675
0.04968,0.041378,0.34155,0.48686,0.050708,0.037671,0.036278,1.5624,0.015518,0.0085656
0.041167,0.028139,0.52666,0.83445,0.03019,0.0052645,0.87686,0.034428,0.0047338,0.0053897
0.087185,0.063235,0.40539,0.56489,0.017486,0.38282,0.05006,0.026201,0.036252,0.003509
0.028252,0.021264,0.65412,0.88776,0.514,0.0047633,0.027749,0.044912,0.01476,0.0035531
0.071058,0.051472,0.49729,1.4022,0.035121,0.017898,0.019973,0.019206,0.025639,0.0038533
0.13914,0.029762,0.76527,0.031023,0.066723,0.036145,0.024549,0.011311,0.028693,3.9811
0.040746,0.026984,1.018,0.024209,0.017478,0.030563,0.01838,0.025228,2.2283,0.003109
0.090667,0.067236,0.77216,0.02295,0.0093223,0.024422,0.025457,1.7696,0.025687,0.008078
0.047707,0.035414,1.1689,0.060227,0.023151,0.038165,0.87357,0.059603,0.027522,0.0074748
0.069715,0.015747,1.3517,0.07257,0.027186,0.63154,0.025942,0.020253,0.025793,0.0050684
0.055238,0.036226,1.2933,0.035035,0.54345,0.034335,0.032762,0.018792,0.038946,0.0034848
0.095472,0.07471,0.69422,0.47114,0.043344,0.050952,0.055636,0.045725,0.043311,0.0051449
0.07742,0.049807,1.8863,0.048224,0.03909,0.033153,0.033025,0.01411,0.038976,0.0034151
0.052725,0.35224,0.02614,0.015801,0.035904,0.0094811,0.019941,0.02252,0.011733,10.11
0.05367,0.27568,0.026486,0.037562,0.029426,0.024331,0.015509,0.011567,1.7534,4.1316
0.062834,0.3543,0.034025,0.013907,0.011578,0.020437,0.018237,0.021824,4.2723,0.0054978
0.051477,0.28028,0.026909,0.025562,0.029567,0.02485,0.029165,1.621,0.0052981,4.0153
0.038752,0.262,0.020186,0.021462,0.024546,0.018204,0.018535,1.5247,1.5183,0.0042934
0.053807,0.3154,0.052135,0.015029,0.032505,0.025908,0.015996,3.6219,0.016225,0.0048719
0.04894,0.37142,0.026829,0.069233,0.020088,0.034925,0.66199,0.01823,0.028339,4.7681
0.049945,0.30989,0.045964,0.029767,0.03199,0.022532,0.58232,0.017155,1.8163,0.003777
0.056481,0.30017,0.039796,0.015973,0.051237,0.0092026,0.56924,1.6795,0.039246,0.0039058
0.073391,0.59321,0.029949,0.010845,0.017081,0.019098,2.324,0.021395,0.0051966,0.0051956
0.1051,0.31124,0.017842,0.036125,0.039498,0.44787,0.04539,0.03207,0.030997,4.3895
0.060788,0.34097,0.033884,0.020842,0.014672,0.43042,0.022219,0.027404,1.9778,0.003663
0.057227,0.32206,0.03441,0.020497,0.024791,0.43836,0.03052,1.6789,0.039989,0.0041564
0.072594,0.47021,0.012581,0.031889,0.016487,0.54611,0.84644,0.043246,0.025282,0.0065369
0.016336,0.66518,0.042584,0.011837,0.039118,1.7357,0.059971,0.037772,0.0273,0.0047525
0.058784,0.37731,0.056717,0.041368,0.34192,0.031599,0.017934,0.035053,0.029391,4.8898
0.061537,0.355,0.039355,0.0033711,0.37609,0.025067,0.015595,0.03554,2.0413,0.0030575
0.053262,0.30497,0.032201,0.036644,0.37746,0.025476,0.015847,1.9221,0.014013,0.0031024
0.063912,0.46434,0.016992,0.032643,0.45804,0.061752,0.89207,0.016656,0.0097938,0.00406
0.067825,0.44372,0.029624,0.037415,0.45429,0.58571,0.036084,0.030583,0.029389,0.0041178
0.058286,0.64045,0.03298,0.028955,1.3187,0.019016,0.040361,0.022536,0.015151,0.0087074
0.047712,0.33615,0.026008,0.6375,0.019078,0.053037,0.0063974,0.030528,0.029373,4.9001
0.039442,0.30065,0.029086,0.5389,0.034787,0.037246,0.037634,0.0052012,1.6444,0.0030087
0.051385,0.27618,0.01471,0.52394,0.022751,0.032706,0.022522,1.6588,0.025909,0.0032841
0.031539,0.43243,0.0077136,0.73379,0.028184,0.039838,0.83476,0.044222,0.0273,0.0071763
0.049926,0.38586,0.036353,0.69164,0.047737,0.46829,0.040123,0.0083357,0.028354,0.0030701
0.04196,0.4397,0.02467,0.74376,0.4974,0.018522,0.039382,0.034636,0.0235,0.0086939
0.017983,0.49176,0.0055725,1.9511,0.012118,0.041691,0.026543,0.031136,0.024417,0.0030671
0.055244,0.36655,0.44069,0.03419,0.029364,0.013592,0.02153,0.023883,0.015919,4.7683
0.04516,0.27391,0.36734,0.021914,0.054112,0.04231,0.038734,0.031442,1.6468,0.0053011
0.039719,0.33869,0.45394,0.017039,0.017798,0.011218,0.0064627,1.9365,0.014282,0.0053768
0.030344,0.46368,0.56207,0.029123,0.025987,0.012585,0.81047,0.045706,0.033493,0.007663
0.060627,0.41208,0.48468,0.038964,0.030516,0.46861,0.01923,0.026663,0.034244,0.0039131
0.044847,0.42546,0.51756,0.030314,0.47701,0.020466,0.042956,0.030377,0.040323,0.0090497
0.022686,0.36129,0.52797,0.73831,0.030616,0.014547,0.037252,0.034523,0.0094269,0.0066086
0.026718,0.41457,1.2517,0.040433,0.042738,0.017781,0.038977,0.019299,0.028792,0.0035025
0.082924,0.65185,0.045088,0.027589,0.028223,0.050809,0.035007,0.014171,0.017508,4.7675
0.079032,0.66808,0.021691,0.02232,0.018782,0.017218,0.010768,0.02445,2.0396,0.0033442
0.063505,0.64403,0.035273,0.022094,0.02596,0.034886,0.0066597,1.9039,0.014403,0.0050792
0.061301,0.92141,0.026506,0.046359,0.02376,0.012668,0.87971,0.01994,0.02693,0.0042145
0.053432,0.88643,0.065361,0.027872,0.04541,0.58091,0.039722,0.019297,0.014748,0.0065184
0.0778,0.93916,0.041816,0.0062934,0.50029,0.014522,0.03509,0.027652,0.049411,0.0051678
0.049111,0.793,0.057443,0.74286,0.043636,0.014245,0.04378,0.019471,0.012419,0.0064803
0.057451,0.78773,0.50033,0.05705,0.042401,0.013356,0.041464,0.030472,0.01439,0.0069135
0.054689,1.6945,0.038827,0.026842,0.029017,0.016772,0.028338,0.019705,0.013703,0.0030588
0.27891,0.021595,0.013959,0.013426,0.014501,0.013061,0.021635,0.039908,0.016033,11.488
0.24034,0.052069,0.021769,0.0077605,0.029709,0.025042,0.015623,0.0078035,1.753,4.1268
0.25999,0.020671,0.018856,0.033747,0.011761,0.0090019,0.014561,0.012152,4.8363,0.0033476
0.23092,0.029029,0.023588,0.025554,0.015605,0.025976,0.022373,1.6214,0.0071627,3.9782
0.17495,0.034379,0.026857,0.023882,0.026958,0.028172,0.014179,1.5174,1.5411,0.0067633
0.2411,0.018617,0.032582,0.033612,0.031508,0.017646,0.026843,3.606,0.022818,0.0034645
0.25278,0.040495,0.033932,0.033413,0.018339,0.02374,0.77846,0.013192,0.028685,5.6607
0.2202,0.038024,0.046429,0.035543,0.027186,0.023,0.58865,0.016864,1.8055,0.0044851
0.26005,0.046125,0.011434,0.01918,0.022148,0.014289,0.57666,1.7341,0.039332,0.0034584
0.35308,0.058737,0.014016,0.010003,0.027058,0.017042,2.238,0.018565,0.039112,0.0032386
0.27528,0.048358,0.029671,0.043728,0.042102,0.49523,0.021356,0.011711,0.017574,5.4307
0.2374,0.04118,0.025765,0.037826,0.036431,0.44916,0.022876,0.010503,1.8856,0.0032462
0.20768,0.061226,0.032256,0.052826,0.029654,0.35601,0.022005,1.6115,0.048539,0.0044977
0.32008,0.048283,0.018781,0.023279,0.014616,0.66133,1.0076,0.0036733,0.028329,0.0031795
0.46384,0.033848,0.003591,0.021618,0.018595,1.9476,0.023401,0.0029446,0.021869,0.0089995
0.26242,0.051977,0.057869,0.04242,0.3506,0.032028,0.023461,0.014243,0.028329,4.8896
0.23223,0.018718,0.023503,0.031169,0.39823,0.030104,0.040465,0.024949,2.1517,0.0033804
0.22801,0.040215,0.032122,0.038855,0.3045,0.031829,0.016797,1.823,0.034902,0.0033396
0.31066,0.058059,0.033072,0.050258,0.50267,0.010184,0.91328,0.018805,0.0073306,0.0052198
0.3347,0.066707,0.02791,0.016641,0.49774,0.63596,0.020247,0.027987,0.01267,0.0033928
0.40545,0.055107,0.024316,0.020503,1.3181,0.029683,0.035807,0.021651,0.014048,0.0077203
0.23965,0.04316,0.024153,0.63216,0.020014,0.016711,0.027866,0.031086,0.016258,4.6785
0.19238,0.017893,0.069376,0.50288,0.027328,0.048127,0.019796,0.036672,1.5297,0.0033387
0.20342,0.027993,0.036127,0.52397,0.047243,0.022752,0.021607,1.6736,0.011014,0.0051329
0.28423,0.029027,0.025243,0.88329,0.032481,0.023804,0.945,0.031268,0.029593,0.015757
0.24443,0.035437,0.051701,0.79102,0.021128,0.58119,0.033991,0.0045475,0.027137,0.0037883
0.23062,0.054531,0.019332,0.87028,0.50977,0.031489,0.0061974,0.033289,0.019522,0.0039416
0.32948,0.02704,0.0029919,1.9449,0.037578,0.0065211,0.026301,0.015934,0.009098,0.0059574
0.24128,0.046835,0.46886,0.017932,0.038101,0.026906,0.021034,0.010412,0.027797,4.7758
0.22701,0.03598,0.40515,0.037025,0.010196,0.041196,0.022293,0.016227,1.6666,0.0043461
0.21774,0.045384,0.40993,0.023234,0.026326,0.01004,0.01686,1.7617,0.00662,0.0035558
0.26038,0.045048,0.45377,0.034722,0.025866,0.048209,0.64899,0.015322,0.040422,0.003977
0.26722,0.052954,0.46833,0.024892,0.029163,0.44344,0.052719,0.057726,0.017365,0.0034137
0.28969,0.050403,0.54544,0.02615,0.43613,0.017251,0.03437,0.0069931,0.027057,0.0045221
0.26332,0.0071307,0.54779,0.76604,0.031519,0.015059,0.0098961,0.041259,0.0095919,0.0067424
0.32431,0.0124,1.1263,0.037645,0.037577,0.016032,0.026419,0.019043,0.037333,0.0030458
0.27561,0.36217,0.016805,0.018558,0.018827,0.023094,0.038249,0.01765,0.018669,5.1806
0.2153,0.34654,0.02502,0.019989,0.02483,0.020342,0.013752,0.015693,2.1093,0.0062818
0.20461,0.3245,0.017933,0.021825,0.022972,0.03138,0.022307,1.7489,0.017437,0.0035312
0.26906,0.43531,0.03179,0.012691,0.02803,0.022289,0.84848,0.021605,0.0090112,0.0042843
0.26408,0.43801,0.017838,0.036278,0.02083,0.58575,0.029828,0.041778,0.013002,0.0038418
0.31738,0.45849,0.028087,0.028331,0.47558,0.019257,0.021864,0.0082503,0.0077678,0.0056578
0.26366,0.38155,0.02368,0.65477,0.024314,0.0077397,0.019877,0.0065699,0.040875,0.0033945
0.21046,0.35841,0.50461,0.057442,0.042664,0.021849,0.02155,0.030407,0.014399,0.0068517
0.27882,0.81691,0.031581,0.021356,0.034248,0.032493,0.01931,0.039324,0.026569,0.0040486
0.49692,0.03696,0.046312,0.049231,0.032327,0.040145,0.023732,0.016444,0.021525,5.4069
0.43967,0.036746,0.022445,0.026809,0.022088,0.026831,0.025982,0.0242,1.9958,0.0030684
0.43159,0.031166,0.037448,0.031016,0.022807,0.014021,0.018908,1.9778,0.012103,0.0045786
0.59008,0.032719,0.024994,0.028137,0.027874,0.039667,0.88879,0.019248,0.017574,0.0037373
0.66741,0.020645,0.015359,0.018736,0.026789,0.7052,0.039763,0.029261,0.021159,0.0031901
0.6268,0.02787,0.025444,0.028838,0.54274,0.036461,0.045829,0.0098288,0.029118,0.0033951
0.56621,0.01979,0.014676,0.78886,0.038352,0.003508,0.034529,0.029354,0.036402,0.0063128
0.49643,0.055653,0.60632,0.03903,0.032108,0.03402,0.022387,0.013352,0.02772,0.0086347
0.50003,0.39127,0.033471,0.03445,0.035483,0.033779,0.020672,0.040589,0.024439,0.0051589
0.98266,0.023638,0.019294,0.025398,0.037038,0.040881,0.039495,0.024694,0.025268,0.0029298
0.12839,0.09201,0.062895,0.071548,0.024495,0.063975,0.063017,0.24571,0.25619,6.4768
0.14251,0.10775,0.082386,0.10113,0.072254,0.034382,0.074488,0.14508,1.3557,0.28204
0.12663,0.08742,0.082464,0.068093,0.090935,0.043615,0.076096,1.4538,0.20034,0.29067
0.15433,0.11539,0.1061,0.09865,0.091212,0.057551,0.62376,0.14225,0.14559,0.35225
0.14901,0.14583,0.081299,0.080381,0.09008,0.41216,0.10699,0.15281,0.15164,0.26923
0.18265,0.13581,0.067142,0.079431,0.33029,0.08042,0.10366,0.151,0.1596,0.3628
0.14408,0.11906,0.083343,0.41982,0.080444,0.089715,0.090578,0.16248,0.13957,0.29243
0.15389,0.055989,0.43016,0.10058,0.10418,0.058619,0.069923,0.21427,0.15904,0.39943
0.075139,0.4809,0.10819,0.10552,0.068276,0.080911,0.11975,0.14281,0.17095,0.54323
0.27284,0.12576,0.097326,0.10146,0.058287,0.068837,0.11437,0.13985,0.16798,0.54026
