7.4461e-19,0.0060802,0.0082384,0.0036472,0.00030885,2.3527e-288,4.6552e-06,1.4769e-38,2.7445e-13,4.5316e-13,1.1856e-18,2.218e-06,6.849e-55,4.3925e-05,2.0018
9.3548e-30,3.2504e-31,3.8286e-14,1.5887e-14,9.197e-19,4.3452e-14,4.6549e-16,5.4844e-56,5.7997e-25,7.6524e-33,4.0813e-24,2.3234e-22,2.7018e-19,2.8009,1.4281
2.7035e-13,7.7565e-20,5.8459e-16,1.8488e-13,2.3134e-15,3.5893e-17,5.7682e-18,1.0376e-14,1.4678e-21,2.3646e-40,6.2493e-24,6.8269e-24,4.9893e-26,4,1.0416e-06
1.6008e-29,6.8568e-36,2.0961e-29,1.0198e-30,8.7521e-14,4.7145e-17,2.4964e-43,3.9784e-31,3.3672e-53,1.1424e-42,4.2985e-24,6.5406e-41,5.5833,2.5957e-07,1.4326
6.0056e-29,4.9039e-13,8.6652e-14,5.4006e-18,6.1967e-18,3.0667e-20,1.1541e-55,1.5752e-73,9.6087e-19,1.8733e-15,2.5238e-31,8.2866e-26,5.6415,2.8363,4.0355e-05
1.6813e-30,6.9712e-31,2.1551e-29,1.0534e-29,1.0038e-131,3.3782e-33,2.8833e-256,1.5384e-14,1.5046e-15,2.9418e-17,4.0089e-26,1.3872e-40,8.0001,5.4528e-06,1.9296e-06
1.343e-29,1.8532e-31,2.6362e-30,1.8961e-50,5.252e-30,2.071e-33,1.3652e-59,2.3118e-51,5.4704e-15,2.3299e-40,1.3905e-20,11.167,2.9238e-50,2.5969e-07,1.4327
2.4863e-33,6.0453e-32,1.473e-32,2.7461e-16,2.042e-83,1.3194e-16,2.2097e-14,5.953e-87,7.737e-25,2.5018e-46,3.939e-17,11.282,9.7967e-41,2.8372,1.1711e-08
3.5988e-46,2.4428e-47,1.4828e-30,7.5014e-30,3.568e-84,2.4904e-32,1.4316e-136,4.8828e-31,6.9092e-35,2.7703e-15,8.4769e-26,11.311,5.6592,1.2502e-06,7.3717e-09
5.4722e-14,7.3209e-15,1.3855e-13,1.3698e-39,3.465e-14,4.2967e-14,1.786e-14,1.5605e-89,1.7955e-15,2.3304e-42,2.871e-31,16,4.6928e-07,8.1798e-10,1.997e-06
3.5875e-45,3.8088e-51,9.5837e-46,3.4347e-67,5.359e-30,1.9995e-32,1.3652e-59,1.6824e-51,5.4701e-15,5.2096e-42,22.333,2.5841e-26,1.1877e-38,1.639e-07,1.4326
1.6139e-46,1.02e-47,1.6271e-49,3.3208e-31,1.7961e-31,2.7044e-30,8.9162e-164,1.1053e-14,2.1843e-24,3.6491e-32,22.564,1.3363e-25,5.0012e-06,2.8371,1.1397e-07
3.0732e-45,2.3079e-51,1.382e-46,1.0729e-48,1.4028e-51,1.2092e-46,2.9502e-47,6.786e-31,5.5412e-15,1.625e-50,22.624,1.7747e-07,5.6581,2.7819e-06,3.1901e-07
5.4655e-32,1.7581e-31,2.0376e-29,1.8242e-31,1.9309e-30,4.3559e-35,3.6122e-97,9.1305e-51,1.4568e-79,2.7806e-15,22.705,11.365,1.6258e-05,2.7116e-06,7.7161e-07
6.2397e-29,3.9614e-35,2.9377e-30,7.5786e-30,1.5645e-155,5.6932e-31,1.6603e-79,6.5625e-31,7.8379e-15,4.3852e-50,32.001,1.7527e-24,2.7416e-06,2.8163e-06,4.7375e-07
1.6136e-29,1.3176e-13,9.4135e-15,1.7185e-13,0,2.3568e-22,2.5345e-132,2.8692e-65,3.7153e-18,44.665,0.00018246,1.0707e-07,9.697e-09,9.9421e-07,1.4328
1.2212e-29,4.4209e-30,1.1762e-29,3.5218e-33,2.4194e-122,2.2244e-30,2.211e-14,2.4464e-79,7.7414e-25,45.136,9.9636e-05,4.6924e-25,2.5451e-41,2.8377,1.1713e-08
4.3703e-45,2.9768e-46,1.8008e-29,6.0637e-30,2.4167e-79,3.5864e-32,2.0616e-136,6.7917e-54,5.5405e-15,45.242,5.0053e-10,4.837e-25,5.6591,1.4168e-06,1.198e-08
2.3267e-17,7.4842e-17,8.2397e-15,7.3769e-17,8.8847e-14,7.1051e-19,5.8921e-81,1.1407e-22,5.598e-58,45.355,3.4174e-07,11.352,1.6351e-06,2.7083e-06,7.7067e-07
8.252e-48,6.7383e-32,1.8908e-30,1.0959e-29,1.1915e-164,7.2765e-36,8.0774e-138,7.9362e-53,5.6136e-15,45.839,22.35,0.00017103,1.2853e-07,5.1864e-07,8.3121e-09
6.8234e-30,2.9471e-30,2.1332e-29,1.087e-29,1.1249e-144,4.9905e-32,2.0266e-31,7.9845e-78,7.8378e-15,64.001,5.7494e-10,2.2654e-24,4.833e-06,5.4527e-06,4.4961e-07
5.8351e-13,6.1196e-13,2.662e-17,4.356e-14,8.6178e-144,1.3443e-15,1.1866e-43,5.2477e-18,89.352,9.7257e-29,3.9034e-10,1.7212e-23,7.5692e-39,5.7648e-11,1.4329
4.0577e-16,1.0713e-13,2.4577e-13,1.2474e-13,3.7288e-85,2.128e-17,2.7077e-151,3.8936e-16,90.458,2.6822e-22,4.0679e-08,1.5902e-07,1.205e-41,2.8321,0.00017304
7.7867e-47,2.4944e-45,2.193e-46,2.0194e-46,2.3661e-153,0,1.3568e-30,1.108e-14,90.471,4.4884e-22,9.9897e-14,1.8627e-07,5.6597,5.264e-07,6.0475e-05
4.9506e-30,4.8375e-31,2.0556e-29,3.5432e-30,1.6563e-96,4.4461e-14,4.8788e-43,4.24e-88,90.762,2.1978e-05,5.7946e-07,11.311,7.5194e-08,8.2785e-10,7.2403e-14
1.8247e-13,6.0505e-13,1.2576e-18,8.9808e-14,5.6962e-63,7.3412e-164,2.1915e-229,6.1279e-37,90.53,0.055503,22.818,4.2093e-20,2.0689e-121,4.4693e-07,5.4908e-13
1.1582e-35,3.8377e-35,5.3033e-34,4.5012e-31,8.3128e-37,2.5962e-38,9.1857e-103,4.5943e-16,3.7516,1.8693,3.5153e-11,5.5924e-10,2.1869e-09,1.1565e-06,1.9989
2.1388e-30,1.6365e-36,2.196e-29,1.0734e-29,2.0675e-144,1.3025e-33,2.938e-256,1.5676e-14,128,6.8694e-32,6.1963e-10,6.6494e-25,3.8176e-41,1.5689e-08,4.582e-07
4.1659e-13,4.7186e-14,3.3319e-13,1.3329e-35,2.3463e-79,0,7.4446e-77,178.57,1.0383e-39,2.2698e-26,9.5368e-14,9.831e-25,3.4091e-06,1.859e-05,1.4337
2.9489e-30,1.9065e-31,9.7455e-34,6.07e-15,2.8012e-132,4.4183e-14,2.0455e-144,180.5,3.5746e-07,5.959e-16,2.7166e-08,4.6912e-25,2.4404e-06,2.8369,4.9806e-07
1.6721e-15,1.3447e-13,2.6685e-13,1.1189e-13,8.5492e-197,8.2755e-18,3.716e-116,181.02,3.8065e-07,2.3767e-14,2.8987e-25,8.1431e-25,5.6607,4.9301e-05,2.3895e-09
2.7663e-34,7.3794e-32,8.7538e-31,1.0866e-29,8.8797e-14,7.4657e-19,5.8872e-81,181.27,2.809e-127,2.9041e-16,4.212e-07,11.299,2.4241e-08,1.5438e-06,0.00033087
5.2635e-16,2.1828e-58,1.2701e-15,7.3019e-16,3.7535e-17,1.304e-15,1.5199e-58,5.4156,5.6018e-11,3.1068e-32,0.63379,6.5135e-09,8.5008e-74,3.8461e-08,1.9993
9.5116e-32,8.0942e-31,5.261e-31,1.5616e-31,3.2738e-282,5.4357e-34,7.4915e-16,6.1173,3.4524e-07,1.5831,2.0337e-15,4.3894e-09,1.575e-07,8.1532e-10,1.9991
1.3436e-15,3.6503e-15,5.0094e-15,1.3714e-25,1.2083e-16,1.8224e-18,2.6914e-16,3.5105,1.7077,3.0069e-10,0.00071232,1.7818e-10,3.6913e-63,0.17653,1.9981
2.0512e-30,1.6749e-14,3.6162e-13,1.7377e-13,4.8586e-180,5.3084e-17,4.7982e-240,256,0.00017896,2.2495e-15,6.1963e-10,7.8251e-25,2.3958e-06,5.0049e-06,4.582e-07
1.4044e-30,9.2656e-31,6.3078e-31,1.0711e-29,8.7535e-14,1.3434e-19,357.39,7.5349e-67,4.806e-08,0.00014313,1.7236e-13,3.8862e-26,1.3185e-08,1.0029e-06,1.4329
1.221e-29,4.4202e-30,1.176e-29,1.0084e-13,4.5737e-102,3.6321e-14,361.03,3.9946e-63,1.2641e-08,3.0619e-26,9.962e-05,4.6916e-25,7.1482e-41,2.8372,1.1711e-08
1.4995e-16,4.7822e-13,4.5951e-14,1.2081e-13,2.2409e-14,4.1818e-17,361.88,1.3767e-40,7.342e-17,4.4692e-22,4.0478e-15,1.8627e-07,5.6597,1.4757e-06,5.5311e-05
5.0262e-30,4.1042e-14,3.374e-13,5.4836e-14,4.6982e-82,1.8915e-17,362.72,6.9183e-72,5.529e-116,4.2812e-30,4.8969e-07,11.301,1.388e-40,1.5424e-06,7.2338e-14
3.7367e-31,3.0513e-15,7.9808e-15,5.3131e-35,2.3708e-18,4.144e-24,8.2935,1.5458e-14,1.8702e-15,6.0363e-05,0.50439,1.3455e-26,1.2317e-72,0.035384,1.9997
4.5081e-15,2.1094e-15,5.5483e-15,1.1499e-15,0,4.5927e-18,6.3297,5.4151e-38,0.012105,0.74171,5.7016e-05,2.6824e-09,2.4655e-10,4.0171e-10,2
8.4304e-31,7.9199e-32,2.2001e-31,5.931e-44,1.616e-34,6.2719e-16,5.1214,1.5381e-51,1.3323,0.010487,5.1269e-12,9.2904e-22,3.3992e-16,0.0027355,2.0004
6.9476e-31,6.7287e-37,2.8366e-15,1.1341e-15,8.116e-20,2.7492e-24,3.7071,1.8281,3.8878e-95,7.4442e-27,2.3697e-08,8.8563e-22,2.9186e-06,2.3877e-07,2.0002
2.1928e-16,6.9933e-13,6.7198e-14,1.7667e-13,9.9062e-80,2.5588e-17,512.01,2.4654e-40,1.0388e-16,6.3234e-22,1.134e-06,2.6355e-07,1.7146e-39,1.4757e-06,5.5311e-05
8.0753e-34,6.594e-18,3.4507e-18,1.2467e-15,8.7537e-14,714.81,1.1441e-209,2.7936e-59,1.6529e-42,3.7867e-27,9.5326e-14,1.8726e-24,1.893e-07,5.2214e-10,1.4349
1.5246e-14,1.5221e-22,3.3958e-13,5.0488e-14,9.3934e-101,723.26,7.6527e-130,2.8458e-35,2.5363e-42,0.00067442,4.0669e-126,1.0897e-07,6.5777e-07,2.8347,1.9267e-11
9.2383e-13,7.3304e-14,2.4733e-13,1.2667e-14,2.406e-14,723.94,2.919e-25,3.5938e-20,6.2758e-40,3.0515e-32,1.4373e-07,1.7876e-07,5.661,1.7371e-08,0.00012624
5.0748e-45,4.1439e-29,3.3837e-13,5.4893e-14,8.6539e-81,726.21,4.3951e-40,7.1149e-35,4.187e-115,2.1981e-05,7.3262e-07,11.312,6.7669e-40,8.2797e-10,7.2414e-14
5.4273e-51,1.7699e-50,1.4622e-34,1.1939e-18,0.0097493,11.333,8.2153e-51,3.3012e-08,1.812e-45,8.623e-17,0.34459,9.4397e-30,1.9206e-49,0.027311,2.002
2.0168e-05,1.0794e-05,0.0035109,0.012464,5.7823e-148,7.2212,7.0138e-49,3.0732e-49,7.2475e-167,0.43122,0.00063358,0.00039645,3.9944e-49,1.6707e-09,2.0004
2.7468e-47,2.2429e-31,1.8315e-15,7.2421e-16,4.4418e-16,5.9897,4.3024e-30,0.00023983,0.71691,1.7168e-17,0.00082865,2.6191e-10,2.4865e-09,1.8976e-11,2.0003
6.767e-33,5.5257e-17,2.3082e-17,1.4377e-15,3.1667e-269,5.8704,2.7449e-49,1.4591,0.029256,1.7637e-20,0.00085563,0.00032164,0.0022418,1.9656e-11,2.0012
2.1091e-35,3.252e-36,1.0803e-31,8.8216e-16,3.0578e-24,3.6017,1.7279,1.0618e-11,1.2193e-14,1.0471e-15,4.6087e-08,4.2335e-11,0.012168,0.086335,2.0009
9.9923e-16,2.823e-16,3.6172e-13,1.7377e-13,3.4471e-16,1024,7.4562e-44,2.6479e-63,0.00016981,2.5347e-15,6.3471e-10,7.358e-09,4.1361e-06,5.0049e-06,4.5819e-07
9.5077e-15,2.1673e-13,3.3262e-13,2.3861e-17,1428.3,2.6829e-147,0,2.5364e-06,6.3905e-44,1.393e-27,9.5354e-14,4.0607e-20,1.0703e-06,3.6981e-07,1.4335
5.1871e-13,2.1149e-44,1.935e-13,1.3389e-13,1449,7.0194e-08,1.5121e-42,1.6138e-28,2.367e-292,3.7283e-27,1.0572e-14,2.5997e-20,1.5525e-08,2.8372,0.00022764
1.0206e-20,1.4015e-20,9.8857e-19,1.773e-13,1447.8,1.2565e-05,2.4027e-39,4.3797e-54,1.4207e-13,2.1367e-25,0,3.8583e-21,5.6606,6.1891e-07,0.00015015
2.0992e-16,1.2032e-15,1.4327e-14,1.7783e-13,1453.3,0.012218,1.0124e-64,4.3526e-44,4.8907e-145,2.9103e-16,4.221e-07,11.323,2.4293e-08,1.47e-06,0.00033157
3.5177e-32,3.198e-33,2.0761e-31,1.6968e-15,13.855,0.0032844,9.1087e-113,9.9352e-29,1.3346e-50,6.5292e-28,0.2526,1.2711e-21,2.7868e-42,0.044806,2.0003
3.8946e-18,2.3535e-17,5.7745e-17,1.3643e-15,11.143,0.013484,1.3425e-97,1.1869e-34,3.3029e-78,0.3887,0.00042732,7.5431e-11,0.0057651,1.1862e-08,2.0001
5.7414e-32,3.1863e-34,1.2898e-31,1.0597e-15,8.6534,2.0663e-239,6.6817e-122,6.425e-38,0.4586,0.0055027,1.2095e-12,3.5067e-29,5.9735e-52,0.028115,2.0008
9.5241e-33,5.1749e-36,9.7558e-32,7.9686e-16,6.5068,0.001632,1.9537e-93,0.87523,9.854e-06,1.9262e-27,1.504e-11,0.027994,1.4984e-65,0.022034,2.0001
0.0044827,1.7112e-06,0.017645,0.0020581,4.421,9.0437e-09,1.0511,2.2694e-05,4.2853e-06,4.8064e-24,0.00022945,1.8358e-27,1.2253e-140,0.075042,2.0002
0.01166,0.00046396,0.0049789,0.027945,3.8177,1.8831,2.9682e-07,3.242e-09,1.0263e-67,6.3859e-05,0.00027857,0.016766,6.152e-10,0.011681,2.0005
4.3494e-16,1.1543e-13,1.232e-22,2.4916e-13,2048.1,4.8387e-05,9.0934e-40,7.1251e-54,3.4571e-269,5.9156e-16,8.8875e-18,6.0247e-06,2.8704e-08,3.8685e-06,3.0936e-07
1.3525e-12,1.58e-13,4.4508e-14,2858.6,0.00030809,1.2826e-05,2.6511e-60,2.4366e-23,5.4986e-37,2.6139e-29,1.079e-07,5.0741e-25,3.9644e-07,1.5198e-09,1.4328
8.684e-29,1.1038e-36,3.5455e-13,2895.1,3.539e-08,1.4239e-05,2.5704e-39,2.8478e-35,3.011e-42,9.8251e-25,4.0699e-126,1.0905e-07,1.2752e-06,2.8363,1.1838e-11
8.0252e-07,0.00058272,0.016164,2899.5,9.6712e-107,1.2582e-05,2.406e-39,3.5998e-54,1.4226e-13,2.1396e-25,0,7.6832e-05,5.6683,5.5396e-07,1.3173e-08
1.0867e-12,1.4033e-19,2.2093e-13,2859.3,3.171e-51,0.00058907,9.9052e-95,9.0111e-33,2.21e-38,3.6609e-26,4.1251e-09,11.459,1.9752e-06,1.3754e-06,1.3677e-05
8.9101e-15,2.046e-48,4.4546e-16,18.549,4.8303e-86,1.6187e-06,2.8876e-167,0.0015413,0.00015097,1.7348e-29,0.20709,1.2205e-08,0.050843,7.7476e-11,2.0003
3.2484e-31,2.3064e-32,1.3396e-15,10.938,1.0045e-110,0.04376,0.0083209,1.2712e-37,0.0011039,0.15319,9.8322e-05,0.00051246,2.4596e-12,0.074962,1.9997
1.6302e-31,1.3311e-15,1.1424e-15,10.796,0,3.9476e-06,8.2836e-119,1.6495e-14,0.30984,0.0026107,0.00034064,4.1979e-07,7.6184e-10,0.066462,2.0003
2.0568e-32,1.6795e-16,1.1876e-15,9.7218,0.017937,0.002142,8.2043e-98,0.72446,6.1662e-07,1.6677e-05,1.0545e-06,4.2374e-30,1.6732e-44,0.074759,2.0005
3.9729e-19,0.0032441,0.016793,7.1475,2.7415e-181,2.9213e-05,0.92857,3.1837e-65,7.6836e-77,2.3304e-24,0.045649,8.2799e-07,0.00018725,0.068011,2
2.0135e-18,9.8867e-25,6.0012e-16,4.9004,6.4025e-61,1.0978,2.2346e-105,0.040032,8.9685e-45,5.3182e-18,2.4362e-149,0.00014729,5.4258e-08,0.064162,2.0011
4.093e-19,0.0033422,0.13343,5.0752,2.6082,0.023066,2.4949e-63,2.1469e-10,1.3627e-43,9.9442e-29,0.054227,0.053257,5.7297e-42,0.095211,2.0002
1.9447e-12,2.2216e-13,5.4523e-14,4096.5,0.0032003,0.0010476,1.0738e-59,3.1958e-23,4.3597e-38,1.4124e-41,0.00014881,1.4078e-07,2.603e-49,1.4151e-06,7.6185e-05
1.3209e-12,3.2202e-18,5392.9,1.2004e-05,0,0.0020788,5.5889e-41,7.1063e-67,3.0667e-08,1.2352e-21,1.6255e-13,3.6651e-26,5.8061e-51,9.4483e-07,1.5065
5.3781e-13,6.5588e-13,5788.3,4.9861e-18,8.7627e-10,0.0011813,2.4018e-39,5.7376e-33,6.4372e-42,0.00036913,8.6157e-171,4.3898e-06,1.0583e-05,2.8384,0.00017377
8.6967e-29,7.1014e-13,5798.7,3.627e-06,3.6664e-44,3.6303e-05,1.3002e-39,5.1408e-35,3.2196e-08,4.8544e-22,1.0089e-18,9.8888e-09,5.6681,8.4561e-12,5.0749e-07
6.9705e-15,7.4522e-16,29.103,3.5147e-18,0.0078022,0.015104,1.496e-51,4.0949e-47,7.1771e-14,1.0016e-05,3.993e-05,0.3349,2.4818e-120,0.13532,1.9991
8.18e-15,1.1485e-15,34.689,0.00059304,5.7093e-08,0.0021497,0.0020622,4.5121e-38,0,1.1685e-15,0.19952,1.4382e-22,0.010099,0.074609,2.0014
4.7561e-15,3.0825e-22,19.418,0.00095377,5.2065e-05,0.0081811,0,1.4393e-22,9.0126e-16,0.15102,1.0575e-213,5.5232e-11,1.6969e-163,0.069085,2.0004
0.017757,0.00019681,10.549,0.015382,3.7636e-97,0.00046248,4.7514e-43,1.1385e-37,0.15106,3.228e-27,1.1883e-16,4.6517e-10,0.0101,0.067465,2.0011
2.3295e-15,1.5182e-16,9.5914,6.4736e-10,2.2513e-112,0.00036444,9.9211e-30,0.39282,7.4039e-90,4.1807e-23,5.4877e-13,1.1427e-27,0.00033165,0.044508,2.0002
1.0379e-06,5.8697e-08,7.9095,4.9318e-09,3.7154e-05,1.2315e-08,0.45457,0.00018975,3.7469e-18,2.011e-35,5.4653e-12,2.2093e-09,2.9766e-56,0.040904,2.0027
1.5644e-15,8.6935e-22,6.3871,0.001494,2.3369e-106,0.75262,1.0955e-27,6.9215e-24,0.03721,2.1755e-18,1.3802e-12,1.1895e-23,6.7985e-111,0.073768,2.0009
8.3252e-21,6.7981e-05,6.2357,1.2765e-09,1.5751,1.3301e-05,8.9517e-91,0.00015359,8.5627e-167,3.3712e-25,2.4887e-20,1.3724e-09,2.5385e-57,0.033155,2.0005
3.0336e-16,9.2482e-16,7.6526,3.7482,6.5231e-181,2.0578e-05,0.0015451,1.9936e-34,5.8914e-17,9.1642e-36,3.1294e-09,3.7321e-05,3.1028e-53,0.04078,2.0004
2.1726e-13,9.9775e-13,8195.4,5.4782e-17,0.0025146,0.0012786,7.0356e-60,2.7181e-56,7.5938e-37,9.9357e-26,2.8272e-10,1.216e-07,9.4004e-45,1.6209e-06,1.3791e-05
5.2335e-13,4273.5,0.132,2.5253e-25,3.6676e-05,2.3207e-127,4.9219e-55,2.0234e-18,1.7249e-34,0.0074569,2.9076e-15,4.6614e-08,7.3443e-151,0.54013,1.9123
3.9087e-13,3191.7,0.018709,0.027199,7.8486e-46,0.015693,0.0042488,9.799e-67,5.6404e-35,4.1868e-32,8.8054e-16,4.6344e-10,9.3921e-09,3.9258,2.1128e-13
4.9364e-14,403.09,0.0012045,1.0944e-07,4.5255e-53,5.3721e-05,2.3365e-60,0.19657,0.0031083,2.16e-19,1.0146e-17,3.2989e-08,0.89984,4.5067e-07,1.9887
1.1749e-15,9.5938,0.00017271,0.0048654,4.0036e-05,0.01846,3.7918e-151,2.5406e-10,4.3967e-73,1.1789e-25,3.7359e-13,0.53593,8.6735e-72,0.13563,1.9987
3.8277e-15,31.255,0.00011349,0.0037719,4.0361e-73,0.016778,1.4679e-75,5.2101e-22,5.6435e-17,7.75e-30,0.36243,2.2872e-27,6.8132e-07,0.075502,2.0005
1.0042e-15,8.1996,2.6315e-09,0.0012048,4.1538e-10,0.0060947,3.2378e-07,0.00094754,5.3905e-12,0.12869,0.0019519,1.135e-27,2.2209e-50,0.074554,2.0022
0.0045549,7.7841,2.2179e-06,1.3995e-20,1.6241e-99,2.1447e-07,0.032538,8.4496e-21,0.50281,0.23491,5.9838e-17,0.032593,4.9674e-08,0.17726,1.9985
4.4685e-16,3.6488,1.1137e-08,1.1277e-09,0.0015547,9.6441e-06,5.099e-31,0.42549,1.4811e-11,3.368e-24,5.1076e-12,0.0059583,0.0078911,0.07144,2.0039
0.0044022,2.7816,0.28354,1.4758e-20,6.2717e-87,0.032027,0.39179,2.276e-59,4.4202e-08,4.449e-33,0.026019,1.4452e-27,5.4563e-79,0.096257,2.0053
7.2648e-16,5.9322,5.5008e-08,0.0007156,0.0025277,1.673,7.0332e-164,3.5493e-39,3.0187e-11,3.0485e-24,2.2138e-07,0.0013272,0.022656,0.07301,2.0017
0.0011234,2.9396,1.7214e-08,0.086344,1.15,0.25009,1.0138e-49,1.0927e-23,9.9444e-09,0.040451,0.10232,0.0011834,3.3792e-05,0.077967,2.0116
0.015263,3.1336,0.0054531,2.0133,5.8036e-07,1.9711e-06,7.1103e-49,9.4628e-27,3.4904e-119,1.6913e-15,2.4753e-10,0.011839,8.5646e-10,0.016965,2.0014
0.0003383,4.1339,7.1357,0.0011214,9.2284e-11,0.0016119,1.0584e-136,0.015588,9.877e-38,9.4675e-32,3.9796e-21,3.0965e-06,1.5461e-53,0.0061989,2.0183
2.01e-12,16413,0.040948,0.1466,1.8575e-119,1.9059e-148,3.5885e-213,5.4078e-06,1.1824e-43,0.048877,4.7467e-15,3.7216e-20,1.8209e-143,5.5552e-07,9.1764e-14
1459.5,1.2408e-41,0.002152,0.0054718,5.9022e-196,5.0411e-05,1.9897e-26,3.2286e-24,1.2723e-34,3.0113e-16,9.5958e-12,9.8401e-09,5.4986e-49,5.5653e-10,2.0028
174.12,8.8394e-33,0.0031423,0.13416,2.1521e-133,9.4641e-06,1.2012e-118,3.7473e-35,1.0198e-70,0.0052465,4.2395e-08,7.9382e-07,8.5453e-13,1.1745,1.9134
10.998,4.2942e-40,1.423e-05,4.0152e-21,2.3072e-148,0.05494,3.1604e-88,2.1317e-28,0.0011929,9.4879e-31,1.6824e-08,0.028093,0.63677,0.25275,1.9903
26.461,2.7268e-06,5.6459e-05,1.1954e-25,0.021126,0.046127,2.3178e-54,4.5741e-10,9.8526e-97,0.039174,0.00011848,0.52461,6.4451e-06,0.10472,1.9989
14.004,4.8193e-06,2.5425e-05,0.00033576,1.1907e-199,0.002335,9.2626e-130,4.177e-22,0.030724,0.099278,0.37557,3.564e-09,7.8138e-09,0.047772,2.0051
4.7062,0.00094556,2.8041e-09,0.00034575,9.2539e-11,0.00013664,2.9467e-07,1.0366e-41,0.28074,0.56515,0.0085717,4.9843e-27,4.4401e-51,0.16412,2.0012
5.5469,2.0774e-06,0.0094118,0.0014538,2.4016e-90,0.16721,8.7369e-167,9.498e-24,0.2738,0.0074519,0.034473,0.0060996,1.0786e-54,0.16692,2.0048
3.008,1.3957e-12,3.0957e-07,1.0945e-10,8.0526e-06,1.8863e-07,3.8773e-05,1.0228,5.0145e-05,0.00080082,8.3707e-13,3.6101e-10,0.00013034,0.16496,1.9993
3.2942,1.9806e-36,3.8288e-06,0.2201,8.8276e-06,0.018499,1.4528,3.2777e-26,2.2809e-09,4.817e-28,2.3845e-183,0.23488,8.8465e-49,0.064963,2.0047
3.2728,2.2361e-37,0.065005,7.9454e-11,1.2447e-54,2.2736,0.00010165,0.00088905,0.00036086,0.083085,9.3513e-20,0.019954,0.00041452,0.063233,2.0009
1.9396,0.15874,4.9437e-06,0.12086,2.5474,4.823e-08,7.3644e-251,4.562e-36,1.3527e-12,4.9533e-27,3.8272e-13,0.0017902,6.5458e-13,0.16589,1.999
0.75745,0.057449,2.9739e-09,3.7042,2.1099e-116,2.6796e-12,4.5612e-139,9.22e-20,4.1415e-17,5.3875e-15,4.6616e-13,9.7218e-05,0.012558,0.04502,2.0011
1.1162,3.061e-10,6.5374,1.8963e-18,2.9231e-70,0.0004632,3.1714e-105,4.2591e-38,2.2972e-15,2.1565e-06,0.025634,1.6237e-07,2.1019e-133,0.0023641,2.0007
1.6204,4.5324,1.194e-08,5.7614e-17,2.3691e-88,3.5577e-09,2.4325e-87,3.4566e-21,1.4832e-12,2.8878e-08,8.8936e-13,0.00014771,4.154e-07,0.073994,2.0086
4533.8,1.0507e-38,0.0058541,4.0817e-17,0,8.4577e-153,6.5139e-61,4.0925e-65,2.8194e-142,4.3079e-18,2.4851e-15,3.0366e-08,2.3859e-06,1.9448e-07,1.9837
0.29943,2.0086,3.0959,1.5617,0.46142,1.442e-10,4.8341e-51,2.484e-09,8.9793e-50,2.0147e-06,5.8131e-10,0.00011855,0.025164,1.77e-09,2.0114
2.2511,7.4334,15.178,7.6986,1.5277,2.6836e-05,0.00373,1.3427e-67,2.8141e-17,0.57006,9.2524e-15,2.1003e-11,0.031335,1.0197,1.9353
0.26225,0.94874,2.3159,1.1109,0.27336,3.9059e-06,3.7706e-56,1.6179e-07,8.2337e-19,5.8527e-27,1.3035e-17,1.3038e-12,2.2284e-173,1.064,1.9368
2.6114e-15,21.323,23.722,12.435,3.1367,5.0963,6.127e-138,0.99777,0.31842,0.85711,1.6774e-09,8.9864e-09,0.81207,0.13832,1.9896
0.94076,7.9944,13.709,11.542,9.434e-166,5.7649,1.3723e-49,5.5754e-09,2.1512e-17,5.1022e-21,0.28882,0.036204,0.72276,1.1422,1.9128
1.6537e-16,1.3504,2.3324,1.1543,0.30215,0.447,3.4901e-50,0.28069,7.7035e-20,2.164e-29,1.3012e-07,8.2017e-09,0.61987,0.31403,1.993
0.45096,1.1458,2.883,1.4488,0.26417,0.24841,0.29611,0.036928,0.00041304,4.5651e-06,0.04921,0.31117,5.0418e-123,0.11563,1.9999
5.7903,20.581,51.681,24.874,17.746,0.0066385,1.5891e-35,3.7332e-10,2.5344e-05,5.9614e-27,1.0987,1.2046,3.0698e-10,2.6954,1.5249
4.2975,49.712,56.702,35.659,2.3703e-06,1.2412e-06,9.5872e-151,2.4647,5.6468e-43,2.2295e-06,8.2954e-20,1.2167,1.8115,7.3245e-07,1.9424
0.41844,1.1839,2.0723,1.0782,0.24948,0.16572,1.2798e-103,0.14931,8.7164e-11,5.1046e-06,4.3995e-18,0.5568,8.5518e-145,5.8013e-08,1.9997
6e-05,1.7318,3.947,1.9837,1.4663,0.00071202,1.1751e-166,5.6746e-22,2.3241e-09,0.00084246,0.20201,1.5316e-27,4.8739e-10,0.1736,2.0435
0.043846,12.681,21.716,10.878,8.1146,0.3982,0.0045467,5.0664e-34,1.3394e-17,0.3092,1.0774,0.00097554,2.3002e-35,1.0757,1.9582
2.817,18.114,43.978,20.255,9.0887,1.5904,4.8038e-94,5.2211,1.4739e-15,6.6281e-16,2.1383,1.4683e-08,2.903,2.2444,1.5212
0.041686,12.056,20.646,10.343,7.7149,0.20953,2.847e-61,4.1334e-20,1.2712e-17,0.29346,1.0226,0.65575,3.5e-35,1.048,1.9299
0.19876,0.8421,2.023,1.0058,0.24516,0.0031933,5.3199e-114,4.2081e-07,0.17309,6.2497e-28,0.29067,3.8125e-29,8.6508e-08,0.23122,2.0092
1.3865e-16,1.1322,1.3448,1.3282,6.7337e-07,0.38806,0.0022602,0.14697,2.547e-44,0.15426,3.1823e-08,5.7751e-28,1.3602e-46,0.034122,2.0168
1.1269,3.7211,7.779,3.935,5.203,2.7857e-05,0.0067486,1.3938e-67,7.6579e-17,0.59175,2.1164e-20,2.1802e-11,0.021336,1.0535,1.9329
0.11036,12.654,14.078,7.3796,1.8615,6.3633,6.1155e-138,0.9959,0.31797,0.8555,1.6742e-09,1.0846e-08,0.81055,0.13806,1.9897
3.0928,50.068,100.47,40.23,35.457,24.32,1.2381e-133,10.551,2.2028e-13,4.9965,1.9342e-26,2.1747,4.1201e-08,3.9592,0.00048322
0.12439,2.4857,2.2501,2.2978,9.3809e-146,0.00040094,0.0014294,0.11175,5.8574e-06,0.18977,0.23636,0.018579,2.4081e-46,4.8575e-05,2.0027
0.18043,0.9186,2.2371,1.1413,0.27601,0.048822,1.0352e-113,4.5598e-07,8.5615e-10,0.36166,1.7954e-17,4.2358e-06,2.6469e-12,0.33244,2.008
0.38307,1.3444,2.0663,1.0512,0.18856,2.9133e-08,1.6048e-05,0.039297,0.20883,5.2338e-23,5.9534e-11,1.0996e-11,0.048435,0.0026649,2.0155
6.3339,21.807,34.472,17.597,8.371,7.5794,0.11256,2.7586e-22,6.0149,4.3119e-33,1.756e-09,0.56904,9.0481e-07,4.0066,0.00034345
0.6546,2.2656,3.5827,1.8177,0.35433,5.3203e-08,1.7782e-06,0.0080046,0.33704,1.6357e-24,9.2203e-11,1.7747e-11,0.8362,0.12993,1.9884
3.3531,11.844,29.678,15.948,0.0025982,6.8508,1.3265e-66,0.1994,4.3675,3.7346e-24,6.8738e-10,1.2229,3.3733e-112,2.0274,1.7192
1.2147,4.2294,10.359,5.7273,0.92772,9.4563e-05,0.0060128,0.0041605,0.99798,2.3971e-30,0.90857,0.12518,4.0107e-52,1.0885,1.9481
0.00056599,0.96726,2.3375,1.1416,0.15999,0.00089165,4.6121e-87,1.8292e-21,0.43082,0.26093,2.0952e-09,1.2846e-11,4.5659e-08,0.16662,2.0007
0.00091596,1.5612,2.9586,1.4634,0.95577,0.0015054,7.8201e-87,2.2283e-22,0.73049,1.652e-06,2.5422e-09,1.3928e-11,4.9503e-08,0.18065,2.0006
0.38624,2.4862,2.738,1.5693,0.81324,3.3499e-05,2.1053e-150,1.0435,0.11563,2.0119e-35,9.076e-09,4.5126e-12,0.019376,0.17668,2.0001
3.4104,11.84,28.864,15.417,2.0904e-09,3.235e-08,1.2576e-116,7.247,2.143e-99,1.2512e-15,0.25518,0.086031,2.1837e-116,1.0972,1.9526
1.2461,5.4636,9.0928,5.6145,3.134e-125,1.0666,3.0125e-128,2.6562,6.3877e-53,0.0081573,6.8642e-20,0.13082,2.0505,0.67706,1.9131
1.3435,10.931,14.261,8.796,2.333e-08,3.0619e-07,4.7521e-236,2.6412,0.0066853,1.3442e-23,1.6391e-08,0.8669,1.7825e-11,6.9283e-08,2.0018
0.46318,3.7463,5.8663,3.5724,1.8931e-156,1.0962,3.0526e-53,1.8458,4.3581e-15,0.14295,0.46381,0.32825,4.988e-08,2.0663e-08,2.0034
0.24799,1.5963,1.758,0.9535,0.47128,2.0388e-05,1.1689e-137,0.63507,0.070376,0.26506,1.0468e-08,4.7734e-12,4.3918e-10,0.17682,2.0016
0.55009,1.8321,2.8545,1.4533,1.6016e-49,0.14459,0.020561,0.98878,1.0771,0.00012302,0.99505,0.22022,9.1009e-123,4.9901e-08,2.0002
0.083192,0.749,1.7097,0.86786,0.66215,0.00030446,5.2153e-167,0.79654,6.7508e-09,0.0062855,3.2424e-05,0.042857,3.6146e-10,0.17608,2.0588
0.11708,1.6087,3.2603,1.6056,0.52719,0.019442,1.6146,2.2595e-09,5.4562e-18,6.3202e-26,1.9115e-12,0.024465,6.1083e-09,0.07838,2.0012
1.8462,15.236,26.865,13.272,9.7979,4.7289,14.17,1.5299e-19,1.297,4.8301e-27,3.7173e-10,0.016189,2.0562e-39,1.0972,1.9268
7.7058e-16,6.2923,12.713,6.2615,2.056,0.075821,6.297,8.812e-09,2.9935e-17,4.0425e-28,6.2857e-12,0.09541,5.6264,8.2934e-07,1.4231
1.4878e-16,1.2149,1.8941,1.2841,0,0.16255,1.1067,4.0312e-08,4.6783e-18,0.13076,4.0654e-16,0.28221,3.5534e-08,0.41369,1.9902
0.46791,227.87,318.73,171.45,3.8847e-05,0.33391,102.55,8.6405e-46,1.2036e-13,10.325,15.742,9.9973e-09,4.1847e-06,3.322,6.1951e-05
0.087389,1.2007,2.4335,1.1984,0.38396,0.19617,1.2983,0.021476,4.3895e-18,0.15347,4.8517e-16,0.026841,6.6625e-09,0.085994,2.0011
0.061167,0.84045,2.0228,0.98809,0.63981,0.00084273,1.2137,0.15667,0.2722,0.1924,2.2835e-09,0.060319,8.202e-09,0.12836,2.0072
0.095366,1.3103,2.6556,1.3077,0.419,0.21408,1.4168,0.62033,6.3117e-18,0.22068,4.157e-11,0.099496,1.129e-08,0.17668,2.0063
0.05352,0.73538,1.4903,0.73392,0.2408,0.19376,1.7267,2.3827e-09,5.7535e-18,0.067242,3.378e-16,0.0044499,6.1083e-09,0.07838,2.0012
0.47801,1.7076,2.6471,1.1607,0.40613,2.2784,1.1187e-62,0.18639,8.2564e-12,3.8957e-14,2.7593e-09,0.033179,0.0081449,0.098234,2.0149
0.073728,0.31893,1.6826,0.66796,5.2856e-53,1.8283,0.00064061,0.096289,4.0641e-55,0.0019327,5.0834e-95,0.02386,0.30853,1.2967,1.8971
0.23225,0.40258,1.5172,0.79304,0.16133,1.7415,2.869e-56,0.1514,6.4912e-12,1.4824e-14,1.235e-12,0.095894,0.62857,0.28188,1.9924
0.33467,0.59071,2.2972,1.3908,0.26493,2.8598,4.7113e-56,0.24861,4.7188e-12,1.0503e-13,2.8523e-11,0.79832,0.48828,0.28212,1.9941
2.2779e-17,2.0804e-16,1.7013,0.97348,0.23647,1.5755,0,3.7177e-21,7.893e-11,1.3442e-26,0.18864,1.1683e-27,9.0745e-08,0.16528,2.0021
0.031112,1.6082,2.7023,1.3582,0.44021,2.7612,9.9828e-69,5.6841e-12,4.3537e-15,0.1626,1.5366e-07,0.050417,7.9374e-09,0.011306,2.0067
0.085364,0.80133,1.8963,1.1584,0.068178,1.2097,3.057e-08,5.2564e-06,0.27463,0.037248,2.9427e-05,0.04768,9.3444e-06,0.16721,2.0043
0.36059,1.2396,1.9231,0.83387,0.33291,1.6834,8.266e-63,0.4583,2.5942e-10,8.3025e-24,2.9043e-09,0.035026,0.0071933,0.11339,2.0034
0.024259,1.2539,2.0843,1.0486,1.2776e-64,1.9441,1.1267,6.0621e-12,4.6433e-15,0.17341,1.8682e-07,0.063917,9.162e-09,1.51e-08,2.0055
0.27945,0.85524,1.4799,0.73972,0.024282,3.2603,3.1869e-49,1.3414e-08,4.8208e-49,2.344e-05,1.7325e-10,0.00099605,3.0415e-05,1.7667e-09,2.0076
0.19792,0.69506,1.6906,0.8175,3.5425,3.4358e-05,0.022554,7.2263e-07,0.083899,0.067124,3.7716e-05,4.2001e-07,5.5988e-261,0.07548,1.9998
0.00092623,0.11401,1.2384,0.69601,1.9238,0.00063762,6.415e-62,8.0831e-11,4.7924e-05,0.00034502,0.070441,9.1686e-27,0.24124,1.0615,1.9286
0.47777,0.47183,2.5463,1.8129,4.5069,0.001562,2.7639e-07,1.8456e-09,6.0354e-57,4.8944e-37,1.1543e-10,0.0065347,0.7134,1.1141,1.9175
0.093247,0.24629,1.3552,0.69545,2.5411,0.015556,9.2952e-05,1.6528e-21,5.6318e-24,4.6286e-19,5.4808e-06,0.33783,0.15565,0.0016097,1.9995
0.27509,0.97291,2.4952,1.1988,4.6825,0.0012455,1.399e-49,6.314e-48,0,2.0266e-27,0.40175,0.21537,0.36337,1.236e-06,2.0007
0.39774,0.97735,2.0346,1.4644,4.8241,0.001384,1.4413e-49,6.5049e-48,0,0.24525,1.892e-09,0.076233,0.080699,3.0322e-07,2.0027
0.25338,0.56635,1.1707,0.58748,2.3377,1.1162e-06,0.0038326,3.7479e-48,0.58814,1.7023e-15,4.2094e-10,1.7331e-14,2.3337e-50,0.16896,2.0089
0.018594,0.67747,0.95991,0.60764,2.8151,0.29847,3.8058e-05,0.46134,0.00051029,0.0025441,2.5703e-158,0.087241,6.1993e-28,0.1689,1.9991
0.12385,0.30572,1.4381,0.38024,2.8303,0,0.41268,1.7319e-35,9.7651e-05,4.4331e-10,5.4719e-16,1.2356e-11,1.3637e-05,0.030481,2.016
0.38623,7.148e-40,0.95864,0.32188,2.1867,1.0832,0.00037464,3.9447e-26,6.2335e-12,3.0995e-05,6.8267e-26,8.8032e-14,6.9006e-144,0.041046,2.0034
1.0336e-16,0.84396,1.7093,0.84173,5.3352,0.080004,0.00085537,1.8438e-09,1.5492e-11,5.1574e-26,1.3368e-12,0.019963,4.9845e-09,0.078919,2.0039
0.0040161,0.92715,2.2327,9.2626,0.50455,0.09111,1.0198e-53,9.0347e-23,2.3396e-12,8.0045e-24,8.267e-12,1.1748e-11,2.5688e-06,0.12519,2.0024
0.0066099,0.46805,0.7428,3.1611,1.6073e-05,0.27871,5.121e-66,1.4748e-05,1.4863e-41,2.7268e-28,1.455e-11,0.0022825,3.0326e-100,1.263,1.8992
0.20632,0.67699,1.6879,7.2348,0.055,4.2223e-07,9.7609e-53,0.020375,8.1807e-76,1.6545e-29,1.8251e-12,6.3759e-11,0.52463,0.36485,1.9885
0.003237,0.7587,1.8419,7.6283,0.16342,0.0016403,3.4976e-113,2.7577e-23,0.0024861,4.2714e-16,0.11812,0.28227,2.8463e-112,0.14547,2.029
0.047207,0.40116,0.68791,2.6985,0.059806,0.026773,0.19545,7.1705e-23,8.1843e-44,3.6367e-29,0.15389,0.097642,4.3329e-39,0.15753,2.0024
0.062033,0.88489,1.2346,5.3231,0.0036171,0.023936,1.8873e-30,4.6195e-40,0.00021357,0.1609,4.5586e-07,0.060309,1.4863e-55,0.098846,2.0012
0.16812,0.58951,1.4352,5.5549,0.13962,0.45648,0.0046992,2.7912e-38,0.31953,4.3366e-28,7.3293e-05,0.057684,3.0494e-40,0.16437,1.9988
0.12015,0.39425,0.98297,4.2133,0.02951,2.4589e-07,1.4753e-49,0.21954,6.1783e-76,1.2495e-29,1.4385e-12,4.8153e-11,0.038573,0.0315,2.0045
0.021202,0.18017,0.87463,3.5611,0.20213,0.035478,0.26715,1.2225e-22,0.00065199,0.1222,0.12454,0.089314,1.8412e-42,0.1441,2.0015
0.0011244,0.53893,0.84231,4.1729,1.6843e-156,0.97832,2.7197e-53,3.5484e-10,8.2727e-16,0.027134,0.088042,0.062483,1.6968e-08,0.10315,2.0027
0.021207,0.39768,0.96453,3.6118,1.8848,0.0026565,0.0042305,0.0038383,0.14377,9.666e-30,0.00030866,0.032916,0.00094395,0.095317,2.0151
0.17095,0.18282,0.71964,4.9004,2.1962e-126,0.015153,4.2525e-31,0.032235,1.7655e-55,0.14491,1.3803e-23,0.05144,1.8271e-51,0.097227,2.0007
3.7776e-17,0.30847,7.5512,0.55559,0.19522,0.00083732,1.1296e-166,0.01099,1.2204e-08,1.5991e-18,1.9519e-17,5.917e-11,7.8208e-09,0.020595,2.0007
0.098498,0.1861,5.4555,0.41513,0.46497,6.6436e-06,6.4134e-56,3.9807e-08,1.4005e-18,9.9549e-27,2.4315e-17,2.2176e-12,6.0764e-05,1.1089,1.9232
3.8258e-17,0.3124,7.3555,0.9187,0.17154,0.48127,5.2911e-132,0.0077813,1.368e-08,2.4479e-15,4.024e-21,6.5779e-11,1.5305,0.75576,1.9376
8.5233e-17,0.69598,3.866,0.0031602,3.7964e-05,0.014941,1.3106e-161,2.0558e-10,9.9494e-79,9.5392e-26,2.9046e-13,0.53069,5.0686e-06,0.13692,1.9987
1.0297e-06,0.010493,5.5144,0.67756,1.3199e-103,1.3483e-12,0.0001274,1.5507e-06,0.022558,2.6137e-18,0.14572,0.078268,1.742e-08,0.16954,2.0067
1.2597e-16,1.0286,7.3645,0.12343,0.026291,0.011867,0.029355,2.3449e-26,2.2954e-47,0.21559,1.4608e-139,0.00026145,1.9242e-06,0.001403,2.0013
0.048376,0.13565,4.0501,0.18776,0.003184,4.9137e-08,1.4279e-68,8.4087e-38,0.49453,1.6586e-22,2.1695e-06,4.4222e-11,0.028058,3.3227e-08,2.0033
0.036085,0.2346,5.4069,0.39783,1.5884e-06,1.7748e-06,0.00054414,0.30278,0.049337,9.0631e-12,1.989e-09,5.5082e-10,1.2594e-44,0.012049,2.0017
8.4636e-17,0.69111,4.9481,9.0455e-05,4.8573e-12,0.0079683,0.41223,2.2868e-35,1.8846e-48,0.13683,1.6035e-20,3.2662e-12,1.5182e-06,0.00099576,2.0008
1.0522e-18,0.0085918,4.2829,0.26765,0.11038,0.68012,1.0388e-27,4.0048e-24,0.028796,1.1301e-18,9.5874e-08,7.4811e-11,1.0974e-08,0.01978,2.0022
2.2672e-17,0.18513,5.3764,0.32695,1.3444,0.085502,1.998e-99,1.7888e-11,6.7015e-124,3.1714e-25,0.032997,0.00023234,6.6992e-09,0.031986,2.001
3.291e-17,0.26873,5.6021,2.4716,0.19109,0.00081959,1.1057e-166,0.011312,1.0464e-08,2.165e-18,1.9107e-17,5.7924e-11,0.0015725,0.020619,2.003
0.086472,0.24345,7.4659,0.34467,0.0058691,0.00081827,1.5863e-191,2.1585e-16,9.2725e-12,4.2721e-22,5.4672e-07,0.00080837,3.8942e-55,0.020635,2.0026
0.40776,5.9348,1.4854,0.83073,3.3707e-161,0.0067083,5.1386e-50,0.007031,0.00024325,0.030696,2.2625e-12,0.013209,0,0.096933,2.0036
5.9799e-16,4.883,1.7969,0.54022,2.0214e-117,0.00015824,2.0771e-28,9.312e-22,1.562e-09,2.4973e-14,2.7063e-11,0.023101,0.28412,1.0919,1.981
4.2727e-16,3.489,1.306,0.27143,1.4106e-117,0.00011043,1.4494e-28,3.2424e-22,2.1487e-10,1.4304e-19,3.3346e-09,0.01612,1.5337,0.75735,1.939
0.21167,1.8931,1.026,0.81148,2.0556e-49,0.057863,1.5786e-05,3.8009e-23,3.7712e-05,0.016172,5.8663e-17,0.28061,1.0342e-11,0.15254,2.0039
0.0083827,5.3948,1.3229,4.0733e-09,0.030599,0.00041261,0.33209,9.7483e-27,1.7574e-11,2.4736e-33,0.52918,2.1164e-26,3.6379e-49,0.1345,2.0001
0.86815,4.9595,1.1886,0.76967,4.8747e-46,0.40445,0.0013191,1.9547e-11,1.4424e-17,0.11457,1.7198e-08,1.7789e-08,7.2419e-32,0.034841,2.01
0.0053603,3.7371,0.93924,0.5763,3.8339e-50,0.083788,0,2.006e-24,0.2772,4.7289e-28,0.059297,0.021574,1.3062e-05,0.074517,2.0095
3.2183e-16,2.628,1.0804,0.122,3.6976e-05,1.5462e-09,1.0927e-28,0.38581,2.6887e-43,1.6347e-13,5.1595e-12,7.0977e-11,0.083382,0.004425,2.0004
0.0057393,3.6265,0.94177,1.4438e-20,6.2303e-07,0.046103,0.56399,3.2763e-59,6.3629e-08,6.1244e-33,3.9048e-13,1.4451e-27,5.4562e-79,0.096255,2.0053
4.6405e-16,3.7892,0.93477,0.53217,4.1494e-167,0.94026,3.0296e-50,6.3715e-16,3.7333e-12,2.5501e-22,0.042674,0.032092,0,0.45248,1.9916
0.00065357,1.7101,0.84098,0.076016,0.93944,0.083566,4.9836e-173,4.9903e-22,2.8962e-82,0.1252,0.21336,0.0024819,8.2448e-08,0.16202,2.0014
3.433e-16,2.8033,1.059,1.9774,5.8322e-07,2.1566e-06,7.1213e-49,9.4775e-27,3.4963e-101,1.6939e-15,3.8447e-10,0.011857,2.2552e-20,0.016991,2.0045
0.12547,2.9624,5.1146,0.33855,8.2778e-49,9.9773e-07,1.4809e-151,2.3532e-39,2.6814e-41,2.1369e-28,8.523e-08,0.099651,1.7551e-51,0.028427,2.0036
0.00071792,5.5892,0.59579,0.23356,0.083237,0.00023232,4.2902e-167,6.8027e-12,6.2739e-09,8.6401e-36,1.3547e-18,0.019882,8.7302e-09,0.029042,2.0005
2.7769,0.69814,1.8531,0.3871,0.30025,0.00058822,7.7112e-129,3.7193e-22,8.6628e-45,0.12768,7.9834e-10,3.4374e-05,0.0035437,0.039139,2.0164
1.6918,6.5292e-06,1.7155,1.3826,0.27704,0.052788,3.1334e-56,2.3849e-08,2.072e-18,0.036441,2.4694e-17,3.344e-12,6.4295e-05,1.1091,1.9235
2.2634,0.0022041,1.7724,1.0829,0.25084,0.37982,1.0007e-51,0.15433,0.00031835,1.4839e-29,7.2377e-133,0.015784,0.62549,0.31247,1.9881
2.2974,0.059034,1.9826,1.0167,0.31472,0.16313,0.016213,0.1474,6.329e-10,5.0392e-06,0.076369,0.55565,8.9899e-123,4.9292e-08,2.0003
2.8463,2.4661,2.5404,1.857,0,1.2397e-06,3.0573e-192,2.2462e-05,0.010576,2.2665e-11,0.21045,4.9383e-10,2.2867e-51,0.013721,2.0072
2.5652,0.64491,1.6987,0.8511,0.055372,0.00060103,0.035209,3.6158e-23,9.0701e-45,0.13368,6.1997e-10,3.7127e-10,1.062e-40,0.038875,2.0053
2.1396,0.30998,1.6844,5.1769e-25,0.34218,4.1277e-06,0.1062,0.1144,0.28503,2.0998e-26,0.0019679,0.025003,4.1005e-53,0.097362,2.0343
3.9945,1.684,2.5271,1.4043,0.38935,0.017113,1.5182e-137,0.72725,6.2054e-09,0.29776,0.0017468,0.0081095,4.9542e-10,0.17125,2.0278
1.859,0.88197,1.0976,0.87071,4.3587e-148,0.0033662,0.68194,2.1929e-08,2.2039e-12,2.898e-28,6.994e-07,0.12845,1.6171e-08,0.18826,1.9984
1.5439,0.11593,1.3116,0.63755,0.21031,1.3191,4.7692e-69,4.5723e-23,3.4812e-41,0.07768,6.2493e-08,0.024086,0.034483,0.011332,2.0113
1.4376,0.33065,0.87887,0.32195,1.5136,0.00047567,5.5362e-05,5.8832e-22,2.4311e-12,3.2633e-14,6.1199e-21,0.22346,0.03529,0.15575,1.9992
1.3643,0.64256,0.79009,3.7262,1.7767e-146,0.012497,1.3736e-08,3.195e-06,8.115e-56,0.10966,6.5273e-06,0.040141,1.3072e-38,0.066515,2.0007
0.84457,0.44795,4.8497,0.075642,0.019123,5.2819e-06,7.6522e-55,7.9647e-22,1.1566e-108,3.7319e-20,4.6106e-05,6.0078e-29,3.2283e-07,0.013608,2.0019
1.1629,3.8652,0.95544,0.58825,3.9709e-50,0.08678,0,4.4369e-24,0.2871,4.8552e-26,0.054602,0.020098,1.9149e-05,0.073267,2.0083
2.7506,0.4548,1.2463,0.24139,3.9282e-149,0.42728,9.0608e-07,0.15355,8.1697e-17,0.15647,2.3791e-08,2.8495e-22,1.6519e-50,0.033832,2.0027
