0.025486,0.032581,0.036212,0.025557,0.038734,0.029813,0.032314,0.034993,0.03966,0.041227,0.048614,0.048957,0.088006,0.34977,0.99913
0.030476,0.022661,0.017453,0.017329,0.029156,0.040895,0.02804,0.030811,0.03495,0.040793,0.03971,0.042982,0.27116,0.24557,1.0499
0.010042,0.013404,0.021303,0.012618,0.02215,0.016017,0.017945,0.018361,0.031382,0.02758,0.031528,0.029404,0.1855,0.32578,0.92574
0.024578,0.014017,0.031833,0.027297,0.021098,0.022712,0.024616,0.031428,0.044928,0.04006,0.046398,0.05746,0.2876,0.22258,0.92646
0.025511,0.011346,0.012008,0.019167,0.020166,0.029032,0.025725,0.036323,0.043787,0.039785,0.037759,0.23466,0.10523,0.2662,1.06
0.018552,0.0080404,0.0092614,0.013167,0.014505,0.020862,0.018399,0.02626,0.031529,0.028636,0.027132,0.16886,0.075705,0.3276,0.92695
0.0081529,0.019683,0.024387,0.016592,0.023495,0.019558,0.019689,0.021482,0.023091,0.025076,0.041688,0.18637,0.2182,0.24105,0.92615
0.027551,0.011941,0.013696,0.01954,0.021525,0.030888,0.027429,0.038729,0.046687,0.042421,0.040208,0.25016,0.11215,0.24608,0.92574
0.019389,0.027908,0.031403,0.020716,0.021808,0.029218,0.025867,0.028004,0.030305,0.041868,0.21626,0.096958,0.10496,0.26691,1.1018
0.0083667,0.016939,0.02129,0.01179,0.013169,0.024068,0.020747,0.019441,0.021614,0.022782,0.14275,0.064042,0.069832,0.33704,0.92628
0.019082,0.011828,0.023623,0.013676,0.021585,0.017154,0.018581,0.020099,0.023089,0.031136,0.15759,0.07069,0.22889,0.24488,0.92461
0.015862,0.010977,0.019523,0.017638,0.023649,0.028334,0.024773,0.022839,0.024721,0.027451,0.16945,0.20924,0.11529,0.23608,0.9267
0.012246,0.026483,0.029306,0.021572,0.030932,0.025302,0.02547,0.027542,0.047387,0.035747,0.22522,0.10105,0.10934,0.25467,0.92561
0.025692,0.01065,0.027231,0.016123,0.030181,0.028001,0.0244,0.026511,0.028602,0.18044,0.080899,0.088933,0.095155,0.2912,1.0453
0.011511,0.017247,0.022011,0.016013,0.015389,0.015859,0.016872,0.018262,0.019767,0.1247,0.05591,0.060516,0.076863,0.3399,0.92451
0.012323,0.017154,0.025923,0.016135,0.027518,0.019239,0.022222,0.02694,0.025282,0.14239,0.065017,0.070375,0.23965,0.23494,0.92599
0.017194,0.012222,0.024277,0.013377,0.014428,0.026939,0.019195,0.020776,0.023108,0.14244,0.063864,0.20363,0.10982,0.25509,0.92623
0.0088067,0.018204,0.025242,0.016918,0.024204,0.019898,0.019927,0.021568,0.023989,0.14656,0.17395,0.097573,0.10561,0.26511,0.927
0.034287,0.01428,0.015406,0.023812,0.020147,0.035548,0.025713,0.028073,0.17342,0.077915,0.084335,0.091281,0.098799,0.28248,1.039
0.012467,0.019711,0.0099364,0.01063,0.011386,0.018006,0.017738,0.023801,0.11039,0.049496,0.053569,0.05844,0.06284,0.34567,0.9257
0.01359,0.018983,0.022227,0.018817,0.015461,0.017924,0.018311,0.019816,0.125,0.056044,0.060664,0.065698,0.2492,0.23431,0.92473
0.016105,0.011631,0.018947,0.014451,0.022536,0.02753,0.019553,0.021164,0.13352,0.060263,0.064858,0.20173,0.10987,0.25487,0.92641
0.015504,0.010384,0.026847,0.013646,0.014675,0.027019,0.023427,0.022099,0.13737,0.06159,0.18278,0.10088,0.10923,0.25501,0.92881
0.021888,0.015684,0.025672,0.015414,0.017295,0.022818,0.020727,0.022195,0.14002,0.15596,0.09008,0.097502,0.10553,0.26532,0.92556
0.0148,0.010605,0.017359,0.010422,0.011308,0.015351,0.013944,0.062358,0.17389,0.079091,0.084565,0.091533,0.099074,0.28182,0.92486
0.045227,0.019795,0.020464,0.022821,0.02407,0.026055,0.028201,0.16722,0.075691,0.081927,0.088677,0.09605,0.1039,0.26968,1.089
0.013061,0.015785,0.021517,0.014281,0.013796,0.014802,0.016022,0.10107,0.045316,0.04905,0.053653,0.057555,0.073325,0.34417,0.9248
0.012098,0.0066213,0.032873,0.015159,0.016058,0.018605,0.019022,0.1101,0.050712,0.054261,0.058734,0.063607,0.23122,0.2557,0.92535
0.01813,0.0090075,0.021931,0.018759,0.0147,0.025076,0.018926,0.1194,0.05353,0.057941,0.062715,0.21478,0.1119,0.24686,0.92618
0.017004,0.0078007,0.018417,0.016086,0.019868,0.025774,0.018556,0.11707,0.052485,0.05681,0.19203,0.10054,0.10882,0.2561,0.92542
0.014361,0.020566,0.023872,0.016064,0.020639,0.017975,0.019456,0.12274,0.055029,0.1618,0.089665,0.097055,0.10505,0.26665,0.92563
0.015054,0.022582,0.030165,0.016856,0.0182,0.021546,0.022395,0.13709,0.13516,0.083147,0.089996,0.097409,0.10559,0.26553,0.92513
0.040593,0.016834,0.018203,0.019702,0.022067,0.023202,0.1432,0.065467,0.069889,0.076016,0.081945,0.08869,0.10164,0.28706,1.1116
0.011629,0.024396,0.011659,0.012349,0.014865,0.014599,0.088826,0.040037,0.043336,0.04692,0.05125,0.055033,0.066744,0.3483,0.9244
0.016532,0.0092283,0.020102,0.012157,0.021434,0.01533,0.096712,0.04336,0.046978,0.052104,0.055203,0.061557,0.24284,0.25076,0.92462
0.0082553,0.019531,0.022502,0.013751,0.014397,0.01531,0.096166,0.043115,0.046668,0.050513,0.054675,0.22034,0.10883,0.25621,0.92511
0.0089389,0.015897,0.019392,0.011874,0.0212,0.01493,0.094125,0.042204,0.045689,0.049446,0.19479,0.096821,0.1048,0.26733,0.92686
0.01357,0.019553,0.025016,0.015495,0.015677,0.017184,0.10725,0.048083,0.052045,0.16368,0.088157,0.095416,0.10339,0.27128,0.92449
0.014196,0.017451,0.021469,0.01288,0.013947,0.015091,0.093338,0.041971,0.14727,0.07606,0.082335,0.089111,0.096453,0.28796,0.92471
0.010687,0.016892,0.0082797,0.026578,0.018261,0.016089,0.10148,0.13078,0.070744,0.076573,0.082882,0.089711,0.097102,0.28673,0.93077
0.028937,0.015839,0.033341,0.019428,0.021028,0.13266,0.059477,0.064378,0.069756,0.075435,0.08165,0.090453,0.10452,0.28604,1.091
0.01739,0.0084414,0.020098,0.011551,0.012526,0.078895,0.035373,0.038286,0.04145,0.044858,0.048757,0.052585,0.081446,0.34775,0.92586
0.012773,0.015058,0.020786,0.012869,0.019376,0.08913,0.039961,0.043254,0.046817,0.050679,0.054855,0.05937,0.25795,0.23631,0.92531
0.00754,0.016919,0.019486,0.011199,0.019768,0.084978,0.0381,0.041238,0.044646,0.048317,0.052296,0.21587,0.10584,0.26453,0.9266
0.013576,0.016093,0.021446,0.012449,0.019944,0.092119,0.041301,0.044705,0.048432,0.052385,0.20207,0.1011,0.10943,0.25433,0.92645
0.016114,0.01189,0.019329,0.011542,0.022292,0.090485,0.040574,0.043915,0.04753,0.17706,0.089586,0.097041,0.10497,0.26685,0.92495
0.0089239,0.018078,0.019192,0.012083,0.012642,0.079361,0.035584,0.038513,0.15478,0.076472,0.083112,0.089646,0.097032,0.28664,0.92493
0.012736,0.018138,0.025311,0.015977,0.015438,0.097333,0.043638,0.14327,0.075853,0.082107,0.088863,0.096185,0.10411,0.26914,0.92491
0.013265,0.01859,0.024723,0.014484,0.015181,0.095337,0.11795,0.064932,0.070281,0.076073,0.082343,0.089125,0.1039,0.28533,0.92581
0.019844,0.03599,0.017024,0.018426,0.11358,0.054177,0.055809,0.060639,0.065422,0.071016,0.076679,0.082997,0.1209,0.2912,1.0991
0.0090554,0.014116,0.018523,0.010618,0.065026,0.029188,0.031604,0.034201,0.037018,0.04007,0.043368,0.046962,0.079992,0.35355,0.9253
0.011675,0.014783,0.018761,0.011155,0.069606,0.031208,0.033786,0.037442,0.039717,0.042988,0.04653,0.050364,0.26406,0.24372,0.92769
0.013586,0.017034,0.01926,0.012061,0.076005,0.035191,0.037071,0.04108,0.043577,0.047168,0.051162,0.22979,0.11014,0.25242,0.92829
0.010982,0.013491,0.019584,0.016992,0.075379,0.033812,0.036583,0.039597,0.04286,0.046391,0.21173,0.10111,0.10949,0.25438,0.92585
0.011529,0.019959,0.020672,0.013215,0.077217,0.034915,0.037772,0.040885,0.044251,0.17307,0.086217,0.09333,0.10101,0.27708,0.92592
0.0075923,0.018329,0.022616,0.013526,0.079634,0.035703,0.038651,0.04183,0.15223,0.07763,0.084023,0.090946,0.098439,0.28333,0.92495
0.017323,0.010721,0.020068,0.011999,0.074868,0.033566,0.036392,0.15826,0.076451,0.08275,0.08957,0.096949,0.10494,0.26694,0.92574
0.020511,0.0094626,0.021712,0.013142,0.077235,0.03495,0.12825,0.065216,0.070589,0.076416,0.082705,0.089517,0.10242,0.28502,0.92639
0.019256,0.011199,0.020853,0.013717,0.080767,0.11473,0.059747,0.06467,0.069998,0.075775,0.082011,0.088824,0.10157,0.28691,0.92626
0.03395,0.014246,0.031449,0.11649,0.052457,0.056596,0.06131,0.066497,0.071804,0.078097,0.084441,0.091183,0.10399,0.28086,1.0921
0.015714,0.0087448,0.017112,0.05993,0.02689,0.029086,0.031483,0.034077,0.036884,0.039923,0.043291,0.046786,0.080623,0.35355,0.92527
0.011933,0.015258,0.018437,0.064561,0.028945,0.03133,0.033913,0.036706,0.03973,0.043004,0.046547,0.050382,0.26415,0.2436,0.9243
0.017068,0.0099263,0.022836,0.07006,0.031605,0.034254,0.03703,0.040081,0.043397,0.046961,0.050858,0.23114,0.11044,0.25135,0.92643
0.012075,0.01632,0.020402,0.069485,0.031153,0.033965,0.03665,0.039567,0.042825,0.046354,0.20926,0.10015,0.10841,0.2573,0.92813
0.010457,0.017048,0.019225,0.066273,0.032135,0.032622,0.035305,0.038254,0.041356,0.17785,0.086203,0.093308,0.10102,0.27712,0.92472
0.0093502,0.018942,0.020109,0.067132,0.030494,0.033169,0.035605,0.038535,0.15487,0.076517,0.082827,0.089646,0.097032,0.28664,0.92504
0.010483,0.016675,0.018774,0.065092,0.029223,0.031647,0.034241,0.139,0.068471,0.074113,0.080219,0.086828,0.10119,0.29108,0.92712
0.02066,0.0094332,0.023872,0.070542,0.03225,0.034907,0.12887,0.065398,0.070786,0.076621,0.082939,0.089766,0.097299,0.28628,0.92442
0.014494,0.018743,0.022179,0.074622,0.033712,0.11576,0.060252,0.065216,0.070589,0.076408,0.082703,0.089515,0.096891,0.28696,0.92443
0.017542,0.0086942,0.021942,0.068538,0.10826,0.054455,0.058941,0.0638,0.069055,0.074747,0.080903,0.089759,0.10047,0.28914,0.92675
0.03661,0.016186,0.096636,0.043344,0.048866,0.054173,0.055791,0.060388,0.065364,0.070757,0.07658,0.08289,0.1214,0.2912,1.0993
0.019206,0.013544,0.056737,0.025438,0.027572,0.029808,0.032443,0.034951,0.037831,0.040951,0.044408,0.050196,0.074198,0.35355,0.92492
0.023282,0.010098,0.060352,0.027194,0.029365,0.031786,0.034404,0.037238,0.040306,0.044275,0.047349,0.053515,0.26207,0.24415,0.92557
0.022768,0.01409,0.064641,0.028997,0.031393,0.034006,0.036765,0.039794,0.043073,0.046623,0.050465,0.22825,0.1092,0.25502,0.9254
0.020828,0.012336,0.058441,0.026301,0.028376,0.030714,0.033245,0.036054,0.038996,0.042176,0.20627,0.09688,0.10489,0.26716,0.92565
0.013713,0.022376,0.063337,0.028398,0.030759,0.033568,0.036077,0.040441,0.042478,0.18326,0.088747,0.096062,0.10401,0.26949,0.92423
0.021048,0.0091271,0.055385,0.024841,0.026886,0.029095,0.031504,0.034088,0.16076,0.076135,0.082408,0.089193,0.096867,0.28765,0.92558
0.014467,0.024506,0.068703,0.030802,0.033364,0.036408,0.03912,0.15165,0.07575,0.081992,0.088747,0.096059,0.10401,0.26949,0.92469
0.022213,0.010793,0.057211,0.025811,0.027945,0.030241,0.13163,0.063595,0.068836,0.074571,0.080662,0.087345,0.10829,0.28753,0.92613
0.025073,0.011097,0.066194,0.029689,0.032314,0.11642,0.059494,0.064375,0.069678,0.075426,0.08164,0.088362,0.10193,0.28765,0.92593
0.024743,0.01036,0.064094,0.028791,0.10437,0.053287,0.057677,0.062669,0.067612,0.073191,0.079214,0.08578,0.1047,0.29203,0.92639
0.015127,0.025128,0.070808,0.093695,0.050153,0.054294,0.058748,0.064015,0.068895,0.074572,0.080722,0.087368,0.1076,0.28767,0.92781
0.043477,0.093769,0.042812,0.04634,0.051908,0.054572,0.059151,0.064994,0.072721,0.076011,0.081938,0.088734,0.10164,0.28706,1.1374
0.020076,0.048467,0.02173,0.023521,0.025458,0.027564,0.029827,0.032285,0.035415,0.038787,0.041191,0.046992,0.087553,0.35355,0.92474
0.020637,0.048643,0.022027,0.023779,0.025677,0.027793,0.030082,0.032561,0.035244,0.038147,0.04129,0.046667,0.27022,0.24415,0.92445
0.024071,0.051603,0.023586,0.025858,0.029497,0.030296,0.03276,0.03546,0.038389,0.041546,0.045155,0.2355,0.10923,0.25541,0.92648
0.022145,0.053463,0.023971,0.026024,0.028095,0.030745,0.032969,0.035685,0.038625,0.04282,0.21798,0.10107,0.1094,0.25444,0.925
0.022094,0.05107,0.023053,0.025003,0.027201,0.029268,0.03168,0.03429,0.037115,0.19213,0.08935,0.096527,0.1046,0.26812,0.92648
0.022061,0.051839,0.024135,0.025387,0.027479,0.029951,0.032283,0.03496,0.16163,0.076871,0.083205,0.09006,0.09782,0.28547,0.92435
0.024301,0.058667,0.026303,0.02847,0.030999,0.033384,0.036149,0.15891,0.076566,0.082882,0.089711,0.097096,0.10511,0.2665,0.92628
0.023412,0.054661,0.025342,0.026774,0.02898,0.031368,0.13285,0.064661,0.070046,0.075765,0.082012,0.088766,0.10148,0.28696,0.9259
0.024956,0.059915,0.026885,0.031108,0.032009,0.11644,0.059389,0.064318,0.069497,0.075223,0.081421,0.088129,0.10168,0.28823,0.92561
0.02495,0.060203,0.026994,0.02922,0.11,0.055465,0.060038,0.065477,0.070414,0.076215,0.082495,0.089292,0.10302,0.28529,0.92451
0.026404,0.063744,0.028838,0.094564,0.049956,0.054233,0.058537,0.065804,0.068974,0.074667,0.080815,0.087468,0.108,0.2873,0.92518
0.029018,0.070057,0.082202,0.046324,0.050178,0.054278,0.05875,0.065935,0.069207,0.074909,0.081088,0.087765,0.095704,0.29103,0.92629
0.095419,0.039755,0.042817,0.046345,0.051907,0.054577,0.059157,0.065,0.072728,0.076015,0.081945,0.08869,0.10164,0.28706,1.1587
0.049318,0.020428,0.022112,0.023979,0.025912,0.028048,0.030358,0.03286,0.036013,0.038569,0.044001,0.047051,0.084494,0.35355,0.92512
0.049197,0.020378,0.022058,0.023874,0.025849,0.027973,0.030276,0.032771,0.035471,0.038394,0.041561,0.0452,0.27018,0.24415,0.92469
0.05301,0.022279,0.023818,0.026113,0.027957,0.030295,0.032759,0.035458,0.038388,0.041547,0.045154,0.23549,0.10923,0.25541,0.92618
0.054533,0.022588,0.02445,0.026545,0.028657,0.031356,0.033628,0.036398,0.0394,0.042644,0.2148,0.10023,0.10855,0.25704,0.92477
0.051874,0.021674,0.023291,0.025261,0.027482,0.029571,0.032007,0.034644,0.037498,0.19206,0.089512,0.096701,0.10479,0.26761,0.92641
0.051558,0.02217,0.024043,0.02529,0.027374,0.029836,0.032159,0.034826,0.16101,0.076588,0.082889,0.089717,0.097448,0.28633,0.92544
0.054621,0.022625,0.024493,0.026507,0.028703,0.031057,0.033622,0.15098,0.072354,0.078319,0.085028,0.091807,0.099359,0.28113,0.92489
0.055311,0.02297,0.024808,0.026852,0.029064,0.031459,0.13323,0.064849,0.07019,0.075975,0.082239,0.089021,0.10177,0.28634,0.92507
0.06078,0.025466,0.0295,0.02999,0.032575,0.11651,0.05968,0.064624,0.069911,0.076135,0.081986,0.088735,0.10188,0.28688,0.92526
0.060503,0.025061,0.027126,0.029361,0.11138,0.056021,0.06077,0.065656,0.071063,0.076921,0.083265,0.090156,0.10302,0.2835,0.92665
0.065393,0.030549,0.029897,0.090068,0.049387,0.053456,0.05786,0.062627,0.067792,0.073373,0.079418,0.085998,0.11297,0.28848,0.92904
0.06787,0.029185,0.080089,0.045133,0.04887,0.052879,0.057236,0.064236,0.067424,0.072989,0.079,0.085505,0.10878,0.29103,0.92482
0.08198,0.056903,0.041342,0.044848,0.049347,0.052596,0.057241,0.061657,0.066739,0.072243,0.078418,0.08467,0.12696,0.28527,0.92524
