0,0,0,0,0,0,0,0,0,20
0.15063,0.083592,0.092218,0.062022,0.060501,0.061943,0.069471,0.053504,0.84472,1.8561
0.12714,0.094133,0.086366,0.070809,0.060351,0.044893,0.069278,0.05107,1.3419,0.74019
0,0,0,0,0,0,0,0,17.902,0.00013773
0.086458,0.095372,0.061543,0.04137,0.062565,0.035261,0.03285,1.3796,0.070194,3.5314
0.11091,0.092006,0.072137,0.069292,0.052945,0.027735,0.037355,0.64518,0.71204,0.80121
0.10034,0.090101,0.066934,0.055163,0.060655,0.040443,0.045806,0.56133,1.3063,0.021111
0.12201,0.094616,0.066966,0.053962,0.037643,0.036949,0.034402,1.9151,0.016503,1.2134
0.10569,0.075351,0.064933,0.05444,0.044754,0.033491,0.031837,1.2938,0.74341,0.019639
0,0,0,0,0,0,0,15.638,0.0012752,0.0010615
0.14847,0.11524,0.081576,0.067454,0.058137,0.050573,0.56458,0.11568,0.042409,1.7613
0.11913,0.088326,0.082214,0.074636,0.075385,0.083857,0.42837,0.046363,0.5063,0.57251
0.094733,0.074615,0.063231,0.058822,0.042118,0.0452,0.56094,0.03382,1.5301,0.036567
0.11154,0.074072,0.064567,0.053216,0.043019,0.042662,0.6143,0.73283,0.042541,0.98256
0.11265,0.090707,0.086204,0.079384,0.051681,0.058858,0.3072,0.42031,0.41991,0.046067
0.11896,0.092294,0.084422,0.073234,0.052356,0.081986,0.38324,0.85857,0.045196,0.020075
0.14069,0.10591,0.070325,0.069265,0.061065,0.047478,1.0386,0.048745,0.049649,0.8113
0.12701,0.090644,0.078391,0.073875,0.04182,0.046248,0.80272,0.046047,0.56679,0.016116
0.11072,0.071724,0.078863,0.047578,0.051976,0.047179,1.0146,0.62758,0.039014,0.017526
0,0,0,0,0,0,12.721,0.018737,0.0055575,0.0062162
0.14289,0.10871,0.097388,0.073941,0.047442,0.642,0.03386,0.04933,0.038681,2.3263
0.11149,0.089341,0.070782,0.068778,0.069178,0.40307,0.051472,0.058003,0.65825,0.75393
0.12428,0.10109,0.085188,0.078046,0.064472,0.30854,0.036604,0.034327,1.0777,0.020137
0.11745,0.087183,0.066851,0.070144,0.042751,0.47171,0.028583,0.68351,0.047728,0.88544
0.12502,0.10018,0.088462,0.077276,0.060825,0.25299,0.048512,0.3398,0.44832,0.025846
0.11108,0.083391,0.069278,0.048497,0.045244,0.4704,0.033205,1.2635,0.036344,0.023354
0.12371,0.11044,0.060332,0.05407,0.049343,0.4275,0.57515,0.046894,0.031448,0.85394
0.12112,0.11581,0.055459,0.05287,0.080218,0.26557,0.36351,0.043129,0.48519,0.039772
0.1357,0.10163,0.099993,0.085357,0.052132,0.22121,0.26836,0.42101,0.046571,0.021857
0.10794,0.089519,0.069406,0.069329,0.068154,0.39508,0.91866,0.051093,0.048266,0.018057
0.14296,0.10875,0.10109,0.06481,0.046895,0.78615,0.066151,0.053122,0.04443,0.73336
0.12085,0.096282,0.077833,0.08334,0.037969,0.69476,0.032964,0.037874,0.65238,0.021559
0.11802,0.088536,0.060759,0.048122,0.03313,0.88813,0.027632,0.75458,0.031122,0.018931
0.11963,0.092762,0.085014,0.045303,0.04094,0.8431,0.44458,0.053441,0.041713,0.022326
0,0,0,0,0,10.275,0.011884,0.01451,0.018226,0.0058238
0.1769,0.14094,0.11354,0.077906,0.24456,0.058915,0.062166,0.076645,0.04829,1.2112
0.13079,0.098188,0.067285,0.082308,0.29858,0.059247,0.053184,0.037676,0.64352,0.71645
0.10699,0.082842,0.080297,0.061089,0.31735,0.061934,0.045852,0.026224,1.4406,0.018907
0.12907,0.099873,0.073854,0.064948,0.37059,0.060956,0.061726,0.55616,0.015377,0.73964
0.082787,0.084495,0.069182,0.051366,0.27718,0.046132,0.025191,0.64996,0.7705,0.027461
0.11668,0.07823,0.065881,0.069528,0.33405,0.054441,0.045711,1.1655,0.04834,0.018784
0.097969,0.061058,0.047501,0.056278,0.49576,0.050141,0.76246,0.050452,0.047671,1.2149
0.082635,0.063725,0.065613,0.03909,0.4093,0.016075,0.63748,0.016144,0.91716,0.015443
0.14059,0.10151,0.082912,0.087091,0.21442,0.058535,0.28129,0.39019,0.046746,0.019496
0.1019,0.083552,0.071344,0.058134,0.35378,0.075637,1.0454,0.040036,0.050562,0.021379
0.11769,0.083836,0.072268,0.069252,0.38473,0.53961,0.051327,0.051475,0.024718,0.92387
0.11725,0.083456,0.075545,0.064876,0.24952,0.37988,0.050919,0.020613,0.66857,0.017192
0.12246,0.099503,0.083628,0.060137,0.27093,0.31601,0.057213,0.48138,0.023612,0.023642
0.10973,0.072792,0.073192,0.064032,0.25034,0.46469,0.57224,0.017538,0.04793,0.023734
0.11572,0.089291,0.068363,0.05061,0.40183,0.95364,0.031629,0.042903,0.039635,0.011839
0.12035,0.070766,0.073199,0.046434,1.2612,0.022706,0.044213,0.03483,0.047196,1.5097
0.1153,0.097744,0.082076,0.072202,0.57942,0.066989,0.04107,0.047429,0.56568,0.016119
0.11715,0.075293,0.055151,0.056489,0.724,0.034346,0.051337,0.71111,0.039715,0.033327
0.13088,0.055089,0.077414,0.059436,0.65532,0.06541,0.55374,0.04198,0.04829,0.019396
0.10432,0.076942,0.07116,0.053886,0.82441,0.48769,0.047745,0.03599,0.043255,0.023735
0,0,0,0,8.1824,0.0061369,0.015425,0.018532,0.016689,0.0055429
0.13865,0.10686,0.10691,0.38571,0.057324,0.061598,0.057412,0.047099,0.048912,2.6616
0.10136,0.079761,0.062173,0.33228,0.085022,0.056714,0.033112,0.039144,0.8879,1.0059
0.10556,0.084528,0.067862,0.26802,0.055404,0.053535,0.054375,0.052537,1.4438,0.019396
0.086239,0.094464,0.065787,0.32917,0.033402,0.09407,0.028685,0.98247,0.024593,1.1974
0.093263,0.066206,0.072821,0.31096,0.046161,0.030193,0.024746,0.60559,0.76478,0.022299
0.11046,0.074197,0.066773,0.26325,0.054721,0.052609,0.053668,1.3818,0.04901,0.019385
0.12381,0.1015,0.080315,0.26409,0.070005,0.057795,0.50876,0.049535,0.049927,0.80039
0.12317,0.09219,0.063461,0.25759,0.043896,0.070836,0.35933,0.042681,0.54463,0.022546
0.10072,0.075518,0.068213,0.22447,0.035885,0.028304,0.60217,0.75481,0.031133,0.022271
0.11936,0.089736,0.079159,0.24282,0.051035,0.070454,0.98714,0.051708,0.047424,0.022861
0.099016,0.076878,0.066396,0.39718,0.059768,0.57825,0.038707,0.057906,0.039455,1.1393
0.1135,0.06783,0.07367,0.22293,0.047526,0.46408,0.035024,0.025344,0.79324,0.017524
0.12672,0.090085,0.086173,0.22488,0.048662,0.32775,0.05426,0.49885,0.042534,0.016421
0.10166,0.067681,0.078911,0.25443,0.041869,0.4785,0.59842,0.039299,0.032655,0.017912
0.11139,0.079362,0.043602,0.32774,0.04713,1.1771,0.055701,0.040071,0.028977,0.015198
0.097983,0.10928,0.045936,0.41503,0.5314,0.051253,0.036743,0.036149,0.021391,1.4353
0.12588,0.089996,0.091537,0.22838,0.23468,0.060584,0.056703,0.047418,0.55571,0.019557
0.11295,0.076132,0.080965,0.29269,0.35653,0.029578,0.026327,0.60969,0.044547,0.015235
0.1048,0.077803,0.07317,0.31936,0.32832,0.036479,0.53878,0.039704,0.04488,0.016075
0.10041,0.071366,0.06069,0.3196,0.38315,0.53626,0.042656,0.037937,0.027976,0.018097
0.11035,0.081386,0.074856,0.32104,0.90709,0.038875,0.042797,0.035996,0.039095,0.02296
0.14749,0.10669,0.090978,0.55837,0.064089,0.049914,0.049444,0.058558,0.05066,0.97966
0.11546,0.082072,0.076851,0.52585,0.070923,0.041754,0.033486,0.04201,0.76366,0.02487
0,0,0,2.0656,0.038104,0.013758,0.03435,2.8335,0.025257,0.019015
0.13928,0.10347,0.097271,0.42436,0.045717,0.037515,0.53882,0.039707,0.044884,0.015932
0.12897,0.092975,0.08405,0.53343,0.031337,0.53068,0.052245,0.038012,0.027979,0.017938
0,0,0,2.3009,1.5079,0.042482,0.012382,0.036253,0.034523,0.017477
0,0,0,5.9639,0.019295,0.011144,0.010535,0.028751,0.019069,0.006367
0.096061,0.081468,0.37208,0.030201,0.044925,0.022018,0.024194,0.031484,0.034243,5.146
0.12249,0.081578,0.25096,0.074123,0.046817,0.054133,0.064971,0.039914,0.77871,0.89442
0.13094,0.10338,0.18464,0.051346,0.067114,0.023547,0.032388,0.042579,1.6501,0.013536
0.12837,0.11182,0.18565,0.06467,0.064762,0.059375,0.04556,0.7079,0.037438,0.9373
0.11556,0.082258,0.18801,0.065494,0.016125,0.043932,0.041366,0.62457,0.76015,0.018996
0.079167,0.062366,0.29063,0.0051133,0.016718,0.042965,0.032979,2.7966,0.044193,0.013239
0.12605,0.098038,0.25533,0.054795,0.052991,0.032663,0.74091,0.036187,0.023939,1.2306
0.086602,0.067691,0.20912,0.034678,0.035369,0.021997,0.70327,0.025783,1.1262,0.020964
0.091164,0.10113,0.18561,0.03862,0.048602,0.044534,0.60138,0.76205,0.02579,0.015118
0.11776,0.092044,0.1888,0.063542,0.04337,0.049308,1.3466,0.028277,0.056018,0.020964
0.12163,0.077095,0.24416,0.067823,0.043302,0.74514,0.038349,0.032345,0.021264,1.5609
0.1033,0.073739,0.20557,0.061225,0.048033,0.46892,0.03174,0.037932,0.81645,0.014677
0.0992,0.076567,0.20429,0.059675,0.04849,0.45568,0.030145,0.74878,0.046021,0.021393
0.1349,0.089649,0.12837,0.059502,0.042817,0.47969,0.59847,0.040007,0.032017,0.017677
0.10202,0.072704,0.26193,0.045515,0.0093797,1.6008,0.043161,0.037398,0.035713,0.015358
0.11908,0.09215,0.2774,0.046618,0.60211,0.032731,0.034595,0.028783,0.04122,1.5063
0.092389,0.093188,0.15656,0.095545,0.38035,0.042307,0.039746,0.031553,0.8662,0.025567
0.1002,0.072255,0.20369,0.042853,0.47572,0.027453,0.030752,0.90187,0.024172,0.027019
0.096102,0.040708,0.18409,0.04756,0.52695,0.039952,0.85754,0.041695,0.039053,0.024701
0.10842,0.08787,0.19273,0.062947,0.40993,0.49363,0.041001,0.036148,0.048179,0.017089
0.10605,0.075849,0.2741,0.041135,1.1264,0.042106,0.038747,0.040329,0.025812,0.025554
0.11217,0.080704,0.28905,0.41337,0.065579,0.066938,0.043689,0.033152,0.043929,1.3613
0.1054,0.076095,0.19279,0.29615,0.055465,0.041109,0.040603,0.057564,0.89245,0.019612
0.078992,0.062376,0.19197,0.37181,0.050124,0.056832,0.048614,0.96347,0.040257,0.020916
0.13642,0.10877,0.16665,0.31655,0.013954,0.030066,0.71894,0.042913,0.025243,0.029183
0.093781,0.059489,0.26138,0.34062,0.055614,0.62372,0.041994,0.037412,0.040336,0.013926
0.10462,0.074551,0.19076,0.39044,0.51694,0.062279,0.039548,0.03303,0.023961,0.030945
0.12871,0.090915,0.34847,0.81199,0.0060795,0.038819,0.039987,0.03855,0.022915,0.015164
0,0,1.9166,0.0068615,0.044934,0.022022,0.024199,0.03149,0.034085,5.146
0.12383,0.088785,0.3663,0.083083,0.064403,0.060029,0.031959,0.028457,0.81338,0.021732
0,0,1.3354,0.0048995,0.02869,0.042797,0.03285,2.777,0.047057,0.017612
0.15212,0.11422,0.29093,0.063337,0.063119,0.044305,0.54163,0.054381,0.044329,0.018974
0.15183,0.079241,0.39762,0.037819,0.055773,0.6255,0.042218,0.037523,0.036508,0.014805
0,0,1.3387,0.054025,1.4709,0.027791,0.039781,0.043165,0.02398,0.017969
0,0,1.5792,1.109,0.0059502,0.037994,0.037824,0.037912,0.045067,0.016495
0,0,3.8127,0.029535,0.038454,0.028494,0.015099,0.016193,0.018471,0.0058294
0.15773,0.1964,0.084392,0.095852,0.068909,0.063449,0.032373,0.040976,0.032661,3.9513
0.11193,0.17119,0.038883,0.082264,0.042658,0.050952,0.022345,0.029177,1.4706,1.6214
0.11865,0.2225,0.008815,0.0092286,0.011167,0.013782,0.017187,0.0064619,4.1539,0.026835
0.091427,0.1393,0.076784,0.050425,0.037933,0.036029,0.020438,1.5138,0.076906,1.8543
0.10021,0.14719,0.089101,0.059158,0.039442,0.043848,0.028887,0.69983,0.77095,0.026068
0.10761,0.16678,0.072521,0.060309,0.034092,0.045857,0.02322,2.1378,0.018292,0.018571
0.1246,0.20056,0.08518,0.068303,0.051781,0.054363,0.6993,0.035064,0.035306,1.1234
0.11676,0.15121,0.037714,0.0043885,0.03094,0.054061,0.81354,0.032367,1.129,0.020964
0.10302,0.13753,0.06038,0.053195,0.039679,0.037985,0.67321,0.81095,0.045428,0.019733
0.11892,0.1971,0.062451,0.064137,0.043516,0.79607,0.038339,0.044798,0.025785,1.5258
0.14423,0.10364,0.081131,0.06059,0.044746,0.46845,0.032605,0.037274,0.81634,0.014901
0.13331,0.13393,0.063299,0.060555,0.049323,0.46184,0.031181,0.75965,0.0313,0.019948
0.134,0.12708,0.067237,0.060013,0.054628,0.47438,0.62541,0.036705,0.034287,0.017763
0.09841,0.18588,0.087856,0.06627,0.0097322,1.655,0.037029,0.036592,0.022753,0.015204
0.11721,0.22189,0.045769,0.045925,0.84702,0.012672,0.038946,0.031241,0.024532,2.141
0.096986,0.10103,0.074518,0.049325,0.50807,0.05877,0.029401,0.04026,1.1153,0.016013
0.10345,0.10893,0.087547,0.065002,0.45947,0.062707,0.02588,0.80492,0.044053,0.025505
0.1289,0.13799,0.073417,0.037867,0.47913,0.034669,0.70812,0.036029,0.025288,0.015079
0.12476,0.11848,0.052562,0.053713,0.50373,0.64021,0.045155,0.044454,0.02829,0.017851
0.11728,0.17051,0.054505,0.038386,1.4968,0.028275,0.045121,0.023191,0.023434,0.019655
0.13342,0.17735,0.10391,0.4203,0.068257,0.048993,0.03681,0.048602,0.037545,1.3613
0.11221,0.15719,0.056427,0.32975,0.055712,0.017842,0.056036,0.029163,1.133,0.0097604
0.11401,0.12557,0.060397,0.40665,0.041263,0.024876,0.031854,1.0899,0.027757,0.01807
0.17606,0.13201,0.045333,0.333,0.010602,0.038573,0.82064,0.037555,0.031392,0.017941
0.075718,0.16383,0.084339,0.39729,0.063461,0.61793,0.045581,0.03667,0.059617,0.014528
0.11603,0.1294,0.054396,0.40582,0.59253,0.057235,0.04195,0.052606,0.02414,0.01003
0.10258,0.23724,0.083832,0.95969,0.029457,0.019342,0.050206,0.042516,0.027254,0.02677
0.15094,0.20703,0.36923,0.057809,0.028466,0.035416,0.036357,0.043684,0.038969,2.3044
0.10892,0.11651,0.2665,0.073119,0.07308,0.035412,0.029593,0.046448,1.1544,0.019895
0.14004,0.14145,0.21459,0.051703,0.071983,0.041127,0.033231,0.9054,0.041372,0.016595
0.11697,0.17142,0.25717,0.025233,0.051925,0.025664,0.91565,0.051378,0.055186,0.013487
0.11157,0.13742,0.28317,0.078111,0.03554,0.74924,0.038431,0.036005,0.047538,0.019447
0.11604,0.17003,0.35393,0.028226,0.68388,0.029393,0.045692,0.018369,0.024596,0.018831
0.1207,0.19249,0.32895,0.56337,0.0059899,0.037231,0.043402,0.039419,0.022286,0.017921
0.14736,0.19809,0.67902,0.035981,0.032972,0.062993,0.041135,0.033403,0.046622,0.017743
0.15576,0.32199,0.095776,0.098275,0.075928,0.047259,0.060322,0.048147,0.040692,1.4675
0.15347,0.23471,0.053175,0.11197,0.056033,0.055015,0.032536,0.039287,0.88855,0.024806
0,0.64559,0.072172,0.061243,0.044449,0.038257,0.022105,2.1409,0.018083,0.016429
0.14685,0.32522,0.022796,0.079376,0.05935,0.025803,0.85817,0.041776,0.039398,0.017852
0,0.69189,0.086512,0.0468,0.0097154,1.6521,0.037883,0.037651,0.022456,0.015204
0,0.76747,0.0125,0.056439,1.4957,0.036227,0.01399,0.05032,0.042522,0.0058994
0,0.76366,0.086021,0.97389,0.030131,0.0201,0.050681,0.036698,0.02751,0.0098221
0,0.87315,0.71045,0.037055,0.035238,0.067348,0.044466,0.038892,0.0050258,0.01709
0,2.1606,0.02476,0.025497,0.023703,0.03136,0.045657,0.017294,0.02419,0.019421
0.20737,0.08786,0.071161,0.067964,0.04428,0.022153,0.021833,0.03033,0.029415,5.146
0.14284,0.092211,0.091448,0.065334,0.040039,0.036052,0.02702,0.030023,1.4718,1.6218
0.12493,0.049736,0.040369,0.039524,0.031042,0.021144,0.016763,0.019463,4.3651,0.017233
0.12505,0.090418,0.088431,0.052241,0.039792,0.027573,0.02487,1.5549,0.038004,1.9741
0.14656,0.071174,0.079506,0.053848,0.055347,0.046929,0.040578,0.70054,0.77314,0.019879
0.13546,0.065832,0.0683,0.049227,0.037327,0.013478,0.03365,2.7758,0.046684,0.019015
0.15331,0.099649,0.075061,0.059454,0.040994,0.04349,1.0116,0.056777,0.025294,1.6248
0.10492,0.081455,0.070345,0.045352,0.03149,0.035606,0.8017,0.044694,1.1262,0.020964
0.1106,0.071559,0.05294,0.045207,0.031726,0.030934,0.88287,1.0875,0.042368,0.019278
0.21478,0.21478,0.21478,0.21478,0.21478,0.21478,11.922,0.25823,0.257,0.22966
0.17772,0.09784,0.060418,0.062104,0.046786,0.79836,0.039163,0.044963,0.039406,1.5258
0.10527,0.085631,0.073823,0.051645,0.053036,0.64703,0.037046,0.025938,1.0781,0.019421
0.1045,0.074897,0.052914,0.041917,0.028934,0.77377,0.024074,1.2568,0.031145,0.017531
0.11643,0.066757,0.074749,0.039752,0.035915,0.73979,0.861,0.038686,0.040701,0.015475
0.13677,0.097026,0.057691,0.049088,0.048585,1.5679,0.068318,0.036905,0.04204,0.017344
0.18452,0.060287,0.070655,0.069942,0.75465,0.02496,0.040336,0.04279,0.041461,2.1297
0.12016,0.08588,0.058514,0.049817,0.51713,0.060053,0.035937,0.02464,1.1158,0.01512
0.12774,0.07456,0.076464,0.058656,0.45227,0.06095,0.032778,0.88251,0.047903,0.019386
0.14944,0.064335,0.056065,0.051938,0.54708,0.027541,0.86722,0.036262,0.039344,0.0097015
0.10664,0.077934,0.0528,0.049552,0.63191,0.80267,0.041129,0.057227,0.022673,0.017671
0.13874,0.079088,0.082365,0.052685,1.4346,0.029435,0.038981,0.03936,0.049509,0.017969
0.19596,0.083854,0.06532,0.67602,0.015203,0.03099,0.03718,0.033183,0.037148,2.4363
0.15217,0.098033,0.056324,0.32941,0.054602,0.034184,0.035403,0.029234,1.1359,0.0081526
0.14447,0.079658,0.064964,0.38233,0.037723,0.02487,0.030886,1.1107,0.043161,0.01567
0.088025,0.074744,0.061002,0.46519,0.10733,0.046597,1.0396,0.056004,0.0051194,0.022819
0.11383,0.071869,0.072557,0.54416,0.010643,0.94032,0.053314,0.028324,0.028815,0.0062964
0.15204,0.063883,0.082201,0.4329,0.61358,0.022142,0.039538,0.035266,0.048556,0.019681
0.18452,0.073314,0.10045,0.95824,0.034164,0.038549,0.038589,0.037998,0.046206,0.015418
0.14017,0.10842,0.52469,0.042633,0.062925,0.030918,0.034079,0.059542,0.024164,2.9512
0.11943,0.089533,0.26526,0.071707,0.052792,0.054891,0.048894,0.033604,1.2077,0.020536
0.14443,0.057988,0.30428,0.076076,0.052949,0.028992,0.030285,1.1505,0.042991,0.017181
0.10587,0.08319,0.38777,0.014887,0.046384,0.062538,1.2822,0.044911,0.011391,0.017184
0.15278,0.06167,0.31628,0.052499,0.053344,0.78298,0.038758,0.050002,0.040409,0.01647
0.13255,0.097966,0.32778,0.051857,0.67119,0.037278,0.041737,0.035454,0.046794,0.013668
0.15244,0.079107,0.41583,0.65642,0.0057363,0.037138,0.040095,0.036413,0.022118,0.014583
0.16226,0.12597,0.6613,0.083077,0.033921,0.062666,0.038703,0.0436,0.046553,0.016147
0.21778,0.31065,0.033946,0.098496,0.026666,0.028711,0.036352,0.041292,0.045019,3.4305
0.15977,0.21993,0.052564,0.050391,0.0088289,0.044011,0.024831,0.025985,1.857,0.019185
0.192,0.26613,0.0091788,0.020594,0.008397,0.043524,0.024308,1.7952,0.042355,0.014973
0.18239,0.23618,0.058909,0.006769,0.048355,0.029619,1.1801,0.041474,0.040292,0.019387
0.13306,0.24116,0.009829,0.063384,0.045929,1.4046,0.045545,0.036703,0.021777,0.014265
0.13622,0.25787,0.05319,0.053372,0.98436,0.014727,0.04526,0.036307,0.028472,0.014822
0.12977,0.30039,0.085619,0.70071,0.012142,0.028774,0.059233,0.042278,0.022359,0.019841
0.18249,0.28819,0.58182,0.01446,0.036991,0.03061,0.030876,0.038915,0.02412,0.01855
0.22377,0.74248,0.043056,0.024674,0.02989,0.026103,0.043586,0.038912,0.02411,0.01938
0.33283,0.10936,0.077292,0.040836,0.048875,0.043311,0.033234,0.029048,0.041813,3.7326
0.20299,0.10345,0.045882,0.052341,0.041478,0.04674,0.042957,0.022362,1.8607,0.016081
0.29471,0.026673,0.070237,0.018301,0.04766,0.019847,0.022731,2.1729,0.017894,0.0058486
0.21045,0.089096,0.072189,0.051016,0.045135,0.048401,1.2807,0.028635,0.048165,0.01262
0.28309,0.029351,0.028821,0.031719,0.038517,1.6332,0.041063,0.036406,0.026547,0.020005
0.33609,0.0034284,0.05336,0.011724,1.4729,0.025957,0.037528,0.035554,0.042475,0.018727
0.25716,0.026584,0.063257,0.87289,0.063461,0.028289,0.064384,0.041047,0.051181,0.020031
0.42958,0.01089,0.82927,0.0254,0.039471,0.016707,0.015004,0.016202,0.018052,0.0058294
0.40215,0.51679,0.020522,0.026032,0.03795,0.026886,0.013002,0.020311,0.029567,0.01791
0.93474,0.023856,0.025311,0.034868,0.038201,0.038538,0.015097,0.016193,0.018471,0.0058294
0.164,0.12782,0.061771,0.087199,0.1023,0.09629,0.081168,0.12862,0.18065,1.7613
0.11677,0.083018,0.075237,0.071991,0.068433,0.064162,0.11929,0.10564,1.3135,0.17466
0.13711,0.10154,0.090398,0.10262,0.088955,0.064982,0.078407,0.86087,0.089637,0.05017
0.11534,0.087532,0.087846,0.061422,0.070538,0.085395,1.0387,0.12551,0.10399,0.059561
0.16371,0.10159,0.078892,0.065317,0.095884,0.57259,0.066565,0.091115,0.11906,0.085713
0.12774,0.10172,0.090896,0.088552,0.59617,0.092195,0.10456,0.066219,0.081669,0.1254
0.13647,0.10889,0.10562,0.38473,0.078404,0.087924,0.099599,0.12804,0.090402,0.066915
0.11157,0.089173,0.34501,0.072957,0.096278,0.11698,0.10328,0.094609,0.20547,0.19027
0.15049,0.1632,0.11802,0.081422,0.11577,0.11117,0.092311,0.097665,0.20327,0.16067
0.17756,0.071114,0.095274,0.072782,0.08391,0.1929,0.11796,0.20286,0.20803,0.25358
