0.072343,0.072346,0.072354,0.07234,0.072339,0.07234,0.072339,0.07234,0.072998,0.072343,0.1055,0.07237,0.072472,0.072512,30.072
0.10853,0.096992,0.10296,0.1051,0.090554,0.093138,0.090445,0.089439,0.090076,0.092818,0.14403,0.089183,0.090557,19.83,21.361
0.11382,0.089631,0.091074,0.078852,0.073657,0.076224,0.076916,0.078839,0.073399,0.075899,0.073641,0.073168,0.074775,28.067,0.10432
0.10497,0.10097,0.10287,0.10509,0.098518,0.099032,0.23072,0.09967,0.098615,0.10008,0.14722,0.10024,18.393,0.35519,21.411
0.10574,0.10934,0.10935,0.10509,0.10605,0.10521,0.11231,0.11275,0.10533,0.10506,0.12706,0.10565,18.743,19.626,0.33008
0.11258,0.11279,0.11396,0.11226,0.11229,0.11225,0.11214,0.11225,0.11697,0.11217,0.11318,0.11247,26.112,0.17072,0.14996
0.14084,0.11392,0.12705,0.14295,0.098058,0.10181,0.097607,0.096885,0.098076,0.10221,0.17493,17.121,0.16492,0.14242,21.231
0.27846,0.22041,0.31652,0.22633,0.31795,0.12791,0.1687,0.1195,0.10716,0.11982,0.11985,17.074,0.13344,19.709,0.21483
0.1745,0.3579,0.10445,0.10023,0.12946,0.18201,0.48234,0.55018,0.0955,0.10937,0.091164,17.303,18.063,0.1163,0.10344
0.097289,0.09239,0.084457,0.094497,0.083608,0.085485,0.083435,0.16408,0.083543,0.085522,0.1306,24.081,0.15096,0.20996,0.19443
0.15582,0.13901,0.13266,0.11456,0.1145,0.11759,0.11929,0.11429,0.11246,0.11719,15.583,0.15338,0.23593,0.17215,21.429
0.16985,0.16331,0.14268,0.36976,0.13492,0.12987,0.14984,0.30053,0.12508,0.12814,15.911,0.15539,0.19487,19.589,0.51762
0.14496,0.27109,0.43112,0.095485,0.12371,0.10619,0.09933,0.12701,0.10537,0.1001,15.557,0.098526,18.483,0.11767,0.12409
0.28553,0.23134,0.22053,0.12803,0.12861,0.13953,0.14746,0.14198,0.11961,0.13728,15.635,16.989,0.34185,0.18734,0.25085
0.15995,0.111,0.11412,0.097082,0.099866,0.10881,0.21873,0.095883,0.096653,0.10052,22.079,0.18938,0.27675,0.15058,0.10293
0.11944,0.11692,0.11944,0.18476,0.11597,0.11597,0.11616,0.11402,0.11345,13.978,0.14323,0.15929,0.24868,0.14207,21.731
0.11014,0.13825,0.23929,0.10694,0.12253,0.10304,0.10138,0.098923,0.10501,14.35,0.28647,0.25458,0.11615,19.719,0.22128
0.17083,0.1455,0.1665,0.16261,0.14367,0.14421,0.15394,0.1465,0.15049,14.107,0.33333,0.3786,18.749,0.31448,0.17375
0.16484,0.1353,0.145,0.20419,0.12488,0.11795,0.10806,0.11925,0.11014,14.502,0.11758,16.722,0.36887,0.25951,0.4823
0.18851,0.21372,0.76461,0.18607,0.11845,0.15005,0.19945,0.19223,0.12154,14.463,15.21,0.33978,0.12148,0.36349,0.20104
0.078915,0.068624,0.082542,0.068437,0.068394,0.074152,0.068531,0.069104,0.068499,20.067,0.15715,0.21007,0.28035,0.17491,0.14342
0.10052,0.08967,0.095297,0.097262,0.083634,0.086057,0.095503,0.13651,12.882,0.29679,0.19935,0.20795,0.30375,0.13665,21.168
0.23294,0.22108,0.29978,0.13199,0.12745,0.19894,0.11992,0.13978,12.848,0.16075,0.14439,0.12432,0.12268,19.802,0.21306
0.14759,0.13102,0.12768,0.12742,0.34011,0.13565,0.13154,0.26152,12.554,0.2528,0.18719,0.16818,18.916,0.50389,0.20437
0.38057,0.34489,0.31857,0.091179,0.11946,0.08463,0.088054,0.11477,12.803,0.18715,0.09223,16.57,0.1525,0.47203,0.1077
0.15673,0.13003,0.10113,0.15803,0.10558,0.10499,0.097014,0.10062,13.236,0.24061,15.111,0.11649,0.2517,0.10758,0.10717
0.74713,0.6337,0.58201,0.11215,0.1037,0.15378,0.11334,0.1453,11.705,13.426,0.19816,0.19279,0.2596,0.2947,0.21348
0.093535,0.10007,0.09477,0.092191,0.092305,0.12715,0.092109,0.095617,18.09,0.29885,0.18145,0.14093,0.19967,0.099269,0.096666
0.17118,0.13711,0.12737,0.1268,0.13021,0.13459,0.12995,11.288,0.19264,0.16678,0.21068,0.25445,0.34843,0.24377,21.606
0.28584,0.13653,0.12565,0.12063,0.19772,0.15885,0.13308,11.48,0.21145,0.33637,0.2279,0.16312,0.34875,19.689,0.31264
0.22515,0.4251,0.23712,0.17075,0.14163,0.13004,1.1999,11.179,0.15952,0.13634,0.29387,0.16722,18.668,0.35094,0.24714
0.45194,0.24503,0.1506,0.16862,0.15004,0.13058,0.15217,11.769,0.27105,0.36384,0.1523,16.106,0.43116,0.34591,0.55876
0.52126,0.22055,0.49674,0.18614,0.16603,0.14285,0.13218,11.121,0.19716,0.47743,15.363,0.60051,0.16971,0.23495,0.40298
0.5631,0.20305,0.13825,0.12204,0.16252,0.11927,0.14504,10.498,0.35376,14.596,0.12089,0.23396,0.46898,0.2694,0.3773
0.136,0.1353,0.13475,0.13476,0.13462,0.13491,0.13468,11.532,12.756,0.5289,0.33454,0.37805,0.49911,0.38917,0.42843
0.13338,0.12671,0.15457,0.11348,0.1146,0.11348,0.11568,16.11,0.19413,0.30465,0.16247,0.24586,0.29271,0.21726,0.26083
0.17781,0.1596,0.16858,0.16965,0.15623,0.15061,10.153,0.30417,0.20908,0.38043,0.22589,0.28244,0.24422,0.50708,21.122
0.20861,0.42719,0.53504,0.15002,0.17301,0.14183,10.007,0.21862,0.15333,0.21306,0.21891,0.17882,0.54343,19.774,0.33106
0.10817,0.1142,0.13188,0.10305,0.10428,0.27019,9.5973,0.37759,0.22063,0.27875,0.16853,0.12125,19.191,0.13589,0.20235
0.92213,0.32554,0.16904,0.20412,0.1683,0.70317,9.2124,0.31042,0.1595,0.1985,0.20729,15.689,0.25541,0.14378,0.36294
1.9285,0.57726,0.2687,0.22767,0.30281,0.55087,3.665,0.11734,0.22261,0.33114,6.1745,0.23338,0.32255,0.19845,0.13826
0.2256,0.25051,1.1557,0.16952,0.12271,0.16273,10.11,0.38093,0.22784,13.63,0.35594,0.21844,0.13178,0.80414,0.20451
0.23523,0.38306,0.15109,0.14137,0.13745,0.16025,10.239,0.14861,12.515,0.3597,0.33546,0.19609,0.31911,0.17971,0.39758
0.17755,0.14458,0.38452,0.34508,0.13718,0.13352,9.7195,11.749,0.21572,0.16959,0.31336,0.12999,0.17921,0.28056,0.2595
0.15467,0.31509,0.10403,0.099735,0.098785,0.16428,14.062,0.13003,0.22332,0.38497,0.1848,0.12865,0.10239,0.22241,0.18369
0.17241,0.49104,0.17787,0.10317,0.11101,8.8548,0.30664,0.18071,0.23117,0.23007,0.20782,0.18053,0.55732,0.1745,20.304
0.48863,0.14513,0.37232,0.10992,0.13299,8.6131,0.10689,0.93058,0.33201,0.11374,0.15747,0.45083,0.47158,19.01,0.26113
0.529,0.20684,0.30351,0.18963,0.22659,8.5094,0.20876,0.39941,0.24462,0.30703,0.18829,0.15698,17.876,0.14776,0.24543
0.55092,0.25087,0.13589,0.13595,0.16737,8.6044,0.1329,0.36782,0.11246,0.2906,0.22062,16.194,0.46075,0.3794,0.19375
0.13465,0.15919,0.12508,0.12037,0.12423,8.7217,0.17308,0.15648,0.19397,0.2712,15.448,0.23688,0.30481,0.28823,0.28564
0.41212,0.29229,0.37209,0.15945,0.14022,9.1528,0.35755,0.18033,0.18518,12.957,0.19833,0.28243,0.34865,0.27444,0.51995
0.54318,0.32512,0.36387,0.12626,0.20004,8.2202,0.19693,0.14055,12.816,0.41914,0.23556,0.15889,0.26416,0.16012,0.47325
0.22438,0.56112,0.1465,0.1431,0.13597,8.3945,0.30332,11.552,0.28927,0.41457,0.20672,0.24522,0.38984,0.30535,0.24397
0.76966,0.18553,0.17549,0.14135,0.21625,7.8209,9.9412,0.18232,0.17486,0.31157,0.21718,0.24318,0.36529,0.26006,0.25999
0.090559,0.099532,0.089908,0.088551,0.088792,12.086,0.12651,0.24342,0.093049,0.34196,0.22997,0.19216,0.25847,0.15528,0.15144
0.31478,0.16918,0.12967,0.13234,7.248,0.50394,0.15396,0.13198,0.24021,0.31973,0.20379,0.23601,0.28386,0.12756,20.959
0.2241,0.18,0.35288,0.12928,7.2446,0.18811,0.56843,0.20437,0.55602,0.15727,0.20041,0.24057,0.17818,19.686,0.26756
0.13712,0.18122,0.26736,0.08594,7.3497,0.14286,0.71768,0.49006,0.30609,0.70329,0.093685,0.19492,17.835,0.27044,0.12225
1.6994,0.28151,0.20512,0.11034,4.4753,0.27973,0.42846,0.25719,0.38549,0.30422,0.39819,10.08,0.16583,0.239,0.1252
0.48853,0.29861,0.093279,0.099136,7.4763,0.32977,0.082493,0.34768,0.17035,0.2624,14.108,0.58352,0.12941,0.72935,0.53295
0.26589,0.14326,0.31395,0.78597,6.3995,0.41363,0.28989,0.1963,0.18345,15.532,0.41571,0.18293,0.30378,0.21405,0.16181
0.12511,0.14235,0.12604,0.11654,7.5159,0.16688,0.14446,0.11992,12.222,0.17712,0.26728,0.11843,0.13672,0.23676,0.28587
0.16819,0.1785,0.15067,0.14521,7.1106,0.32595,0.43243,11.607,0.39073,0.33882,0.29818,0.16279,0.28514,0.14774,0.17779
0.33566,0.30248,0.19951,0.13842,6.8914,0.17565,10.244,0.23036,0.36241,0.45491,0.35286,0.24693,0.55107,0.73674,0.38206
0.1054,0.10845,0.10508,0.12317,6.9629,8.8194,0.53253,0.31097,0.14323,0.40875,0.20531,0.23226,0.3921,0.27034,0.43441
0.11517,0.12721,0.1139,0.15634,10.109,0.1124,0.25869,0.37012,0.23281,0.26629,0.17716,0.17754,0.32025,0.21061,0.36421
0.18644,0.15852,0.17826,5.6558,0.17174,0.32586,0.20168,0.22264,0.13647,0.13063,0.13782,0.15325,0.2416,0.13432,21.776
0.4917,0.53172,0.27464,5.3448,0.23509,0.12369,0.19508,0.15442,0.15049,0.25177,0.12037,0.10394,0.14658,20.225,0.15448
0.27385,0.19948,0.15376,6.1457,0.16608,0.32142,0.19946,0.42707,1.0275,0.12546,0.2793,0.14899,17.038,0.17607,0.54955
0.14276,0.13589,0.17034,6.0636,0.22092,0.16951,0.15262,0.13628,0.16863,0.18281,0.23352,16.246,0.20787,0.23267,0.29564
2.0063,0.35023,0.23276,1.9045,0.20562,0.33769,0.29882,0.29222,0.33393,0.27712,4.3049,0.15401,0.33858,0.21526,0.18721
0.76733,0.089361,0.11965,5.3936,0.17663,0.26768,0.09009,0.63161,0.10167,13.326,0.1761,0.14672,0.25149,0.12246,0.22162
0.22904,0.14923,0.1536,5.3802,0.14106,0.42953,0.17806,0.19198,13.601,0.2229,0.19124,0.1301,0.27848,0.27897,0.38064
0.43037,0.28619,0.30444,6.0313,0.35811,0.131,0.22502,10.625,0.13648,0.45557,0.16609,0.20384,0.30926,0.20203,0.19499
0.13864,0.14247,0.14685,5.4344,0.28397,0.31859,10.595,0.32776,0.50712,0.64338,0.39785,0.32963,0.66153,0.58569,0.85086
0.79566,0.31582,0.31446,5.5326,0.17924,8.0019,0.26333,0.20211,0.14861,0.34505,0.154,0.21184,0.33285,0.22659,0.22568
0.27958,0.75587,0.24511,5.1997,7.5724,0.54491,0.2111,0.2639,0.16202,0.558,0.37037,0.13643,0.25617,0.16536,0.11216
0.44522,0.38292,0.11277,7.9384,0.23822,0.11015,0.27343,0.095881,0.21619,0.36626,0.17876,0.11544,0.092375,0.20495,0.21606
0.36819,0.273,4.1429,0.28598,0.26579,0.1884,0.21064,0.15015,0.31816,0.21774,0.36711,0.31872,0.39193,0.31156,22.148
0.27206,0.37236,4.0192,0.19437,0.16017,0.17649,0.43169,0.37441,0.16639,0.22796,0.18437,0.18537,0.19436,21.29,0.18415
0.66079,0.70033,4.1218,0.25665,0.2766,0.33359,0.3104,0.41994,0.34207,0.2078,0.25259,0.3052,18.68,0.3127,0.24643
0.83447,0.40773,3.9542,0.24051,0.3882,0.2824,0.15482,0.29518,0.12444,0.12159,0.12151,16.33,0.1225,0.63368,0.20438
1.1935,0.37799,3.6442,0.17212,0.15811,0.11872,0.21865,0.14067,0.12925,0.24621,13.258,0.17094,0.22875,0.27712,0.16359
0.61281,0.73182,4.1234,0.20647,0.37497,0.31878,0.67224,0.44747,0.20557,13.731,0.12524,0.40061,0.55737,0.41454,0.25406
0.60861,0.6688,3.7879,0.21565,0.29561,0.17418,0.30956,0.14514,13.258,0.11657,0.19867,0.30284,0.15455,0.29221,0.21253
0.68935,0.73416,4.0888,0.44065,0.43688,0.2733,0.6104,10.567,0.19612,0.38206,0.12827,0.22611,0.35612,0.26522,0.21739
0.8266,0.41734,4.0692,0.22512,0.43955,0.2528,9.2442,0.51474,0.15269,0.13579,0.66017,0.43121,0.54136,0.33702,0.32997
0.67467,0.77156,4.1087,0.38523,0.36442,8.5765,0.37661,0.21199,0.21467,0.67201,0.22253,0.28236,0.39693,0.30861,0.55188
0.88585,0.6199,4.1827,0.31828,6.2001,0.13999,0.19389,0.14639,0.17495,0.21317,0.27498,0.3377,0.295,0.19324,0.26014
1.121,0.12694,3.7978,4.9244,0.25561,0.27328,0.58103,0.29859,0.13934,0.24129,0.21792,0.12941,0.22111,0.40198,0.14243
0.24772,0.21675,6.0696,0.11667,0.52558,0.12863,0.2698,0.12605,0.1572,0.42027,0.31209,0.32952,0.34592,0.24603,0.24535
0.63408,2.8428,0.29746,0.19158,0.23574,0.12361,0.099892,0.1289,0.11435,0.22478,0.19029,0.12391,0.20885,0.36766,20.119
0.78001,2.8448,0.16279,0.1957,0.11808,0.12221,0.20929,0.085017,0.18352,0.33616,0.14104,0.21087,0.31319,17.653,0.65194
0.87082,2.5608,0.24672,0.24338,0.23604,0.16309,0.20964,0.29853,0.16157,0.31223,0.26872,0.25495,18.786,0.24464,0.36759
0.96993,2.4608,0.20878,0.15764,0.1624,0.1454,0.21132,0.12138,0.28658,0.3805,0.3784,16.586,0.45992,0.37903,0.32092
1.0925,2.2975,0.45985,0.23001,0.14992,0.12508,0.1772,0.15436,0.19541,0.23969,15.083,0.23831,0.3061,0.22335,0.48791
0.81666,2.725,0.52471,0.21827,0.41579,0.22558,0.36449,0.62773,0.24106,14.499,0.3104,0.26344,0.45905,0.24212,0.32247
0.81941,2.7387,0.20004,0.23219,0.22259,0.13838,0.18791,1.0606,12.212,0.35742,0.24198,0.20434,0.26934,0.16492,0.15992
0.68139,3.0387,0.16207,0.14173,0.37145,0.10268,0.32824,9.8129,0.15491,0.34583,0.17772,0.16773,0.30981,0.21668,0.15348
0.60339,3.0947,0.12212,0.11257,0.23816,0.0837,8.4535,0.14478,0.22408,0.34143,0.16357,0.18715,0.39694,0.1791,0.13949
0.60409,2.4184,0.094373,0.15892,0.19036,9.2954,0.13085,0.20893,0.092598,0.35256,0.24172,0.20425,0.34275,0.3081,0.15933
0.76593,2.9088,0.21775,0.1195,6.5087,0.11971,0.28346,0.3426,0.26219,0.39927,0.22756,0.23306,0.32361,0.22231,0.22337
1.0502,2.7017,0.15492,4.958,0.12499,0.39743,0.19595,0.13535,0.29065,0.41136,0.39072,0.25747,0.42018,0.16612,0.27941
0.74829,2.6404,4.401,0.27983,0.15019,0.13041,0.32316,0.14289,0.20195,0.32769,0.44995,0.30916,0.41596,0.33787,0.288
0.15965,4.1262,0.24032,0.19518,0.22315,0.20325,0.2046,0.19892,0.14624,0.282,0.18816,0.24855,0.33052,0.26724,0.2215
1.4869,0.14107,0.179,0.11175,0.26839,0.34265,0.25547,0.11141,0.17753,0.11332,0.17728,0.19589,0.28631,0.23679,21.792
1.498,0.24983,0.17827,0.13665,0.19431,0.15132,0.2529,0.13806,0.23622,0.32289,0.16038,0.25424,0.30434,20.487,0.24431
1.4746,0.21197,0.14004,0.17274,0.11837,0.09628,0.10372,0.20891,0.087989,0.25225,0.17718,0.15267,18.776,0.15259,0.15587
1.5245,0.14318,0.19391,0.19728,0.29999,0.10807,0.13844,0.24614,0.30005,0.27754,0.2106,17.012,0.31492,0.35245,0.16601
1.5464,0.67377,0.17476,0.2046,0.17303,0.30217,0.31934,0.2719,0.14532,0.29524,15.044,0.11222,0.36546,0.21237,0.27724
1.5791,0.18039,0.15587,0.16489,0.1516,0.15427,0.087852,0.14727,0.13563,13.28,0.24891,0.19792,0.31788,0.35791,0.27658
1.4852,0.30713,0.18847,0.18316,0.13904,0.32326,0.28404,0.22269,13.218,0.3989,0.14918,0.18096,0.436,0.29446,0.3516
1.5865,0.10627,0.20835,0.13602,0.16015,0.15111,0.19945,10.827,0.24947,0.45045,0.26576,0.2496,0.25783,0.20553,0.31071
1.4802,0.2479,0.13889,0.29502,0.18434,0.18144,10.215,0.14841,0.21296,0.10547,0.22047,0.30862,0.37189,0.3603,0.23762
1.5333,0.23918,0.37881,0.15525,0.25317,8.3433,0.12397,0.19246,0.22068,0.33679,0.15806,0.18059,0.45408,0.19528,0.12931
1.5856,0.29153,0.21266,0.19882,6.7701,0.39524,0.21571,0.18349,0.23498,0.39369,0.2767,0.18552,0.41326,0.26047,0.2612
1.4385,0.3013,0.094723,5.9713,0.26108,0.0937,0.25979,0.093287,0.21501,0.36509,0.17765,0.11436,0.089694,0.31774,0.2107
1.4373,0.32596,4.5398,0.17765,0.16581,0.1184,0.49394,0.10239,0.14064,0.24527,0.25275,0.17024,0.11966,0.28311,0.18822
1.5706,2.7448,0.20892,0.20986,0.12667,0.093049,0.13012,0.21251,0.10572,0.34269,0.23722,0.18369,0.26796,0.16485,0.16238
2.0852,0.23902,0.19507,0.20683,0.13517,0.10432,0.1144,0.26079,0.092913,0.32842,0.22056,0.18391,0.25107,0.14533,0.14899
1.2434,0.32659,0.1958,0.63345,0.6274,0.76459,0.69049,0.8832,1.0424,1.1761,1.1729,1.2744,1.3527,1.4295,24.422
1.429,0.30466,0.39133,0.6443,0.76541,1.1282,1.11,1.0479,1.1935,1.349,1.3309,1.4195,1.7039,14.435,15.62
1.3999,0.22172,0.32354,0.44478,0.3909,0.71824,0.30698,0.66193,0.92642,0.96052,0.85145,0.94639,1.0807,20.096,1.4185
1.6984,0.32598,0.49597,0.5385,0.48651,0.89979,0.67575,0.76065,0.83756,1.0252,1.0623,0.97174,11.138,1.3845,12.686
1.6378,0.17391,0.32004,0.5826,0.41348,0.68231,0.65375,0.74626,1.1926,0.96555,1.1229,1.1561,11.127,12.301,1.5575
1.3977,0.17007,0.3867,0.36769,0.49329,0.62149,0.51982,0.51507,0.64775,0.73823,0.72427,0.90217,19.216,1.5857,1.7423
1.4431,0.5138,0.28169,0.64205,0.81182,0.84539,0.87759,0.95706,1.0431,1.4372,1.2761,12.84,2.0172,1.8788,16.187
1.6046,0.21631,0.41276,0.64476,0.57631,0.91909,0.9297,0.73931,0.93811,1.1689,1.102,11.33,1.5924,13.355,1.6196
1.6162,0.26832,0.40948,0.49588,0.44905,0.72785,0.71243,0.82818,1.1261,0.92524,0.94356,11.197,12.008,1.8345,1.9915
1.6068,0.36491,0.42665,0.39349,0.52804,0.41721,0.49714,0.58609,0.67175,1.0454,0.82801,16.085,1.4819,1.2736,1.407
1.4103,0.34335,0.54752,0.60047,0.56478,0.7987,0.86271,0.88806,0.87954,0.99715,11.401,1.7529,2.0872,1.9544,15.942
1.6032,0.50955,0.47912,0.3813,0.5031,0.70662,0.50317,0.70324,0.91286,1.0602,10.019,1.4608,1.6692,12.763,1.2683
1.7715,0.23664,0.36802,0.29312,0.3603,0.44164,0.47984,0.64013,0.60261,0.73736,8.2677,0.94797,9.7184,1.4006,1.3915
1.5496,0.29102,0.47548,0.49617,0.46332,0.72572,0.71528,0.65089,0.69954,0.88535,10.892,12.282,1.6591,1.6094,1.6108
1.2346,0.19438,0.32504,0.37114,0.56707,0.44602,0.51558,0.62701,0.54925,0.75997,18.068,1.4807,1.6456,1.7077,1.6061
2.0602,0.10397,0.16105,0.2132,0.31755,0.28037,0.22175,0.28982,0.45391,2.5141,0.37057,0.37943,0.57166,0.43561,3.5425
2.0683,0.16032,0.28944,0.16978,0.172,0.26067,0.33212,0.24024,0.24315,2.0589,0.17999,0.37339,0.50982,2.9149,0.43081
1.5833,0.34305,0.27174,0.78964,0.36812,0.61916,0.73378,0.77208,0.75623,9.7778,1.3178,1.3537,12.294,1.9986,2.0644
1.4895,0.18726,0.30699,0.34596,0.72979,0.56759,0.28323,0.63208,0.56755,10.297,1.1453,12.08,1.7235,1.667,1.6898
1.461,0.30712,0.38732,0.33101,0.47651,0.50315,0.52241,0.6915,0.55876,10.028,10.851,1.7017,1.8841,1.8275,1.8703
1.0155,0.26498,0.1992,0.88551,0.3442,0.49898,0.5296,0.5277,0.60913,17.97,1.2672,1.441,1.658,1.4624,1.4651
1.3676,0.23174,0.41325,0.55876,0.43223,0.85463,0.77806,0.93352,9.9382,1.3297,1.5231,1.5337,1.7019,1.7047,16.382
1.2551,0.37726,0.50321,0.72359,0.57262,0.59988,0.66331,1.1848,10.749,1.4869,1.5396,1.5683,1.6969,16.019,2.4798
1.4967,0.55477,0.62022,0.46771,0.38134,0.64131,0.52632,0.93462,9.0595,1.2822,1.2852,1.2776,12.975,1.929,1.9249
1.5296,0.45731,0.1485,0.40931,0.56934,0.44519,0.47319,1.0782,8.7787,1.116,1.0164,12.412,1.7733,1.6384,1.7172
1.2568,0.24786,0.2963,0.35227,0.66035,1.115,0.40743,0.42303,10.043,0.93031,12.926,1.6863,1.4886,1.9962,2.0794
1.2763,0.26808,0.2698,0.75743,0.5586,0.41294,0.55815,0.61059,9.9605,11.359,1.7226,1.7983,1.9991,1.9427,2.2234
0.98091,0.3286,0.78133,0.3521,0.75708,0.45605,0.77717,0.90467,16.971,1.5048,1.3427,1.4966,1.6586,1.7748,1.8587
1.3718,0.34983,0.46712,0.51026,0.45998,0.8202,0.79792,8.5715,1.3576,1.5484,1.4099,1.4977,1.7424,1.7395,15.908
1.1096,0.37746,0.44091,0.70592,0.47677,0.75292,0.75125,9.8505,1.4474,1.712,1.6523,1.8374,1.9387,16.739,1.8341
1.393,0.57245,0.48295,0.57815,0.65074,0.63656,0.84401,7.8834,1.0041,1.3689,2.2492,1.6334,13.311,2.0884,2.2438
1.501,0.24588,0.42317,0.44089,0.94512,0.62963,0.61279,8.0471,1.0303,1.2039,1.2302,11.932,1.8322,1.7906,1.8015
1.4695,0.40427,0.35309,0.37645,0.37442,0.63994,0.4856,8.2576,1.1046,1.1565,11.14,1.6368,1.8003,1.7429,1.7264
1.5159,0.31032,0.52428,0.5246,0.67078,0.74632,0.91842,7.6662,1.0998,9.2695,1.354,1.4452,1.6212,1.5612,1.7203
0.99309,0.36973,0.63539,0.34306,0.49507,0.86683,0.38357,10.245,11.374,1.5342,1.887,1.9465,2.0774,2.1263,2.2663
0.35673,0.18245,0.20617,0.87681,0.2583,0.29342,0.95342,15.83,1.1899,1.1877,1.3467,1.4454,1.63,1.5701,1.5908
1.315,0.44854,0.42944,0.5211,0.77976,0.77489,7.7503,1.0606,1.245,1.2853,1.4787,1.4902,1.6649,1.5776,16.093
1.3536,0.44768,0.44037,0.53663,0.48519,0.64775,7.5145,1.1258,1.2938,1.3405,1.5382,1.6228,1.7487,14.733,1.8434
1.6692,0.4039,0.28469,0.37871,0.2709,0.49925,5.9404,0.78178,1.0194,1.1622,1.3455,1.1111,12.021,1.7492,1.8073
1.2201,0.22938,0.28479,0.39138,0.33206,0.62134,8.3555,0.98933,1.1059,1.3462,1.3343,13.728,2.0316,2.1539,2.2708
1.3402,0.18015,0.33557,0.4138,0.39669,0.48758,8.0186,0.85808,0.84181,1.2275,11.603,1.751,1.9337,1.9062,2.2347
1.2374,0.25029,0.19633,0.31711,0.39161,0.49897,8.0129,0.98394,0.93139,10.988,1.6475,1.752,2.0476,1.8806,2.2165
0.84871,0.56752,0.32839,0.39509,0.31998,0.50827,9.0341,1.0985,11.725,1.5583,1.8347,1.8627,2.0457,2.1405,2.0774
1.2758,0.4003,0.36317,0.47862,0.62834,0.55959,8.1009,9.11,1.4525,1.4922,1.2713,1.7503,1.9114,1.8936,2.0957
0.80274,0.13569,0.22651,0.34487,0.3487,0.44382,13.127,1.1284,1.1366,1.3255,1.1972,1.3169,1.508,1.5176,1.3824
1.2192,0.21664,0.46695,0.49321,0.48086,6.9893,1.0882,1.1145,1.316,1.5163,1.466,1.4447,1.6918,1.644,16.66
1.3263,0.39215,0.36815,0.47336,0.48731,6.6669,1.0068,0.99955,1.1594,1.3861,1.424,1.4424,1.5647,14.979,2.3319
1.7352,0.23343,0.49088,0.44958,0.47651,4.5842,0.63893,0.89464,0.82498,0.85005,0.98728,1.0294,9.7484,1.4944,1.5093
1.3492,0.2599,0.39957,0.46847,0.39493,7.0724,1.0908,0.96162,1.1179,1.3412,1.4522,12.797,1.9766,2.0149,1.9625
0.62644,0.27852,0.3253,0.33986,0.61504,8.4626,1.0914,1.0944,1.2371,1.4572,15.067,2.397,2.4247,2.6275,2.6919
1.213,0.64167,0.25843,0.36449,0.44677,6.9727,0.77093,0.86374,0.96451,11.788,1.5813,1.8719,2.0383,2.0953,2.1964
0.60274,0.53267,0.26474,0.90865,0.31895,8.5751,0.63628,0.8095,11.63,1.3796,2.3368,1.859,2.0995,2.3818,2.1375
1.2816,0.52996,0.48263,0.33546,0.41112,7.1779,0.86416,9.3103,1.2651,1.4552,1.7173,1.7789,1.9802,1.959,2.0818
1.7823,0.22124,0.31701,0.42828,0.62224,4.5316,5.1226,0.5995,0.89692,1.1009,1.0369,1.0373,1.2711,1.4179,1.3556
0.41191,0.36928,0.21477,0.58182,0.29583,11.857,0.88883,1.1243,1.1385,1.1271,1.5374,1.5998,1.595,1.7649,1.8154
1.3755,0.32488,0.45143,0.538,5.3327,0.95048,1.088,1.057,1.2959,1.2764,1.512,1.5418,1.7265,1.7829,15.886
1.3195,0.42169,0.38191,0.43616,5.6401,0.82774,1.0351,0.99696,1.1938,1.4476,1.3475,1.4982,1.5982,14.978,1.6724
1.5421,0.16116,0.39013,0.36023,4.7509,0.77609,0.83617,0.84618,1.0459,1.1665,1.1613,1.4068,12.205,1.6371,1.8784
1.0663,0.39444,0.79072,0.39477,6.3495,0.8558,1.006,1.021,1.2182,1.4539,1.4052,14.272,2.0211,2.256,2.3865
1.2107,0.1371,0.34628,0.41063,5.9687,0.84323,0.95503,0.971,1.1175,1.367,12.617,2.0056,1.6753,2.3493,2.2742
1.2668,0.21564,0.20186,0.33503,5.6994,0.74993,0.81719,0.92891,0.93081,11.146,1.8983,1.7394,1.6475,1.8257,2.1234
1.1773,0.55074,0.30278,0.45807,6.0765,0.83316,0.99681,1.1776,10.663,1.7824,1.7123,1.7498,2.0314,1.953,1.9803
1.26,0.41398,0.58079,0.34311,5.6132,0.66629,0.90009,8.8746,1.4558,1.4022,1.6016,1.7271,1.8486,1.8082,1.9472
1.417,0.20848,0.26102,0.55905,5.1094,0.87762,7.1359,0.97657,1.2653,1.3982,1.3574,1.4448,1.6374,2.0034,1.8525
1.2739,0.33344,0.35145,0.32946,5.4043,7.3419,1.2224,1.3141,1.3771,1.6859,1.8358,1.6699,1.8541,1.8158,1.8239
0.55836,0.2208,0.19096,0.23407,9.6282,1.06,0.97672,1.1436,1.0748,1.351,1.098,1.3668,1.5926,1.4311,1.7215
1.3449,0.30514,0.41327,4.5009,0.7164,0.94347,0.84938,0.9218,1.2747,1.2531,1.4866,1.5145,1.6961,1.7518,15.959
1.2484,0.20505,0.6461,4.6604,0.81276,0.93636,1.0525,1.0712,1.2017,1.4338,1.2938,1.4516,1.6092,15.665,2.1761
1.6145,0.35168,0.24758,3.943,0.49192,0.78545,0.85411,1.2042,0.98443,1.1876,1.007,1.2143,12.161,1.6253,1.8491
1.4692,0.37062,0.39113,4.1909,0.6459,0.77731,0.88486,0.89668,1.021,1.2336,1.3606,12.263,1.4273,1.7638,1.9272
1.0614,0.20164,0.53161,4.9688,0.6891,1.0948,1.0518,1.001,1.1281,1.3518,13.607,2.0008,1.8989,2.2244,2.4148
1.7612,0.26121,0.37379,2.9606,0.66262,0.68526,0.56617,0.77345,0.96846,6.8367,0.8907,0.98911,1.1461,1.0433,1.4124
1.1952,0.24378,0.36552,4.9135,0.75796,1.0647,0.78597,1.2009,9.9444,1.4765,1.6733,1.7861,1.7388,1.8621,2.0724
0.96471,0.21026,0.81042,5.2393,0.72818,0.75242,0.81855,9.626,1.4426,1.4825,1.7508,1.7157,2.0897,1.8749,2.3339
1.5056,0.40988,0.56129,3.7326,0.81317,0.76069,7.1725,0.93924,1.1038,1.3549,1.2287,1.3872,1.5592,1.5338,1.8574
1.2649,0.49793,0.95773,4.7127,0.93019,6.4035,0.86637,1.0736,1.2894,1.573,1.4081,1.5878,1.6747,1.6156,1.7986
1.3273,0.12034,0.32969,4.5065,5.2776,0.91003,0.79433,0.95057,1.1809,1.5066,1.4699,1.465,1.6518,1.6193,1.8808
0.36579,0.36434,0.27154,8.0218,0.80349,0.94009,1.0204,1.0163,1.2027,1.1451,1.2416,1.4598,1.6238,1.4374,1.788
0.98632,0.18785,4.0423,0.63486,0.88254,0.90002,0.87842,1.109,1.2815,1.4986,1.417,1.5076,1.6618,1.6463,17.001
1.3742,0.22621,3.4058,0.7017,0.6545,0.83041,0.92685,0.90972,1.0692,1.2773,1.2732,1.2447,1.395,15.118,2.0021
1.6744,0.3198,2.727,0.42214,0.64012,0.62342,0.77159,0.73478,0.92283,1.0526,0.98512,1.056,10.811,1.7003,1.8401
1.4752,0.42629,3.1974,0.72722,0.83392,0.86011,1.5151,0.91957,1.0865,1.5181,1.1691,12.141,1.7583,1.8378,1.9628
1.6524,0.30269,2.977,0.57214,0.50394,0.61085,0.6942,0.83658,0.75974,1.0063,8.8929,1.2964,1.443,1.3988,1.6194
1.9119,0.3114,1.6819,0.34434,0.31852,0.58943,0.40766,0.59945,0.76549,5.3996,0.80531,0.84964,0.90829,0.88917,1.0637
0.1574,0.14047,4.5156,0.96363,0.67209,0.57616,0.80463,1.0918,11.766,1.5497,1.6562,1.8648,2.0217,1.5266,2.0518
0.777,0.13214,4.1504,0.45763,0.43976,1.8519,0.17254,9.8352,1.4497,1.4153,1.5613,1.6771,1.8742,2.1955,1.9474
1.9045,0.327,1.7574,0.36691,0.22812,0.4127,4.0469,0.57045,0.70024,0.94331,0.74417,0.8052,1.0525,0.84505,1.0742
1.6221,0.29436,2.9046,0.57307,0.37891,5.1985,0.94068,0.89518,1.0797,1.3344,1.2861,1.2779,1.2877,1.4203,1.6575
0.8994,0.24157,4.3811,0.51458,5.3486,1.1793,1.2973,1.5232,1.5143,1.4742,1.8544,1.6947,1.9732,1.9257,2.1042
0.58803,0.10234,4.0892,5.3246,0.82136,1.1831,1.3006,1.3472,1.5061,1.5342,1.7504,1.9286,2.0605,1.9787,2.287
0.36954,0.10571,5.9168,0.56531,0.52875,0.87024,0.83717,0.95627,1.1876,1.1347,1.3702,1.3589,1.5757,1.8678,1.5818
1.0019,2.8881,0.25784,0.70087,0.75011,1.0405,0.75139,1.178,1.1752,1.3188,1.4228,1.4867,1.7792,1.6503,17.488
0.86247,2.9682,0.53937,0.45435,0.67681,0.90269,1.0617,0.9764,1.1027,1.147,1.3043,1.3626,1.5549,16.076,2.2289
1.3813,2.5322,0.36141,0.634,0.56178,0.93792,0.7811,0.85314,1.0427,1.1729,1.1171,1.1625,12.39,1.7092,1.7458
1.1328,2.8252,0.4112,0.58882,0.54438,0.86798,0.75944,0.7548,0.94677,1.1618,1.0285,12.339,1.5821,1.6724,1.7739
1.7978,1.645,0.42941,0.34423,0.53958,0.59293,0.74272,0.59386,0.75136,0.88819,8.0154,1.1036,1.3227,1.185,1.2943
1.7733,1.713,0.43717,0.47675,0.55842,0.58575,0.62977,0.55324,0.74087,7.2576,1.0286,1.1348,1.2499,1.2365,1.416
0.67509,2.8119,0.55969,0.71817,0.68088,1.0696,1.0082,0.90908,11.405,1.7187,2.0094,1.9459,2.2485,2.2408,2.3569
0.52091,2.9831,0.84185,0.46474,0.60241,0.9332,0.84997,10.001,1.5458,1.4896,1.7858,1.6922,2.2262,2.0095,2.0507
0.88633,2.6236,0.51071,0.63959,0.58927,0.78849,8.9759,1.3576,1.3557,1.5717,1.7527,1.8605,2.0585,2.0314,2.3547
1.7514,1.642,0.41162,0.40179,0.47694,4.1746,0.60237,0.60593,0.82033,0.80285,1.0432,1.1065,1.1906,1.2816,1.3289
0.95013,2.9817,0.44526,0.44898,5.4628,0.90792,1.0037,0.97075,1.1241,1.4159,2.0564,1.6777,1.5599,1.4677,1.4577
0.59873,2.8597,0.22181,5.3629,0.75097,1.0364,1.0157,1.0244,1.4022,1.4527,1.7133,1.5684,1.9236,1.8336,1.9251
1.7046,1.6172,2.7727,0.35602,0.58879,0.67586,0.83422,0.74129,0.8431,1.0172,1.1158,1.2307,1.3214,1.4164,1.5461
0.10934,3.9411,0.70358,0.6797,0.8389,1.0578,0.82162,1.1749,1.3825,1.3502,1.5483,1.6505,1.8392,1.7863,2.0599
1.7268,0.18233,0.25776,0.73658,0.79814,1.0993,1.1866,1.2365,1.2409,1.3912,1.5021,1.6804,1.8672,1.9146,17.273
1.7463,0.46845,0.55509,0.53819,0.65977,0.95058,0.97698,1.0883,1.2379,1.4667,1.5021,1.459,1.6271,15.673,2.1057
1.8235,0.36093,0.56872,0.5664,0.57222,0.77559,0.87868,1.084,0.98297,1.2281,1.1766,1.2131,12.73,1.7833,1.7086
1.7897,0.41371,0.56084,0.64112,0.59904,0.84932,0.86265,1.0443,0.98136,1.2427,1.1659,12.016,1.6788,1.7784,1.8395
1.634,0.36982,0.6015,0.64484,0.63983,0.87727,0.94728,1.1379,1.0958,1.3093,13.539,2.0447,2.0169,2.2619,2.1084
1.688,0.46159,0.55574,0.50049,0.65552,1.0111,0.90797,1.0372,1.0562,11.511,1.6104,1.7135,1.9208,1.8869,1.9419
1.5918,0.45054,0.59032,0.73482,0.77553,1.053,0.99299,1.1703,11.634,1.6458,1.9308,1.9672,2.1588,2.2541,2.1962
1.6909,0.44448,0.5213,0.61983,0.69043,0.78128,0.8566,8.9027,1.3169,1.3858,1.5334,1.7032,1.9382,1.8484,2.0533
1.5593,0.56621,0.5222,0.59872,0.68128,0.82548,8.94,1.3037,1.5173,1.6758,1.6668,1.8172,1.9855,2.2486,2.2979
1.5572,0.66938,0.30691,0.66826,0.75972,8.1011,1.1789,1.4188,1.6415,1.5392,1.8321,1.9435,2.139,2.1998,2.3046
1.587,0.44853,0.56412,0.58539,6.392,1.1806,1.2208,1.2872,1.4627,1.7641,1.7684,1.8173,2.0639,2.0726,2.3089
1.5557,0.42987,0.40969,5.5648,0.78902,1.1444,1.1584,1.4184,1.5966,1.9331,1.7683,1.9507,2.1946,2.4993,2.3666
1.7438,0.19557,3.2585,0.58814,0.72274,0.90804,0.87435,1.003,1.1949,1.1902,1.4266,1.4166,1.5928,1.9342,1.6521
1.6121,2.7397,0.25405,0.37339,1.0347,1.2073,1.3212,1.3486,1.5617,1.5337,1.6592,1.8978,2.0842,1.9206,2.2812
2.056,0.34242,0.38599,0.62771,0.77526,0.92392,0.98666,0.99822,1.1342,1.2121,1.3462,1.4944,1.6888,1.766,1.9607
