3.8413e-18,3.8411e-18,5.432e-18,7.6819e-18,1.0863e-17,1.5363e-17,2.1726e-17,3.0724e-17,4.3449e-17,1.0035
0.035289,0.035287,0.049902,0.07057,0.099797,0.14113,0.19958,0.28224,0.39914,0.83041
2.6664,4.1584,4.8749,4.4501,5.3587,6.305,7.4985,8.9012,25.715,23.838
0.04251,0.042508,0.060115,0.085013,0.12022,0.17002,0.24044,0.34002,0.48086,0.73686
0.062619,0.062617,0.088557,0.12523,0.1771,0.25046,0.3542,0.50092,0.70839,0.0013245
1.5878,1.259,1.6597,2.0771,4.1655,4.4036,5.4896,11.141,11.276,0.0022451
2.9605,1.7434,5.5308,5.9546,15.153,10.698,22.049,17.672,20.343,29.356
5.3763,2.8618,6.0272,6.2745,20.009,12.147,27.925,24.435,23.659,38.289
0.66033,0.59092,0.79501,1.1011,1.5779,2.5194,3.3797,4.2811,5.7532,0.43138
4.3889,8.8149,5.2196,9.6463,6.7348,35.555,17.777,19.529,21.455,67.326
3.7361,2.5204,2.9879,4.9354,5.5083,14.049,10.918,13.049,15.553,23.757
4.9427,3.0574,3.3571,5.9353,7.8025,20.724,13.695,19.458,19.335,34.359
0.90046,0.78678,1.044,1.3859,2.0386,3.3543,3.891,5.1643,6.8601,0.015481
2.2704,3.5025,7.1288,7.1456,5.9656,22.383,25.03,19.573,22.267,35.112
3.3541,2.1017,4.0067,8.4899,6.3947,19.738,23.363,19.948,23.334,0.0047124
2.7228,5.1022,11.118,6.4104,7.2006,30.897,37.685,30.701,30.552,1.6714
3.8894,9.3602,10.632,11.663,45.139,20.311,21.995,23.818,25.794,74.622
2.4526,4.2945,5.1118,4.3168,14.346,9.5371,10.925,12.582,23.853,39.103
3.8766,9.361,10.014,11.738,44.364,19.923,21.541,23.315,80.589,1.1686
4.7055,8.8584,5.3281,6.0427,23.993,14.53,16.392,22.693,22.132,39.992
1.1676,0.98727,1.8346,1.9995,3.7053,4.0276,5.2377,7.2595,9.1072,0.097718
8.9713,4.6948,5.0995,5.7198,25.214,14.339,30.42,22.113,24.76,42.172
7.0739,4.0574,7.8378,6.4143,22.656,14.787,27.18,22.923,26.342,0.054916
5.4553,10.338,5.9932,9.4576,31.456,17.928,34.668,31.296,31.003,0.021315
2.5087,5.1042,2.7844,11.879,27.282,26.314,19.693,22.034,24.447,48.111
4.7781,3.1993,10.083,6.5328,23.296,23.774,20.201,23.178,26.616,0.012542
5.2697,9.9912,5.7885,9.1363,30.924,31.47,24.248,31.332,31.014,1.7615
3.7728,3.8709,10.573,10.06,31.84,32.774,34.832,29.096,32.399,0
2.421,3.8652,3.0612,8.6777,6.5057,7.6567,8.9991,10.623,18.749,30.962
9.1328,4.7346,5.6205,21.843,12.852,14.476,17.428,22.715,22.114,44.214
1.2998,1.0901,1.4676,2.6746,2.9276,3.8209,4.9868,6.8783,8.6973,0.41214
2.8685,6.1998,12.706,27.304,14.558,15.798,35.766,24.016,26.463,52.845
5.0835,4.4634,13.648,28.523,16.178,18.108,35.468,26.666,39.144,0.0070846
2.9156,6.4417,15.622,37.887,18.823,20.661,47.726,36.294,35.372,1.8054
2.7066,4.953,11.216,25.215,13.697,28.023,21.273,22.904,25.469,46.515
10.254,5.7247,6.1484,25.561,15.036,27.378,22.002,24.778,36.987,0.023169
14.181,6.7152,7.1922,36.02,18.473,38.269,26.731,40.981,34.893,0
6.6903,15.323,7.3659,40.47,19.387,39.79,44.649,33.911,36.737,0.8022
4.6515,9.4472,10.491,32.561,28.778,21.227,22.751,24.945,27.351,55.656
12.316,6.1199,6.8047,29.054,28.466,21.511,24.293,26.97,38.77,0.93407
3.2484,7.0962,17.049,38.084,36.102,25.509,28.233,35.692,34.944,0
7.1718,3.4435,16.98,40.478,36.939,25.164,47.213,34.138,37.113,2.5631
7.1437,17.021,8.0255,44.093,39.098,45.806,32.506,35.198,38.172,1.3396
5.7636,3.3346,12.07,7.6047,8.6853,9.9193,11.328,12.938,27.216,42.047
5.5574,11.295,24.635,13.632,15.174,16.912,18.85,25.294,24.416,47.29
3.3357,2.4748,5.7699,5.1178,6.3128,7.7727,9.6037,14.345,15.73,0.03433
5.4047,12.03,28.741,14.206,15.605,17.169,39.545,25.822,28.31,52.906
12.373,5.8506,28.755,15.302,16.872,18.531,40.992,28.201,43.023,2.8566
6.5562,15.174,38.049,17.924,19.528,21.27,53.604,40.353,37.113,1.2739
6.0312,11.437,26.922,14.121,15.182,32.195,23.328,24.759,27.249,51.809
12.243,6.101,26.343,14.951,16.562,29.222,23.551,26.328,39.28,1.2383
6.7159,14.893,36.168,17.9,19.632,41.48,28.525,37.257,35.515,0.17934
7.0919,16.419,39.836,18.89,20.547,36.777,46.783,34.079,37.18,0.71842
6.4678,11.742,28.995,14.571,29.399,21.009,23.162,28.063,28.348,49.795
12.996,6.3482,27.256,15.072,29.03,21.969,24.751,27.273,39.645,4.628
14.713,6.7761,35.419,17.812,35.889,25.554,28.102,35.847,34.979,0.10899
13.848,11.807,39.365,18.59,39.872,26.474,43.841,34.395,37.417,0.61769
13.445,11.497,37.577,18.149,36.817,38.273,30.501,33.285,36.498,12.715
14.015,6.0529,33.444,30.545,20.367,22.197,24.391,26.221,28.497,62.71
13.515,6.531,27.451,26.527,19.822,22.553,24.566,27.284,41.992,0.79227
14.892,6.7108,35.399,35.838,23.862,26.199,28.738,36.542,35.542,0.28351
17.287,7.4477,42.675,42.501,25.466,27.693,53.63,36.706,39.581,0.17462
15.535,7.0931,40.243,39.378,24.968,39.912,32.202,34.774,37.775,0
6.779,16.271,42.307,39.134,40.325,30.211,32.729,35.654,38.442,0
5.9923,10.836,6.8598,7.828,8.9471,10.273,11.695,13.364,26.206,41.726
12.358,25.913,13.692,15.169,16.806,18.627,20.747,28.645,26.649,46.606
4.468,6.6881,5.4865,6.5044,8.3202,9.6002,11.542,19.603,19.083,0.00072637
12.834,29.806,13.972,15.375,16.625,18.277,43.001,27.041,29.442,57.674
13.994,30.8,15.362,16.868,18.728,20.631,42.744,29.832,45.988,1.133
17.131,42.152,18.492,19.967,21.603,23.267,59.764,44.426,39.331,0.14075
14.324,28.629,14.604,15.541,16.989,35.719,24.392,26.676,29.133,53.589
14.119,28.354,14.958,16.542,18.294,32.682,25.452,28.203,43.488,2.3304
16.331,38.138,18.804,19.51,21.256,47.013,30.632,39.825,37.432,2.4737
17.42,42.253,18.84,20.379,22.041,40.399,50.998,35.888,38.879,0.78145
14.33,33.58,15.127,16.379,36.831,23.389,25.317,27.404,29.713,64.675
13.414,28.641,15.114,16.416,32.466,23.958,26.186,28.916,42.454,0.058948
16.779,38.342,18.012,19.605,42.072,28.541,30.565,39.013,37.269,0.82374
17.603,42.471,19.823,20.123,43.266,27.791,53.448,36.855,39.718,2.7197
17.831,40.668,18.148,19.606,41.582,48.087,33.536,36.215,39.123,2.0425
14.789,31.013,14.842,31,20.964,22.861,24.892,27.089,29.513,57.095
12.782,27.038,14.532,28.403,20.954,23.142,25.4,28.098,43.549,0.49651
16.332,36.859,17.322,36.893,24.646,27.323,29.269,45.241,37.319,0.56849
17.52,40.732,19.01,40.28,25.882,43.4,33.211,36.01,38.86,0.74375
16.29,39.127,17.662,39.191,41.151,30.882,32.898,35.813,38.589,2.7149
13.383,34.273,40.489,21.392,23.012,24.729,26.469,28.609,30.528,74.173
13.269,29.326,31.638,20.781,22.72,24.746,27.139,29.906,46.118,3.5182
15.999,38.042,40.427,24.778,26.439,28.68,31.877,41.357,38.203,0.77034
17.781,43.43,46.321,25.568,27.422,29.412,55.522,38.192,40.965,2.201
16.156,40.398,41.581,24.114,25.986,50.148,34.387,37.034,39.967,0.82115
16.486,40.327,40.048,23.445,50.962,32.295,34.959,37.393,40.248,2.7935
15.651,38.455,43.046,39.304,29.566,31.592,33.881,36.555,39.441,0.11151
11.499,6.26,7.1329,8.1166,9.2429,10.567,11.992,13.654,26.909,43.447
26.181,12.107,13.339,14.696,16.191,17.933,19.793,36.272,27.424,50.085
6.2618,4.2401,5.1875,6.2117,7.507,9.0821,10.985,18.474,19.034,0.004434
31.372,13.002,14.074,15.404,16.556,17.895,49.77,28.291,30.933,61.352
30.825,14,15.376,16.887,18.75,20.455,42.714,29.821,45.966,0.13248
41.735,16.823,21.743,20.316,21.743,23.442,60.632,45.343,39.637,0.15274
28.884,12.824,14.036,15.353,16.957,35.384,24.379,27.562,29.199,52.317
28.177,13.692,14.787,16.946,18.243,33.25,25.53,28.231,43.317,2.3371
38.46,17.786,19.06,19.735,21.474,47.78,30.892,40.633,37.738,2.4883
42.132,17.385,18.807,20.345,22.009,40.32,50.901,35.85,38.843,0.78005
30.588,13.375,14.795,16.065,33.005,22.64,24.732,27.067,29.456,54.522
28.539,13.399,14.737,16.307,32.822,24.009,26.384,28.926,42.848,0.61187
37.749,16.533,17.902,19.518,40.659,27.655,30.154,38.655,36.917,0.83424
42.629,17.256,19.826,20.12,43.274,27.792,53.456,36.855,39.718,3.3475
41.154,16.924,18.403,19.758,42.504,47.751,33.62,36.414,39.188,5.4323
30.726,13.498,14.616,30.364,20.685,22.586,24.625,26.833,29.272,56.239
27.353,12.874,14.228,28.35,21.821,23.628,25.583,28.276,43.795,0.57937
37.036,16.364,17.393,36.702,24.636,27.31,29.267,45.241,37.401,0.56872
41.182,16.98,18.367,41.128,26.122,42.176,33.176,35.885,38.816,0.1722
41.603,17.201,18.419,39.528,42.484,30.98,33.473,36.169,39.077,2.7122
28.938,12.444,33.965,19.921,21.711,23.618,25.7,28.072,30.469,54.423
29.484,13.235,33.051,21.117,23.059,25.076,27.464,30.104,46.699,3.1588
38.186,15.937,42.297,25.187,26.843,29.083,31.514,41.955,38.4,0.30822
43.178,16.828,45.735,25.376,27.235,29.23,55.026,38.002,40.788,2.1818
40.632,16.882,42.106,24.818,26.598,44.567,34.31,36.615,39.523,0.327
41.089,15.866,43.383,23.873,55.22,33.311,35.724,38.521,41.295,3.2113
38.839,15.678,43.826,39.772,29.244,31.796,34.04,36.704,39.577,3.5404
36.648,38.43,22.008,22.298,23.966,25.865,27.551,29.551,31.697,71.723
30.596,30.61,19.353,21.285,23.254,25.506,27.899,30.56,45.803,1.5549
0.0092942,0.0092937,0.013143,0.018586,0.026284,0.037171,0.052566,0.074337,0.10513,0.99256
0.061921,0.061919,0.08757,0.12384,0.17513,0.24767,0.35025,0.49532,0.70048,0.1497
7.0296,12.102,7.6927,8.7799,10.032,11.688,13.108,41.928,27.462,5.9831
11.33,11.672,16.678,9.1307,20.906,84.224,39.187,38.364,40.9,9.2204
7.6817,18.718,8.2975,18.068,68.839,30.559,33.006,35.673,38.942,14.611
4.508,8.4228,10.336,26.297,16.193,18.235,20.62,23.389,26.556,23.181
15.784,8.155,32.839,18.134,20.16,22.412,24.921,27.701,30.795,24.754
13.262,26.293,14.856,16.637,18.634,20.87,23.376,26.18,29.322,23.21
26.871,13.772,15.146,16.995,18.953,21.236,23.718,26.531,29.675,22.856
