2.0222,4.0444,8.0887,16.177,32.353,64.711,129.2,258.66,515.87,1033.7,1990.8,3953.6,7881.6,5804.1,8074.6
2.03,4.0602,8.1212,16.24,32.477,64.924,129.85,259.74,518.53,1032.5,2025.8,4090,3191.5,6507.6,16678
2.0233,4.046,8.0935,16.185,32.352,64.738,129.41,258.77,517.82,1030,1932.3,3818.9,5615.8,11031,3998
2.0223,4.0445,8.089,16.178,32.356,64.712,129.42,258.85,517.69,1034.2,2049.3,4091.2,7508.5,3311.6,13508
2.0316,4.0632,8.1263,16.253,32.505,65.011,129.7,259.84,517.65,1039.1,1981.3,3932.3,3841.1,9330.5,9473.9
2.0251,4.0502,8.1005,16.201,32.402,64.803,129.61,259.21,518.43,1036.8,2054.5,2887.9,5424.6,5445.4,13928
2.0254,4.0508,8.1017,16.203,32.406,64.813,129.62,259.24,518.5,1036.7,2067.3,4132.3,8226.3,8628.6,4073.8
2.0288,4.0576,8.1152,16.23,32.461,64.922,129.84,259.69,519.37,1038.7,2077.5,3260.8,5035.1,3104.8,20932
2.0195,4.0391,8.0781,16.156,32.313,64.625,129.25,258.5,517,1034,2067.5,3604.6,4737.4,9197.6,7378.8
2.0205,4.041,8.082,16.164,32.328,64.656,129.31,258.62,517.25,1034.5,2069,1620.7,6725.3,10411,10722
2.0256,4.0508,8.102,16.205,32.403,64.815,129.58,258.64,518.56,1036.7,1870,3186.9,2007.6,14086,13861
2.0231,4.0463,8.0925,16.185,32.37,64.74,129.48,258.92,517.91,1035.8,2070.3,3278.3,7536.9,12066,2154.2
2.037,4.074,8.148,16.296,32.591,65.185,130.31,260.63,520.27,1043,2022.9,4129.5,8039.2,1405.5,20067
2.0348,4.0695,8.1391,16.278,32.556,65.112,130.22,260.45,520.9,1041.8,1107.8,2771.1,2350.1,12380,23524
2.0396,4.0792,8.1586,16.317,32.633,65.265,130.53,261.03,521.77,1043.1,2053.1,4056.3,7883.4,14575,346.4
2.019,4.038,8.0761,16.152,32.304,64.609,129.22,258.43,516.87,1033.7,2067.5,3456.4,3756.3,7158.7,13412
2.0299,4.0554,8.1076,16.23,32.412,64.853,129.97,259.66,519.67,1038.9,2075,3115.8,4494.5,7563.6,11509
2.0376,4.0672,8.1339,16.263,32.567,64.498,128.51,259.85,520.62,1036.8,1243.6,3451.4,1842.8,9713.6,28484
2.0342,4.0684,8.1369,16.274,32.548,65.095,130.19,260.38,520.76,1041.5,2083,4022,1541.4,10674,18226
2.0265,4.053,8.106,16.212,32.424,64.848,129.69,259.39,518.79,1037.3,2051.7,4130.6,3571.7,4862.7,19301
2.0292,4.0589,8.118,16.233,32.468,64.939,129.94,258.43,508.82,1033.7,1908,1327.3,7059.1,5194.8,27180
2.0235,4.0478,8.0957,16.179,32.351,64.775,129.1,254.89,516.85,1034.1,2073,849.19,5942.2,8431.1,26193
2.0287,4.0574,8.1147,16.229,32.459,64.918,129.84,259.67,519.34,1038.7,2077.4,1645.2,3650.2,14241,15024
2.0215,4.0429,8.087,16.16,32.324,64.696,129.4,258.4,517.66,1022.2,1969.4,2303.3,3855.6,5172.8,26419
2.0317,4.0635,8.127,16.254,32.508,65.016,130.03,260.06,520.13,1040.3,2080.5,3799.3,6125.7,5725.6,9928.1
2.0241,4.0483,8.0965,16.193,32.386,64.772,129.54,259.09,518.18,1036.4,2072.7,4100.2,5937.9,1637.8,22309
2.0423,4.0846,8.1693,16.339,32.677,65.354,130.71,261.42,522.83,1045.7,2050.1,1849.6,7568.4,14244,6332.7
2.0333,4.0667,8.1333,16.267,32.533,65.067,130.13,260.27,520.53,1041.1,2082.1,1895.5,5349.3,11310,10423
2.0365,4.0732,8.1464,16.29,32.569,65.123,130.35,259.93,521.14,1041.1,1175.8,1278.3,6397.9,9439.9,23601
2.031,4.0604,8.1215,16.226,32.483,64.977,129.73,259.6,516.29,1040.4,1884,3716.2,6170.2,3544.1,15269
2.0351,4.0702,8.1403,16.28,32.548,65.122,130.25,260.31,520.99,1038.1,2076.9,921.2,4476.8,10449,26730
2.0374,4.0747,8.1494,16.299,32.598,65.195,130.39,260.78,521.53,1042.9,2026.1,1612.4,7531.6,8174.8,13551
2.027,4.0539,8.1079,16.216,32.431,64.863,129.73,259.45,518.9,1037.8,2075.6,3626,6391,2309.1,18743
2.0462,4.0924,8.1847,16.369,32.739,65.478,130.96,261.91,523.82,1047.6,2095.2,3939.4,6831.9,4125.9,12483
2.0286,4.0573,8.1145,16.229,32.457,64.914,129.77,259.61,519.31,1037.9,2036.6,2029.4,7464.8,3452.7,22728
2.0314,4.0628,8.1255,16.251,32.502,65.004,130.01,260.02,520.03,1040.1,2080.1,3533.5,5985.9,9838.7,4817
2.0286,4.0573,8.1145,16.227,32.453,64.858,129.65,258.12,518.79,1037.7,2077.6,2970.8,969.19,11217,27237
2.0279,4.0558,8.1116,16.223,32.446,64.893,129.79,259.57,519.1,1038.3,2070.6,3101.4,4679.6,14268,4929.1
2.0209,4.0417,8.0834,16.167,32.334,64.667,129.33,258.67,517.34,1034.7,2069.4,2430.9,4624.1,11018,9163.5
2.0573,4.1147,8.2305,16.47,32.91,65.852,131.14,262.43,501.12,1041.8,2082.5,3916,6060,12287,2828.7
2.0455,4.0912,8.1825,16.362,32.725,65.46,130.92,261.51,521.95,1028.8,1954.5,1636,2090.6,16760,25288
2.0296,4.0593,8.1185,16.237,32.474,64.948,129.9,259.79,519.59,1039.2,1675.1,2848.9,3549.1,12922,10088
2.0385,4.077,8.154,16.308,32.616,65.232,130.46,260.93,521.86,1043.7,2087.4,4169.1,5024.6,7029.2,9639.3
2.0295,4.0591,8.1182,16.236,32.473,64.945,129.89,259.78,519.55,1037.8,1258.4,2386.1,4717.5,10193,14260
2.0245,4.049,8.098,16.196,32.392,64.784,129.57,259.13,518.27,1036.5,2068.5,2841.9,5662,6445.5,11503
2.0266,4.0532,8.1065,16.213,32.425,64.851,129.7,259.4,518.82,1037.4,2047.8,4128.5,2802,10614,11409
2.0307,4.0615,8.123,16.246,32.492,64.983,129.96,259.88,519.66,1039.7,2067.6,3355.7,2458.5,6563.5,22759
2.0232,4.0489,8.107,16.187,31.965,64.649,129.32,258.42,503.03,1015,1097.1,2967.6,4295.5,11634,12994
2.0364,4.0727,8.1455,16.291,32.582,65.164,130.33,260.65,521.31,1042.6,2069.8,2690.9,3107.6,10746,13518
2.0395,4.0785,8.1569,16.313,32.618,65.253,130.53,260.24,518.2,1042.6,1222.7,3506.3,1666.5,11318,25438
2.028,4.0548,8.1095,16.186,32.433,64.885,129.86,259.2,514.35,1037.5,1253.9,2284.8,6046.5,8258.7,14710
2.0245,4.047,8.1159,16.255,32.41,64.913,129,258.55,520.21,1039.8,857.32,3136.1,4358.6,9368.4,19354
2.0347,4.0696,8.1379,16.274,32.543,64.914,130.23,257.77,498.68,1040.1,2046,2569,6783.8,9665.2,6704.3
2.0269,4.055,8.1081,16.19,32.297,64.721,129.6,258.77,508.62,1030.9,1892.5,3754.4,3889.4,12154,6932.5
2.0226,4.0452,8.0904,16.181,32.362,64.723,129.45,258.89,517.78,1035.6,2071.1,3223,2134.3,10843,15597
2.0287,4.0574,8.1148,16.23,32.459,64.919,129.83,259.67,519.2,1038.2,2055.6,3016.3,7857.2,1552.8,22729
2.0267,4.0533,8.1067,16.214,32.426,64.852,129.7,259.32,518.45,1034.4,1981.3,2137.8,5705.1,15204,6273
2.0282,4.0564,8.1128,16.226,32.451,64.902,129.8,259.61,519.22,1038.4,1905.5,4039.8,2179.6,5651.4,29455
2.0234,4.047,8.0937,16.187,32.37,64.737,129.46,258.95,518,1035.8,2016.1,3106.9,7646.5,11122,3089.2
2.0231,4.0459,8.0919,16.184,32.355,64.733,129.41,258.8,516.52,1024.2,1802,4071.4,4664.2,14342,3997.4
2.0284,4.0568,8.1137,16.227,32.455,64.909,129.82,259.64,519.27,1038.5,2071,2334.3,5604.8,13690,6007.3
2.0369,4.0737,8.1483,16.297,32.55,65.182,130.17,258.81,511.53,945.83,1937.3,4092.3,7061.8,691.78,26485
2.0289,4.0578,8.1155,16.232,32.455,64.925,129.79,259.24,519.03,1038.4,2060.1,2931.8,5321.3,8514.4,8681.9
2.0338,4.0677,8.1354,16.271,32.542,65.082,130.17,260.31,520.53,1040.2,1350.7,2292.4,6193.2,5188.7,21109
2.029,4.0579,8.1158,16.232,32.463,64.927,129.85,259.69,519.4,1038.4,1913.2,3780.6,1922,12629,13945
2.0236,4.0472,8.0943,16.189,32.377,64.755,129.51,259.02,518.04,1036.1,2072.2,3953.1,593.73,13853,22208
2.0227,4.0454,8.0912,16.179,32.359,64.721,129.46,258.84,517.84,1033,2050.6,3764.9,3144.4,4111.8,26420
2.029,4.058,8.116,16.232,32.464,64.928,129.85,259.71,519.41,1038.8,2077,4091.5,7103.1,1365.6,20974
2.0509,4.1015,8.2035,16.407,32.812,65.626,131.24,262.48,524.85,1049.8,2099.3,4179.5,8188.4,11150,1969.4
2.0234,4.0468,8.0936,16.187,32.374,64.749,129.5,258.99,517.99,1036,1109.3,1464,5625.4,10890,20525
2.0233,4.0466,8.0932,16.186,32.373,64.746,129.49,258.98,517.97,1035.9,2071.9,3215.6,7715.7,4997,10737
2.0361,4.0722,8.1444,16.289,32.577,65.155,130.31,260.62,521.24,1042.4,2082.9,2687.1,3402,6779.8,19576
2.0329,4.0665,8.1266,16.28,32.517,64.746,126.02,256.27,518.15,972,1969,3291.9,2514.6,8639.9,17485
2.0348,4.0696,8.1393,16.279,32.557,65.114,130.23,260.46,520.91,1041.8,2083.6,4008.5,848.27,10065,27122
2.0314,4.0626,8.1251,16.25,32.5,65.002,129.86,259.92,518.77,1038.5,1342.8,2057.1,3155.2,11484,20949
2.0391,4.0781,8.1563,16.313,32.625,65.25,130.5,261,522,1044,2088,2659.8,7973.6,7724.5,8028
2.0316,4.0632,8.1264,16.253,32.505,65.011,130.02,260.02,519.74,1040.1,2036.8,2661.8,6947.4,7126.5,9386.1
2.0329,4.0659,8.1318,16.264,32.527,65.054,130.11,260.22,520.43,1040.9,2081.7,2192.3,7835.5,13083,4919.9
2.0296,4.0592,8.1185,16.237,32.474,64.948,129.9,259.79,519.58,1039.2,2078.3,2019.9,5388.6,9996.7,10873
2.0285,4.0571,8.1141,16.228,32.457,64.913,129.83,259.65,519.27,1038.3,2065.9,3701.4,5870.2,8938.5,5660.4
2.0283,4.0566,8.1132,16.226,32.452,64.905,129.81,259.62,519.1,1038.3,2032.1,1935.6,5809.2,6554.5,16378
2.0275,4.0551,8.1102,16.22,32.441,64.88,129.76,259.5,518.94,1038,2075.8,4093.1,7185.1,2464.7,16399
2.0231,4.0462,8.0923,16.184,32.367,64.729,129.41,258.54,515.74,1034.9,2034.7,4085.5,7051.8,10678,2573.8
2.0363,4.0725,8.145,16.291,32.581,65.164,130.33,260.64,521.1,1042.4,2048.3,2714.8,5944.8,9223,7620.6
2.0333,4.0667,8.1333,16.267,32.533,65.066,130.13,260.26,520.53,1041,2075.8,2972.1,5282.9,4567.1,16409
2.0238,4.0471,8.0957,16.189,32.362,64.757,129.45,258.85,517.97,1030.2,1931.4,3816.7,6833.7,9379.7,4071.1
2.03,4.06,8.1199,16.24,32.48,64.959,129.92,259.84,519.68,1039.4,2078.7,3478.4,4412.7,8380.4,9576.9
2.0291,4.0582,8.1163,16.233,32.465,64.931,129.86,259.72,519.45,1038.9,1688.5,2892.9,3915,13136,8616.6
2.0293,4.0586,8.1172,16.234,32.469,64.937,129.87,259.75,519.5,1039,2078,3278.2,3096.5,12171,9976
2.0313,4.0627,8.1253,16.251,32.501,65.003,130.01,260.01,520.02,1040,2053.5,2166.9,4927.6,4928.3,22314
2.0261,4.0522,8.1043,16.209,32.417,64.835,129.62,258.93,517.14,1037.2,2013.6,4005.7,7848,6667.3,6701.6
2.0219,4.0438,8.0877,16.175,32.351,64.701,129.4,258.8,517.61,1035.2,2070.4,3872.8,5258.8,3709.4,16225
2.0273,4.0547,8.1094,16.219,32.438,64.875,129.75,259.5,519,1038,2076,3216.5,7734.2,3548.7,14245
2.0346,4.0693,8.1385,16.277,32.554,65.108,130.22,260.43,520.83,1041.7,2079.9,4029.1,4213.4,13529,5069.4
2.0229,4.0458,8.0916,16.183,32.364,64.732,129.46,258.83,517.84,1035.7,2068.1,1984.1,6865.8,6285,14579
2.0402,4.0816,8.164,16.327,32.574,65,129.25,251.05,516.46,1029.7,1237.5,2507.1,2864.2,10214,23615
2.0293,4.0583,8.1168,16.232,32.458,64.886,129.86,259.64,519.36,1003.1,1204.4,2370.2,5742.8,11047,11465
2.0266,4.0557,8.1204,16.214,32.398,64.445,128.9,258.29,505.71,1019.4,1212.6,3088.2,5220.5,6511.7,16689
2.0265,4.053,8.1059,16.212,32.422,64.847,129.68,258.82,518.67,1027.7,1376.2,1395.9,6252.3,11782,14994
2.0414,4.0828,8.1656,16.331,32.662,65.325,130.65,261.3,522.6,1045.2,2090.4,2205.5,1474.1,12920,26228
2.045,4.09,8.1801,16.36,32.72,65.441,130.88,261.76,523.53,1047.1,2094.1,1640.5,4700.5,9639.9,16516
2.0301,4.0602,8.1205,16.241,32.482,64.964,129.93,259.85,519.66,1039,2055.1,3927.5,4314,12673,5262.1
2.0243,4.0487,8.0974,16.195,32.39,64.779,129.56,259.12,518.23,1036.5,2072.9,3723.2,2047.4,15045,11830
2.0313,4.0626,8.1252,16.25,32.501,65.001,130,260,520.01,1040,2080,3266.8,3954.8,11225,8095
2.0294,4.0588,8.1176,16.235,32.47,64.94,129.87,259.75,519.53,1037.7,2019.3,1087.8,7083.6,7578.4,20979
2.0281,4.0581,8.1138,16.22,32.244,64.85,128.78,258.4,519.71,1030.2,1250.7,2982.1,5971.9,4109.1,22119
2.0271,4.0541,8.1083,16.217,32.433,64.866,129.73,259.47,518.93,1037.9,2075.7,1203.1,3977,12309,20043
2.028,4.056,8.1117,16.223,32.445,64.897,129.76,258.83,518.9,1037.9,2015.1,1632.6,2424,12266,25042
2.0295,4.0589,8.1178,16.236,32.471,64.943,129.89,259.77,519.54,1039.1,2078.2,3967.1,698.28,12913,22273
2.0341,4.0669,8.1347,16.268,32.534,65.016,129.62,259.68,509.01,1041.4,1384.1,2778.9,5560,3244.9,28986
2.0286,4.0573,8.1145,16.229,32.458,64.916,129.83,259.67,519.33,1038.7,2077.3,3084.9,6003.6,1789.4,25064
2.029,4.0581,8.1162,16.232,32.465,64.929,129.86,259.72,519.44,1038.9,2077.7,2488,6121.4,7556.8,10401
2.0238,4.0476,8.0952,16.19,32.381,64.762,129.52,259.05,518.09,1036.2,2071.9,4117.1,3629.9,5791.2,16232
2.0321,4.0643,8.1285,16.257,32.514,65.028,130.06,260.11,520.23,1040.5,2080.9,4161.8,698.35,15593,20113
2.0297,4.0586,8.1179,16.236,32.468,64.936,129.79,259.12,515.39,1005.2,1090.2,3984.3,5912.8,13758,6282.4
2.0354,4.0707,8.1412,16.282,32.562,65.132,130.21,259.78,520.96,1041.7,1848.3,3069.6,1027.9,12362,23797
2.0399,4.0798,8.1596,16.319,32.638,65.277,130.55,261.11,522.21,1044.4,2088.9,3931.9,7182.1,12674,1391.7
2.0289,4.0577,8.1154,16.231,32.462,64.923,129.84,259.67,519.25,1038.7,2059.2,3973,5147,1384,29493
2.0295,4.0544,8.1156,16.258,32.475,64.99,129.65,259.77,514.95,997.87,2080.3,1097.8,6128,7853.3,22400
2.0312,4.0623,8.1246,16.249,32.499,64.997,129.99,259.99,519.98,1039.3,1277,3481.2,7452.8,5315.9,13580
2.0329,4.0658,8.1316,16.263,32.527,65.053,130.1,260.21,520.42,1040.7,1738,3283,3792,5069.9,20510
2.0263,4.0526,8.1053,16.211,32.421,64.843,129.68,259.36,518.74,1037.2,2042.1,4122.4,1681.4,9392.2,19299
2.028,4.056,8.112,16.224,32.448,64.896,129.79,259.58,519.17,1038.3,2076.7,1770.6,3868.6,9693,17932
2.0329,4.0658,8.1316,16.263,32.526,65.052,130.1,260.21,520.42,1040.8,2081.7,4001,1791.4,7960.1,22262
2.0287,4.0574,8.1147,16.229,32.459,64.918,129.83,259.67,519.34,1038.7,2076.8,2859.6,4062.8,13467,7370.5
2.0303,4.0606,8.1211,16.242,32.484,64.969,129.94,259.88,519.75,1039.5,2079,4047.9,4428.4,4373.8,17051
2.0376,4.0752,8.1503,16.301,32.601,65.203,130.41,260.81,521.62,1043.2,2086.5,2255.4,6066.5,2979.4,26759
2.0439,4.0879,8.1758,16.352,32.703,65.406,130.81,261.62,523.25,1046.5,2093,3530,4277.7,2766.6,26838
2.0354,4.0707,8.1414,16.283,32.566,65.131,130.26,260.52,521.05,1042.1,2073.2,4032.6,7380.8,9779.8,3245.7
2.0205,4.0411,8.0821,16.164,32.329,64.657,129.31,258.63,517.26,1034.5,1043.5,1488.3,7028.2,10310,19086
2.0403,4.0806,8.1612,16.322,32.644,65.289,130.58,261.15,522.23,1044.6,2070.7,4164.2,3240.9,4108.3,25498
2.0171,4.0342,8.0684,16.136,32.273,64.548,129.1,258.12,516.37,1032.7,2062.9,2409.3,4192,4458.3,25630
2.0186,4.0371,8.0743,16.149,32.297,64.594,129.19,258.38,516.75,1032.9,2016.9,3963.6,5435.5,5285.2,11705
2.0271,4.0541,8.1085,16.214,32.414,64.863,129.73,259.31,518.96,1033.2,2040,3503.1,6836,8142.1,5742
2.0263,4.0525,8.1051,16.21,32.42,64.84,129.68,259.36,518.72,1037.4,2046.7,1687.9,3897.5,11118,16353
2.0178,4.0356,8.0711,16.143,32.284,64.569,129.14,258.28,516.43,1026.9,1811.7,3304.7,5384.1,14245,3415.3
2.0278,4.0566,8.1158,16.228,32.445,64.912,128.92,257.81,519.03,1035.1,1240.4,3585.4,4800.8,9964.3,10222
2.0447,4.0894,8.1788,16.358,32.715,65.431,130.86,261.72,523.45,1046.9,2093.8,1752.9,7767.5,12026,8050.2
2.0336,4.0671,8.1343,16.269,32.537,65.074,130.15,260.3,519.64,1021.5,1273.6,3896.4,2694,11726,15094
2.0197,4.0405,8.074,16.159,32.28,64.612,128.76,251.69,517.31,937,2070.8,1128,5935.3,6667.3,28082
2.0253,4.0507,8.1013,16.203,32.405,64.811,129.62,259.24,518.49,1036.9,2070.2,2289.1,6356.1,14233,4942.1
2.0336,4.0671,8.1342,16.268,32.537,65.074,130.15,260.29,520.36,1039.3,1998.3,2904.3,6659.7,3939.7,15573
2.026,4.052,8.1041,16.208,32.416,64.833,129.67,259.33,518.66,1037.3,2065.1,3493.9,4639.1,5255.5,14605
2.0263,4.0526,8.1053,16.213,32.42,64.845,129.7,259.38,518.28,1013.9,1530.6,2377.6,1710.5,11507,28096
2.0243,4.0486,8.0973,16.194,32.388,64.778,129.51,258.83,511.86,904.11,2049.1,3510.6,3092.7,9237.6,12976
2.0334,4.0668,8.1337,16.267,32.535,65.069,130.14,260.28,520.24,1038.7,1975.4,2478,6137.1,2950,23492
2.0509,4.1014,8.2033,16.406,32.811,65.624,131.25,262.5,525.01,1050,2099.8,4001.9,7684.6,566.28,25594
2.044,4.088,8.1759,16.352,32.704,65.407,130.81,261.63,523.26,1046.5,2093,3698.3,5327.8,6351.4,10555
2.0187,4.0374,8.0749,16.15,32.299,64.599,129.2,258.4,516.79,1033.6,1500.1,2669.1,7583.4,5646.7,13268
2.0333,4.0667,8.1334,16.267,32.532,65.066,130.13,260.26,520.31,1040.3,1340.3,2426.5,4345.1,6640.3,22341
2.0205,4.0411,8.0821,16.165,32.328,64.658,129.32,258.64,517.04,1022.9,1580.2,2550.7,2493,12056,17067
2.0294,4.0588,8.1176,16.235,32.47,64.941,129.88,259.76,519.53,1039.1,2078.1,2424.6,2302.8,11012,18765
2.0293,4.0586,8.1172,16.234,32.469,64.937,129.87,259.75,519.5,1039,2078,3296.6,6479.9,4790.9,12168
2.0188,4.0375,8.0751,16.15,32.3,64.601,129.2,258.4,516.8,1033.6,1326.2,2219.8,7373.4,8804.5,11471
2.0162,4.0303,8.0451,16.083,32.286,64.67,127.99,241.59,515.72,244.15,1910.6,2801.8,5923.6,9798.4,26168
2.0312,4.0623,8.1247,16.249,32.499,64.997,129.99,259.99,519.98,1040,1410.1,1985.7,6346,12890,9372.3
2.047,4.0923,8.1874,16.374,32.724,65.476,130.84,261.65,522.29,1045.4,2088.2,3988.1,5873.7,14027,2055.9
2.0338,4.0675,8.135,16.27,32.54,65.08,130.16,260.32,520.64,1041.1,1397.1,2566.2,5114.8,5346.6,21117
2.0301,4.0584,8.1153,16.236,32.466,64.786,129.82,259.55,516.95,952.99,2020.1,1233.3,5717.8,10886,15659
2.0286,4.0572,8.1144,16.229,32.457,64.915,129.83,259.66,519.32,1038.6,2060.5,2547.1,2623.6,8195.6,21478
2.0293,4.0585,8.117,16.234,32.467,64.936,129.87,259.74,519.43,1038.6,2044.4,4129.9,3285.1,4125.4,24533
2.0263,4.0524,8.1052,16.206,32.397,64.717,129.7,259.18,518.4,1026.6,1089.5,1613.6,4948,12488,19271
2.0268,4.0537,8.1073,16.215,32.429,64.858,129.72,259.43,518.87,1037.7,2075.5,4150.9,3093.9,12390,8759
2.0336,4.0673,8.1346,16.269,32.538,65.077,130.15,260.31,520.6,1041.2,2057.8,3113.6,7893.8,2765.9,17068
2.0326,4.0653,8.1306,16.261,32.522,65.045,130.09,260.18,520.35,1040.7,2080.8,4096.2,3053.8,10762,10382
2.0386,4.0772,8.1546,16.304,32.617,65.221,130.48,260.88,521.16,1043.6,1964.3,2108.5,5362.3,7342.9,14830
2.0297,4.0598,8.121,16.239,32.448,64.798,129.86,259.65,508.51,1032.8,1546.5,2328.7,5204.6,6170.2,18225
2.0277,4.0554,8.1108,16.222,32.443,64.887,129.77,259.55,519.09,1038.2,2076.4,2522.3,7117.1,14496,3337.7
2.0292,4.0584,8.1168,16.234,32.467,64.934,129.87,259.74,519.48,1039,2077.9,3406.3,6678.2,776.06,28539
2.0254,4.0523,8.1057,16.213,32.373,64.858,126.53,253.09,518.46,1038.5,1311.5,3639,5827.1,2330.4,28660
2.0248,4.0496,8.0991,16.198,32.396,64.793,129.59,259.17,518.34,1036.7,2071.6,836.64,7041.1,14248,14404
2.0269,4.0539,8.1078,16.216,32.431,64.862,129.72,259.45,518.9,1037.8,2075.6,3905.8,6448.2,3444.2,14469
2.0202,4.0404,8.0807,16.161,32.323,64.646,129.29,258.58,517.17,1034.3,2068.7,2259.7,1537.8,14085,22171
2.0349,4.0697,8.1395,16.279,32.558,65.115,130.23,260.46,520.87,1039.8,1990.7,866.35,5326.4,10195,23371
2.0302,4.0603,8.1206,16.241,32.483,64.963,129.93,259.82,519.52,1039.3,2074.5,3760.4,807.73,13746,20571
2.0213,4.0428,8.0851,16.174,32.338,64.688,129.3,258.68,517.4,1033.9,2034.2,1909.8,3503.9,7667.2,23287
2.0233,4.0465,8.093,16.186,32.372,64.744,129.49,258.9,516.92,1010,1214.1,3516.4,6845.4,12949,4886.3
2.0266,4.0532,8.1064,16.213,32.426,64.851,129.7,259.41,518.81,1037.6,2075.2,2994.4,4254.4,11989,7322.7
2.0287,4.0575,8.115,16.23,32.46,64.92,129.84,259.67,519.36,1038.3,2040.6,1673.5,6391.2,13169,8664.3
2.0237,4.0474,8.0947,16.189,32.379,64.758,129.52,259.03,518.06,1036.1,2057.6,2737.9,3313.8,9205.4,14204
2.0289,4.0563,8.1144,16.235,32.428,64.913,129.51,259.36,519.51,1038.4,1775.1,2762.9,3582.8,7699.1,16479
2.0277,4.0566,8.11,16.202,32.402,64.692,129.21,258.87,512.94,1028.8,1222.9,3682.2,2634.7,8440.5,22338
2.0237,4.0474,8.0947,16.189,32.379,64.758,129.52,259.03,517.96,1026,2056.8,3210.8,6895.7,14085,1732.2
2.0308,4.0617,8.1234,16.247,32.493,64.987,129.97,259.95,519.89,1039.8,2079.3,3576.6,6408,7168.1,7420.1
2.0302,4.0604,8.121,16.241,32.483,64.968,129.9,259.66,518.66,1038.6,2056,2048.5,2685.2,13942,16372
2.0224,4.0449,8.0897,16.179,32.359,64.718,129.44,258.87,517.74,1035.5,1184.6,3399.1,7574.3,3755.8,19104
2.0302,4.0605,8.1209,16.242,32.481,64.959,129.93,259.73,519.66,1039.4,2068.2,3428.4,6533.5,6414.9,8687
2.0172,4.0322,8.0651,16.122,32.251,64.377,128.75,255.35,501.81,1021,2011.1,4066.6,5106,9346.4,6132.5
2.0506,4.1012,8.2025,16.405,32.81,65.62,131.24,262.3,524.35,1042.1,1880.6,3238.7,1383.8,13289,18748
2.028,4.0559,8.1118,16.224,32.447,64.895,129.79,259.58,519.16,1038,2051.5,2957.3,5932.5,6667.9,10281
2.027,4.0541,8.1086,16.218,32.433,64.866,129.72,259.46,518.96,1037.1,2052.9,4133.2,3693.5,8126.4,11413
2.027,4.0539,8.1078,16.218,32.431,64.867,129.74,259.46,518.42,1014.7,1541.4,2384.7,1762.1,11550,26677
2.0202,4.0404,8.0807,16.161,32.323,64.646,129.29,258.58,517.17,1034.3,2068.7,2739,3257.6,5963.6,22171
2.0227,4.0442,8.0883,16.201,32.34,64.756,129.55,258.75,514.79,1035.5,1518.9,2887.8,4786.6,9176.7,10740
2.0317,4.0637,8.1287,16.251,32.51,64.807,130.17,256.85,493.6,1023.1,1984.8,3913.3,8169.6,7382.7,5835.6
2.0267,4.0534,8.1069,16.214,32.427,64.855,129.71,259.42,518.84,1037.7,2075.4,3827.6,6346.3,10552,3400.8
2.0144,4.0288,8.0576,16.115,32.231,64.461,128.92,257.8,515.49,1026,1947.9,3831.2,817.86,12308,21782
2.0351,4.0703,8.1405,16.281,32.562,65.121,130.24,260.49,520.99,1040.1,2081.5,3147.1,4554.3,4040.1,20001
2.0271,4.0548,8.1086,16.217,32.418,64.872,129.61,258.26,512.61,1035.4,1338,2377.5,6653.3,6657,15273
2.0016,4.0003,8.0293,16.009,32.134,64.385,129.32,241.68,513.25,273.22,1900,2842.3,7031.9,10274,19048
2.0315,4.0631,8.126,16.252,32.495,65.008,130.02,259.91,520.08,1037.3,2075.2,1819.1,2411.1,10430,26682
2.0292,4.0589,8.12,16.234,32.441,64.756,129.83,259.62,505.47,1021,1312.1,3227.8,5677.3,7795.5,11458
2.0341,4.0684,8.1372,16.274,32.547,65.097,130.17,260.37,520.79,1041.6,2061.2,2173.6,5312.2,8863.4,11717
2.0342,4.0683,8.1366,16.273,32.547,65.092,130.17,260.35,520.72,1041.4,1664.6,3164.4,5707.7,4691.2,15490
2.0238,4.0509,8.1072,16.188,32.34,64.486,120.8,251.09,514.18,983.83,1312.5,3628.4,3161.6,5717,28130
2.0191,4.0362,8.0576,16.108,32.331,64.754,128.22,242.76,515.31,281.48,1931.2,2868.9,7076.1,7622.6,26200
2.0252,4.0504,8.1009,16.202,32.403,64.807,129.61,259.23,518.46,1036.9,2073.8,3128.5,4586.4,4287.5,18727
2.0198,4.0355,8.0765,16.17,32.216,64.608,128.69,257.88,517.45,1033.6,1295.4,3447,2996.9,9721.5,16413
2.0307,4.0615,8.1239,16.261,32.504,64.972,129.88,257.41,483.98,283.35,1964.7,2938.4,6947.5,7643.7,25442
2.0318,4.064,8.1271,16.254,32.485,65.012,129.92,256.43,508.95,1033,1280.4,1537.6,6608.3,10760,15493
2.0284,4.0569,8.1138,16.228,32.455,64.91,129.82,259.64,519.28,1038.5,2073.2,3254,5063.2,5597.8,13274
2.0341,4.068,8.1361,16.272,32.545,65.09,130.04,260.23,519.43,1039.8,1319.5,2393.6,3627.8,11967,15490
2.0289,4.0578,8.1157,16.231,32.463,64.926,129.85,259.7,519.4,1036,1946.8,4044.7,5104.9,2990.2,19376
2.0281,4.0562,8.1124,16.225,32.449,64.899,129.8,259.6,519.19,1038.4,2076.8,3347.8,3352.1,6438,17243
2.0289,4.0578,8.1156,16.231,32.463,64.925,129.85,259.7,519.4,1038.8,2077.6,2827.6,4306,6478.1,15238
2.0325,4.065,8.1301,16.26,32.52,65.04,130.08,260.16,520.25,1040.6,2057.6,3185.2,7211.3,3025.5,16412
2.0297,4.0591,8.1185,16.239,32.475,64.952,129.87,259.74,519.13,1037.6,2026.8,2201.2,1599.3,12759,24361
2.0212,4.0425,8.0849,16.17,32.34,64.679,129.36,258.72,517.43,1034.8,2068.2,3161.2,5696.2,3422.6,17672
2.046,4.0921,8.1842,16.368,32.737,65.473,130.94,261.89,523.72,1046.7,2069.9,2938.2,6984.1,10841,4336.4
2.0329,4.0657,8.1315,16.263,32.526,65.052,130.1,260.21,520.42,1040.8,2081.6,2953.3,3895,10070,10329
2.0388,4.0727,8.145,16.287,32.598,64.8,129.5,260.44,521.4,1041.3,1614.4,2604.7,1858.8,9731,27972
2.0232,4.0464,8.0928,16.186,32.371,64.743,129.49,258.97,517.94,1035.9,2071.8,2678.4,7017,8932,6652.9
2.0311,4.0621,8.1244,16.249,32.497,64.995,129.99,259.98,519.96,1039.6,2004.3,3228.6,1782.8,9156.8,21324
2.0227,4.0453,8.0906,16.181,32.363,64.725,129.45,258.9,517.8,1035.6,2071.2,4105.1,6344.1,4991.1,10743
2.0378,4.0757,8.1513,16.303,32.605,65.211,130.42,260.84,521.68,1043.4,2086.7,2170.6,7847.1,4765,16511
2.0322,4.0645,8.1289,16.258,32.516,65.032,130.06,260.13,520.25,1040.5,2081,3257.2,5143.9,11615,5134.3
2.0252,4.0504,8.1008,16.202,32.403,64.806,129.61,259.23,518.45,1036.9,2073.4,4044.8,4595.1,6447.8,11507
2.0283,4.0567,8.1133,16.227,32.453,64.907,129.82,259.63,519.26,1038.3,2011.9,3350.9,2790.1,11509,11542
2.0272,4.0544,8.1088,16.218,32.435,64.87,129.74,259.48,518.96,1037.9,2075.9,3322.4,5724.7,2648,20048
2.0274,4.0547,8.1093,16.218,32.44,64.884,128.9,258.81,511.48,1030.2,1626.5,3098.8,6047.2,8439.1,8097.7
2.0322,4.0644,8.1288,16.257,32.514,65.026,130.05,260.11,517.46,1036.8,1784.9,3997.5,4087.2,11257,7201.6
2.0204,4.0407,8.0815,16.163,32.326,64.652,129.3,258.61,517.21,1034.4,2068.9,3349.3,6532.5,1634.7,22267
2.0347,4.0696,8.1399,16.28,32.545,65.055,130.21,260.29,520.92,1040,2062.7,3090.1,5680.2,12291,4227.3
2.0334,4.0676,8.1356,16.266,32.537,65.078,130.25,259.29,511.33,1032.3,1921.2,1473.9,7139.6,5786.7,21382
2.0252,4.0504,8.1008,16.202,32.403,64.806,129.61,259.22,518.45,1036.9,2073.8,3518.4,4700.4,7599.5,9824.3
2.0412,4.0825,8.165,16.33,32.659,65.319,130.6,261.22,522.23,1041.6,1989.3,3946,4702.5,13295,4267.9
2.0324,4.0649,8.1297,16.259,32.519,65.038,130.08,260.15,520.3,1040.6,2081.2,3072.8,6894,5734.5,10418
2.0259,4.0522,8.1057,16.209,32.416,64.838,129.69,259.33,518.79,1030.1,1345.7,1571.8,3980.9,9468.3,27001
2.0358,4.0715,8.1431,16.286,32.572,65.145,130.29,260.58,521.15,1042.3,2082.2,4167.9,6186.6,2768.8,17086
2.031,4.0617,8.1235,16.247,32.49,64.99,129.92,259.84,519.29,1039.4,2006.7,2685.6,3234,9219.2,15032
2.0238,4.0477,8.0951,16.19,32.379,64.762,129.37,258.87,516.81,1034.3,1912.7,3762.8,3601.9,6462.3,15201
2.0313,4.0625,8.125,16.25,32.5,65,130,260,520,1040,2080,4160,4742.9,8474.3,8059
2.0214,4.045,8.0813,16.095,32.18,63.906,127.25,237.13,518.52,1016.4,1308.9,3716.2,4862.1,10792,8633.4
2.0271,4.0542,8.1084,16.217,32.434,64.867,129.73,259.47,518.94,1037.9,1477.4,2859.4,5678.8,11884,6657.5
2.0283,4.0565,8.113,16.226,32.452,64.904,129.81,259.62,519.23,1038.5,2076.9,2429.4,5777.6,4018.7,19933
2.0302,4.0603,8.1207,16.241,32.483,64.965,129.93,259.84,519.42,1037.1,2011.1,2707.2,6199,10093,6283.8
2.0215,4.043,8.086,16.172,32.344,64.688,129.38,258.75,517.5,1035,1769.4,3363.2,1749.1,10314,19095
2.0319,4.0629,8.1279,16.257,32.49,65.01,130.03,260.01,519.43,1039.9,1982.9,3931.7,2070.8,11856,13666
2.0307,4.0627,8.1222,16.252,32.45,65.014,129.19,258.17,497.98,1040.9,1127.4,3521.7,5139.9,5588.6,19356
2.024,4.048,8.096,16.191,32.38,64.746,129.4,258.16,513.39,1034.2,1991.8,4018.8,5663.6,3854.9,14759
2.0467,4.0934,8.1867,16.373,32.747,65.494,130.99,261.98,523.95,1047.9,2095.8,3484.3,4352.9,2880.2,25708
2.0357,4.0715,8.1429,16.286,32.572,65.142,130.29,260.54,520.9,1042.3,2084.2,4096.7,6379.8,7450.9,6702.6
2.0355,4.071,8.142,16.284,32.568,65.136,130.27,260.54,521.09,1042.2,2084.3,4064,5213,10437,5071.5
2.0173,4.0346,8.0692,16.138,32.275,64.553,129.11,258.15,472.56,1003.9,1354.4,2558.5,6846.8,6267.5,14539
2.0325,4.0652,8.1292,16.263,32.516,65.036,129.99,257.32,519.77,975.25,2081.4,2136.8,4531.9,8310,15056
2.0467,4.0935,8.1887,16.374,32.746,65.438,130.8,260.52,512,1039.1,2074.2,3349.5,5193.4,9802,6686
2.0367,4.0736,8.1469,16.293,32.59,65.181,130.29,260.65,521.52,1042.4,2025.3,2257.8,6131.2,4891.7,17777
2.0259,4.0444,8.1123,16.19,32.349,64.801,129.74,259.13,511.94,945.02,1375.3,3791.1,4770.9,3363.8,25806
2.0354,4.0708,8.1416,16.283,32.566,65.133,130.26,260.53,521.02,1042.1,2078.1,3752.1,5314.6,1970,23861
2.0315,4.0604,8.1355,16.251,32.522,65.048,130.11,260,516.19,1006.2,1322,3550.7,3128.9,6584.2,23529
2.0308,4.0616,8.1232,16.246,32.493,64.986,129.97,259.94,519.88,1039.8,2079.5,3622.2,5694.2,7272.7,8217.8
2.0249,4.0499,8.0998,16.2,32.399,64.799,129.59,259.07,517.69,1036.5,1955,3509.8,4360.2,5979.4,13857
2.0336,4.0672,8.1345,16.269,32.538,65.076,130.15,260.3,520.1,971.18,492.77,3347,7507.5,11186,16444
2.024,4.0481,8.096,16.194,32.377,64.762,129.46,259,518.2,1020.2,2072.8,1979,3362.8,13231,14043
2.0384,4.0895,8.1731,16.334,32.667,65.357,130.08,260.97,523.43,1046.6,2032.9,1617.1,4475.5,6899,25358
2.0305,4.0609,8.1218,16.244,32.487,64.975,129.95,259.9,519.8,1039.5,2078.8,4132,2989.8,13180,8671.6
2.0212,4.0423,8.0846,16.169,32.338,64.677,129.35,258.71,517.42,1034.8,1427.3,2479.6,7507.9,4223.4,19092
2.0386,4.0785,8.1556,16.314,32.623,65.225,130.51,260.57,521.96,1041.3,1263,1550.4,6870.6,6819.9,24777
2.024,4.0481,8.096,16.195,32.373,64.77,128.87,258.51,517.88,1003.2,1485.3,2773,2841,8868.7,19886
2.0257,4.0514,8.1027,16.205,32.411,64.822,129.64,259.29,518.57,1037.1,2057.4,2526.9,2543,9364,19253
2.0283,4.0571,8.1107,16.234,32.423,64.881,129.47,253.83,518.15,1030.5,2069.1,3334.3,6544.6,11880,2892
2.0161,4.0335,8.0641,16.125,32.159,64.485,128.6,252.69,516.06,1025.2,465.33,2967.8,6268.2,8803,26329
2.0329,4.0657,8.1314,16.263,32.525,65.052,130.09,260.05,520.39,1040.7,2070.3,3469.7,4042,10220,8422.9
2.0145,4.026,8.0556,16.06,32.146,64.43,128.03,248.85,513.63,971.1,1501.4,3292.8,5243.4,7099.2,11608
2.0238,4.0475,8.095,16.19,32.38,64.76,129.52,259.04,518.08,1036.2,2072.3,3794.8,1716,10191,17761
2.0342,4.0684,8.1368,16.275,32.545,65.093,130.15,260.11,520.72,1040.9,2070.5,3779,7062.7,8375.6,5035.5
2.0302,4.029,8.0619,16.116,32.177,63.143,117.88,246.42,513.86,321.94,1491.5,2374.6,7093.3,9890.7,25027
2.0265,4.0529,8.1058,16.212,32.423,64.847,129.69,259.39,518.77,1037.5,2075.1,4090.5,4957.9,4538.3,14726
2.024,4.048,8.096,16.192,32.384,64.768,129.54,259.07,518.14,1036.3,2072.6,1801.5,3900.3,10736,15751
2.0395,4.0791,8.1581,16.316,32.633,65.265,130.53,261.06,522.12,1044.2,1998.6,2809.1,3485.5,8337.1,15105
2.0293,4.0587,8.1173,16.235,32.469,64.939,129.88,259.75,519.51,1039,2078,909.24,4981.4,12746,19352
2.0413,4.0824,8.1648,16.329,32.655,65.318,130.65,261.28,522.09,1045,2063.3,4159.9,844.83,10571,25513
2.0221,4.0444,8.0885,16.18,32.357,64.716,129.37,258.34,517.76,1035.1,2052.6,2451.4,4725.3,11486,8459.4
2.0318,4.0636,8.1271,16.254,32.508,65.017,130.03,260.07,520.13,1040.2,2076.3,2907.6,6460.1,9426.8,6017.3
2.0272,4.0529,8.1101,16.215,32.382,64.853,129.52,258.91,518.59,1021.9,1411.8,2607.7,7826,12868,5335.3
2.0281,4.0562,8.1122,16.227,32.438,64.9,129.16,259.06,519.16,1007,1516.8,2800.6,2928.6,8163,20709
2.0286,4.0572,8.1145,16.229,32.458,64.916,129.83,259.66,519.33,1038.7,2077.3,2853.6,3969.4,5860.3,18003
2.0237,4.0474,8.0947,16.189,32.379,64.757,129.51,259.03,517.4,1035.5,1942.6,1742.9,6802.6,3950,25899
2.0266,4.0532,8.1065,16.213,32.426,64.852,129.7,259.41,518.82,1037.6,1962.3,3883.7,3186.8,13672,7869.3
2.0279,4.056,8.1116,16.223,32.447,64.864,129.72,258.94,515.81,1035.6,2064.6,3780.7,1221.2,15142,16405
2.0326,4.0648,8.1301,16.262,32.521,65.046,130.05,260.1,519.77,1038.7,2010.2,1467.5,6394,5430.7,24396
2.0296,4.0578,8.1203,16.234,32.462,64.943,129.71,259.67,510.93,945.1,1377.4,3801,4790.8,3434.6,25082
2.0304,4.0614,8.1245,16.247,32.486,64.989,129.17,258.41,519.62,1037,1373.4,3680.8,5359.1,8058,10258
2.0431,4.0862,8.1725,16.345,32.69,65.38,130.76,261.52,523.04,1046.1,2092.2,3786.2,5588.3,8038.6,7320
2.0226,4.0441,8.0895,16.163,32.333,64.711,129.16,256.03,517.11,945.92,1368.3,3092.7,4323.6,4476.6,25651
2.0488,4.0975,8.195,16.39,32.78,65.56,131.12,262.24,524.48,1049,2097.9,2383,7792.5,3472.7,19356
2.0317,4.0632,8.1272,16.253,32.496,65.011,129.97,259.92,520.02,1036.3,1987.7,3934.4,6490,12843,1807.3
2.0379,4.0759,8.1518,16.303,32.607,65.213,130.42,260.81,521.5,1043.3,2075.3,3393.1,2653.5,7094.4,19663
2.0306,4.0612,8.1224,16.245,32.489,64.979,129.92,259.89,519.2,1039,2035.6,4071.9,3807.6,4059.2,21109
2.0292,4.0585,8.1171,16.235,32.464,64.912,129.78,257.31,518.89,1036.9,1383,1129.2,6330.9,9185.7,22706
2.0269,4.054,8.1077,16.214,32.421,64.812,129.42,257.29,507.69,1034.6,1887.3,3899.4,2909.8,8189.8,14758
2.0256,4.0512,8.1023,16.205,32.409,64.818,129.63,259.23,518.51,1035.6,2074.1,2568.8,4573.3,3651.8,26122
2.0488,4.0985,8.1931,16.385,32.745,65.57,128.37,260.41,523.87,306.71,1650.7,4030.5,4015.4,10377,27669
2.0378,4.0757,8.1513,16.303,32.605,65.211,130.42,260.84,521.65,1025.9,532.27,2941.6,6273.2,8521.8,25467
2.0285,4.057,8.1141,16.228,32.456,64.913,129.83,259.65,519.3,1038.6,2077.2,1230.2,3272,13833,22262
2.0442,4.0877,8.1765,16.356,32.708,65.416,130.8,261.63,522.71,1044.1,1420.1,2609.4,4769.6,7783.3,15689
2.0211,4.0406,8.0814,16.174,32.318,64.665,129.11,258.46,517.37,1034.1,1817.6,3436.4,3522.3,9006.8,11724
2.0163,4.035,8.0769,16.114,32.23,64.546,125.75,238.51,512.96,1012.7,1373.1,2614.1,4079.5,9515.5,14769
2.0351,4.0704,8.1417,16.278,32.563,65.12,130.27,259.85,520.86,1040.7,1303.1,1682.6,7064,7360.5,19663
2.0262,4.0491,8.1041,16.209,32.318,64.817,129.2,254.98,519.08,964.64,1955.8,4103.7,7018.2,1633.8,20177
2.0237,4.0474,8.0948,16.19,32.379,64.759,129.52,259.03,518.07,1031.7,1974.9,3905.9,5179.4,2238,22387
2.0258,4.0516,8.1033,16.207,32.413,64.826,129.65,259.31,518.61,1037.2,2074.4,2882.9,7300.7,9610.2,5119.8
2.0297,4.0595,8.1188,16.235,32.465,64.952,129.9,259.44,519.52,1038.7,2025.1,3252.5,6387.8,4112.3,14103
2.0295,4.0595,8.1185,16.238,32.474,64.938,129.85,259.42,519.52,1036.9,1381.3,1987.3,7081.4,10424,10852
2.0382,4.0761,8.153,16.304,32.611,65.221,130.46,259.16,515.99,985.84,455.61,2724.3,7168.9,12987,18638
2.0338,4.0676,8.1352,16.27,32.541,65.082,130.16,260.33,520.65,1041.1,2078.7,3470,4868.9,10892,5852.4
2.0268,4.0536,8.1073,16.214,32.428,64.853,129.69,259.41,518.86,1037.4,2062.4,1925.3,4486.4,6838.9,20118
2.0285,4.0566,8.1134,16.226,32.452,64.866,129.65,259.52,519.3,1010.2,1256.8,3694.4,5803.1,4141.6,19280
2.0298,4.0631,8.1353,16.286,32.507,65.054,129.64,259.87,521.17,1042,1351.8,1644.8,3977.1,8670.6,30853
2.0287,4.0575,8.115,16.23,32.459,64.92,129.83,259.67,519.22,1036.5,1927.5,1997,6469.3,9500,9913.7
2.0264,4.0526,8.1053,16.211,32.419,64.839,129.65,258.98,517.05,1021.1,1700.9,3233,4104.9,15419,6272.1
2.0271,4.0542,8.1084,16.217,32.433,64.866,129.68,258.96,516.77,1011.2,1474.7,2678.1,1562.5,14708,21834
2.0085,4.022,8.0755,16.193,32.103,64.574,126.76,238.56,517.6,1016.3,1370.5,3255.3,4737.4,11570,8438.2
2.0308,4.0602,8.1247,16.228,32.461,64.988,130.01,259.95,478.35,1002.6,444.87,2771,6824.3,14507,17932
2.024,4.032,8.0905,16.141,32.249,64.769,128.74,258.37,517.66,1016.3,1855,3823.5,7101.4,4374,11677
2.0346,4.0131,8.1178,16.105,32.089,65.1,126.78,257.82,518.88,965.36,1296.3,3002.7,4026.6,11808,11740
2.0225,4.0452,8.0905,16.182,32.355,64.719,129.37,256.61,517.33,1033.7,1416.1,1560.6,6365.2,10040,14921
2.028,4.0561,8.1122,16.224,32.449,64.897,129.79,259.59,519.18,1038.4,1439.1,3729.4,4252.8,7969.9,12571
2.0295,4.059,8.1179,16.237,32.468,64.944,129.61,259.5,519.54,1025.1,1828.9,3554.2,1994.9,8083,21606
2.0296,4.0591,8.1182,16.236,32.473,64.946,129.89,259.78,519.57,1039.1,2078.3,1890.3,6760,12189,7568.1
2.0293,4.0551,8.1153,16.218,32.441,64.917,128.43,241.06,514.81,1019.1,1423.2,2530.7,6475,5625.2,16530
2.0371,4.0736,8.1474,16.295,32.587,65.168,130.31,259.97,521.34,1042.5,1849.1,3090.1,1128.3,12445,22439
2.0233,4.0466,8.0931,16.186,32.371,64.747,127.42,257.71,502.34,1031.9,1447.9,2704.5,6853.9,12852,5276.9
2.0494,4.0994,8.1991,16.393,32.773,65.541,129.34,244.44,453.62,329.31,1653.6,4030.8,4045.8,10378,26626
2.0289,4.0531,8.1084,16.253,32.461,64.939,129.54,259.72,508.45,1040.3,1546.4,2951.8,2496.1,12373,15268
2.0176,4.0337,8.0462,16.098,32.286,64.731,128.33,246.2,515.12,327.67,1888.8,2938.8,3712.4,11764,26133
2.0307,4.0614,8.1228,16.246,32.49,64.977,129.97,259.92,519.66,1039.4,1850.7,4007,2134.9,13010,12589
2.0257,4.0513,8.1025,16.205,32.408,64.823,129.26,258.97,515.52,998.14,1380.1,2471.6,7048,10651,8088.8
2.0181,4.0362,8.0723,16.145,32.289,64.578,129.16,258.31,516.63,1033.3,2066.5,2432.9,4274.8,4975.8,22148
2.0279,4.0558,8.1117,16.223,32.447,64.893,129.79,259.57,519.15,1038.3,1434.7,3234.8,4369.7,4305.9,23703
2.0226,4.0432,8.0877,16.186,32.345,64.472,128.44,258.18,517.94,1019.4,1498.7,3330.5,6221.9,6091.1,11618
2.03,4.0609,8.1248,16.241,32.415,64.675,129.37,259.02,511.6,1027.9,1566.5,2392.9,5223.2,6511.8,16689
2.0371,4.0729,8.1482,16.297,32.586,65.13,129.93,260.21,512.02,1042.7,1519.1,3044.8,4732.8,3249.9,29030
2.0341,4.0683,8.1366,16.273,32.546,65.093,130.19,260.37,520.71,1022.7,2046,2504.3,4221.1,9343.3,12148
2.0204,4.0345,8.0669,16.151,32.233,64.554,128.28,256.45,517.69,983.52,2071.6,2542.5,2619.8,6669.7,28092
2.0304,4.0609,8.1215,16.243,32.487,64.976,129.93,259.65,518.45,1008.5,2073.2,3334.6,8005.2,739.32,26187
2.0121,4.0219,8.0695,16.072,32.283,64.675,129.86,243.97,514.16,335.17,1941,2959.3,7162.2,6884.3,23517
2.025,4.0507,8.1015,16.207,32.374,64.602,128.84,258.2,518.25,1035.5,1410.2,2825.9,7053,5249.8,14857
2.017,4.0341,8.0686,16.135,32.271,64.547,128.88,258.06,516.29,1032.2,1450,2522.5,7513.2,4617.5,17128
2.0344,4.0712,8.1375,16.281,32.527,65.126,127.92,256.01,519.54,1042.3,1406,3681,4871.4,4264.8,20338
2.0356,4.0712,8.1423,16.285,32.569,65.137,130.27,260.46,520.73,1042.1,2063.8,3456.7,3136.6,4945.5,23527
2.0241,4.0482,8.0965,16.193,32.386,64.772,129.54,259.09,518.17,1036.3,2071.9,3666.8,5384.9,6476.9,9890.8
2.0299,4.0599,8.1196,16.24,32.478,64.958,129.9,259.61,519.68,1036.2,2078.8,1260.3,6078.4,7101.5,22045
2.0299,4.0598,8.1197,16.239,32.479,64.948,129.9,259.62,511.84,876.92,2044.5,3885.6,1081.3,9801.3,26176
2.0187,4.0279,8.0781,16.119,32.188,64.568,129.19,258.26,516.86,1033.5,1194.4,3493.9,1933,14284,18694
2.0251,4.05,8.1003,16.2,32.389,64.794,129.55,258.8,515.98,1016.6,1603.3,4021.8,1084,12626,21017
2.0245,4.0512,8.0971,16.224,32.384,64.827,129.76,259.33,512.43,1035.3,1474,2196.5,6229,13293,7681.7
2.0295,4.059,8.1182,16.239,32.474,64.942,129.87,259.34,513.34,833.58,556.49,3256.7,6943.3,7602.3,25407
2.0231,4.0462,8.0923,16.185,32.369,64.739,129.48,258.95,517.91,1035.8,1419.1,3573.2,7576.7,5930.3,10614
2.0304,4.0607,8.1215,16.243,32.486,64.971,129.93,259.88,519.78,1037.9,2032,1700.9,4699.9,7814.9,19150
2.022,4.044,8.0879,16.176,32.352,64.704,129.41,258.81,517.63,1035.3,2069.8,3946.7,817.25,11646,22796
2.0342,4.0683,8.1367,16.273,32.547,65.093,130.19,260.37,520.74,1041.3,1789.4,3918.9,4355.8,3089.7,23593
2.0189,4.0377,8.0763,16.141,32.286,64.609,129.23,258.32,516.98,1025.2,2000.5,2912.3,5324.8,8959.9,8023.8
2.0266,4.0532,8.1063,16.213,32.425,64.851,129.7,259.4,518.81,1037.6,2075.2,4150.4,5539.2,6570.1,9163.8
2.0288,4.0576,8.1152,16.23,32.461,64.922,129.84,259.69,519.37,1038.7,2077.5,2254.1,2613.2,14242,15025
2.0343,4.0686,8.1372,16.274,32.549,65.098,130.2,260.39,520.74,1040.6,1461.8,2127.8,6487.5,11225,9386.8
2.0299,4.0611,8.1259,16.247,32.477,64.994,128.73,257.54,519.22,1040.2,1013.6,3434.5,3849.7,8109.8,20206
2.051,4.1025,8.2053,16.407,32.735,65.191,129.74,244.59,453.88,333.02,1650.8,4034.2,4099.7,10425,25750
2.0305,4.0604,8.1212,16.242,32.483,64.943,129.36,259.49,508.82,1039.6,1424.3,2858.7,5719.4,4058.8,21107
2.0198,4.0396,8.0792,16.158,32.317,64.634,129.27,258.54,517.07,1034.1,2067.3,2319.3,4950.7,15344,6609.3
2.0311,4.0612,8.1234,16.246,32.488,64.984,129.7,259.76,517.94,1015.3,1897.1,4064.2,3730.6,3364.2,25807
2.0184,4.0393,8.0881,16.149,32.281,64.672,129.33,258.64,512.67,1028.3,1481.1,2182,4286.7,11583,12979
2.0409,4.0816,8.1629,16.331,32.656,65.313,130.64,261.23,521.95,1044.5,1983.5,2054.2,4647.8,7486.7,17187
2.0275,4.0212,8.0986,16.113,32.139,64.885,126.1,257.06,518.32,969.01,1325.8,3042.7,4175.5,10743,11700
2.0214,4.0411,8.0816,16.151,32.292,64.619,128.89,257.81,517.57,1013,2070.6,3459,5867.5,1174.3,27990
