0.013979,0.013975,0.57526,0.013957,0.20604,0.019112,0.024038,0.019512,5.2468,0.010517
0.028282,0.055734,0.032768,0.009096,0.11454,4.0332,0.015946,0.036604,0.25521,0.0058052
0.029594,0.090042,0.26703,0.016648,0.021581,0.092962,3.388,0.10331,0.024704,0.0094406
0.013552,0.042015,0.12234,0.0079308,0.46794,0.25015,0.021616,0.011982,0.13405,8.1687
0.057575,0.014847,0.25418,0.87834,0.041183,0.089947,0.28145,0.06075,0.36772,0.0067259
0.048085,0.041666,0.34359,0.13106,0.032074,0.016385,0.56709,0.067414,1.8264,0.011162
0.03862,0.011952,0.12548,0.48332,0.025776,0.052427,1.3028,0.054207,0.83308,0.0069435
0.27126,0.17637,0.048461,0.17269,0.18305,0.047913,0.032242,0.32632,0.019203,0.14462
0.022336,0.024949,1.3222,0.12256,0.084464,0.043422,0.075564,0.046199,0.64636,0.0073804
0.027073,0.028378,1.7977,0.075131,0.48292,0.050155,0.088631,0.04538,0.013935,0.013935
0.060374,0.012176,2.4087,0.030894,0.013384,0.20378,0.061523,0.069549,0.011655,0.010533
0.1489,0.16786,0.026021,0.017384,1.9945,0.022581,0.11913,0.010219,0.023248,0.0065058
0.036927,0.63943,0.015052,0.15552,0.53632,0.10226,0.15347,0.044287,0.024006,0.0067698
0.15462,0.17204,0.32476,0.026415,0.037754,0.6459,0.098788,0.024642,0.058326,0.060583
0.013139,0.03125,0.95567,0.016835,0.37813,0.031396,0.064932,0.044137,1.665,0.0094688
0.016347,0.021092,0.014366,0.024452,0.034964,1.2036,0.31359,0.048364,4.251,0.014839
0.11955,0.58554,0.051478,0.028276,0.057259,0.20845,0.25385,0.074299,0.055979,0.0083447
0.075008,0.3635,0.29163,0.46761,0.20331,0.050037,0.018703,0.023093,0.032687,0.014141
0.47584,0.037931,0.2745,0.034687,0.1476,0.1405,0.10224,0.055119,0.078579,0.021533
0.038395,0.038366,0.18078,0.01085,0.18166,0.015441,0.01983,0.01583,5.8462,0.007807
0.088946,0.06091,0.0090435,0.68622,0.053622,0.1111,0.040315,0.06465,1.8031,0.0073575
0.2807,0.032976,0.015674,1.4754,0.061472,0.04863,0.023422,0.016548,0.17014,0.011012
0.23309,0.15662,0.04467,0.24065,0.029776,0.043636,0.021316,0.022196,0.082025,3.9989
0.17435,0.22207,0.012334,0.020428,0.24411,0.3435,0.50525,0.074824,0.046384,0.0079342
0.30153,0.016359,0.013412,0.018859,0.73583,0.040446,1.3971,0.014481,0.020715,0.0083366
0.13099,0.022355,0.033344,0.85258,0.029293,1.0627,0.021519,0.029457,0.29559,0.11698
0.051506,0.092057,0.098807,0.01547,0.018201,0.012169,0.014601,5.0713,0.29334,0.010618
0.020462,0.061211,0.065047,0.0093577,1.0958,0.063894,0.75773,0.77168,0.042143,0.0055697
0.14842,0.011156,0.52972,0.36007,0.17935,0.032913,0.37293,0.0081266,0.041072,0.0063216
0.02203,0.0066095,0.069944,0.033769,0.086703,0.012077,0.47005,0.29892,0.12035,8.2206
0.0077389,0.013867,0.54304,0.88435,0.029349,0.085398,0.056934,0.76047,0.13179,0.0055977
0.15426,0.17226,0.014959,0.018391,0.83327,0.32133,0.10449,0.10394,0.064652,0.0080792
0.073901,0.023982,0.053734,0.019759,0.027554,2.0295,0.071087,0.024389,1.4862,0.0090535
0.18434,0.02918,0.076755,0.0093957,0.0083905,0.084294,1.3167,0.39046,0.43271,0.0085743
0.050793,0.0082819,0.036437,0.0090237,0.070775,1.7024,0.040919,0.046207,0.87527,4.1352
0.18456,0.013033,0.50974,0.017326,1.4475,0.064112,0.018635,0.014357,0.020076,0.0082078
0.028965,0.031832,0.046112,0.017831,0.55105,0.13259,0.052657,0.0097242,1.7139,4.0904
0.023265,0.0647,0.19541,0.50743,1.3873,0.05733,0.015778,0.012341,0.15843,0.0067863
0.057123,0.20774,0.028061,0.27047,0.042347,1.3107,0.047694,0.072344,0.29792,0.013042
0.076568,0.010466,0.043149,0.0086618,0.092806,0.015227,0.011768,0.071286,4.0399,4.1158
0.030318,0.15152,0.045966,0.74587,0.032424,0.077988,0.074583,1.3089,0.063872,0.0073218
0.022134,0.067203,0.013953,0.0083555,0.78054,0.046189,0.5392,0.5491,0.013725,4.0394
0.24658,0.020912,0.016466,1.1547,0.15315,0.35423,0.066973,0.022279,0.022236,0.04363
0.0385,0.50391,0.089807,0.1451,0.0075312,0.033138,0.024979,1.9971,0.0090769,0.033705
0.017806,0.034488,1.2623,0.056482,0.34194,0.021449,0.063911,0.034805,0.014159,4.4145
0.051632,0.015873,0.17248,0.69067,0.067411,0.078532,0.01385,0.58619,0.82924,0.036955
0.21101,0.019016,0.89421,0.023945,0.051942,0.019067,0.58321,0.073494,0.02736,0.2314
0.065285,0.3225,0.59959,0.11491,0.15186,0.050515,0.065318,0.13428,0.026681,0.028837
0.043491,0.010946,0.012277,0.054443,0.13266,0.04665,0.016887,0.19183,0.012587,11.999
0.053312,0.01306,0.0064072,0.030298,0.12128,0.35883,0.014167,0.67731,0.012418,8.1308
0.23275,0.034546,0.095544,0.010833,0.0095691,0.10503,1.6549,0.49006,0.0091775,0.0092884
0.015728,0.0075217,0.055543,0.025102,0.009669,1.2284,0.98511,0.062684,1.9087,0.0065461
0.15273,0.35276,0.025218,0.020311,0.066704,1.3957,0.022723,0.056692,0.038106,0.80269
0.03664,0.011622,0.11667,0.051316,0.17968,0.015671,0.016951,0.017235,1.0208,7.996
0.053446,0.059058,0.077522,0.017212,0.17518,0.010651,0.39243,0.21284,0.67739,3.9905
0.020263,0.064236,0.025414,0.043872,0.0229,0.39856,1.1062,0.74533,0.046693,3.9885
0.12224,1.1141,0.027758,0.087322,0.21503,0.030249,0.013091,0.030053,0.031182,0.012791
0.33868,0.12221,0.02497,0.07153,0.52846,0.065867,0.046281,0.01284,0.29618,0.011262
0.037079,0.064438,0.077543,0.016398,0.028099,0.30767,1.1814,1.6656,0.072452,0.011279
0.049612,0.10862,0.017774,0.011389,0.025922,0.013775,0.89802,0.53188,0.36412,3.9839
0.022326,0.080111,0.015817,0.64696,0.31117,0.035892,1.7109,0.022584,0.13997,0.0095665
0.056644,0.013699,0.011893,0.036758,0.1015,0.40045,0.36627,0.060438,0.0058944,8.131
0.041293,0.37532,0.026237,0.063171,0.02225,0.85232,0.034508,0.83185,0.043766,1.9488
0.11573,0.01004,0.41686,0.012104,0.092684,0.049489,0.35371,0.17516,0.028762,4.0495
0.016064,0.064929,2.0477,0.026944,0.057846,0.18715,0.10091,0.067979,0.025429,0.010717
0.062258,0.20209,0.038065,0.24528,0.013922,0.032279,0.025892,3.7069,0.033331,0.013922
0.29664,0.035921,0.046129,0.17872,0.30833,0.61981,0.048775,0.044083,0.052461,0.14513
0.078689,0.82251,0.026701,0.29531,0.055344,0.01949,0.039284,0.023455,0.29585,0.098786
0.0096322,0.02764,1.0994,0.018262,0.089102,0.011104,0.058186,0.057422,0.48372,4.0129
0.40253,0.17311,0.045097,0.21028,0.015449,0.053178,0.30718,0.074958,0.011485,0.010825
0.127,0.026748,0.022343,0.26705,0.025684,1.2856,0.030835,0.83921,0.023912,0.0077691
0.048707,0.054509,0.036625,0.034732,0.76866,0.031441,0.10529,0.24392,0.28364,4.0045
0.01808,0.095003,0.028393,0.78017,0.056738,0.83052,0.019024,0.93246,0.049951,0.95101
0.024065,0.021891,1.3549,0.20359,0.010853,0.29754,0.038339,0.056627,0.36391,0.008742
0.2194,0.22984,0.33995,0.17421,0.14996,0.033157,0.021133,0.012646,0.061405,0.0094676
0.056549,0.048365,0.33847,0.011997,0.9048,0.041356,0.012861,1.1192,0.053122,0.0064524
0.082332,0.02582,0.059501,0.020741,0.029819,2.3847,0.080548,0.025753,0.86228,0.011777
0.29846,0.031164,0.070544,0.010349,1.1936,0.043289,0.09613,0.11847,0.027236,0.0067163
0.090716,0.090639,0.064587,0.013595,0.24692,1.8512,0.01009,0.32677,0.052371,0.0093583
0.12975,0.010621,0.50113,0.0069366,0.3842,0.072631,0.297,0.23371,0.15419,0.12524
0.087658,0.33303,0.10875,0.2367,0.012319,0.084059,0.92838,0.041433,0.054772,0.013313
0.025996,0.39918,0.031648,0.0744,0.3795,0.60139,0.059403,0.035406,0.28913,0.0061523
0.35146,0.058606,0.021072,0.072857,0.11255,0.17763,0.06039,0.071922,0.64229,0.0076087
0.083598,0.28552,0.015578,0.84903,0.23982,0.0453,0.022128,0.095134,0.16237,0.01072
0.013385,0.014428,0.19547,0.034408,0.61479,0.02453,0.018394,3.905,0.059322,0.042775
0.0558,0.27756,0.19381,0.019337,0.068733,0.23679,0.042792,0.16862,0.0081458,4.3094
0.043476,0.15446,0.1351,0.13176,0.49354,0.032703,0.015059,0.017517,2.0905,0.013329
0.63256,0.060963,0.018347,0.16154,0.14266,0.046053,0.020196,0.0075389,0.1666,0.0074667
0.079163,0.017922,0.74152,0.13319,0.036945,0.014689,0.069939,1.7569,0.01466,0.0092847
0.059601,0.022588,0.31482,0.22966,0.034056,0.40809,0.071425,0.082768,1.3525,0.065539
0.13469,0.027282,0.090243,0.0091941,0.031318,0.98769,0.026036,0.15931,0.11442,3.982
0.064906,0.071371,0.058338,0.018479,0.058875,0.070779,0.11211,0.77627,0.68538,3.9886
0.017047,0.03875,0.033443,0.011409,0.011801,0.014718,0.63484,6.9163,0.025391,0.0098763
0.013445,0.040678,1.1457,0.2229,0.57511,0.079814,0.095929,0.039234,0.025331,0.010619
0.062795,0.1186,0.07202,0.019757,0.071259,0.088024,0.14103,1.042,0.094465,3.9882
0.056702,0.063717,0.30069,0.025004,0.19595,0.39305,0.16186,0.027211,0.9291,0.081105
0.074258,0.083048,0.12683,0.016425,0.24529,0.191,0.25621,0.010167,0.26906,4.1943
0.083572,0.092939,0.11711,0.024624,0.27773,0.10852,0.13431,0.30424,0.96998,0.0078457
0.032483,0.10283,0.061348,0.077919,0.031362,0.6625,0.75893,0.77288,0.043345,0.0067717
0.12753,0.2899,0.026057,0.19562,0.048254,0.029936,0.34159,0.035887,0.51203,0.84238
0.030351,0.14544,0.41336,0.01775,0.029435,0.017561,0.04697,0.0089631,1.1717,4.013
0.029961,0.03468,1.7293,0.16145,0.11165,0.058015,0.12187,0.062397,0.016014,0.012964
0.012734,0.017962,0.3077,0.019628,0.13449,0.01948,0.03021,3.8287,0.8018,0.011675
0.20917,0.24293,0.060381,0.037196,0.038381,1.1734,0.023264,0.16548,0.054726,0.018273
0.27006,0.017738,0.14109,0.013416,0.40521,0.039107,0.013024,0.16148,0.0087021,4.0419
0.019387,0.057664,0.02299,0.33185,1.2236,0.10726,0.080372,0.66747,0.06376,0.0068296
0.13963,0.02217,0.13318,0.13261,0.028382,0.022849,0.1802,0.2295,2.089,0.0117
0.12556,0.017675,0.35491,0.014515,0.21434,0.43228,0.032726,0.029443,0.035305,3.9858
0.05045,0.11044,0.33828,0.017613,0.051666,0.028287,0.0072362,0.53758,0.33998,3.984
0.10568,0.21137,0.12148,0.022578,0.57629,0.1434,0.33298,0.036397,0.071688,0.0088279
0.1409,0.020534,0.15515,0.13981,0.027813,0.022132,0.1911,0.58203,1.0879,0.0097468
0.21964,0.12054,0.1521,0.013526,0.065654,0.13675,1.0108,0.10139,0.033891,0.011919
0.069329,0.77146,0.026196,0.045222,0.13439,0.019541,0.061334,0.072866,0.64323,0.008553
0.025049,0.10521,0.21851,0.0084644,1.3114,0.089193,0.083427,0.20521,0.4245,0.090443
0.031671,0.0092262,0.11338,0.091359,0.0085911,1.8581,0.7263,0.089193,0.31737,0.01853
0.020522,0.081968,0.012244,0.086128,0.13426,0.54199,0.28752,0.13215,0.29624,3.9811
0.0892,0.34069,0.10558,0.25275,0.15596,0.26711,0.13501,0.036736,0.032036,0.014966
0.23261,0.030253,0.75827,0.01998,0.066696,0.016387,0.090297,0.45684,0.018224,0.0063565
0.08838,0.39642,0.034215,0.014094,0.043096,0.10705,0.057246,0.041239,0.3016,3.9829
0.080592,0.33549,0.027401,0.01877,0.035809,0.12469,0.29158,0.04947,1.5385,0.0070537
0.20248,0.010592,0.081304,0.028361,0.026099,0.72461,0.043232,0.56193,0.011161,4.1374
0.2537,0.013879,0.55743,0.021785,0.045081,0.043573,0.018373,0.17727,0.018664,4.0256
0.0069964,0.011124,0.32315,0.76423,0.089814,0.010719,0.057982,0.057218,0.48352,4.0127
0.081841,0.017541,0.0087766,0.088956,0.23326,0.0068412,0.013686,0.68132,0.013894,8.1309
0.076895,0.15476,0.14003,0.017232,0.73983,0.089264,0.01409,0.030829,0.8054,2.7152
0.32555,0.014856,0.028237,0.010748,0.031139,0.12584,0.71723,0.051353,0.018215,3.9927
0.06828,0.0155,0.31095,0.22591,0.10484,0.45148,0.38295,0.051007,0.32056,0.021736
0.16085,0.59451,0.087627,0.35531,0.013452,0.053342,0.042039,0.10805,0.032861,0.013452
0.03762,0.059235,0.30356,0.23687,0.028084,0.43536,0.79919,0.11003,0.058907,0.061164
0.10436,0.10445,0.13136,0.32612,0.28903,0.034184,0.070055,0.18187,0.44254,0.012832
0.19228,0.031897,0.077708,0.15136,0.021466,0.12719,0.11457,1.4288,0.11128,0.0085433
0.043285,0.47722,0.090711,0.14301,0.34557,0.020923,0.036238,0.87952,0.014157,0.0118
0.033685,0.14977,0.077438,0.02244,0.23163,0.88543,0.047507,0.16799,0.77282,0.0075239
0.22836,0.059945,0.11223,0.47321,0.16552,0.26127,0.14353,0.040182,0.12316,0.026879
0.4782,0.20708,0.0219,0.039238,0.036145,0.37434,0.068439,0.076375,0.021331,0.012754
0.22463,0.011426,0.64763,0.025902,0.38187,0.1251,0.041137,0.065488,0.052027,0.0071856
0.020324,0.090603,0.076157,0.0097645,0.034698,0.0072452,0.023817,4.4142,0.69753,0.0053795
0.029377,0.015432,0.015852,0.03661,0.053701,1.6342,0.017045,0.048977,4.2447,0.040915
0.024514,0.10386,0.2669,0.024553,0.31688,0.019189,0.050834,0.12291,0.54204,4.0947
0.17082,0.01489,0.063708,0.016256,0.13694,2.2963,0.20021,0.042875,0.017757,0.0083781
0.035681,0.27443,0.022171,0.011298,0.019484,0.021459,2.7863,0.029005,0.86163,0.010258
0.15053,0.10084,0.1389,1.0554,0.060997,0.031793,0.019206,0.030839,0.15034,0.011057
0.05194,0.27085,0.2143,0.018804,0.48399,0.013056,0.081361,0.078113,0.69752,0.0053658
0.051646,0.21817,0.17275,0.017197,0.06867,0.026845,0.047009,0.027614,0.033,7.9815
0.068298,0.071313,0.091665,0.056833,0.077519,0.094294,0.1224,0.21901,0.68523,3.9884
0.067019,0.27879,0.23932,0.021545,0.04422,0.1626,0.3833,0.062378,0.39297,0.0059232
0.014487,0.034692,1.4348,0.059206,0.05935,0.029004,0.39041,0.065113,0.3957,0.0086577
0.014144,0.021349,0.76706,0.2521,0.010035,0.20227,0.027635,0.071028,0.25317,3.9876
0.52102,0.020428,0.041987,0.013712,0.046644,0.19914,0.012006,0.051931,0.022025,3.9935
0.039805,0.36733,0.023076,0.0070954,0.018996,0.021545,3.6284,0.027866,0.062189,1.3629
0.038331,0.32139,0.022307,0.0081806,0.018664,0.020909,3.1627,0.026375,0.41956,0.0081806
0.033809,0.10526,0.25278,0.014778,1.6104,0.10967,0.10259,0.25212,0.021601,0.092524
0.12078,0.092229,0.13913,0.35708,0.33185,0.030601,0.071131,0.19746,0.12705,0.0064819
0.25682,0.09376,0.20139,0.011082,0.06306,0.25095,0.036845,0.20204,0.29238,0.043124
0.57509,0.026663,0.038807,0.023172,0.011917,0.14289,0.052199,1.1549,0.011106,0.009984
0.10655,0.41213,0.081314,0.018406,0.12359,0.20943,0.051106,0.030474,0.86166,0.012031
0.25532,0.030376,0.024892,0.13095,0.033496,0.86958,0.028684,0.78096,0.023786,0.0095808
0.11297,0.025086,0.051942,0.28341,0.20361,1.7806,0.040437,0.03964,0.024591,0.0084475
0.018014,0.037995,1.2272,0.13688,0.052455,0.047247,0.083021,0.084205,0.023304,4.0209
0.20304,0.019567,0.021642,0.010698,0.025365,0.064396,0.035887,0.025669,0.17215,9.1079
0.14702,0.14716,0.13498,0.44519,0.050848,0.030939,0.050104,0.084495,0.43747,0.0077524
0.14821,0.083031,0.10379,0.020608,0.049384,0.19847,0.47927,0.064367,0.03098,3.9863
0.020628,0.012217,0.45928,0.88312,0.044539,0.038754,0.058818,0.23664,0.010916,4.0598
0.15202,0.02454,0.5396,0.12716,0.028504,0.21683,0.2512,0.070528,0.11161,0.0058803
0.097459,0.10247,0.13393,0.078726,0.36544,0.17832,0.22899,0.42292,0.031151,0.0077134
0.019598,0.038594,0.022182,0.63085,0.025516,0.42389,1.2829,0.75238,0.14662,0.018273
0.11689,0.018533,0.013954,0.01092,0.81251,0.028069,0.054429,0.0080895,0.011914,8.0519
0.080667,0.014492,0.017661,0.44225,0.079762,0.01827,1.2271,1.0415,0.045172,0.009325
0.1383,0.53204,0.036493,0.021217,0.03592,0.01239,0.075141,0.070646,0.015493,4.0127
0.17509,0.14654,0.075952,0.19552,0.04298,0.015152,0.069326,0.072868,1.3697,0.012435
0.022056,0.039152,0.13233,0.0074045,0.014772,0.013615,0.61144,2.6468,0.75397,0.0858
0.016588,0.018137,0.2871,0.047764,0.20938,0.022808,0.017098,3.4388,0.30155,0.29038
0.030796,0.057129,0.20066,0.0082273,0.019575,0.017794,0.93864,2.6554,0.057526,0.085912
0.22919,0.25514,0.024286,0.032875,0.31753,0.42217,0.11686,0.084659,0.074939,0.018367
0.43257,0.18682,0.056183,0.22981,0.018014,0.059027,0.058417,0.072837,0.065186,0.012921
0.45289,0.016856,0.01761,0.018753,0.96398,0.054474,0.021143,0.3069,0.069423,0.010777
0.30372,0.059873,0.15268,0.039116,0.039708,0.12402,0.029513,0.79147,0.093238,0.0077711
0.15674,0.35344,0.032198,0.22791,0.091695,0.040574,0.47202,0.055376,0.011286,0.011915
0.1214,0.4226,0.016886,0.018454,0.42981,0.046186,0.018549,0.25545,0.52606,0.011803
0.42325,0.016097,0.016643,0.017859,0.90736,0.051299,0.4779,0.057087,0.015518,0.016331
0.09192,0.33843,0.11253,0.11238,0.035787,0.090243,0.079711,0.66936,0.062112,0.087234
0.034775,0.10208,0.9538,0.63492,0.058879,0.042952,0.052495,0.09204,0.015911,0.011595
0.064175,0.034019,0.25315,0.080827,0.93092,0.1051,0.01531,0.079336,0.8328,0.010667
0.51629,0.020091,0.041461,0.01372,0.046136,0.1765,0.76863,0.071049,0.023764,0.0077524
0.042251,0.13693,0.024985,0.013203,1.6384,0.09283,0.015841,0.7247,0.14542,0.0075374
0.037029,0.077999,0.2793,0.083991,0.021911,0.12176,0.25567,0.048322,0.35488,3.983
0.011863,0.012946,0.60692,0.1817,0.049367,0.33335,0.022543,0.65811,0.6458,0.0056649
0.30401,0.32746,0.015655,0.029002,0.39784,0.032096,0.063217,0.090982,0.043869,0.20338
0.15608,0.31134,0.17929,0.034008,0.049829,0.13825,0.31355,0.11689,0.098309,0.01381
0.019667,0.022051,0.3704,0.060191,0.022975,0.021269,0.016633,2.9603,0.83656,0.043678
0.18496,0.047509,0.12713,0.16422,0.069866,1.3968,0.11881,0.014528,0.015751,0.010784
0.19628,0.24869,0.029812,0.22819,0.055782,0.03435,0.094521,0.036123,0.51227,0.84261
0.28443,0.035763,0.16486,0.033373,0.048285,0.014239,0.013086,0.51939,0.015043,4.0385
0.013868,0.070709,0.1598,0.60728,0.070758,0.024594,1.7802,0.068972,0.045316,0.085914
0.12799,0.030012,0.51248,0.2125,0.050579,0.10382,0.01529,0.078321,0.86858,0.039385
0.83362,0.035444,0.052758,0.029956,0.013541,0.20456,0.072289,0.069738,0.011844,0.010722
0.15032,0.14137,0.012733,0.11415,0.38909,0.0757,0.81153,0.099115,0.02399,0.0067555
0.029217,0.1487,0.10185,0.012896,0.015841,0.026454,0.021737,5.5249,0.04015,0.0077618
0.50879,0.020554,0.034403,0.013582,0.13985,0.20352,0.44347,0.070428,0.028067,0.68084
0.18752,0.73607,0.034892,0.037498,0.044879,0.17662,0.017157,0.16189,0.042881,0.011505
0.22361,0.043162,0.02665,0.096505,0.012419,0.95437,0.83068,0.13244,0.010604,0.13082
0.015422,0.034337,0.08972,0.39082,0.02209,0.088286,3.022,0.0955,0.13416,0.0091152
0.067009,0.22157,0.011065,0.013794,0.64688,0.034296,0.010569,0.51985,0.028143,4.1409
0.015556,0.10703,0.027998,0.85462,0.023767,0.86517,0.023874,0.7871,0.046683,0.0079149
0.033338,0.10126,0.082875,0.031527,0.17329,0.015672,0.022661,5.2167,0.035001,0.0128
0.22909,0.22888,0.15877,0.021229,0.65018,0.080105,0.010868,0.036009,0.052387,0.0094662
0.034053,0.039535,0.24068,0.18803,0.022704,0.018427,1.733,0.092303,0.51062,0.17371
0.024342,0.1311,0.016452,0.1441,0.039864,0.84869,1.7834,0.072174,0.048518,0.089116
0.036765,0.12761,0.25412,0.096985,0.37157,0.046804,0.076348,0.3137,0.027061,4.0053
0.010996,0.014938,0.21613,0.012078,0.091029,0.015291,0.022391,2.5213,2.8018,0.010198
0.18444,0.20107,0.1285,0.016413,0.040417,0.038577,0.14022,0.43328,0.40452,0.0067247
0.082416,0.041389,0.33952,0.1036,1.2396,0.056899,0.018436,0.067395,0.15934,0.0096171
0.10294,0.10303,0.12958,0.017604,0.17486,0.37421,0.0608,0.15243,0.035236,4.0033
0.047766,0.0089776,0.16828,0.077292,0.21044,0.022729,1.1015,0.74107,0.28986,0.0056442
0.021193,0.057917,0.16542,0.74989,0.034204,0.16266,0.069574,0.068836,0.095635,3.9879
0.24109,0.029021,0.036283,0.01891,0.060233,0.085887,0.051032,0.038136,0.033702,7.9834
0.018013,0.033362,0.19519,0.13035,0.017885,0.014979,1.18,0.58971,0.012319,3.984
0.028095,0.090262,0.033292,0.033256,0.013768,1.4361,0.012486,0.44525,1.4339,0.087193
0.071732,0.013439,0.01623,0.39025,0.019313,0.23011,1.3798,0.74814,0.044973,0.0092173
0.022467,0.023253,1.0888,0.018035,0.28574,0.034035,1.8805,0.0536,0.014556,0.014556
0.17279,0.40558,0.052211,0.27099,0.22085,0.045087,0.11455,0.010274,0.011497,0.0077544
0.018686,0.093297,0.08572,0.010807,0.014371,0.14614,0.030698,2.7481,1.2886,0.0081951
0.075793,0.011137,0.016381,0.0091696,0.083645,1.7389,0.059457,0.018234,2.5162,0.63183
0.35552,0.020117,0.045954,0.0075266,0.38847,0.057923,0.29475,0.23207,0.15333,0.62956
0.011302,0.018056,0.27925,0.012706,0.089412,4.8339,0.041221,0.075752,0.0189,0.010798
0.01426,0.014255,0.012626,0.0094385,0.024038,0.75475,0.24548,0.098841,5.8478,0.0094414
0.066543,0.072581,0.36949,0.1066,0.42047,0.030903,0.40811,0.040389,0.29171,0.009788
0.11291,0.019205,0.023691,0.62492,0.028648,0.022487,1.496,0.39739,0.047145,0.011371
0.019858,0.019849,0.011341,0.010058,0.02833,1.1531,0.016906,0.09931,5.8483,0.0099102
0.018049,0.034024,0.016057,0.038507,0.014635,1.2437,0.015536,0.34625,4.2446,0.040855
0.088844,0.016616,0.33055,0.15033,0.27426,0.028855,0.059122,0.7114,0.28389,2.1981
0.18029,0.024045,0.020141,0.2084,0.023406,0.019993,1.9227,0.0089616,0.51486,0.17364
0.23045,0.01574,1.1958,0.025535,0.059335,0.057169,0.020486,0.2378,0.021568,0.0096995
0.042117,0.25779,0.029936,0.020118,0.22284,0.034964,3.8375,0.048002,0.033057,0.019179
0.016477,0.017005,0.55811,0.22358,0.30866,0.026356,0.039335,0.068059,0.30786,3.9962
0.063549,0.22617,0.015499,0.016274,0.021028,0.089794,3.4349,0.0098754,0.21217,0.0093311
0.024273,0.010798,0.1214,0.013215,0.012149,1.2886,0.045304,1.0368,1.2628,0.0094917
0.081678,0.45712,0.34354,0.0073382,0.075913,0.21791,0.042216,0.015135,0.39438,0.0073381
0.075547,0.14798,0.81664,0.020817,0.054505,0.018062,0.83191,0.074832,0.049038,0.01432
0.067941,0.020092,0.22979,0.27529,0.056939,0.14036,0.03292,0.66445,0.86718,0.0089426
0.035374,0.1346,0.02509,0.56918,0.37606,1.0968,0.16016,0.038523,0.044217,0.12567
0.21489,0.03579,0.71317,0.21002,0.034548,0.056748,0.018396,0.072786,0.15606,0.0096022
0.41036,0.022223,0.030189,0.0057101,0.40756,0.037306,0.29412,0.23507,0.15332,0.0063794
0.036169,0.039487,0.52425,0.092562,0.040772,0.038398,0.031803,4.1264,0.026703,0.055735
0.053378,0.059322,0.02625,0.024203,0.83161,0.19647,0.035943,0.011983,0.61214,3.9846
0.042931,0.2084,0.56226,0.023903,0.032651,0.05223,0.067257,0.012214,1.6961,0.00801
0.027767,0.010177,0.11246,0.36992,0.021323,0.044093,0.12205,0.029604,0.15792,7.9832
0.035296,0.10994,0.043034,0.039499,1.1125,0.039258,0.068534,0.29837,0.01461,4.0053
0.16348,0.16629,0.2661,0.024779,0.042048,0.056775,0.009138,0.20027,0.018762,3.9895
0.27007,0.039838,0.1056,0.21132,0.024864,0.18777,0.15969,0.24518,0.10905,0.0063134
