0.094292,0.093575,0.19973,0.053932,0.075707,0.19773,0.081399,0.10668,0.10372,3.9858
0.052228,0.31035,0.25261,0.25566,0.2518,0.061895,0.11193,0.016115,0.13057,0.0080104
0.45137,0.041206,0.33957,0.12703,0.031374,0.027761,0.13044,0.051948,0.019031,0.051523
0.17681,0.098579,0.047872,0.48677,0.024455,0.057619,0.25466,0.043004,0.54599,0.028135
0.064998,0.099706,0.02149,0.15764,0.11814,0.16029,0.088831,2.0309,0.15046,0.011098
0.23481,0.022628,0.027105,0.17368,0.82063,0.068575,0.16107,0.046924,0.14785,0.1375
0.16638,0.039894,0.13928,0.028451,0.02722,0.34017,0.059938,0.98455,0.3836,0.010578
0.034084,0.075834,0.2697,0.011457,0.15314,0.090488,0.4344,1.7123,0.091358,0.0099719
0.013977,0.045464,0.50168,0.046951,0.59904,0.31877,0.1185,0.08488,0.42324,0.0075732
0.028913,0.061876,0.55126,0.012522,0.20369,0.47415,0.89297,0.031389,0.091558,0.010173
0.044969,0.028379,0.8569,0.24891,0.1534,0.67799,0.067601,0.01772,0.010519,0.0094254
0.1022,0.060714,0.48674,0.26078,0.012286,0.014964,0.67433,0.05422,0.33651,0.012482
0.047942,0.14316,1.0027,0.045173,0.079719,0.026596,0.080397,0.095519,0.29335,0.0069741
0.10471,0.17971,0.23306,0.030286,0.086917,0.27867,0.042563,0.054271,0.91423,0.011898
0.093878,0.059448,0.48469,0.14822,0.10376,0.044494,0.31563,0.021766,0.66315,0.014147
0.030927,0.02346,0.44215,0.5147,0.43789,0.36468,0.22138,0.05977,0.015354,0.022654
0.068581,0.04015,0.1425,0.49924,0.28703,0.35831,0.52719,0.016071,0.011106,0.01022
0.10866,0.17235,0.054103,0.30698,0.068799,0.26817,0.079127,0.30161,0.14815,0.0087831
0.13136,0.55846,0.064822,0.093024,0.084281,0.033175,0.12221,0.035849,0.27332,0.0093562
0.14156,0.086035,0.034425,0.094311,0.067082,1.2662,0.03933,0.024854,0.66154,0.011736
0.4015,0.23724,0.079156,0.05136,0.0087364,0.19307,0.0090219,0.10129,0.18128,0.0082411
0.24054,0.044124,0.03684,0.16624,0.054448,0.099933,0.90043,0.12323,0.082559,0.0065327
0.11018,0.2853,0.046485,0.039237,0.27422,0.66649,0.088051,0.062515,0.092009,0.010811
0.01422,0.042414,0.53882,0.19665,0.10166,0.037402,0.33174,0.60111,0.30281,0.14934
0.025724,0.10524,1.202,0.13823,0.03655,0.082025,0.018824,0.69188,0.0086635,0.010902
0.024984,0.10532,1.301,0.1113,0.037024,0.44643,0.012472,0.10332,0.020036,0.0086451
0.069162,0.36154,0.037426,0.052518,0.61882,0.15704,0.16123,0.12312,0.081199,0.052834
0.35654,0.031929,0.038094,0.28688,0.0093776,0.02458,0.12898,0.81313,0.088894,0.031032
0.094912,0.59209,0.049533,0.34387,0.048335,0.37647,0.033131,0.015587,0.0077456,0.0074019
0.066456,0.013726,0.57493,0.19647,0.30166,0.82325,0.032537,0.013097,0.13074,0.016271
0.068236,0.37043,0.23057,0.07133,0.031362,0.16129,0.42653,0.0955,0.079464,0.010332
0.19427,0.14431,0.055552,0.15137,0.021197,0.023906,0.21352,0.3116,0.55045,0.026201
0.038958,0.024608,0.60214,0.41701,0.18755,0.012577,0.039592,0.061078,0.97638,0.0087831
0.027959,0.1072,1.1978,0.081453,0.036736,0.19189,0.40313,0.10656,0.012643,0.013748
0.054867,0.0138,0.48214,0.23829,0.032436,0.048096,0.61605,0.61644,0.0733,0.0068392
0.0218,0.02032,0.28619,0.021424,0.33578,0.016109,1.3684,0.84646,0.10278,0.030655
0.041388,0.14343,0.020119,0.029536,0.018788,0.024604,1.3898,0.022765,0.64906,3.9937
0.044707,0.023756,0.43701,0.039016,0.31385,0.04837,2.3735,0.016501,0.0076015,0.0093254
0.018886,0.081279,0.20853,0.02955,0.23047,0.14725,1.5959,0.044169,0.35973,0.14641
0.077168,0.053927,0.21139,0.54976,1.0509,0.035505,0.053684,0.01855,0.012875,0.0089264
0.020899,0.093724,0.30414,0.05276,0.039268,0.075472,3.2027,0.0079574,0.055802,0.022549
0.10627,0.60469,0.096784,0.019764,0.022296,0.86496,0.10024,0.021477,0.016231,0.015153
0.073713,0.047854,0.25926,0.57732,0.048531,0.025316,0.10005,0.3452,0.35782,1.7231
0.55521,0.033773,0.052859,0.017617,0.017125,0.78434,0.058784,0.10668,0.012627,0.0085706
0.028694,0.18638,0.022356,0.041296,0.12452,0.01749,2.5309,0.76158,0.0081929,0.0082671
0.065984,0.055348,0.023669,0.03418,0.23977,0.016687,2.4717,0.011689,0.024936,3.9934
0.016941,0.069856,0.057839,0.17058,0.81818,0.0071614,0.16831,0.49867,0.008277,4.0041
0.079253,0.097123,0.14734,0.76444,0.14793,0.16865,0.1583,0.02125,0.076333,0.016297
0.037499,0.17235,0.038222,0.094654,0.018319,0.087523,0.011935,0.28298,3.5968,0.32262
0.064905,0.11604,0.083431,0.52502,0.49254,0.068529,0.063191,0.047849,0.31148,0.009835
0.35952,0.047748,0.041434,0.10149,0.68699,0.49071,0.036257,0.03533,0.019978,0.020995
0.2367,0.042687,0.062641,0.21457,0.033745,0.011502,0.021272,0.023435,0.63398,3.9848
0.071393,0.050899,0.10436,0.494,0.11254,0.72033,0.14613,0.084959,0.075817,0.008743
0.0206,0.036841,0.58149,0.062979,0.060392,0.012408,1.4567,0.33185,0.16935,0.011432
0.14673,0.83427,0.090197,0.1694,0.066171,0.033925,0.025587,0.024384,0.031724,0.01269
0.042851,0.19726,0.030085,0.047927,0.24805,0.019866,3.4413,0.024552,0.032029,0.012861
0.20862,0.13924,0.035918,0.03674,0.098946,0.062745,0.20371,0.07781,1.0262,0.13114
0.056357,0.20636,0.029038,0.042115,0.014214,0.020398,1.6631,0.03003,0.23303,3.9885
0.046205,0.069824,0.02915,0.10108,0.3361,0.017014,0.04558,0.65839,0.45539,3.9996
0.17044,0.02091,0.12951,0.041784,0.028563,0.054805,0.011284,3.9233,0.0074965,0.0095227
0.018664,0.08466,0.11838,0.073672,0.13328,0.57407,0.51715,0.88122,0.056617,0.0080262
0.078352,0.43571,0.066772,0.2286,0.0093443,0.073621,0.12123,0.85204,0.01618,0.010657
0.046358,0.019839,0.50075,0.1661,0.076599,0.35373,0.15163,1.2723,0.013907,0.14368
0.025358,0.086858,0.2915,0.18941,0.14962,0.7446,0.45771,0.0099591,0.13523,0.0093074
0.071282,0.36675,0.30712,0.4751,0.013452,0.019625,0.067765,0.10822,0.071422,0.0076624
0.094985,0.055485,0.068551,0.050923,0.82845,0.43459,0.58895,0.022534,0.032902,0.012293
0.031483,0.083773,0.1191,0.053297,0.058064,0.013905,1.0637,1.533,0.19699,0.0088897
0.072098,0.30628,0.4489,0.091635,0.062141,0.032512,0.1224,0.084846,0.26858,0.0098203
0.041242,0.025455,0.4421,0.15937,0.0087018,0.016189,1.6637,0.0085582,0.0079074,3.9832
0.076278,0.22109,0.033921,0.045159,1.0798,0.037389,0.034956,0.0175,0.90383,0.009237
0.021502,0.090048,0.015789,0.055036,0.016553,0.061256,0.88299,0.020171,4.5502,0.0094395
0.024057,0.038885,0.34398,0.026403,0.053374,0.036548,1.3295,0.79818,0.20145,1.0487
0.038434,0.16122,0.10629,0.29251,0.077561,0.01641,0.11868,1.0029,0.37665,0.1371
0.053223,0.29317,0.033507,0.62307,0.2053,0.027302,0.017023,0.42346,0.087253,1.6699
0.026423,0.047409,0.042175,0.73769,0.026883,0.016261,0.043876,0.6626,0.26073,5.1255
0.16766,0.019728,0.024372,0.12215,0.57785,0.051894,0.11658,0.036753,0.10734,3.9846
0.023026,0.060853,0.097341,1.1415,0.034032,0.015585,0.020794,1.5529,0.14974,0.0081358
0.3123,0.17011,0.048967,0.3327,0.20307,0.084458,0.065834,0.015953,0.0087527,0.0076587
0.054534,0.050905,0.070095,0.047975,0.052297,0.34959,0.50295,1.6057,0.077091,1.0877
0.02666,0.12459,0.018497,0.076385,0.045112,0.092762,0.013629,0.016759,3.1117,4.2197
0.054645,0.017769,0.020438,0.021102,0.224,0.088377,2.5232,0.040681,0.93604,0.0080743
0.071718,0.40926,0.07731,0.26291,0.0094125,0.018314,0.11675,0.084314,0.012762,3.9831
0.036766,0.030193,0.5314,0.64266,0.0095028,0.024614,0.22968,0.62245,0.089029,0.031167
0.012322,0.037665,0.40742,0.54026,0.10601,0.33464,0.11372,0.084499,0.39968,0.0067289
0.10291,0.0796,0.024793,0.1606,0.078195,0.032888,0.41729,0.27363,0.040579,4.1135
0.22424,0.12597,0.20417,0.11327,0.24514,0.026778,0.10108,0.19678,0.029142,0.0085203
0.025953,0.07028,0.013883,0.70449,0.040344,0.013271,0.55115,1.5537,0.14942,0.0084884
0.26487,0.044236,0.048959,0.2247,0.035606,0.022225,0.67564,0.022871,0.62034,0.012197
0.041195,0.21887,0.024208,0.13141,1.362,0.023004,0.022797,0.70631,0.034878,0.1396
0.070164,0.29543,0.060476,0.21797,0.095718,0.017761,0.37024,0.048596,0.62535,0.0071029
0.079114,0.32375,0.037504,0.22103,0.15113,0.028255,0.071193,0.097922,0.89266,0.009236
0.055059,0.16819,0.013462,0.41837,0.015945,0.02176,0.016754,0.38072,0.47755,4.0084
0.042689,0.030774,0.26943,0.047099,0.018831,0.063042,2.4912,0.061193,0.33374,0.010475
0.03652,0.083778,0.092873,0.024788,0.12427,0.015026,0.028779,2.5103,0.013731,3.9851
0.09413,0.060206,0.33755,0.30475,0.048403,0.025481,0.11396,0.34546,0.35808,1.7566
0.020481,0.03698,0.59028,0.063532,1.3214,0.0077296,0.017669,0.33152,0.16902,0.011101
0.06939,0.42055,0.024787,0.65466,0.040949,0.016127,0.27208,0.098005,0.094478,0.023788
0.087389,0.53393,0.071259,0.045448,0.37395,0.1755,0.098072,0.06503,0.020907,0.0090751
0.04335,0.039856,0.50456,0.19808,0.11449,0.025265,0.070916,1.659,0.034103,0.033499
0.056713,0.039229,0.023985,0.041535,0.093319,0.50192,2.9916,0.056141,0.025712,0.0073488
0.10669,0.084795,0.18834,0.17597,0.16973,0.050534,0.02726,0.0188,1.9375,0.014241
0.022149,0.014993,0.20386,0.075737,0.37123,0.014742,1.5152,0.046438,0.0070384,4.1698
0.06409,0.049741,0.029011,0.20815,0.15943,0.88829,0.085932,0.041945,0.94457,0.0071214
0.030935,0.13679,0.39301,0.065654,0.13547,1.6478,0.015,0.10238,0.022555,0.011165
0.057252,0.01118,0.51947,0.17637,0.27173,0.15485,0.78998,0.010271,0.12791,0.013445
0.11706,0.03361,0.071755,0.15542,0.023816,0.027937,0.027167,0.1708,0.045408,7.9832
0.017401,0.040465,0.010074,0.60745,0.067325,0.3941,2.0263,0.02733,0.096065,0.038911
0.10596,0.061364,0.024027,0.046095,0.73192,0.24803,0.48194,0.096972,0.24838,0.01019
0.051764,0.2818,0.032864,0.60932,0.19889,0.43748,0.020621,0.017371,0.087745,1.5878
0.075057,0.057229,0.059633,0.45083,0.05422,0.34316,0.47304,0.094003,0.33806,0.012073
0.041126,0.027339,0.2259,0.042964,0.074539,0.064912,2.277,0.31203,0.14117,0.0096549
0.018884,0.058676,0.37514,0.028865,0.059745,0.039722,1.1865,0.81473,0.20577,0.0082676
0.049697,0.29953,0.036904,0.13958,0.25794,0.046153,0.61518,0.34649,0.057702,0.009111
0.025507,0.037244,0.51045,0.017122,0.82758,0.23899,0.20674,0.33504,0.17572,1.0397
0.033841,0.16578,0.13218,0.033998,0.17757,0.019163,0.039674,3.6071,0.017642,0.017402
0.06318,0.62149,0.051677,0.07956,0.16686,0.015542,0.55506,0.10336,0.025269,0.0080988
0.013355,0.071386,0.0099508,0.77005,0.082753,0.014045,1.606,0.78464,0.011373,0.006757
0.011233,0.031368,0.29409,0.16427,0.16164,0.15862,1.5764,0.3641,0.025025,0.21528
0.2283,0.10473,0.71157,0.027569,0.052431,0.054566,0.021388,0.12821,0.0781,0.033077
0.25213,0.018271,0.026819,0.16322,0.44037,0.46772,0.053299,0.057238,0.1491,0.010257
0.031483,0.053597,0.50278,0.035533,1.3906,0.010581,0.22724,0.014617,0.21683,0.007668
0.55446,0.045692,0.06003,0.020051,0.15662,0.073665,0.16626,0.051991,0.15074,0.14253
0.12959,0.068686,0.040266,0.054234,0.033737,0.15264,0.027071,0.063291,3.3972,0.0088181
0.050169,0.035938,0.019068,0.23864,0.092924,0.71053,0.56808,0.010224,0.010569,4.2714
0.034077,0.020543,0.41382,0.028337,0.54544,0.27167,0.063855,0.83054,0.10316,0.030735
0.031681,0.17013,0.029913,0.037572,0.022829,0.024506,1.5099,0.025847,2.4092,0.011975
0.088122,0.017192,0.15539,1.8935,0.050012,0.019307,0.027977,0.070968,0.14848,0.0068165
0.0487,0.086999,0.10509,0.54829,0.33014,0.05719,0.4771,0.083972,0.07483,0.0078333
0.023747,0.038553,0.33932,0.026122,0.93227,0.0097476,0.1579,0.80366,0.20526,1.0487
0.036388,0.025757,0.15706,0.053168,0.03944,0.69325,1.4444,0.024658,0.66134,0.01154
0.24213,0.13548,0.051322,0.093956,1.2208,0.046415,0.02569,0.023343,0.03107,0.013079
0.11886,0.18871,0.058617,0.9429,0.0099621,0.012204,0.095116,0.30928,0.10401,0.0092031
0.35736,0.20771,0.052151,0.011444,0.17686,0.065857,0.52313,0.022807,0.015296,0.0094487
0.036543,0.099468,0.098202,0.031418,0.69633,0.018167,0.069577,1.5047,0.37275,0.011542
0.049058,0.035792,0.070396,0.3226,1.0519,0.058504,0.46831,0.085079,0.075938,0.008941
0.14039,0.020376,0.024191,0.34672,1.0289,0.10919,0.018902,0.58671,0.0081941,0.01022
0.017355,0.05821,0.58538,0.056541,0.72242,0.084749,0.12129,0.086353,0.42471,0.0090459
0.093875,0.19716,0.031965,0.026659,0.46686,0.12029,0.53235,0.098875,0.29045,0.010356
0.32748,0.019646,0.057095,0.014108,0.016481,0.49672,0.059916,0.39342,0.60087,0.013205
0.023053,0.037258,0.62678,0.040801,0.081913,0.25414,0.087715,0.71728,0.40008,0.0071212
0.052022,0.083494,0.36302,0.083705,0.43311,0.051064,0.12109,0.047913,0.76634,0.0089548
0.025953,0.019977,0.19825,0.048874,0.017521,0.55515,1.2334,0.31406,0.66179,0.011988
0.032057,0.17012,1.3609,0.071972,0.20291,0.027019,0.028649,0.0080447,0.078344,0.0059045
0.013019,0.017386,0.11229,0.057005,0.19321,0.27216,1.3296,0.79825,0.20152,1.0488
0.038497,0.14299,0.03808,0.040833,0.019877,0.098109,2.1235,0.010655,1.2638,0.010026
0.041977,0.026677,0.60232,0.46805,0.19703,0.019343,0.0088987,0.05987,0.01592,3.9836
0.025466,0.018891,0.099027,0.14469,0.33464,0.016913,1.0867,0.74483,0.40331,0.032419
0.012242,0.016658,0.13907,0.62034,0.022869,0.012236,0.037378,2.1278,0.013584,3.9837
0.026045,0.049176,0.095149,1.1269,0.032599,0.014373,0.062388,0.049253,0.236,4.0266
0.02619,0.024263,0.37044,0.44844,0.55989,0.026691,0.034372,0.56729,0.1028,0.030671
0.032067,0.023834,0.49603,0.3097,0.27282,0.32496,0.091624,0.078702,0.4557,0.015706
0.18718,0.10347,0.039731,0.7191,0.024563,0.026244,0.11482,0.40538,0.023672,2.5628
0.071796,0.4649,0.075918,0.36029,0.16917,0.066346,0.010846,0.30272,0.019535,0.010921
0.022861,0.10044,0.54616,0.50556,0.11892,0.018737,0.60739,0.011933,0.095606,0.0083422
0.072247,0.022629,0.02622,0.027113,0.30094,0.11774,3.0302,0.051132,0.16146,0.0095844
0.066872,0.1282,0.21917,0.073783,0.07159,0.017097,1.7884,0.034489,0.16445,0.13301
0.027024,0.13308,0.016782,0.0094367,0.0099292,0.15508,0.017299,0.026781,2.4972,20
0.012604,0.033111,0.35721,0.13408,0.49518,0.27482,0.42153,0.37296,0.024704,1.5414
0.015239,0.035105,0.21443,1.5866,0.017167,0.023505,0.069602,0.056025,0.90495,0.0066923
0.30747,0.046279,0.056473,1.0651,0.011032,0.021382,0.11286,0.017041,0.10625,0.12673
0.39592,0.025057,0.06928,0.016605,0.019513,0.60799,0.048225,0.017374,0.88962,0.01444
0.067202,0.26983,0.030291,0.047958,0.13049,0.068773,0.28518,0.024393,0.20988,4.0231
0.071679,0.30349,0.061822,0.25254,0.10065,0.023263,0.39562,0.095236,0.29804,0.0069846
0.016109,0.05699,0.63725,0.35182,0.12997,0.099537,0.14769,0.35433,0.076658,1.5483
0.35082,0.070666,0.021636,0.070803,0.30722,0.06366,0.21915,0.052108,0.34103,0.027194
0.026511,0.112,0.15117,0.039262,0.891,0.10011,0.03326,1.5747,0.010135,0.090183
0.036986,0.18593,0.022746,0.11262,1.1229,0.024967,0.021568,0.59482,0.412,0.01074
0.15557,0.12186,0.046408,0.17314,0.1663,0.51653,0.030905,0.086796,0.3601,0.013064
0.070556,0.045797,0.24821,0.55274,0.095184,0.025323,0.088203,0.34966,0.40366,0.013056
0.01676,0.041727,0.42819,0.16542,0.65629,0.50654,0.13932,0.14274,0.027024,0.010148
0.28958,0.16334,0.051187,0.10111,0.16204,0.33878,0.27025,0.022066,0.014866,0.013772
0.031465,0.14777,0.81593,0.12166,0.11938,0.037383,0.54019,0.016178,0.081883,0.0095963
0.039646,0.058824,0.25172,0.17515,0.31855,0.015349,1.4702,0.057009,0.071726,0.007562
0.075889,0.057845,0.028825,0.036208,0.010424,0.095525,0.24695,2.009,0.011923,4.0061
0.2811,0.38619,0.087147,0.13375,0.058393,0.031047,0.053884,0.053646,0.086935,0.054538
0.028637,0.14208,1.1206,0.058327,0.13268,0.35899,0.026385,0.0092983,0.079597,0.0073103
0.032432,0.021134,0.44373,0.035601,0.076234,0.015076,1.4208,0.062449,0.018366,3.9831
0.015091,0.047456,0.6173,0.23475,0.11462,0.042013,0.10406,0.59249,0.34222,0.14916
0.24699,0.01514,0.25665,0.039725,0.31314,0.023857,0.060185,0.017413,0.011338,3.9827
0.020181,0.049143,0.009243,0.40245,0.028725,0.051075,2.6513,0.60911,0.058385,0.022864
0.33145,0.033935,0.0546,0.66533,0.037225,0.028196,0.019541,0.10001,0.26922,0.0089293
0.19476,0.032409,0.36649,0.01004,0.52594,0.018146,0.45365,0.0204,0.17255,0.0087731
0.038507,0.028377,0.015884,0.17647,0.072612,0.33115,1.315,0.017173,0.058057,4.2714
0.026526,0.041831,0.35675,0.040073,0.058,0.04075,1.4352,0.57151,0.20339,1.0506
0.39268,0.02478,0.18318,0.01658,0.020106,0.033859,0.034938,0.29795,0.87532,0.012901
0.040636,0.011172,0.62496,0.23335,0.11771,0.042555,0.3968,0.7048,0.020114,0.14935
0.035814,0.15243,0.81857,0.10973,0.66977,0.032866,0.091799,0.023364,0.032221,0.013054
0.34649,0.023177,0.06173,0.25451,0.022364,0.77754,0.059208,0.018597,0.12901,0.014549
0.022862,0.15799,0.45575,0.24613,0.13068,1.1393,0.0095228,0.0088118,0.057031,0.024014
0.016728,0.063344,0.83534,0.51337,0.22962,0.014287,0.094855,0.080259,0.13807,0.0091662
0.04062,0.028809,0.26468,0.12662,0.01959,0.072379,2.9716,0.068241,0.015168,0.0088162
0.0076808,0.011603,0.10365,0.57732,0.096346,0.14525,1.4574,0.33075,0.1682,0.0059951
0.030544,0.13776,0.026707,0.017068,0.15583,0.10531,1.0218,0.013611,2.4086,0.010301
0.065713,0.037671,0.021239,1.302,0.017812,0.28289,0.040232,0.037383,0.90594,0.0079417
0.18928,0.1029,0.15994,0.28138,0.013897,0.020853,0.09189,0.040374,0.0068967,4.1648
0.046733,0.030892,0.09139,0.30438,0.18098,0.22105,0.32226,0.015925,1.6063,0.021569
0.01474,0.053533,0.61665,0.055632,0.020336,0.21489,0.99419,0.08462,0.39981,0.0068502
0.28581,0.044728,0.1378,0.28656,0.042847,0.013436,0.02608,0.08788,0.9096,0.014491
0.039439,0.038302,0.11552,0.089301,0.35259,0.53972,0.079282,1.7074,0.02269,0.037348
0.022523,0.087194,0.046591,0.037494,0.28463,0.15004,1.4628,0.080685,0.87428,0.010003
0.036608,0.17894,0.14432,0.039273,1.0791,0.053955,0.10525,0.078203,0.36509,0.54997
0.021558,0.10954,1.0101,0.047039,0.37215,0.1761,0.088533,0.062082,0.017959,0.006127
0.029317,0.13005,0.17619,0.040022,1.1101,0.1177,0.025787,0.94447,0.0098327,0.0091306
0.040315,0.18334,0.17035,0.17581,0.073103,0.054825,0.053835,0.67521,0.60716,0.0073735
0.36877,0.0209,0.063218,0.013846,0.017281,0.55737,0.098807,0.13058,0.56341,0.013011
0.03938,0.031733,0.56086,0.032444,0.20929,0.023809,0.020441,0.011218,1.1268,4.0462
0.0426,0.0268,0.46161,0.22554,0.1446,0.019105,1.5638,0.085429,0.018082,0.007948
0.068634,0.029179,0.077842,0.099082,0.51042,0.20413,0.36417,0.63672,0.085255,0.0070312
0.12741,0.071135,0.04196,0.23625,0.83935,0.34851,0.10083,0.06687,0.0071331,0.0071279
0.038751,0.0358,0.42828,0.16976,0.098879,0.023483,0.062057,1.404,0.37323,0.012715
0.085606,0.11032,0.035215,0.46139,0.27531,0.028043,0.042462,0.042312,1.7291,0.058572
0.014955,0.074465,0.012956,0.82153,0.089168,0.015955,1.7123,0.089181,0.33927,0.04054
0.027505,0.050024,0.018603,0.59972,0.023611,0.013257,0.03758,2.0517,0.014655,5.1254
0.076156,0.30639,0.066253,0.22711,0.10319,0.0219,0.38245,0.67805,0.017648,0.011703
0.021141,0.075407,0.8507,0.10007,0.028535,0.4634,0.049902,0.69769,0.012795,0.0085507
0.016106,0.061152,0.31609,0.12785,0.65875,0.022905,0.062645,1.3389,0.055926,0.0078254
0.036916,0.13941,0.029302,0.036979,0.010171,0.09865,0.86952,2.9015,0.012964,0.011869
0.077209,0.3022,0.29607,0.053712,0.091473,0.021303,0.10541,0.88266,0.016377,0.025885
0.2209,0.14073,0.23948,0.077532,0.035963,0.19476,0.10598,0.10373,0.097235,0.01708
0.06974,0.38438,0.043888,0.78895,0.26582,0.023856,0.021876,0.019225,0.089545,1.6722
0.034436,0.077975,0.086355,0.010597,0.1033,0.013932,0.025183,2.0553,0.27741,3.9852
0.034668,0.058129,0.069208,0.2936,0.19558,0.018842,1.7131,0.068922,0.3724,0.010102
0.30962,0.033262,0.044433,0.60466,0.035474,0.10877,0.020754,0.58669,0.0081769,0.010203
0.029059,0.13553,0.18878,0.41957,0.13188,0.012939,0.20798,0.075332,0.0082922,4.0045
0.058174,0.088164,0.39469,0.30402,0.51883,0.020172,0.15367,0.057067,0.071321,0.0074721
0.080501,0.24867,0.031715,0.08821,0.096785,0.016841,1.916,0.010391,0.19582,0.0076646
0.027901,0.018373,0.37472,0.022843,0.067788,0.024383,0.29279,1.3107,0.017615,3.9823
0.064181,0.038329,0.91339,1.1079,0.0079714,0.014206,0.044558,0.011278,0.10344,0.031512
0.035536,0.014766,0.11973,0.041537,0.29479,0.88067,1.8884,0.069004,0.010391,0.6116
0.071852,0.04096,0.022859,1.4338,0.019084,0.3111,0.043782,0.088121,0.40434,0.0082113
0.063409,0.2633,0.048931,0.064019,0.011828,0.15593,1.6917,0.31168,0.01312,0.008939
0.56083,0.086474,0.073119,0.15015,0.056473,0.041278,0.13587,0.01778,0.018968,0.0086947
0.014369,0.011835,0.018731,0.067201,0.22751,0.22823,0.98284,0.056105,0.57791,4.8572
0.032548,0.049367,0.11536,0.10641,0.36918,0.56559,0.082323,0.80318,0.20645,1.0537
0.09352,0.29195,0.045773,0.11331,0.11765,0.3137,0.10489,0.062029,0.43225,0.0081192
0.026999,0.10298,0.78762,0.16184,0.041713,0.063153,0.10704,0.019441,0.91224,0.0079936
0.18398,0.13742,0.30415,0.34332,0.0091353,0.008895,0.039262,0.70756,0.012887,0.0076702
0.025033,0.10731,0.71606,0.34741,0.22105,0.025118,0.25839,0.085225,0.018122,0.0076991
0.18373,0.12936,0.053474,0.1109,0.11245,0.96577,0.0092798,0.18159,0.045383,0.0084655
0.089164,0.22904,0.05327,0.013092,0.20349,0.468,0.87643,0.031924,0.092093,0.010707
0.080796,0.013711,0.24164,0.056317,0.050922,0.038579,2.0577,0.69183,0.0086128,0.010823
0.055446,0.009617,0.62677,0.013299,0.34859,0.63175,0.048342,0.085408,0.39177,0.0073936
0.018606,0.030983,0.38873,0.2092,0.079541,0.40372,0.75771,0.40696,0.04695,0.01157
0.026598,0.13022,0.14537,0.29979,0.92894,0.018465,0.27282,0.098749,0.095222,0.024532
0.10857,0.20515,0.033936,0.19144,0.74832,0.013288,0.030549,0.19808,0.29005,0.0099556
0.24317,0.12632,0.067058,0.080779,0.027925,0.07005,0.063483,0.74832,0.20926,0.0077726
0.015228,0.046147,0.43288,0.13598,1.4419,0.020515,0.023893,0.69985,0.014028,0.0097836
0.033909,0.0587,0.070407,0.3062,0.20361,0.051217,1.9517,0.075179,0.074839,0.0078873
0.025719,0.062197,0.50967,0.01238,0.18884,0.016185,0.55036,0.023193,0.20305,4.7841
0.030619,0.019617,0.17858,0.051193,0.011849,0.33907,1.2263,0.30697,0.65471,0.0049033
