0.50401,0.25544,0.25758,0.26005,0.26217,0.41306,0.38326,0.80563,0.42893,0.29114,0.2985,0.28744,0.26798,0.32162,0.36188
0.24097,0.24097,0.24097,0.24097,0.24097,0.24097,0.24097,0.24097,0.24097,0.24097,0.24097,0.24097,0.24097,23.237,4.0893
0.23901,0.23901,0.23901,0.23901,0.23901,0.23901,0.23901,0.23901,0.23901,0.23901,8.9149,1.1621,0.41972,1.1685,0.34715
0.24377,0.24377,0.24377,0.24377,0.24377,0.24377,0.24377,0.24377,0.24377,0.24377,0.24377,0.24377,12.742,3.8731,0.30506
0.23823,0.23823,0.23823,0.23823,0.23823,0.23823,0.23823,0.23823,0.23823,8.5031,0.26396,1.8951,0.48376,0.31539,0.29204
0.24334,0.24334,0.24334,0.24334,0.24334,0.24334,0.24334,0.24334,0.24334,0.24334,0.24334,0.24334,14.702,2.6364,0.3958
0.2414,0.2414,0.2414,0.2414,0.2414,0.2414,0.2414,0.2414,0.2414,0.2414,9.1429,0.25637,0.3981,2.431,2.4295
0.2432,0.2432,0.2432,0.2432,0.2432,0.2432,0.2432,0.2432,0.2432,0.2432,0.2432,0.2432,11.324,3.4609,2.8393
0.24089,0.24089,0.24089,0.24089,0.24089,0.24089,0.24089,0.24089,0.24089,0.24089,0.24089,0.24089,0.24089,19.605,6.2409
0.23733,0.23733,0.23733,0.23733,0.23733,0.23733,0.23733,0.23733,0.23733,0.23733,7.7632,0.24934,0.3673,3.455,2.8334
0.2377,0.2377,0.2377,0.2377,0.2377,0.2377,0.2377,0.2377,0.2377,0.2377,0.2377,0.2377,0.2377,25.908,0.87802
0.24336,0.24336,0.24336,0.24336,0.24336,0.24336,0.24336,0.24336,0.24336,0.24336,0.24336,0.24336,13.019,1.2589,6.2196
0.24204,0.24204,0.24204,0.24204,0.24204,0.24204,0.24204,0.24204,0.24204,0.24204,0.24204,0.24204,15.384,1.4913,2.8036
0.24353,0.24353,0.24353,0.24353,0.24353,0.24353,0.24353,0.24353,0.24353,0.24353,0.24353,0.24353,10.526,3.2294,5.0577
0.24295,0.24295,0.24295,0.24295,0.24295,0.24295,0.24295,0.24295,0.24295,0.24295,10.611,0.78317,0.34416,0.39317,4.6049
0.24473,0.24473,0.24473,0.24473,0.24473,0.24473,0.24473,0.24473,0.24473,0.24473,0.24473,0.24473,0.24473,24.829,1.9682
0.24237,0.24237,0.24237,0.24237,0.24237,0.24237,0.24237,0.24237,0.24237,9.3874,0.28394,0.42957,0.43555,0.39036,5.138
0.23848,0.23848,0.23848,0.23848,0.23848,0.23848,0.23848,0.23848,0.23848,0.23848,8.5878,1.8631,0.54971,0.57359,0.2949
0.24458,0.24458,0.24458,0.24458,0.24458,0.24458,0.24458,0.24458,0.24458,0.24458,0.24458,0.24458,16.866,0.74989,4.523
0.24519,0.24519,0.24519,0.24519,0.24519,0.24519,0.24519,0.24519,0.24519,0.24519,0.24519,0.24519,18.453,0.61974,2.9749
0.24464,0.24464,0.24464,0.24464,0.24464,0.24464,0.24464,0.24464,0.24464,0.24464,0.24464,13.099,1.0176,0.91158,0.35008
0.24749,0.24749,0.24749,0.24749,0.24749,0.24749,0.24749,0.24749,0.24749,0.24749,0.24749,0.24749,16.189,1.5613,1.2954
0.24581,0.24581,0.24581,0.24581,0.24581,0.24581,0.24581,0.24581,0.24581,0.24581,0.24581,0.24581,0.24581,24.115,2.9027
0.24777,0.24777,0.24777,0.24777,0.24777,0.24777,0.24777,0.24777,0.24777,0.24777,0.24777,0.24777,14.676,1.4261,4.3912
0.24905,0.24905,0.24905,0.24905,0.24905,0.24905,0.24905,0.24905,0.24905,0.24905,0.24905,0.24905,13.592,2.4575,2.0207
0.24619,0.24619,0.24619,0.24619,0.24619,0.24619,0.24619,0.24619,0.24619,9.5315,1.0531,0.54214,0.27253,0.37037,0.31369
0.23819,0.23819,0.23819,0.23819,0.23819,0.23819,0.23819,0.23819,5.0975,1.9087,0.69392,0.39825,0.25707,0.35972,0.26222
0.24971,0.24971,0.24971,0.24971,0.24971,0.24971,0.24971,0.24971,0.24971,0.24971,0.24971,16.067,0.5192,0.42442,1.5369
0.25063,0.25063,0.25063,0.25063,0.25063,0.25063,0.25063,0.25063,0.25063,0.25063,0.25063,0.25063,12.677,2.3073,4.2789
0.2392,0.2392,0.2392,0.2392,0.2392,0.2392,0.2392,0.2392,6.9789,0.63343,1.21,0.3427,0.25781,0.27416,0.45642
0.24474,0.24474,0.24474,0.24474,0.24474,0.24474,0.24474,0.24474,0.24474,0.24474,0.24474,0.24474,0.24474,22.562,4.9229
0.24941,0.24941,0.24941,0.24941,0.24941,0.24941,0.24941,0.24941,0.24941,0.24941,9.1579,1.1352,0.26264,0.47679,5.9707
0.23957,0.23957,0.23957,0.23957,0.23957,0.23957,0.23957,0.23957,7.7584,0.47333,0.32662,0.26007,0.80698,0.55266,0.29954
0.24053,0.24053,0.24053,0.24053,0.24053,0.24053,0.24053,0.24053,6.188,1.037,0.48042,0.26001,0.8564,0.26764,0.62696
0.24843,0.24843,0.24843,0.24843,0.24843,0.24843,0.24843,0.24843,0.24843,0.24843,0.24843,15.277,0.26725,0.73975,3.9056
0.24778,0.24778,0.24778,0.24778,0.24778,0.24778,0.24778,0.24778,0.24778,0.24778,0.24778,0.24778,17.347,1.3855,0.65322
0.24336,0.24336,0.24336,0.24336,0.24336,0.24336,0.24336,0.24336,6.3436,0.36777,0.45397,1.1218,0.47322,0.40978,0.28473
0.23655,0.82714,0.24319,0.27027,0.27072,0.2883,0.2887,0.25552,0.25384,0.25984,0.60494,0.25391,1.6522,0.26062,0.30228
0.24503,0.24503,0.24503,0.24503,0.24503,0.24503,0.24503,0.24503,5.8514,0.26307,0.26659,0.36666,1.046,1.9741,0.32088
0.24459,0.24459,0.24459,0.24459,5.0315,0.26417,0.26793,0.27077,0.41776,0.28684,0.29445,0.2699,0.26381,0.26868,0.29458
0.25505,0.25505,0.25505,0.25505,0.25505,0.25505,0.25505,0.25505,0.25505,0.25505,13.939,0.80342,0.27132,0.37622,0.56453
0.24555,0.24555,0.24555,0.24555,0.24555,0.24555,0.24555,0.24555,6.9652,0.38396,0.26575,0.31288,0.39651,1.9926,0.31212
0.25006,0.25006,0.25006,0.25006,0.25006,0.25006,0.25006,0.25006,0.25006,0.25006,0.25006,0.25006,19.212,0.72107,1.222
0.24342,1.1117,0.25288,0.2574,0.27759,0.25661,0.49953,0.26578,0.40455,0.27985,0.28591,0.59953,0.2625,0.26549,0.2934
0.23995,0.23995,0.95624,0.24872,0.29908,0.59188,0.29399,0.25248,0.47125,0.26982,0.72792,0.26582,0.44138,0.27645,0.60262
0.24173,0.24173,0.24173,0.24173,0.24173,1.6759,0.26541,0.27084,0.33708,0.29707,2.4873,0.94788,0.269,0.39247,0.5781
0.25065,0.25065,0.25065,0.25065,0.25065,0.25065,4.3394,0.29616,0.27752,0.63882,0.2806,0.75279,0.26103,0.88799,0.40633
0.54775,0.2497,0.25938,0.24065,0.2562,0.24296,0.28965,0.26721,0.25445,0.7446,0.2681,0.39919,0.45579,0.25829,1.1251
0.2469,0.2469,0.2469,0.2469,1.0681,0.28496,0.26832,0.27354,0.82469,0.32377,3.2158,0.35038,0.27624,0.27012,0.58031
0.24697,0.24697,0.24697,0.24697,0.24697,0.24697,0.24697,0.24697,0.24697,0.24697,0.24697,16.838,0.5268,0.50274,0.35241
0.2483,0.2483,0.2483,0.2483,0.2483,0.2483,0.2483,0.2483,0.2483,0.2483,0.2483,0.2483,15.009,0.59842,6.2474
0.24747,0.24747,0.24747,0.24747,0.24747,0.24747,0.24747,0.24747,0.24747,0.24747,0.24747,0.24747,19.992,0.84317,0.32397
0.24688,0.24688,0.24688,0.24688,0.24688,0.24688,3.0723,0.3015,0.59072,0.37819,0.52391,1.1965,0.49495,0.26672,0.28825
0.24765,0.24765,0.24765,0.24765,0.24765,0.24765,6.4366,0.301,0.40307,0.28239,0.49513,0.27463,0.267,0.40556,0.30744
0.25362,0.25362,0.25362,0.25362,0.25362,0.25362,0.25362,0.25362,0.25362,0.25362,0.25362,0.25362,13.913,1.3895,5.5869
0.23999,0.23999,0.23999,1.4192,0.24053,0.2449,0.31375,0.31729,0.60817,0.38014,0.33283,1.156,0.47917,0.31175,0.28136
0.24259,0.24259,0.24259,0.24259,1.9104,0.49877,0.4664,0.29178,0.27972,0.2659,0.27535,1.0946,0.2595,0.51625,0.35179
0.36483,0.24757,0.24958,0.25476,0.25076,0.32623,0.27013,0.27885,0.30822,0.3048,2.5808,0.34056,0.96918,0.27038,0.58584
0.24422,0.24422,0.24422,0.24422,0.24422,0.24422,3.6806,0.3414,0.32484,0.41795,0.26476,0.41219,0.48161,1.4356,0.29952
0.24731,0.24731,0.24731,0.24731,0.24731,2.1848,1.0225,0.28988,0.50735,0.27752,0.27302,0.26918,1.2901,0.29014,0.40883
0.24503,0.24503,0.24503,0.24503,0.24503,0.24503,0.24503,0.24503,5.4421,0.26175,0.26065,0.35679,0.98103,1.8338,1.8155
0.23426,0.23426,0.23426,0.23426,0.23426,0.23426,0.23426,0.23426,0.23426,0.23426,0.23426,15.395,0.79859,0.38378,0.8527
0.24687,0.24687,0.24687,0.24687,0.24687,2.1073,0.31704,0.30079,0.58668,0.37664,0.46655,1.163,0.48609,0.31834,0.28824
0.24264,0.24264,0.24264,0.24264,2.2437,0.33537,0.33828,0.31146,0.42311,0.3759,0.77271,0.34601,0.27195,0.26707,0.57606
0.23818,0.23818,0.23818,0.23818,0.23818,0.23818,0.23818,0.23818,0.23818,0.23818,0.23818,0.23818,24.069,0.27586,0.28062
0.24836,0.24836,0.24836,0.24836,0.24836,0.24836,0.24836,0.24836,0.24836,0.24836,0.24836,0.24836,0.24836,21.756,5.6717
0.24571,0.24571,0.24571,0.24571,0.24571,0.24571,0.24571,0.24571,6.4532,0.4891,1.1732,0.33849,0.61313,0.26965,0.30639
0.24341,0.24341,0.24341,0.24341,0.24341,0.24341,0.24341,0.24341,0.24341,0.24341,7.5156,0.48769,0.43144,1.963,4.1595
0.237,0.237,0.237,0.237,0.237,0.237,0.237,0.237,6.3354,0.30754,0.56475,0.25391,1.4948,0.35906,1.0798
0.4216,0.25655,0.25939,0.27161,0.25424,0.31112,0.26106,0.28882,0.32774,2.6183,0.30352,0.69727,0.2768,0.29543,0.36099
0.23408,0.23408,0.23408,0.23408,0.23408,0.23408,0.23408,0.23408,7.0558,1.4018,0.275,0.35056,0.46445,0.27207,0.29263
0.23937,0.23937,0.23937,1.9674,0.24015,0.25079,0.34279,0.35394,0.31373,0.40226,0.34727,0.49662,0.46982,0.35878,0.34877
0.24234,0.24234,1.1,0.24451,0.33653,0.28122,0.28437,0.35895,0.35924,0.29402,0.274,0.40204,0.95551,0.45816,0.30843
0.24543,0.24543,0.24543,0.24543,0.24543,2.1924,0.36555,0.33528,0.36875,0.97478,0.39874,0.55627,0.48921,0.2889,0.30185
0.24634,0.24634,0.24634,0.24634,1.8205,0.29492,0.73678,0.28909,0.4502,0.27524,0.4528,0.27023,0.55242,0.28735,1.9675
0.24134,0.24134,0.24134,0.24134,0.24134,0.24134,0.24134,0.24134,0.24134,0.24134,9.8322,0.62298,0.48076,1.4328,0.29663
0.24658,0.24658,0.24658,0.24658,1.9288,0.37198,0.29231,0.36011,0.26257,1.0467,0.43965,0.27015,0.47786,0.37322,0.35519
0.24368,0.24368,0.24368,0.24368,0.24368,0.24368,2.1407,0.39768,0.25351,2.1452,0.28343,0.63656,0.46928,0.53831,0.30452
0.24253,0.24253,0.24253,0.24253,0.24253,0.24253,0.24253,0.24253,0.24253,0.24253,0.24253,0.24253,16.268,0.96953,4.0924
0.25008,0.25008,0.25008,0.25008,0.25008,0.25008,0.25008,0.25008,9.1846,0.44214,0.51828,0.27555,0.26675,0.59532,0.30987
0.24581,0.24581,0.24581,0.24581,0.24581,0.24581,0.24581,0.24581,5.6355,0.35425,0.37116,0.26014,0.67054,0.46863,6.2452
0.23816,0.23816,0.23816,0.23816,0.23816,0.23816,0.23816,0.23816,0.23816,0.23816,0.23816,0.23816,17.77,0.85277,2.3032
0.24235,0.24235,0.24235,0.24235,0.24235,0.24235,0.24235,0.24235,0.24235,0.24235,12.304,0.70748,0.54495,0.41289,0.31014
0.24186,0.24186,0.24186,0.24186,0.24186,0.24186,0.24186,0.24186,0.24186,0.24186,9.0926,0.46471,0.4924,1.4391,2.035
0.24757,0.24757,0.24757,1.4885,0.28001,0.25256,0.46554,0.34169,0.35447,0.43129,0.89478,0.49341,0.25206,0.32629,0.30257
0.25119,0.25119,0.25119,0.25119,0.25119,0.25119,3.9785,0.37085,0.66685,0.27934,0.81375,0.58107,0.2682,0.30721,0.31881
0.24031,0.24031,0.24031,0.24031,0.24031,0.24031,4.7226,0.41342,0.67366,0.51754,0.27303,0.26723,0.27832,0.38147,0.32619
0.24399,0.24399,0.24399,0.24399,0.24399,0.24399,2.6713,0.40529,0.36905,0.36523,0.39267,1.652,0.25896,0.27621,4.3255
0.24457,0.24457,0.24457,0.24457,0.24457,1.6111,0.32126,0.25226,0.29673,0.31406,3.357,0.32485,0.54768,0.4154,0.30422
0.24843,0.24843,0.24843,0.24843,0.24843,0.24843,0.24843,0.24843,0.24843,0.24843,0.24843,0.24843,0.24843,26.969,0.36517
0.24235,0.24235,0.24235,0.24235,0.24235,0.24235,0.24235,0.24235,0.24235,0.24235,10.399,0.63401,0.49933,0.76682,1.2207
0.237,0.237,0.237,0.237,0.237,0.237,0.237,0.237,0.237,8.5435,0.58614,0.25334,1.5698,0.36758,0.30273
0.24976,0.24976,0.24976,0.24976,0.24976,3.2763,0.7185,0.3548,0.29416,0.44756,0.28792,0.34513,0.46289,0.2913,0.29666
0.23541,0.23541,0.23541,0.23541,0.23541,2.5057,0.44864,0.35125,0.65497,0.67164,0.27329,0.25795,0.25475,0.6513,0.29857
0.24194,0.24194,0.24194,0.24194,0.24194,2.3665,0.35149,0.38683,0.43845,0.47365,0.9866,0.26713,0.52584,0.27788,0.29236
0.24309,0.24309,0.24309,0.24309,0.24309,0.24309,0.24309,0.24309,0.24309,0.24309,9.4807,0.45059,0.50154,0.53868,5.9667
0.25106,0.25106,0.25106,0.25106,2.2942,0.34574,0.30483,0.33712,0.47457,0.39466,0.27217,0.33284,0.26486,0.40223,4.618
0.24145,0.24145,0.24145,0.24145,0.24145,0.24145,0.24145,0.24145,0.24145,8.0464,0.36908,0.25554,0.67195,1.9014,0.30123
0.23578,0.23578,0.23578,0.23578,0.23578,0.23578,0.23578,0.23578,6.5083,0.52899,0.2632,0.34806,0.26321,1.7295,0.8835
0.23945,0.23945,0.23945,0.23945,1.6008,0.30236,0.46286,0.40828,1.3485,0.47487,0.27367,0.27761,0.28012,0.26412,0.32533
0.24785,0.24785,0.24785,0.24785,0.24785,2.9145,0.41323,0.3856,0.72636,0.28154,0.4343,0.57793,0.26487,0.30289,0.31547
0.24123,0.24123,0.24123,0.24123,0.24123,0.24123,0.24123,0.24123,0.24123,0.24123,7.5825,0.25358,0.51556,3.2165,2.4294
0.24816,0.24816,0.24816,0.24816,0.24816,0.24816,0.24816,0.24816,0.24816,0.24816,0.24816,0.24816,19.193,0.90267,0.54822
0.25081,0.25081,1.1336,0.29182,0.25773,0.35733,0.29912,0.39685,0.75811,0.48173,0.29678,0.31008,0.26734,0.36241,0.31843
0.24717,0.24717,0.24717,0.24717,0.24717,2.0974,0.31879,0.33865,0.31456,0.35612,0.26833,0.41012,0.64528,0.86518,5.1427
0.23963,0.23963,0.23963,0.23963,0.23963,2.0433,0.26941,0.27673,0.29259,0.30404,2.8417,0.33033,0.26534,0.27006,3.8883
0.23989,0.23989,0.23989,0.23989,0.23989,0.23989,3.6914,0.39189,0.43051,0.26112,1.3915,0.26549,0.43912,0.27592,0.77072
0.24251,0.24251,0.24251,0.24251,0.24251,0.24251,0.24251,0.24251,0.24251,9.347,0.4476,0.26116,0.79578,0.65265,0.62893
0.24516,0.24516,0.24516,0.24516,0.24516,1.5073,0.26078,0.27852,0.28419,0.42785,0.25927,0.39746,0.25008,4.4536,4.8934
0.24163,0.24163,0.24163,1.241,0.25042,0.34477,0.49439,0.40399,0.51012,0.67662,0.50465,0.26936,0.26286,0.27704,0.35169
0.24455,0.24455,0.24455,0.24455,0.24455,0.24455,0.24455,0.24455,6.2461,0.37939,0.51462,0.30915,0.48846,0.38202,5.5097
0.23315,0.23315,0.23315,0.23315,0.23315,0.23315,3.5196,0.4793,0.33753,1.3389,0.27545,0.25585,0.56648,0.27114,0.29167
0.2413,0.2413,0.2413,0.2413,0.2413,0.2413,0.2413,0.2413,0.2413,0.2413,8.1511,0.25461,0.53687,3.4469,0.60854
0.24439,0.24439,0.24439,0.24439,0.24439,0.24439,0.24439,0.24439,0.24439,10.259,0.51978,0.26578,1.101,0.29935,0.31061
0.23936,0.23936,0.23936,0.23936,0.23936,0.23936,0.23936,0.23936,0.23936,0.23936,14.916,0.33101,0.25532,0.5689,0.81855
0.24142,0.24142,0.24142,0.24142,0.24142,0.24142,3.7107,0.30823,0.42302,0.26097,2.2002,0.26902,0.37655,0.27913,0.29245
0.24553,0.24553,0.24553,0.24553,0.24553,0.24553,0.24553,0.24553,0.24553,11.385,0.4965,0.26844,0.59497,0.37104,0.30658
0.2417,0.2417,0.2417,0.2417,1.2204,0.26201,0.24654,0.49952,0.32639,0.58385,0.47515,1.3257,0.72942,0.26072,0.5748
0.24984,0.24984,0.24984,0.24984,0.24984,0.24984,0.24984,0.24984,3.9686,3.9736,0.29147,0.27244,0.48893,0.32713,0.32633
0.24447,0.24447,0.24447,0.24447,0.24447,2.8612,0.30322,0.46116,0.27606,0.38363,0.26613,0.4227,0.41836,0.77113,1.6493
0.24494,0.24494,0.24494,0.24494,0.24494,0.24494,0.24494,0.24494,0.24494,0.24494,0.24494,0.24494,21.761,0.37191,0.84585
0.23658,0.23658,0.23658,0.23658,0.23658,0.23658,0.23658,0.23658,0.23658,0.23658,0.23658,0.23658,17.031,1.0474,2.3016
0.24794,0.24794,0.24794,0.24794,0.24794,1.7317,0.33244,0.30816,0.33262,2.8439,0.29805,0.26987,0.47991,0.39163,0.32442
0.24105,0.24105,0.24105,0.24105,0.24105,0.24105,3.6771,0.29159,1.3461,0.39042,0.28113,0.35517,0.4667,0.26472,0.58024
0.24331,0.9908,0.25172,0.24617,0.24336,0.28994,0.24772,0.46005,0.2611,0.60109,0.70536,0.26481,0.48153,0.26588,0.62974
0.23958,0.23958,0.23958,0.23958,0.23958,0.23958,0.23958,0.23958,0.23958,10.044,0.37832,0.27209,0.42296,1.072,0.37149
0.24009,0.24009,0.24009,0.24009,0.24009,0.24009,0.24009,0.24009,5.7935,1.1916,0.68979,0.35591,0.46915,0.29542,0.2758
0.24321,0.24321,0.24321,1.0789,0.24322,0.2886,0.24864,0.27067,0.30156,2.1195,0.26795,0.58983,1.0138,0.28399,0.34998
0.24379,0.24379,0.24379,0.24379,0.24379,0.24379,0.24379,0.24379,0.24379,0.24379,11.953,1.0641,0.26007,0.50727,0.82299
0.24061,0.24061,0.24061,0.24061,0.24061,0.24061,4.3989,0.50923,0.27644,0.39902,0.26514,0.44347,0.42316,0.35936,1.718
0.25003,0.25003,0.25003,0.25003,0.25003,0.25003,0.25003,0.25003,0.25003,0.25003,0.25003,0.25003,0.25003,25.456,1.2908
0.23972,0.23972,0.23972,0.23972,0.23972,0.23972,3.6939,0.39093,0.34245,0.41852,0.27039,0.38787,0.61062,0.45396,2.2726
0.24052,0.24052,1.1545,0.31316,0.25783,0.24721,0.43981,0.27964,0.2611,0.47673,0.70367,0.2653,0.25215,0.39212,1.6753
0.24188,0.24188,0.24188,0.24188,0.24188,0.24188,0.24188,0.24188,8.4952,0.42156,0.59946,0.26703,0.47221,0.26023,1.0968
0.23923,0.23923,0.23923,0.23923,0.23923,0.23923,0.23923,0.23923,0.23923,7.7133,0.42279,0.25471,0.38094,2.6834,0.29048
0.24481,0.24481,0.24481,0.24481,0.24481,0.24481,0.24481,0.24481,0.24481,0.24481,0.24481,0.24481,22.572,0.40265,0.30877
0.24806,0.24806,0.96005,0.25584,0.25294,0.32768,0.4079,0.26663,0.2744,0.26418,1.9622,0.38372,0.56464,0.28573,0.3047
0.24007,0.24007,0.24007,0.24007,2.0004,0.34318,0.2814,0.49348,0.36428,0.40345,0.26485,0.58412,0.42408,0.39692,0.30375
0.24059,0.24059,0.24059,0.24059,0.24059,1.981,0.38744,0.47947,0.31938,0.62065,1.1766,0.41982,0.26,0.27555,0.45781
0.2448,0.2448,0.2448,0.2448,0.2448,0.2448,0.2448,0.2448,6.63,1.381,0.45427,0.2688,0.52101,0.30012,0.28087
0.23934,0.23934,0.23934,0.23934,0.23934,0.23934,0.23934,0.23934,0.23934,0.23934,0.23934,0.23934,17.921,0.95401,1.5164
0.24109,0.24109,0.24109,0.24109,0.24109,0.24109,0.24109,0.24109,5.1026,0.48431,0.26873,0.25371,0.49864,2.645,1.289
0.24907,0.24907,0.24907,0.24907,0.24907,0.24907,0.24907,0.24907,0.24907,0.24907,0.24907,0.24907,15.256,2.2022,0.63481
0.24987,0.24987,0.24987,0.24987,0.24987,0.24987,5.4525,0.27487,0.28531,0.27172,1.4858,0.40544,0.26875,0.28754,0.30651
0.23853,0.23853,0.23853,0.23853,0.23853,0.23853,0.23853,0.23853,0.23853,0.23853,0.23853,0.23853,16.055,1.7322,0.88625
0.23338,0.23338,0.23338,0.23338,0.23338,0.23338,0.23338,0.23338,0.23338,9.4083,0.43862,0.25102,0.24239,2.0937,0.30196
0.56117,0.25381,0.25646,0.26108,0.28863,0.25574,0.35267,0.41359,0.39303,0.281,0.51665,0.27392,0.26512,0.59369,0.30824
0.24702,0.24702,0.24702,0.24702,0.24702,0.24702,0.24702,0.24702,5.9061,0.35801,0.53911,0.48813,1.4404,0.34266,0.30374
0.25077,0.25077,0.25077,0.25077,0.25077,0.25077,0.25077,0.25077,0.25077,0.25077,0.25077,0.25077,14.209,1.4115,5.1585
0.45151,0.24055,0.2483,0.24905,0.24974,0.3953,0.41777,0.25024,0.34911,0.26579,0.26995,0.42484,0.89033,0.27156,2.0426
0.23563,0.23563,0.23563,0.23563,0.23563,1.8885,0.44571,0.32532,0.93378,0.48649,0.26805,0.25493,0.49008,0.64036,0.52934
0.24092,0.24092,0.24092,0.24092,0.24092,0.24092,2.2251,0.3304,0.30356,0.44542,0.2729,0.25346,0.5274,3.2525,2.051
0.2471,0.2471,0.2471,0.2471,0.2471,0.2471,3.5832,0.25783,0.32088,0.52516,0.29739,1.251,0.26209,0.88299,0.64775
0.24258,0.24258,0.24258,0.24258,0.24258,3.8452,0.2939,0.37109,0.3701,0.50329,0.37405,0.39686,0.26078,0.33767,0.30583
0.24688,0.24688,1.0893,0.25561,0.25976,0.40525,0.29256,0.4076,0.26493,0.69506,0.50645,0.27093,0.61373,0.28243,0.30793
0.23927,0.23927,0.23927,0.23927,1.3031,0.2721,0.88036,0.27446,0.40797,0.26318,0.5329,0.26019,0.50737,0.31302,5.1505
0.23843,0.23843,0.23843,0.23843,0.23843,0.23843,0.23843,0.23843,0.23843,0.23843,7.989,0.33668,0.54948,2.0018,3.365
0.24397,0.24397,0.24397,0.24397,0.24397,0.24397,2.3116,0.38136,0.35049,0.34416,0.37024,1.4398,0.25673,0.26066,6.2445
0.23653,0.23653,1.2085,0.26127,0.26657,0.24302,0.28007,0.50025,0.34437,0.25043,0.42016,0.38424,0.51553,0.36739,0.62056
0.25023,0.25023,0.25023,0.25023,0.25023,2.4852,0.3344,0.31337,0.3395,0.58371,0.50835,0.39875,1.0303,0.29169,0.31646
0.23369,0.23369,0.23369,0.23369,0.23369,0.23369,0.23369,0.23369,0.23369,7.3258,0.4967,0.24813,0.24092,2.3967,2.8167
0.23482,0.23482,0.23482,0.23482,0.23482,0.23482,0.23482,0.23482,0.23482,5.7636,0.42451,0.24693,0.24041,4.1412,2.823
0.23661,0.95907,0.24472,0.27785,0.33129,0.28834,0.39583,0.26348,0.26111,0.27013,0.27912,0.2561,0.4567,0.46669,0.3551
0.23557,0.23557,0.23557,0.23557,0.23557,0.23557,0.23557,0.23557,0.23557,6.5735,0.47095,0.24874,0.24219,3.6089,1.412
0.2409,0.2409,0.2409,0.2409,0.2409,0.2409,0.2409,0.2409,0.2409,0.2409,11.715,0.25678,0.57679,1.2116,0.602
0.24735,0.24735,0.24735,0.24735,0.24735,1.7022,0.82941,0.48564,0.48789,0.29133,0.2716,0.26638,1.2287,0.28667,1.513
0.32835,0.32835,0.32835,0.32835,0.32835,0.32835,0.32835,0.32835,0.32835,0.32835,0.32835,0.32835,0.32835,0.32835,30.328
0.23935,0.23935,0.23935,0.23935,0.23935,0.23935,0.23935,0.23935,0.23935,0.23935,8.2917,1.8062,0.26666,1.3724,0.29577
0.25003,0.25003,0.25003,0.25003,0.25003,1.6749,0.39345,0.25892,0.31016,0.33014,2.695,0.37076,0.54918,0.3902,0.30968
0.24941,0.24941,0.24941,0.24941,0.24941,0.24941,0.24941,0.24941,0.24941,0.24941,11.617,0.71941,0.65963,0.48831,0.28685
0.2469,0.2469,0.2469,0.2469,1.499,0.27298,0.27724,0.28415,0.41223,0.32389,3.2203,0.35054,0.27458,0.27012,0.58031
0.24738,0.24738,0.24738,0.24738,0.24738,0.24738,1.7632,0.26977,0.3979,0.30525,2.1942,0.37432,1.7304,0.27071,0.59955
0.24649,0.24649,0.24649,0.24649,1.0496,0.25232,0.32064,0.25236,0.28878,0.30284,4.1681,0.326,0.54669,0.41568,0.36249
0.2478,0.2478,0.2478,0.2478,0.2478,0.2478,5.4125,0.46092,0.27067,0.44251,0.30692,0.45234,0.30139,0.38823,0.30948
0.24472,0.24472,1.1962,0.2554,0.24549,0.51407,0.51646,0.4011,0.30518,0.51615,0.39738,0.27291,0.26238,0.26278,0.3579
0.24299,0.24299,0.24299,0.24299,0.24299,0.24299,0.24299,0.24299,0.24299,7.5829,1.2085,0.26287,0.52382,0.92465,0.29828
0.24343,0.24343,0.24343,0.24343,0.24343,0.24343,0.24343,0.24343,0.24343,6.5147,0.68621,0.25748,0.45436,2.6742,0.29745
0.23601,0.23601,0.23601,0.23601,0.23601,0.23601,0.23601,0.23601,5.7959,0.25261,0.41096,0.35811,0.67075,1.563,0.85446
0.24343,0.24343,0.24343,0.24343,0.24343,0.24343,0.24343,0.24343,0.24343,8.0704,0.74551,0.26189,0.50403,1.304,0.30802
0.53115,0.23771,0.24425,0.23951,0.27219,0.24405,0.28073,0.25212,0.24713,0.25363,0.6201,0.78894,1.5125,0.26094,0.30114
0.24428,0.24428,0.24428,0.24428,0.24428,0.24428,0.24428,0.24428,0.24428,6.3317,2.8947,0.33698,0.26089,0.57188,0.36446
0.24562,0.24562,0.24562,0.24562,0.24562,0.24562,3.241,0.34065,0.57822,0.90242,0.42778,0.56423,0.26205,0.3711,0.31324
0.23577,0.23577,0.23577,0.23577,0.23577,0.23577,3.2041,0.5012,0.4185,0.25892,0.30731,0.25328,0.70244,0.49327,5.0506
0.23926,0.23926,0.23926,0.23926,0.23926,0.23926,0.23926,4.4705,0.25088,1.994,0.54627,0.40189,0.25598,0.37222,0.26263
0.24737,0.24737,0.24737,0.24737,0.24737,0.24737,0.24737,0.24737,0.24737,0.24737,9.7931,1.1525,0.67083,0.53472,0.36501
0.24732,0.24732,0.24732,0.24732,0.24732,3.0684,0.26547,0.32186,0.26897,0.26733,0.27039,1.0548,1.0237,0.58326,0.28667
0.23999,0.23999,0.23999,0.23999,1.8381,0.54771,0.28724,0.43885,0.48938,0.26699,0.50572,0.26559,0.43916,0.27601,0.77642
0.24019,0.24019,0.24019,1.7705,0.25366,0.39892,0.62755,0.48902,0.41421,0.28158,0.28962,0.26821,0.25269,0.27561,0.35026
0.24215,0.24215,0.24215,0.24215,0.24215,0.24215,0.24215,0.24215,0.24215,0.24215,13.889,0.30521,0.51507,0.57952,0.31138
0.23514,0.23514,0.23514,0.23514,0.23514,0.23514,4.2018,0.27163,0.42624,0.25539,0.26367,0.97512,0.53101,0.50879,0.34433
0.24262,0.24262,0.24262,0.24262,0.24262,2.8093,0.51513,0.41767,0.36509,0.40668,0.6923,0.34045,0.25834,0.27801,0.45431
0.23756,0.23756,0.23756,0.23756,0.23756,0.23756,0.23756,7.2828,0.25176,0.26155,0.38361,0.7535,0.56357,0.26078,0.30099
0.24714,0.24714,0.24714,0.24714,1.7815,0.31307,0.34004,0.34789,0.33296,0.60231,0.27727,0.26565,0.25586,0.86125,5.1427
0.2351,0.2351,0.2351,0.2351,0.2351,3.1103,0.39928,0.41106,0.35821,0.76644,0.2797,0.25976,0.24519,0.26698,2.6061
0.24937,0.24937,0.24937,0.24937,0.24937,0.24937,3.9773,0.41239,0.36027,0.27394,0.26794,0.38697,0.77752,0.92296,0.41783
0.23705,0.23705,0.23705,0.23705,0.23705,0.23705,0.23705,0.23705,6.3328,0.42657,0.53523,0.25593,0.75935,0.50243,1.8493
0.24454,0.24454,0.24454,0.24454,0.24454,2.914,0.34573,0.46894,0.34972,0.29762,0.27789,0.43706,0.27167,1.312,0.29322
0.25243,0.25243,0.25243,0.25243,2.4014,0.3965,0.51754,0.28884,0.38658,0.45117,0.28247,0.27717,0.26378,0.6948,0.32785
0.22831,0.22831,0.22831,0.22831,0.22831,0.22831,0.22831,0.22831,0.22831,0.22831,0.22831,14.977,0.32558,0.48256,4.5903
0.23532,0.23532,0.87941,0.25912,0.25472,0.35494,0.27836,0.38005,0.35532,0.65517,0.30486,0.25673,0.2438,0.69094,2.5916
0.24211,0.24211,0.24211,0.24211,0.24211,0.24211,0.24211,0.24211,9.3845,0.59427,0.25216,0.38017,0.46111,0.29684,0.30473
0.2505,0.2505,0.2505,0.2505,0.2505,0.2505,3.8292,0.57713,0.26744,1.0082,0.30185,0.27208,0.2658,0.92636,0.37256
0.24754,0.24754,0.24754,0.24754,0.24754,0.24754,0.24754,0.24754,0.24754,7.5475,0.81707,0.26505,0.97087,0.8452,0.3142
0.23654,0.23654,0.23654,0.23654,1.6731,0.2498,0.31783,0.50173,0.42046,0.25969,0.30809,0.25405,0.70321,0.49405,5.0514
0.23846,0.23846,0.23846,0.23846,0.23846,0.23846,3.6091,0.2646,0.25711,0.25547,0.34545,1.8605,0.54919,0.57303,0.30239
0.82126,0.25967,0.26451,0.25539,0.24994,0.26564,0.26904,0.45766,0.43179,0.29084,0.29827,0.31089,0.26877,0.27187,0.31758
0.237,0.237,0.237,1.6978,0.26691,0.28261,0.28269,0.25362,0.25215,0.31171,0.5853,0.25492,1.5698,0.36758,0.30273
0.24993,0.24993,0.24993,0.24993,0.24993,0.24993,0.24993,0.24993,4.066,0.32457,0.36335,0.26147,0.50642,3.0317,4.5476
0.24058,0.24058,0.24058,0.95614,0.28522,0.3064,0.37339,0.4482,0.34235,0.37444,0.29503,0.53461,0.39754,0.53657,2.3195
0.24913,0.24913,0.24913,0.24913,0.24913,0.24913,3.1224,0.36701,0.27247,0.2641,3.0139,0.34573,0.30233,0.3894,0.31218
0.23715,0.23715,0.23715,0.23715,0.23715,0.23715,0.23715,0.23715,6.9031,0.4444,0.56322,0.25779,0.8083,0.5278,0.29565
0.24389,0.24389,0.24389,0.24389,1.7701,0.33004,0.7272,0.37865,0.3045,0.32752,0.60446,0.27145,0.45676,0.38597,0.24495
0.23858,0.23858,0.23858,0.23858,0.23858,0.23858,0.23858,6.782,0.26513,0.73897,0.51758,0.26251,0.46009,0.26246,0.30168
0.24201,0.24201,0.24201,0.24201,0.24201,0.24201,0.24201,0.24201,0.24201,0.24201,10.757,0.2584,0.32571,2.6867,0.29242
0.24011,0.24011,0.24011,0.24011,0.24011,0.24011,0.24011,4.5558,0.25249,0.62659,0.5891,0.25718,1.5729,0.37069,0.30584
0.23982,0.71609,0.25133,0.24174,0.44077,0.30631,0.29752,0.35531,0.25999,1.4405,0.28487,0.26466,0.25675,0.24841,0.62625
0.23952,0.23952,0.23952,0.23952,0.23952,0.23952,0.23952,6.1149,0.25646,0.58019,0.67947,0.26025,0.63156,0.2628,0.62595
0.25077,0.25077,0.25077,0.25077,0.25077,0.25077,0.25077,0.25077,0.25077,0.25077,10.867,0.66247,0.50434,0.92934,0.31058
0.25105,0.25105,0.25105,0.25105,0.25105,0.25105,0.25105,0.25105,0.25105,0.25105,8.6996,0.56876,0.47258,2.2771,0.30224
0.23385,0.23385,0.23385,0.23385,0.23385,2.0958,0.2705,0.28442,0.29709,0.3295,0.41206,0.72652,0.43589,1.6252,0.33633
0.24281,0.24281,0.24281,0.24281,0.24281,0.24281,0.24281,0.24281,5.6155,0.4075,0.42206,0.25772,0.40121,2.3291,0.53205
0.23903,0.23903,0.23903,0.23903,0.23903,2.3079,0.45403,0.38095,1.2876,0.46199,0.27174,0.26594,0.27704,0.38019,0.32491
0.24609,0.56774,0.27882,0.25285,0.25214,0.32708,0.70094,0.33235,0.301,0.32186,0.46759,0.55473,0.43231,0.41387,0.24629
0.24947,0.24947,0.24947,0.24947,1.668,0.26268,0.32432,0.3039,0.32673,0.5874,0.28209,0.73048,1.0605,0.4955,0.31033
0.23286,0.23286,0.23286,0.23286,0.23286,0.23286,0.23286,0.23286,0.23286,6.624,0.46988,0.35327,0.24008,2.3959,2.8159
0.24604,0.24604,0.24604,0.24604,1.8662,0.26473,0.32525,0.35078,0.38581,0.71703,1.1716,0.273,0.27212,0.37184,0.30307
0.23921,0.23921,0.23921,0.23921,0.23921,0.23921,0.23921,0.23921,7.373,0.70917,0.53346,0.33182,0.25574,0.54402,0.45643
0.23941,0.23941,0.23941,0.23941,0.23941,0.23941,3.9494,0.38278,0.59812,0.46889,0.26649,0.26168,0.27088,1.1431,0.32358
0.24073,0.24073,0.24073,0.24073,0.24073,0.24073,0.24073,0.24073,7.185,0.36545,0.44561,0.2607,0.41741,1.2907,0.33955
0.2342,0.2342,0.2342,0.2342,0.2342,0.2342,2.6821,0.28188,0.25254,0.24585,3.52,0.3236,0.25023,0.55012,0.8134
0.24744,0.24744,0.24744,0.24744,1.0629,0.3472,0.35009,0.25993,0.30728,0.6063,0.79643,1.2888,0.37111,0.44114,0.36112
0.23522,0.23522,0.23522,0.23522,0.23522,0.23522,4.0162,0.38138,0.34609,0.65566,0.30486,0.25556,0.2437,0.69084,2.5916
0.41343,0.25033,0.25187,0.25311,0.25001,0.25086,0.35222,0.41944,0.47812,0.28048,0.33304,0.26286,2.3802,0.2858,1.5131
0.25116,0.25116,0.25116,0.25116,0.25116,0.25116,3.266,0.36735,0.34442,0.36922,0.29326,0.35094,0.46977,1.5793,1.2135
0.23847,0.23847,0.23847,0.23847,0.23847,0.23847,0.23847,0.23847,5.4048,0.33927,0.7927,0.25702,0.65198,1.2283,0.60571
0.24836,0.24836,0.24836,0.24836,0.24836,0.24836,0.24836,0.24836,0.24836,0.24836,0.24836,13.651,0.6288,0.8882,1.2203
0.23936,0.23936,0.23936,0.23936,0.23936,0.23936,0.23936,0.23936,8.969,0.40979,0.49158,0.26144,0.53454,0.26324,0.63124
0.24375,0.24375,0.24375,0.24375,0.24375,0.24375,3.6509,0.47016,0.4193,0.26695,0.2905,1.8337,0.26065,0.28012,0.81589
0.23912,0.23912,0.23912,0.23912,0.23912,0.23912,0.23912,0.23912,5.7588,0.56199,1.2542,0.32827,0.25515,0.68529,0.45635
0.2392,0.2392,0.2392,0.2392,0.2392,0.2392,0.2392,0.2392,5.2998,1.0536,0.84699,0.33661,0.25523,0.68536,0.45642
0.23923,0.23923,0.23923,0.23923,0.23923,0.23923,0.23923,3.9004,0.24911,0.67249,0.42095,0.25455,0.3096,2.5562,0.91326
0.23982,0.23982,0.23982,0.23982,0.23982,1.3407,0.30466,0.24646,0.27622,0.40994,2.2422,0.4829,0.26121,0.84013,3.0019
0.24822,0.24822,0.24822,0.24822,0.24822,0.24822,0.24822,0.24822,0.24822,0.24822,17.594,0.35496,0.27848,0.27217,0.30827
0.2482,0.2482,0.2482,0.2482,0.2482,0.2482,0.2482,0.2482,0.2482,0.2482,0.2482,0.2482,0.2482,23.727,3.4426
0.2473,0.2473,0.2473,0.2473,0.2473,3.5101,0.2683,0.33301,0.27234,0.27043,0.27395,1.1806,0.46336,0.62905,0.28734
0.24425,0.24425,0.24425,0.24425,0.24425,0.24425,2.5461,0.25297,0.24876,0.34753,2.379,0.3121,0.45598,0.89608,0.8037
0.23406,0.23406,0.23406,0.23406,0.23406,0.23406,0.23406,5.0016,0.31996,0.25125,0.43583,0.24976,2.3903,0.3626,0.28718
0.24024,0.24024,0.24024,0.24024,0.24024,0.24024,0.24024,0.24024,5.7392,0.64763,0.52368,0.25841,0.249,0.81474,5.2725
0.24219,0.24219,0.24219,0.24219,0.24219,0.24219,0.24219,4.9501,0.25579,0.51519,0.59638,0.37844,0.46487,0.26184,5.214
0.24211,0.24211,0.24211,0.24211,0.24211,2.4169,0.57696,0.47075,0.2774,0.55182,0.40543,0.26765,0.43137,0.29193,1.741
0.24204,0.24204,0.24204,0.24204,0.24204,0.24204,4.8189,0.27579,0.3374,0.39019,0.68209,0.26568,0.54615,0.38315,0.30134
0.24219,0.24219,0.24219,0.24219,0.24219,0.24219,0.24219,6.3872,0.25994,0.3938,0.97657,0.31317,0.51449,0.26621,0.30822
0.24872,0.24872,0.24872,0.24872,0.24872,0.24872,2.9777,0.45108,0.26781,0.38153,0.27193,0.98624,1.0155,0.58053,0.34953
0.25362,0.25362,0.25362,0.25362,0.25362,0.25362,0.25362,0.25362,0.25362,0.25362,0.25362,0.25362,17.052,1.6506,0.40608
0.24163,0.24163,0.24163,0.24163,0.24163,0.24163,0.24163,0.24163,6.4397,0.36256,0.73925,0.26276,0.71156,0.62152,0.60887
0.25342,0.25342,0.25342,0.25342,0.25342,2.1107,0.43497,0.28113,0.26558,0.35251,0.51412,0.46754,1.318,0.45828,1.2316
0.23901,0.23901,0.23901,0.23901,1.7925,0.67733,0.24504,0.24768,0.33266,0.36846,0.54308,0.25964,0.42895,0.91536,0.34835
0.24173,0.24173,0.24173,0.24173,0.24173,0.24173,0.24173,0.24173,6.1957,0.68283,0.54862,0.26133,0.25122,0.86372,3.0075
0.24172,0.24172,0.24172,0.24172,0.24172,0.24172,0.24172,0.24172,6.1258,0.39409,0.83092,0.31684,0.2515,1.4189,0.45894
0.24212,0.24212,0.24212,0.24212,0.24212,0.24212,0.24212,0.24212,6.8181,0.78478,0.59493,0.26623,0.25696,0.92425,0.30778
0.24445,0.24445,0.24445,0.24445,0.24445,0.24445,0.24445,4.2919,0.25598,0.89064,1.003,0.267,0.26609,0.34647,5.1216
0.23493,0.23493,0.23493,0.23493,0.23493,0.23493,0.23493,4.7287,0.30613,1.1451,0.60502,0.33124,0.25192,0.26683,2.5913
0.24466,0.24466,0.24466,0.24466,0.24466,0.24466,0.24466,0.24466,0.24466,6.9624,0.72312,0.39065,0.97323,0.84454,0.28254
0.238,0.238,0.238,0.238,0.238,1.5685,0.26419,0.27413,0.28319,0.30635,0.50499,1.7966,0.45227,1.2846,0.34089
0.23988,0.23988,0.23988,0.23988,0.23988,0.23988,3.2848,0.2511,0.24563,0.25461,2.6518,0.31654,0.45385,0.45962,0.79933
0.23975,0.23975,0.23975,0.23975,2.3298,0.24535,0.34088,0.53781,0.51616,0.67223,0.38365,0.26456,0.25672,0.31903,0.29724
0.23858,0.23858,0.23858,0.23858,0.23858,0.23858,0.23858,6.2148,0.28938,0.7132,0.48884,0.26115,0.44753,0.361,0.30793
0.23936,0.23936,0.23936,0.23936,0.23936,0.23936,0.23936,8.8665,0.28411,0.2683,0.2789,0.33623,0.46403,0.31589,0.31586
0.24678,0.24678,0.24678,0.24678,0.24678,0.24678,0.24678,0.24678,6.6271,0.58907,0.45251,0.39531,1.0268,0.28824,0.31301
0.24458,0.24458,0.24458,0.24458,0.24458,0.24458,3.6979,0.43882,0.65824,0.41056,0.42674,0.56319,0.261,0.37006,0.31219
0.2389,0.2389,0.2389,0.2389,0.2389,0.2389,0.2389,5.4956,0.25325,0.40633,0.46478,0.35857,0.25121,1.8309,0.26227
0.24688,0.24688,0.24688,0.24688,2.8506,0.25264,0.37268,0.29042,0.45449,0.27631,0.45714,0.27121,0.55851,0.40871,0.42546
0.24838,0.24838,0.24838,0.24838,0.24838,0.24838,0.24838,0.24838,6.8944,0.52538,0.55901,0.72171,0.27209,0.51017,0.30843
0.24331,0.24331,0.24331,0.24331,0.24331,0.24331,2.1553,0.27145,0.33546,0.29532,2.4087,1.1036,0.27063,0.39421,0.55934
0.24144,0.24144,0.24144,0.24144,0.24144,0.24144,0.24144,4.6815,0.29326,0.60135,0.4422,1.2236,0.46291,0.26552,0.30455
0.24796,0.24796,0.24796,0.24796,0.24796,0.24796,2.7074,0.25644,0.25275,0.34302,2.4842,0.31903,0.46938,0.93801,0.29817
0.24145,0.24145,0.24145,0.24145,0.24145,0.24145,4.0169,0.3505,0.24859,0.993,0.42281,0.2636,0.67279,0.36809,0.35032
0.23925,0.23925,0.23925,0.23925,0.23925,0.23925,0.23925,0.23925,0.23925,0.23925,0.23925,0.23925,22.059,0.46491,0.29908
0.24766,0.24766,0.92858,0.28346,0.279,0.30522,0.49491,0.2571,0.35324,0.42911,0.89422,0.49091,0.2521,0.32555,0.36331
0.24334,0.24334,0.24334,0.24334,0.24334,0.24334,0.24334,0.24334,0.24334,8.6795,0.78393,0.26322,0.52417,0.925,0.29862
0.23913,0.23913,0.23913,0.23913,0.23913,0.23913,0.23913,5.5313,0.25442,0.36803,0.28837,0.96984,0.47421,0.64726,0.30386
0.24816,0.24816,0.24816,0.24816,0.24816,0.24816,0.24816,0.24816,0.24816,10.909,0.63765,0.38571,0.26292,0.5815,0.30574
0.24144,0.24144,0.24144,0.24144,0.24144,0.24144,0.24144,4.9374,0.29625,0.62209,0.45383,0.53069,0.9074,0.26552,0.30455
0.23482,0.23482,0.23482,0.23482,0.23482,0.23482,0.23482,0.23482,0.23482,0.23482,0.23482,0.23482,0.23482,24.453,2.423
0.2413,0.2413,0.2413,0.2413,0.2413,0.2413,0.2413,0.2413,0.2413,0.2413,7.6723,0.2538,0.51898,3.2529,2.0514
0.2446,0.2446,0.2446,0.2446,0.2446,0.2446,0.2446,0.2446,0.2446,0.2446,10.506,1.2726,0.36142,0.31768,2.5997
0.23685,0.55925,0.24047,0.24209,0.24116,0.26713,0.24444,0.2631,0.80854,0.70173,0.53909,0.25833,0.36664,1.2644,0.30251
0.24035,0.24035,0.24035,0.24035,0.24035,0.24035,0.24035,0.24035,0.24035,10.442,0.67609,0.33225,0.25704,0.34779,2.5967
0.24846,0.24846,0.24846,0.24846,0.24846,0.24846,0.24846,0.24846,0.24846,0.24846,12.987,0.2593,0.59119,0.39109,3.6346
0.24394,0.24394,0.24394,0.24394,0.24394,0.24394,0.24394,4.7621,0.26957,0.53151,0.70799,0.58654,0.25888,0.3585,3.7741
0.2559,0.2559,0.2559,0.2559,0.2559,0.2559,0.2559,0.2559,0.2559,14.654,0.30187,0.31517,0.27243,0.3675,0.32352
0.23934,0.23934,0.23934,0.23934,0.23934,0.23934,0.23934,0.23934,0.23934,0.23934,12.178,0.3254,0.56706,0.76245,0.62577
0.23763,0.23763,0.23763,0.23763,0.23763,0.23763,2.9951,0.24646,0.34724,0.45517,0.40448,1.5992,0.25211,0.7593,0.61093
0.24691,0.24691,0.24691,0.24691,0.24691,0.24691,0.24691,0.24691,0.24691,0.24691,0.24691,0.24691,17.862,0.34614,5.9682
0.41242,0.23729,0.23822,0.24269,0.23768,0.24016,1.1093,0.35218,0.61839,0.26736,0.5294,0.47824,0.25439,0.25972,1.552
0.24937,0.24937,0.24937,0.24937,0.24937,0.24937,3.5652,0.39437,0.34801,0.27122,0.26589,0.3709,1.0496,1.1118,0.42205
0.23874,0.23874,0.23874,0.23874,0.23874,0.23874,0.23874,4.5925,0.25132,0.3454,0.7587,0.41635,0.47866,1.1453,0.30477
0.23375,0.23375,0.23375,0.23375,0.23375,2.0911,0.42499,0.58144,0.32397,0.72834,0.62085,0.25726,0.25086,0.26594,2.301
0.23402,0.23402,0.23402,0.23402,0.23402,0.23402,0.23402,3.8639,0.38031,0.2483,0.40088,0.35047,1.0288,1.6292,0.28714
0.23819,0.23819,0.23819,0.23819,0.23819,0.23819,0.23819,7.3697,0.25745,0.29513,0.49984,0.26025,0.44019,0.61632,0.29041
0.23774,0.23774,0.23774,0.23774,0.23774,0.23774,0.23774,0.23774,0.23774,9.661,0.41448,0.40269,0.24763,0.71433,2.8456
0.2298,0.2298,0.2298,0.2298,0.2298,0.2298,0.2298,6.8611,0.37146,0.51819,0.26985,0.44897,0.24086,0.25241,2.1122
0.24259,0.24259,0.24259,0.24259,0.24259,0.24259,0.24259,8.3994,0.28491,0.26996,0.27998,0.33419,0.46549,0.31228,1.0363
0.23913,0.23913,0.23913,0.23913,0.23913,0.23913,0.23913,4.3268,0.25094,0.33927,0.72731,0.96939,0.47415,0.64715,0.30516
0.24644,0.24644,0.24644,0.24644,0.24644,1.5211,0.26222,0.28014,0.28565,0.51169,0.2616,0.40999,0.2516,4.7634,2.7497
0.24205,0.24205,0.24205,1.548,0.25755,0.52971,0.34857,0.35038,0.40468,0.43971,0.28596,0.26905,0.25861,0.49061,0.60929
0.24244,0.24244,1.0254,0.26129,0.25521,0.27951,0.29664,0.31302,0.2607,0.42525,0.44525,0.25934,0.2507,2.3287,0.53168
0.2413,0.2413,0.2413,0.2413,0.2413,1.5845,0.26055,0.35129,0.24897,0.30982,0.74935,0.2546,0.53687,3.4469,0.60854
0.24014,0.24014,0.24014,0.24014,0.24014,0.24014,0.24014,4.2032,0.26176,0.25388,2.7985,0.32954,0.25617,0.55606,0.81934
0.24232,0.24232,0.24232,0.24232,0.24232,0.24232,0.24232,4.5543,0.28683,0.34883,0.41402,0.63161,0.53524,0.76679,1.2207
0.24262,0.24262,0.24262,0.24262,0.24262,2.4326,0.47513,0.48384,0.36479,0.39366,0.65662,0.33268,0.39217,0.27801,0.45431
0.24815,0.24815,0.24815,0.24815,0.24815,0.24815,0.24815,0.24815,5.8731,0.66561,0.50347,0.26514,0.65008,0.92414,0.36882
0.24809,0.24809,0.24809,0.24809,0.24809,0.24809,0.24809,0.24809,7.0728,0.39693,0.54383,0.26889,0.38248,0.8912,1.103
0.24178,0.24178,0.24178,0.24178,1.0124,0.26507,0.30125,0.36264,0.33502,0.32611,0.3519,1.2846,0.46614,0.25848,6.2423
0.24137,0.24137,0.24137,0.24137,0.24137,0.24137,0.24137,3.0569,0.29312,0.29585,2.4612,0.6923,0.26674,0.38162,2.2838
0.2443,0.2443,0.2443,0.2443,0.2443,0.2443,0.2443,0.2443,0.2443,9.8894,0.51058,0.26492,1.0697,0.3737,0.31099
0.24511,0.24511,0.24511,0.24511,0.24511,0.24511,4.1359,0.32075,0.71885,0.42602,0.6268,0.26976,0.49318,0.26495,0.28648
0.23472,0.23472,0.23472,0.23472,0.23472,2.2075,0.26347,0.28696,0.38024,0.34059,0.48315,0.24997,0.24203,2.4244,2.4229
0.24178,0.24178,0.24178,0.24178,0.24178,0.24178,0.24178,5.836,0.31984,0.72139,1.0848,0.30431,0.2569,0.2658,0.30781
0.2483,0.2483,0.66506,0.25238,0.25583,0.29696,0.34642,0.25293,0.29947,0.57718,0.51662,1.1129,0.84055,0.53565,0.36594
0.24554,0.24554,0.24554,0.24554,0.24554,0.24554,0.24554,0.24554,5.3335,0.54315,1.1612,0.42848,0.26102,0.83308,0.47149
0.24948,0.24948,0.24948,0.24948,0.24948,2.8014,0.49204,0.26419,0.35529,0.48694,0.28246,1.4779,0.26782,0.31598,0.35921
0.23509,0.23509,0.23509,0.23509,0.23509,0.23509,0.23509,4.8756,0.30861,1.175,0.61726,0.33454,0.25263,0.26803,1.6172
0.25135,0.25135,0.25135,0.25135,0.25135,1.9593,0.30183,0.45908,0.3325,0.50113,0.42663,0.55186,0.40675,0.38777,4.6006
0.24139,0.24139,0.24139,0.24139,0.24139,2.0107,0.30913,0.271,0.29996,0.51439,0.76944,0.6072,0.25066,0.86952,2.2237
0.2462,0.2462,0.2462,0.2462,0.2462,0.2462,4.4876,0.36992,0.41444,0.40987,0.40951,0.26867,0.46598,0.36423,1.0502
0.23204,0.23204,0.23204,0.23204,0.23204,0.23204,0.23204,4.021,0.38553,0.24881,0.40705,0.35418,0.66573,1.559,0.85049
0.24263,0.24263,0.24263,0.24263,0.24263,0.24263,0.24263,5.7054,0.30835,0.38708,0.42329,0.41408,0.47705,0.26325,3.9042
0.24084,0.24084,0.24084,0.24084,0.24084,3.6149,0.25349,0.36672,0.6959,0.27261,0.27747,0.25989,0.50564,0.65673,0.304
0.24576,0.64778,0.24615,0.25128,0.263,0.24942,1.1513,0.28843,0.54277,0.27658,0.25834,0.26747,1.2885,0.28859,0.40728
0.48285,0.23783,0.24338,0.24071,0.23836,0.24187,0.31175,0.31564,0.4141,0.36276,0.32139,2.4134,0.2548,0.31711,0.29542
0.23572,0.23572,0.23572,0.23572,0.23572,0.23572,0.23572,5.2063,0.34539,0.62701,0.29837,0.2533,0.60718,0.72586,0.59683
0.24185,0.24185,0.24185,0.24185,0.24185,0.24185,0.24185,0.24185,4.7476,0.57566,0.47409,0.25623,0.24903,2.394,3.0076
0.24288,0.24288,0.24288,0.24288,0.24288,0.24288,0.24288,4.5373,0.32435,0.52117,0.60227,0.58631,0.91263,0.26503,0.30545
0.23677,0.23677,0.23677,0.23677,0.23677,0.23677,0.23677,5.153,0.3188,0.56422,0.26551,0.90374,0.58079,0.25927,0.87709
0.24237,0.24237,0.24237,0.24237,0.24237,0.24237,0.24237,4.236,0.31019,0.34968,0.47142,1.6594,0.25317,0.27459,4.3239
0.23003,0.23003,0.23003,0.23003,0.23003,0.23003,0.23003,6.2469,0.47251,0.25663,0.51001,0.42402,0.24108,0.54099,0.52277
0.24553,0.24553,0.24553,0.24553,0.24553,2.097,0.37056,0.25143,0.31073,0.29019,0.61469,1.6057,0.26207,0.94778,0.36358
0.24137,0.24137,0.24137,0.24137,0.24137,0.24137,2.9049,0.27099,0.30029,0.51476,0.77017,0.6077,0.24987,0.86951,2.2237
0.39352,0.24545,0.24507,0.25375,0.25194,0.26091,0.2702,0.34784,0.31188,0.46118,3.1956,0.34762,0.27392,0.29843,0.39914
0.24806,0.6526,0.2579,0.26903,0.2534,0.3359,0.42439,0.26855,0.27711,0.26584,2.1391,0.27048,0.4923,0.28558,0.32404
0.23471,0.23471,0.23471,0.23471,0.23471,0.23471,0.23471,4.4374,0.40408,0.25124,0.42789,0.36953,1.1549,0.83389,0.28783
0.23705,0.23705,0.23705,0.23705,0.23705,1.6537,0.26493,0.27552,0.28516,0.31665,0.52376,1.9108,0.46532,0.91816,0.3385
0.24454,0.64113,0.25499,0.25027,0.26359,0.26267,0.32149,0.59096,0.26062,0.3207,1.003,0.26714,0.26618,0.34656,5.1217
0.24496,0.24496,0.993,0.25339,0.27142,0.24878,0.63509,0.28158,0.47147,0.41688,0.31956,0.27902,0.25938,0.42923,5.0323
0.24341,0.24341,0.24341,0.24341,0.24341,0.24341,0.24341,0.24341,0.24341,0.24341,0.24341,0.24341,13.456,1.963,4.1595
0.24885,0.24885,1.5631,0.2626,0.29258,0.2576,0.40473,0.449,0.41401,0.28577,0.54191,0.27783,0.26963,0.27316,0.30864
0.24644,0.24644,0.24644,0.24644,0.24644,0.24644,0.24644,3.4699,0.29106,1.5143,0.38331,0.27732,0.2582,0.96347,4.117
0.24354,0.24354,0.24354,0.24354,0.24354,0.24354,0.24354,3.8487,0.35792,0.48985,1.3307,0.62282,0.55879,0.26612,0.27562
0.24727,0.24727,0.24727,0.24727,0.24727,0.24727,3.8974,0.38358,0.32571,0.6629,0.48798,0.26957,0.91258,0.28283,0.30833
0.23936,0.23936,0.23936,0.23936,0.23936,0.23936,0.23936,7.5658,0.34733,0.4324,0.27972,0.33581,0.52497,0.2619,0.31586
0.2427,0.2427,0.2427,0.2427,0.2427,0.2427,0.2427,0.2427,0.2427,9.2547,1.1742,0.33149,0.61079,0.26542,0.30031
0.24173,0.24173,0.24173,0.24173,0.24173,0.24173,0.24173,3.5567,0.25942,0.30079,2.648,0.33034,0.36507,0.37958,2.2841
0.45042,0.24033,0.25173,0.2399,0.44943,0.24346,0.36762,0.26916,0.25512,0.58847,0.2681,0.42526,0.44968,0.46243,0.2966
0.23381,0.23381,0.23381,0.23381,0.23381,0.23381,0.23381,0.23381,0.23381,0.23381,0.23381,13.722,0.39616,1.6252,0.3363
0.23518,0.23518,0.23518,0.23518,0.23518,0.23518,0.23518,3.5778,0.396,0.48093,0.33818,0.24818,0.24182,3.8276,0.35786
0.25004,0.25004,0.25004,0.25004,0.25004,0.25004,0.25004,5.2607,0.2781,0.52723,0.45344,0.58499,0.26505,0.36143,4.6105
0.23948,0.23948,0.23948,0.23948,0.23948,0.23948,0.23948,0.23948,8.1298,0.38059,0.47219,0.26216,0.44009,0.67253,0.3383
0.23472,0.23472,0.23472,0.23472,0.23472,0.23472,0.23472,0.23472,0.23472,0.23472,0.23472,11.792,0.56712,0.51843,6.1728
0.23544,0.23544,0.23544,0.23544,0.23544,0.23544,0.23544,5.6217,0.33263,0.39086,0.56383,0.3209,0.25051,0.53919,2.5918
0.23369,0.23369,0.23369,0.23369,0.23369,1.8158,0.34345,0.28395,0.40488,0.35465,0.48268,0.24832,0.24102,2.4147,2.4242
0.47448,0.24691,0.24933,0.25434,0.26757,0.41753,0.29375,0.25495,0.27624,0.26706,0.61948,0.48743,0.71031,0.31227,0.60684
0.23792,0.78033,0.25102,0.2401,0.46677,0.37314,0.30834,0.40441,0.26295,0.68626,0.28239,0.26276,0.25497,0.2462,0.62434
0.23658,0.23658,0.23658,0.23658,0.23658,0.23658,0.23658,0.23658,0.23658,0.23658,0.23658,0.23658,20.517,0.36259,2.3016
0.24006,0.24006,0.24006,0.24006,0.24006,0.24006,0.24006,3.0724,0.29057,0.30862,1.2793,0.96163,0.4336,0.83039,0.34821
0.23787,0.23787,0.23787,0.23787,0.23787,0.23787,0.23787,3.7147,0.24791,0.43711,0.69622,0.9235,0.46776,0.62224,1.1123
0.23955,0.23955,0.23955,0.23955,0.23955,0.23955,0.23955,0.23955,0.23955,0.23955,0.23955,0.23955,18.835,0.88274,0.82579
0.24172,0.24172,0.24172,0.24172,0.24172,0.24172,0.24172,3.2917,0.3305,0.64385,0.31397,2.1228,0.25639,0.31027,3.6275
0.23992,0.23992,0.23992,0.23992,0.23992,0.23992,0.23992,0.23992,0.23992,7.3916,1.1431,0.41638,0.256,0.38868,5.1355
0.23537,0.23537,0.23537,0.23537,0.23537,0.23537,0.23537,5.5446,0.49079,0.6257,0.72607,0.25852,0.24787,0.40097,0.35804
0.24137,0.24137,0.24137,0.24137,0.24137,0.24137,0.24137,4.8702,0.31894,0.60296,0.44191,0.25855,0.44202,0.60066,2.7449
0.23699,0.23699,0.23699,0.23699,0.23699,0.23699,0.23699,4.5978,0.41119,0.36572,0.28613,0.96672,0.47168,0.64413,0.30913
0.2443,0.2443,0.2443,0.2443,1.3327,0.32422,0.54757,0.53141,0.3417,0.29463,0.35838,0.44333,0.27221,1.1345,0.36454
0.23734,0.23734,0.23734,0.23734,0.23734,0.23734,0.23734,0.23734,0.23734,0.23734,0.23734,21.3,0.25605,0.26137,0.35391
0.24845,0.24845,0.24845,0.24845,0.24845,0.24845,0.24845,0.24845,11.74,0.28534,0.5413,0.27741,0.2697,0.27298,0.30824
