0.0017006,0.00087876,0.0027026,0.0028591,0.0066682,0.015931,0.021379,0.064313,0.066645,0.055661,0.1446,0.095138,0.28504,0.16931,1.0441
0.033597,0.034206,0.050865,0.044316,0.071145,0.047168,0.081448,0.060939,0.091648,0.099973,0.18303,0.14078,0.17519,0.85245,0.41151
0.0006668,0.0009132,0.0016006,0.0010868,0.0030688,0.0060114,0.0049705,0.019038,0.03847,0.018139,0.11015,0.28384,0.74389,0.45302,0.40415
0.0022483,0.003011,0.0087349,0.010059,0.0076576,0.0081857,0.011126,0.027074,0.020987,0.089435,0.221,0.58368,0.26793,0.31081,0.68231
0.015138,0.0062705,0.0081533,0.010302,0.034836,0.095827,0.056199,0.20191,0.096934,0.10919,0.66085,0.31984,0.33582,0.35339,0.39328
0.019393,0.013703,0.0099172,0.014526,0.025315,0.043434,0.066566,0.19075,0.11931,0.56236,0.30519,0.29916,0.33219,0.43112,0.39628
0.0088836,0.011246,0.015458,0.010998,0.040333,0.11119,0.18801,0.51091,0.23097,0.25,0.28952,0.31018,0.32266,0.3548,0.41368
0.036847,0.055806,0.15233,0.27587,0.20456,0.17471,0.22901,0.19804,0.21504,0.26592,0.27073,0.28331,0.30675,0.42528,0.43862
0.014422,0.010995,0.0086543,0.010646,0.021073,0.064264,0.038394,0.19424,0.50708,0.22882,0.2485,0.26701,0.48601,0.35221,0.40187
0.0035016,0.0048599,0.011513,0.01116,0.016035,0.036318,0.029631,0.10816,0.22567,0.10627,0.11838,0.72271,0.32675,0.35928,0.43269
0.0010361,0.0014056,0.0026453,0.002579,0.0094345,0.011541,0.013075,0.01494,0.04212,0.099472,0.068282,0.17593,0.1398,0.54337,0.82795
0.0095644,0.01181,0.01911,0.025642,0.0222,0.038199,0.042419,0.15086,0.091029,0.081049,0.13222,0.10984,0.63465,0.29865,0.67608
0.020874,0.026615,0.060869,0.042727,0.13949,0.39026,0.21106,0.25271,0.22185,0.29211,0.28402,0.34061,0.32633,0.35258,0.40512
0.00074988,0.0015004,0.0037016,0.0092369,0.0055742,0.024728,0.027695,0.026185,0.05532,0.16718,0.43993,0.19939,0.23602,0.23512,0.80973
0.0015065,0.0026624,0.0036331,0.0076905,0.015044,0.0099137,0.028602,0.077554,0.16982,0.39615,0.18207,0.19918,0.22066,0.2323,0.80187
0.0031877,0.0047346,0.012921,0.015954,0.03201,0.036676,0.042072,0.14851,0.36895,0.17399,0.18837,0.19801,0.21699,0.23241,0.80528
0.012006,0.017832,0.048666,0.025496,0.088623,0.0588,0.096227,0.33968,0.15467,0.1743,0.18876,0.19837,0.21472,0.23241,0.81826
0.0026716,0.0038455,0.0064276,0.018067,0.011974,0.020385,0.021057,0.024837,0.020099,0.10122,0.047205,0.29386,0.15574,0.73147,0.61627
0.0028083,0.0015965,0.0040131,0.0028237,0.0066885,0.0080581,0.01224,0.017953,0.035514,0.09864,0.096593,0.068452,0.084479,0.36847,1.1241
0.0016546,0.002461,0.0029948,0.0050377,0.0039958,0.012585,0.024125,0.0121,0.021987,0.087565,0.22617,0.59259,0.55657,0.35349,0.39972
0.003269,0.0023176,0.0076015,0.012336,0.0085331,0.018409,0.015892,0.014487,0.022454,0.094732,0.23237,0.11093,0.6464,0.59903,0.39768
0.01842,0.027733,0.057427,0.099669,0.053747,0.059245,0.34683,0.15562,0.16935,0.19314,0.20985,0.2209,0.23581,0.66551,0.42319
0.0019857,0.0020524,0.0040455,0.010722,0.0067522,0.025238,0.015698,0.015502,0.087111,0.22772,0.1021,0.11051,0.66908,0.40828,0.55991
0.0017792,0.0026775,0.003692,0.0075973,0.01367,0.038895,0.063213,0.031681,0.034109,0.20897,0.21378,0.41307,0.21441,0.23208,0.81625
0.0050323,0.0033016,0.0084277,0.0058612,0.016429,0.019991,0.017898,0.075923,0.19571,0.47039,0.2248,0.24794,0.28935,0.58073,0.45965
0.010504,0.02191,0.028064,0.015376,0.092779,0.22203,0.45668,0.21452,0.24169,0.25929,0.29003,0.31304,0.32664,0.35355,0.40058
0.00058557,0.00078621,0.0019864,0.0023473,0.0053731,0.014327,0.026044,0.015345,0.058049,0.13497,0.067256,0.39032,0.55113,0.29,0.67568
0.002431,0.0025171,0.00767,0.018583,0.018817,0.015341,0.022072,0.075993,0.20582,0.092276,0.54707,0.4373,0.30681,0.45816,0.3875
0.010194,0.02172,0.021061,0.049852,0.13075,0.31907,0.1492,0.16215,0.17129,0.18693,0.2009,0.24407,0.24598,0.67666,0.39985
0.048067,0.05757,0.14531,0.24553,0.14748,0.13661,0.15778,0.16173,0.175,0.22306,0.22205,0.24961,0.26857,0.29518,0.69495
0.016087,0.021264,0.037172,0.020277,0.057979,0.043831,0.13624,0.068094,0.072912,0.42573,0.40901,0.42324,0.35877,0.349,0.43466
0.1333,0.07962,0.22613,0.12929,0.15845,0.14172,0.16228,0.22464,0.21477,0.21124,0.22864,0.24748,0.49504,0.36595,0.4564
0.0077299,0.011797,0.030196,0.050643,0.11301,0.053442,0.06185,0.36715,0.16461,0.18568,0.19586,0.21255,0.27628,0.64605,0.46334
0.018134,0.015247,0.030341,0.058345,0.049295,0.043367,0.11871,0.066297,0.075746,0.088533,0.483,0.23892,0.24313,0.6803,0.38893
0.0050353,0.0024805,0.008226,0.019107,0.012079,0.010428,0.028835,0.040196,0.059065,0.036568,0.057638,0.045679,0.27016,0.65577,0.73042
0.0082131,0.012746,0.022468,0.011228,0.056065,0.031187,0.031515,0.1854,0.4433,0.21238,0.4883,0.30198,0.32401,0.35265,0.41204
0.00073041,0.0010527,0.0018485,0.0037172,0.0063785,0.014658,0.026245,0.074927,0.19539,0.089514,0.49836,0.24313,0.6022,0.3531,0.39836
0.046203,0.1099,0.060101,0.22026,0.11045,0.12997,0.16732,0.14777,0.16803,0.17689,0.20192,0.50616,0.37353,0.45558,0.40566
0.1248,0.10907,0.17371,0.13437,0.1194,0.16123,0.17359,0.15833,0.17222,0.31174,0.3084,0.29648,0.2875,0.52543,0.40335
0.00245,0.0025039,0.0038882,0.0055551,0.017299,0.021125,0.01828,0.049945,0.076658,0.07393,0.088274,0.084721,0.36682,0.79965,0.51249
0.014711,0.010824,0.027391,0.053664,0.10483,0.050652,0.20882,0.10241,0.54447,0.26652,0.27448,0.29858,0.34309,0.35493,0.39671
0.0095667,0.010278,0.0092921,0.020097,0.016732,0.038765,0.074015,0.062363,0.051499,0.21622,0.14502,0.69129,0.40793,0.35307,0.40706
0.0013086,0.0030048,0.0050068,0.0060818,0.019433,0.036184,0.045045,0.046435,0.1667,0.085307,0.46909,0.22393,0.3778,0.3574,0.65831
0.10575,0.054149,0.058033,0.0669,0.32957,0.23023,0.21095,0.19783,0.21817,0.23913,0.27435,0.27702,0.37955,0.35592,0.46316
0.016338,0.028192,0.045016,0.031271,0.037332,0.032178,0.06012,0.22792,0.10318,0.15801,0.30189,0.44705,0.25826,0.47192,0.5749
0.0012912,0.0014236,0.001012,0.0030255,0.0020812,0.0094667,0.0159,0.0078662,0.035268,0.098552,0.16556,0.47548,0.22034,0.70225,0.45669
0.00666,0.0095045,0.019168,0.046991,0.031156,0.12967,0.34209,0.16396,0.16896,0.21109,0.20187,0.23363,0.50353,0.51277,0.39203
0.027012,0.020069,0.038502,0.077411,0.12699,0.3375,0.19551,0.1742,0.18888,0.21317,0.25652,0.25268,0.26779,0.32177,0.65199
0.0041304,0.0044549,0.011319,0.015818,0.012287,0.0402,0.025035,0.10135,0.20671,0.10826,0.10764,0.11651,0.73344,0.45951,0.44665
0.0028433,0.0053096,0.010217,0.021935,0.047098,0.02229,0.065836,0.076188,0.054618,0.3038,0.32566,0.47285,0.30216,0.42049,0.55928
0.015099,0.020133,0.014552,0.048247,0.086114,0.042623,0.13234,0.35218,0.17043,0.29116,0.50637,0.29989,0.33499,0.35301,0.39477
0.0027732,0.0036581,0.0069886,0.015488,0.040347,0.049563,0.056323,0.037231,0.17502,0.40392,0.2045,0.55134,0.31271,0.45523,0.39306
0.0041569,0.0060547,0.015993,0.02764,0.050764,0.14587,0.18617,0.20316,0.20342,0.21218,0.18984,0.21779,0.43013,0.27963,0.68809
0.087771,0.074616,0.067431,0.073611,0.066423,0.074804,0.44019,0.19735,0.21361,0.23121,0.25118,0.27407,0.29384,0.50554,0.40159
0.0010283,0.0010529,0.00072305,0.0035521,0.0036438,0.0082567,0.0053855,0.024387,0.061306,0.027721,0.16959,0.44522,0.54407,0.41533,0.55456
0.064021,0.1059,0.071997,0.18734,0.10293,0.15508,0.19626,0.15358,0.25942,0.34266,0.24048,0.26834,0.4893,0.34811,0.42535
0.0026284,0.0039619,0.0058987,0.012511,0.02027,0.059233,0.035184,0.16659,0.075492,0.44806,0.20328,0.22947,0.27078,0.40224,0.66943
0.030885,0.05606,0.14878,0.10226,0.10596,0.11515,0.15738,0.16263,0.20671,0.32871,0.50113,0.29787,0.32483,0.38066,0.41158
0.034837,0.028815,0.068369,0.077496,0.27232,0.16773,0.18376,0.15977,0.25822,0.25655,0.22943,0.24915,0.27268,0.31039,0.64846
0.18903,0.16571,0.12682,0.15828,0.13939,0.19996,0.18574,0.19537,0.32406,0.2709,0.26678,0.30456,0.35641,0.34982,0.42372
0.027607,0.039398,0.084507,0.20392,0.1352,0.11215,0.14446,0.27639,0.17533,0.18977,0.20545,0.24156,0.46919,0.53169,0.392
0.0070644,0.007526,0.020915,0.025887,0.057759,0.040277,0.13101,0.068561,0.40033,0.21763,0.21694,0.22025,0.62666,0.35243,0.40407
0.005201,0.0062028,0.0053329,0.014504,0.010509,0.0098337,0.054599,0.13254,0.060109,0.36947,0.23401,0.20263,0.44415,0.28175,0.69153
0.042605,0.025448,0.042889,0.037638,0.10261,0.27755,0.13564,0.18659,0.23777,0.25142,0.21446,0.23146,0.46727,0.51904,0.38924
0.0070152,0.010295,0.0072431,0.01073,0.024949,0.069827,0.13482,0.065002,0.3463,0.19617,0.18049,0.20106,0.23809,0.51192,0.65525
0.015792,0.013775,0.024138,0.030545,0.10448,0.25178,0.14452,0.1291,0.15674,0.39323,0.22422,0.35022,0.36746,0.44286,0.45468
0.0090387,0.013295,0.023241,0.033891,0.064894,0.04727,0.1454,0.35785,0.16633,0.18198,0.19356,0.26439,0.62077,0.34929,0.42456
0.009211,0.0076188,0.017238,0.046176,0.12244,0.18746,0.36013,0.1769,0.1955,0.21011,0.23552,0.24639,0.26966,0.31085,0.65596
0.038701,0.027562,0.054165,0.030857,0.13636,0.090385,0.078719,0.082273,0.47554,0.23287,0.28522,0.2743,0.3248,0.31771,0.56358
0.0010082,0.0017189,0.0044172,0.0077647,0.0049858,0.011994,0.023067,0.035013,0.032066,0.12303,0.31963,0.65489,0.3109,0.44589,0.44878
0.0060849,0.0051937,0.011287,0.013145,0.04387,0.10617,0.060942,0.05541,0.34436,0.39401,0.22466,0.34851,0.36753,0.44262,0.45392
0.0058908,0.0051478,0.018575,0.033552,0.017221,0.049574,0.15805,0.40471,0.18223,0.20151,0.23059,0.52937,0.32092,0.37239,0.40469
0.029825,0.045168,0.075457,0.041161,0.15561,0.10635,0.37834,0.18237,0.19527,0.26006,0.23928,0.42347,0.35791,0.349,0.43592
0.036747,0.031487,0.071792,0.11692,0.065074,0.090938,0.094021,0.17747,0.23494,0.14889,0.35988,0.23855,0.4014,0.58551,0.40818
0.0067492,0.0096194,0.0056923,0.027357,0.051456,0.11311,0.066872,0.060057,0.064753,0.070088,0.3916,0.19359,0.54367,0.41165,0.56702
0.0067328,0.0027888,0.017594,0.01425,0.04037,0.11103,0.062356,0.069096,0.063071,0.09068,0.078124,0.49175,0.46454,0.591,0.39347
0.0099571,0.0073962,0.0065847,0.016652,0.01332,0.05055,0.025129,0.063147,0.039404,0.042215,0.04396,0.27625,0.70444,0.32041,0.56899
0.0057368,0.0040386,0.011039,0.013375,0.010875,0.036891,0.048529,0.079464,0.20342,0.54617,0.24511,0.27012,0.49317,0.35653,0.39566
0.018242,0.024989,0.059136,0.11584,0.29848,0.17167,0.17335,0.18928,0.18856,0.20202,0.47671,0.29914,0.32039,0.38592,0.40597
0.046931,0.039897,0.14603,0.087402,0.078867,0.082238,0.25087,0.13655,0.1478,0.15998,0.17339,0.4651,0.26881,0.46201,0.55093
0.0047153,0.0064352,0.0039897,0.019314,0.021089,0.051825,0.048859,0.18178,0.091068,0.090093,0.097516,0.11478,0.1779,0.7674,0.55751
0.018773,0.02843,0.047495,0.025908,0.097944,0.066976,0.323,0.14497,0.15692,0.17323,0.26166,0.35228,0.55144,0.34583,0.43556
0.018199,0.015261,0.052058,0.10463,0.059569,0.076249,0.29025,0.17165,0.24626,0.18876,0.34744,0.41439,0.30041,0.43858,0.44045
0.0022944,0.0030728,0.008679,0.010029,0.0066028,0.0086639,0.0095703,0.025812,0.020559,0.0912,0.22322,0.10644,0.63644,0.3041,0.6803
0.0058767,0.0086535,0.015122,0.027204,0.048288,0.035174,0.10819,0.054733,0.05828,0.063746,0.39528,0.38606,0.6268,0.35269,0.40193
0.006776,0.01201,0.032055,0.019009,0.021983,0.02389,0.032054,0.077999,0.060461,0.25766,0.65829,0.29994,0.32471,0.38066,0.43048
0.00077229,0.0011989,0.0026717,0.0041413,0.010833,0.007246,0.011657,0.023365,0.043375,0.086559,0.059765,0.28385,0.17151,0.20117,1.0188
0.072396,0.055196,0.044027,0.053597,0.071062,0.073443,0.082563,0.41777,0.1921,0.20368,0.22086,0.39569,0.48416,0.35221,0.40047
0.0023035,0.0034447,0.0089733,0.011814,0.0094277,0.02894,0.055802,0.027989,0.029959,0.17878,0.46178,0.27466,0.4959,0.31495,0.5921
0.051667,0.052794,0.083767,0.1187,0.18623,0.10336,0.14635,0.12655,0.15097,0.27759,0.33858,0.31947,0.32419,0.37479,0.60149
0.0053544,0.0083667,0.0054212,0.018781,0.033585,0.016614,0.051585,0.15154,0.071926,0.43134,0.45766,0.27105,0.32169,0.49642,0.39129
0.0054021,0.0077756,0.0080972,0.012224,0.014924,0.049844,0.029107,0.13063,0.34921,0.25477,0.19959,0.54726,0.39509,0.3864,0.40075
0.0011273,0.00071562,0.0020226,0.0045682,0.0066944,0.0044309,0.0055711,0.0081024,0.025284,0.058033,0.046073,0.19189,0.39608,0.40068,0.84253
0.0045216,0.0018794,0.0028606,0.0031919,0.0039071,0.015844,0.012349,0.025376,0.060096,0.14701,0.24583,0.14983,0.77062,0.3829,0.42916
0.0035823,0.0025292,0.0075589,0.012415,0.008623,0.018816,0.016648,0.070024,0.031845,0.03581,0.17837,0.088259,0.52067,0.60464,0.57021
0.0035947,0.0038296,0.010643,0.013173,0.02939,0.020665,0.066811,0.034963,0.16167,0.091699,0.091903,0.53005,0.62666,0.35243,0.40115
0.033764,0.028902,0.02222,0.027028,0.064725,0.053256,0.046641,0.046188,0.075016,0.061679,0.36915,0.16581,0.375,0.59662,0.57205
0.011819,0.0083399,0.0063274,0.015523,0.018763,0.013935,0.020723,0.08255,0.17722,0.086481,0.52426,0.28608,0.28018,0.59096,0.43667
0.011913,0.011725,0.035372,0.034818,0.048294,0.15673,0.11982,0.40134,0.21242,0.20718,0.22425,0.35201,0.36637,0.44307,0.45211
0.013396,0.0068361,0.028282,0.051221,0.03794,0.042952,0.14646,0.082464,0.45285,0.20488,0.3439,0.26619,0.34691,0.44418,0.48098
0.01627,0.019335,0.047964,0.081503,0.041352,0.044304,0.06239,0.054263,0.059049,0.064741,0.38641,0.43962,0.26852,0.29512,0.69694
0.0026697,0.0039008,0.0065879,0.012625,0.024493,0.069076,0.1302,0.063246,0.38014,0.18176,0.19362,0.20359,0.43067,0.287,0.68153
0.034938,0.083524,0.045642,0.16771,0.084041,0.097356,0.1267,0.11093,0.12725,0.1308,0.15602,0.38205,0.59639,0.45604,0.39633
0.012013,0.017443,0.02518,0.051414,0.11314,0.24442,0.14312,0.12957,0.15621,0.16343,0.17869,0.40789,0.31263,0.30031,0.67806
0.016763,0.025386,0.04241,0.023134,0.06615,0.1451,0.072868,0.077954,0.37289,0.19718,0.4172,0.41537,0.35791,0.349,0.4349
0.017979,0.015157,0.021482,0.053237,0.038128,0.16277,0.097307,0.084141,0.091074,0.10432,0.10763,0.15242,0.77231,0.38705,0.39693
0.0032815,0.0047233,0.013038,0.028708,0.046103,0.12477,0.099155,0.11249,0.091474,0.10587,0.10574,0.64611,0.29004,0.3137,0.59316
0.0039651,0.0056791,0.010823,0.02026,0.038873,0.051512,0.030668,0.039104,0.20434,0.53421,0.23951,0.41969,0.35496,0.38875,0.40367
0.012466,0.0181,0.025413,0.013984,0.056086,0.12712,0.074433,0.39054,0.19597,0.205,0.22441,0.23043,0.31321,0.30031,0.67929
0.0010159,0.0006449,0.0018682,0.0041886,0.0061382,0.0040627,0.0078172,0.023687,0.048901,0.11217,0.089053,0.3709,0.18649,0.39747,0.83244
0.00087639,0.0016131,0.0024857,0.0063017,0.0087826,0.0098909,0.013118,0.010569,0.015975,0.015775,0.056608,0.061228,0.13801,0.35,1.0152
0.0022944,0.0024407,0.0061971,0.00881,0.018756,0.032868,0.046296,0.12908,0.081107,0.06816,0.080405,0.084524,0.50715,0.47254,0.71823
0.0044961,0.0108,0.0060091,0.013459,0.0080693,0.043074,0.025845,0.022818,0.14169,0.3704,0.17676,0.44755,0.29179,0.2899,0.66948
0.0063344,0.0031544,0.0037911,0.015136,0.022179,0.015167,0.047988,0.11482,0.23596,0.11948,0.20916,0.17423,0.18614,0.39841,0.82758
0.0048511,0.0042139,0.0090661,0.0068995,0.030068,0.07277,0.041769,0.076397,0.28516,0.32628,0.18604,0.2886,0.30435,0.37683,0.67199
0.022564,0.030794,0.025261,0.076853,0.19466,0.14188,0.20667,0.13766,0.21433,0.23495,0.27918,0.50489,0.4085,0.35355,0.39347
0.025756,0.035188,0.093364,0.071821,0.097474,0.065875,0.39073,0.29838,0.21723,0.2709,0.26171,0.28397,0.32581,0.39069,0.45795
0.0036182,0.003705,0.0023501,0.0085011,0.013888,0.025046,0.015784,0.016044,0.024423,0.10769,0.2818,0.15016,0.15605,0.83439,0.45581
0.0044284,0.0054304,0.0070101,0.011944,0.027421,0.025403,0.020223,0.032136,0.026017,0.11352,0.25104,0.12128,0.17025,0.15195,0.97712
0.0014173,0.0020847,0.0035245,0.0040157,0.0080952,0.024195,0.011322,0.066094,0.030467,0.036116,0.18697,0.089665,0.52587,0.71884,0.4014
0.016964,0.02421,0.014847,0.069373,0.046671,0.037245,0.12195,0.065584,0.4086,0.20047,0.20118,0.23279,0.48596,0.53169,0.39054
0.0029783,0.0030525,0.010177,0.0046029,0.027087,0.016388,0.01777,0.032391,0.09354,0.24047,0.10951,0.14816,0.13629,0.82619,0.47364
0.012914,0.0092273,0.009213,0.012733,0.035654,0.019076,0.023263,0.021424,0.11312,0.053517,0.056787,0.35666,0.40783,0.6056,0.56874
0.027181,0.018874,0.047154,0.088124,0.080622,0.062224,0.064084,0.13836,0.49748,0.23755,0.27202,0.38927,0.35427,0.34647,0.43292
0.023141,0.013823,0.023296,0.020444,0.088145,0.21175,0.10348,0.14165,0.18119,0.19071,0.16325,0.17618,0.35569,0.71769,0.39545
0.0046853,0.0023992,0.0025713,0.0059536,0.015563,0.038364,0.066806,0.19081,0.087168,0.095377,0.10947,0.6448,0.36481,0.41781,0.46488
0.018738,0.039815,0.050824,0.10333,0.28465,0.144,0.23398,0.17168,0.18579,0.44628,0.28787,0.31121,0.3345,0.35305,0.39733
0.010792,0.012835,0.025615,0.050811,0.086903,0.043583,0.062339,0.099604,0.075722,0.076819,0.47317,0.57789,0.3616,0.35318,0.38938
0.0036622,0.0087178,0.01078,0.0061411,0.02536,0.017129,0.019174,0.016366,0.094729,0.20668,0.55622,0.25766,0.29966,0.41255,0.56356
0.024524,0.058627,0.032447,0.037945,0.033475,0.20732,0.12162,0.12599,0.1257,0.12922,0.15413,0.37742,0.58507,0.44879,0.43052
0.0060718,0.0025976,0.0035547,0.0056124,0.01599,0.043913,0.074019,0.044831,0.18287,0.11332,0.098058,0.59416,0.27484,0.59512,0.39378
0.0073168,0.016701,0.036945,0.045727,0.039316,0.038856,0.14451,0.074735,0.076749,0.47613,0.25069,0.2375,0.28923,0.28361,0.69546
0.0037951,0.005172,0.0064488,0.019211,0.016497,0.011148,0.066725,0.16339,0.074103,0.42211,0.44997,0.26784,0.31122,0.32256,0.56388
0.0059124,0.002684,0.0099196,0.012049,0.010143,0.033609,0.04184,0.068053,0.19061,0.097685,0.54811,0.30102,0.45167,0.42728,0.41896
0.01317,0.020047,0.046467,0.023179,0.087627,0.059921,0.28897,0.12975,0.1404,0.15499,0.23411,0.20608,0.44627,0.27988,0.69085
0.035016,0.048111,0.027258,0.079018,0.062419,0.28913,0.2139,0.25871,0.19243,0.26921,0.23439,0.29788,0.49615,0.35147,0.44084
0.0047315,0.0038901,0.0061342,0.013502,0.014396,0.012045,0.010663,0.046799,0.10774,0.25132,0.11546,0.12892,0.78798,0.35355,0.38978
0.014231,0.032436,0.050356,0.13811,0.22009,0.11082,0.12666,0.17462,0.15115,0.19287,0.19239,0.21345,0.54486,0.34731,0.56676
0.0034543,0.0017016,0.0020442,0.0083647,0.013081,0.035548,0.019493,0.04447,0.065396,0.040513,0.063824,0.050581,0.3002,0.2203,0.94071
0.082211,0.067653,0.22976,0.15988,0.15904,0.17838,0.24379,0.25193,0.31034,0.25059,0.29224,0.29802,0.32483,0.38066,0.39641
0.01924,0.01647,0.012662,0.016262,0.037364,0.093908,0.048739,0.048686,0.30563,0.13736,0.16834,0.17272,0.37192,0.59603,0.57637
0.042236,0.032307,0.074131,0.04829,0.063284,0.069295,0.060017,0.36001,0.16185,0.21555,0.41626,0.4307,0.36904,0.35589,0.39474
0.008043,0.0081213,0.0060758,0.016229,0.035156,0.017486,0.052182,0.16543,0.3974,0.19597,0.19799,0.47135,0.32207,0.32082,0.55791
0.005714,0.0083489,0.014132,0.016447,0.038907,0.10985,0.054571,0.29222,0.13551,0.14689,0.16175,0.17009,0.35971,0.71884,0.39894
0.017153,0.025361,0.040687,0.037757,0.057772,0.051663,0.046646,0.077305,0.31767,0.3154,0.23845,0.37181,0.28699,0.59032,0.39879
0.0018761,0.0010165,0.0033381,0.008303,0.0074098,0.026334,0.041205,0.12144,0.31734,0.14375,0.32239,0.2207,0.63623,0.34569,0.44801
0.0037764,0.0038132,0.0026109,0.0078877,0.0145,0.0075176,0.022434,0.07008,0.18353,0.090215,0.47773,0.47854,0.2943,0.32027,0.5596
0.00050426,0.00059906,0.0012327,0.0014934,0.0047349,0.010448,0.013647,0.014838,0.020534,0.074956,0.036094,0.21438,0.51047,0.70087,0.46652
0.0017099,0.0011009,0.003236,0.0020644,0.0079728,0.0039564,0.01138,0.032998,0.081279,0.18514,0.085088,0.5273,0.39463,0.59935,0.41042
0.0069217,0.0099676,0.010378,0.015624,0.01933,0.063172,0.036917,0.16593,0.43876,0.31983,0.23766,0.26172,0.35972,0.51621,0.39695
0.0081274,0.012253,0.016409,0.0091264,0.035168,0.022269,0.11582,0.051926,0.32758,0.25007,0.31159,0.22908,0.50227,0.31872,0.56225
0.014023,0.010006,0.027975,0.039898,0.087677,0.1647,0.096478,0.090715,0.10732,0.11189,0.11647,0.12606,0.14793,0.15109,0.95376
0.0013724,0.0019754,0.0033022,0.0092817,0.017158,0.017598,0.030303,0.01769,0.093748,0.21342,0.10252,0.61907,0.32835,0.32046,0.60512
0.0039075,0.0052601,0.0089109,0.011616,0.01009,0.038903,0.033083,0.028905,0.033687,0.16593,0.40997,0.1855,0.63911,0.45841,0.39578
0.045464,0.033465,0.064589,0.12986,0.21459,0.26646,0.1967,0.32791,0.22249,0.25109,0.30215,0.29755,0.31542,0.34457,0.46022
0.0060711,0.0081726,0.01384,0.017701,0.015518,0.059829,0.050667,0.044385,0.11065,0.34391,0.24712,0.1855,0.63911,0.45841,0.3898
0.0043212,0.0059011,0.0034904,0.0042937,0.020469,0.046492,0.082441,0.21341,0.098319,0.10593,0.1151,0.12936,0.78555,0.35219,0.40404
0.0067472,0.015722,0.0071606,0.028368,0.063176,0.13793,0.069205,0.41081,0.39919,0.24751,0.2702,0.29342,0.31524,0.34633,0.46929
0.022957,0.028143,0.07037,0.1252,0.074059,0.068602,0.33103,0.20236,0.17703,0.2388,0.21571,0.24678,0.27148,0.27853,0.69467
0.0055924,0.0073924,0.0049067,0.0049234,0.026106,0.016586,0.051388,0.026373,0.028116,0.1674,0.40355,0.24779,0.21521,0.60754,0.58084
0.020498,0.013468,0.013788,0.051573,0.065733,0.08857,0.087424,0.1184,0.080221,0.48393,0.24408,0.28079,0.51323,0.34434,0.46062
0.015044,0.022781,0.015318,0.023518,0.054004,0.15138,0.29231,0.14095,0.15087,0.20094,0.18488,0.20595,0.24856,0.49415,0.66063
0.018846,0.035193,0.075477,0.046407,0.16572,0.10941,0.14853,0.11032,0.14047,0.16839,0.15029,0.29917,0.26214,0.69381,0.46486
0.0083582,0.012338,0.020775,0.061528,0.16022,0.074246,0.26783,0.13923,0.22448,0.18447,0.40653,0.25413,0.31632,0.52605,0.43243
0.043033,0.034611,0.12573,0.06066,0.24169,0.15714,0.17819,0.15354,0.25221,0.20694,0.21423,0.38188,0.48542,0.34526,0.44691
0.0038456,0.0057197,0.0082717,0.014743,0.02046,0.056203,0.030305,0.029752,0.031458,0.16556,0.076504,0.48264,0.42895,0.48078,0.56268
0.011783,0.014117,0.034695,0.053989,0.077336,0.053839,0.058949,0.057857,0.34206,0.18121,0.36713,0.24813,0.28098,0.29694,0.69355
0.02711,0.036998,0.023869,0.078257,0.093735,0.073116,0.08385,0.35811,0.18143,0.19278,0.43332,0.29559,0.29971,0.31934,0.55742
0.0086052,0.0035644,0.021508,0.017605,0.049754,0.13684,0.076852,0.070035,0.075098,0.10797,0.20075,0.72615,0.32618,0.35551,0.39037
0.0076235,0.0066498,0.011652,0.014796,0.050519,0.12174,0.069877,0.31565,0.1625,0.4077,0.23247,0.3631,0.3807,0.45581,0.38648
0.024608,0.040692,0.05558,0.10814,0.080013,0.082438,0.077166,0.081591,0.086813,0.093043,0.10251,0.6367,0.49796,0.35218,0.40646
0.0062196,0.011683,0.020234,0.013911,0.030959,0.019039,0.1082,0.04867,0.05268,0.060543,0.36306,0.16277,0.36751,0.23664,0.80501
0.0024407,0.0051943,0.0068771,0.014505,0.031762,0.020059,0.077882,0.17334,0.46946,0.21154,0.23945,0.43904,0.30807,0.45343,0.38838
0.0014118,0.00089616,0.0026882,0.0048084,0.0074028,0.0049121,0.008165,0.02698,0.055699,0.14376,0.1132,0.46745,0.21258,0.24317,0.82582
0.0081285,0.0099684,0.028012,0.046312,0.12846,0.064984,0.36812,0.16538,0.17897,0.43347,0.28059,0.30164,0.33502,0.40317,0.39387
0.0014742,0.00061704,0.0024219,0.0025101,0.0065334,0.016472,0.021872,0.068588,0.13873,0.36815,0.16671,0.30216,0.4973,0.37142,0.58602
0.014164,0.018016,0.011412,0.015594,0.051179,0.03159,0.045404,0.069637,0.12175,0.068374,0.073692,0.17812,0.11168,0.6852,0.68949
0.011017,0.015714,0.028774,0.020969,0.06579,0.12839,0.079599,0.075765,0.078391,0.48686,0.21828,0.53218,0.32984,0.36068,0.39863
0.0088782,0.0074451,0.025396,0.050972,0.029065,0.037679,0.14196,0.083955,0.11987,0.095411,0.57291,0.43173,0.33325,0.34635,0.44811
0.0042869,0.0065035,0.0077264,0.015067,0.039992,0.024723,0.027597,0.043746,0.030354,0.16207,0.41634,0.40591,0.31165,0.58616,0.44138
0.0050469,0.0075033,0.020422,0.026696,0.039592,0.086415,0.053366,0.047399,0.051925,0.31546,0.14627,0.18014,0.35924,0.25977,0.80526
0.0014312,0.0021136,0.0058965,0.013299,0.022187,0.012287,0.043247,0.11263,0.07854,0.064303,0.38487,0.17271,0.35559,0.72349,0.39177
0.0024358,0.0015721,0.0047028,0.0066408,0.019031,0.0092745,0.03751,0.034028,0.13415,0.31552,0.14387,0.40127,0.63672,0.35069,0.42786
0.020687,0.020985,0.033441,0.021647,0.056616,0.17021,0.10116,0.087735,0.10221,0.59823,0.26872,0.29109,0.38823,0.35355,0.3896
0.0052391,0.0055185,0.011263,0.0083271,0.025441,0.051067,0.029831,0.16012,0.37019,0.18167,0.18528,0.42032,0.5544,0.35109,0.40533
0.0073344,0.015729,0.0089611,0.030187,0.061877,0.061201,0.072177,0.049144,0.23968,0.13212,0.6556,0.29904,0.32832,0.3654,0.39869
0.0022081,0.00093624,0.0036346,0.003767,0.012894,0.0307,0.040776,0.022861,0.10794,0.28637,0.12962,0.18688,0.37244,0.61419,0.59459
0.0027621,0.0027988,0.0019391,0.0057946,0.010652,0.0055226,0.016481,0.051483,0.13483,0.066045,0.34969,0.35019,0.56727,0.3188,0.55845
0.0059809,0.011169,0.023854,0.044821,0.089234,0.24974,0.18161,0.13489,0.17176,0.20475,0.18354,0.54804,0.38404,0.34086,0.46438
0.0078504,0.0053603,0.014956,0.018122,0.017227,0.013202,0.038342,0.062442,0.15984,0.42917,0.19261,0.47288,0.48995,0.3542,0.40947
0.0047936,0.0079217,0.013975,0.024803,0.044026,0.032069,0.098989,0.048415,0.053008,0.056818,0.33919,0.33718,0.21522,0.22578,0.83606
0.020367,0.013255,0.034858,0.062817,0.046481,0.047889,0.15912,0.40993,0.18921,0.20279,0.22341,0.24745,0.44846,0.31891,0.56798
0.013348,0.011041,0.025,0.029167,0.035428,0.031328,0.099363,0.24934,0.5194,0.30759,0.2749,0.29852,0.3265,0.37659,0.38799
0.020047,0.027389,0.07267,0.055902,0.075869,0.051274,0.30413,0.23225,0.17593,0.19976,0.47451,0.28397,0.32581,0.39069,0.45796
0.0031634,0.0044619,0.0081701,0.0098088,0.022577,0.044065,0.03392,0.14332,0.06633,0.40924,0.18348,0.44733,0.27373,0.58034,0.40638
0.0054686,0.0026939,0.0035876,0.013572,0.021224,0.058424,0.081954,0.10599,0.15587,0.094621,0.1137,0.10865,0.15555,0.21843,0.94034
0.011737,0.008636,0.021853,0.042762,0.083565,0.040376,0.16646,0.082092,0.43437,0.21262,0.21897,0.24366,0.27464,0.2846,0.68403
0.067374,0.044312,0.11444,0.076948,0.086622,0.38082,0.17478,0.18987,0.20488,0.23224,0.29245,0.27038,0.29382,0.51713,0.3878
0.0023519,0.0034364,0.0058166,0.0067697,0.016014,0.045213,0.023507,0.12127,0.056236,0.34834,0.16127,0.16986,0.35932,0.71928,0.40201
0.0043955,0.0036546,0.0068377,0.010655,0.0084506,0.03132,0.018395,0.017038,0.026957,0.021751,0.13289,0.34764,0.32652,0.53791,0.68614
0.0032329,0.0023816,0.0020567,0.0062279,0.01297,0.034049,0.060661,0.029483,0.031913,0.18703,0.29938,0.151,0.1735,0.33789,0.84476
0.0036429,0.0031093,0.0067441,0.0078594,0.025956,0.062847,0.048194,0.035463,0.22039,0.25217,0.14379,0.22305,0.23328,0.29262,0.82452
0.0027463,0.0052866,0.012973,0.031773,0.053984,0.1551,0.19796,0.21779,0.21703,0.22638,0.20254,0.23235,0.64515,0.35254,0.39208
0.014425,0.012856,0.010548,0.026091,0.020769,0.061704,0.12089,0.064546,0.064597,0.073745,0.078594,0.44171,0.61291,0.44962,0.44369
0.0073883,0.0058151,0.019068,0.036955,0.079469,0.17922,0.34477,0.16525,0.38762,0.24034,0.28092,0.288,0.34707,0.34632,0.46846
0.0062109,0.0091679,0.015438,0.04563,0.056608,0.12479,0.20672,0.10746,0.17326,0.14238,0.31451,0.19635,0.2444,0.70176,0.44139
0.0042681,0.0043292,0.0093779,0.0094376,0.032656,0.015325,0.045709,0.14494,0.34596,0.15735,0.17034,0.25076,0.23509,0.61661,0.56264
0.0020441,0.0015837,0.0013728,0.0034715,0.0027768,0.0091351,0.0046915,0.0052688,0.0056613,0.033592,0.08682,0.22724,0.57946,0.54039,0.57004
0.020903,0.036399,0.05799,0.039511,0.04796,0.041199,0.077104,0.2923,0.13233,0.20265,0.16747,0.44693,0.25819,0.47102,0.57491
0.03164,0.047073,0.085426,0.059601,0.074515,0.076558,0.06883,0.40781,0.18421,0.32694,0.24911,0.43313,0.32837,0.34528,0.43604
0.024582,0.020753,0.028938,0.02897,0.032962,0.13776,0.080559,0.070859,0.076697,0.087852,0.090642,0.12879,0.65089,0.59352,0.39358
0.0086075,0.015382,0.040973,0.023985,0.028017,0.030447,0.028783,0.043229,0.051149,0.21797,0.55691,0.25375,0.27671,0.58756,0.41873
0.02117,0.012959,0.027559,0.057547,0.057879,0.041487,0.10231,0.059242,0.37195,0.2855,0.43051,0.27195,0.29581,0.31827,0.56188
0.0090701,0.012378,0.0082582,0.036972,0.040871,0.11495,0.058996,0.28319,0.14597,0.15373,0.15785,0.37459,0.64288,0.36035,0.38762
0.0025553,0.0036962,0.003979,0.0099834,0.021347,0.046347,0.026833,0.024502,0.15144,0.072038,0.4331,0.46571,0.48342,0.42252,0.40432
0.063769,0.052477,0.17827,0.12405,0.12875,0.13975,0.19099,0.19737,0.24312,0.19632,0.50113,0.29787,0.32483,0.38066,0.3966
0.00060983,0.00083534,0.0014678,0.0033845,0.0024515,0.0026428,0.0048569,0.014449,0.029829,0.068351,0.033857,0.20153,0.50257,0.2319,0.82589
0.0082833,0.0099209,0.025042,0.042312,0.039183,0.1351,0.3611,0.16547,0.17681,0.19062,0.22751,0.55522,0.32312,0.37443,0.39212
0.0011899,0.001266,0.0027146,0.0067547,0.0059581,0.020646,0.011737,0.061804,0.15993,0.41852,0.19058,0.22306,0.63623,0.34569,0.44799
0.010606,0.015968,0.033065,0.057386,0.02911,0.033781,0.19824,0.088914,0.096757,0.10594,0.65221,0.29769,0.31778,0.36476,0.42807
0.019782,0.015458,0.012408,0.041976,0.11667,0.28262,0.17142,0.23208,0.23686,0.23859,0.48634,0.30312,0.32634,0.35323,0.41645
0.0069585,0.0060697,0.010636,0.013528,0.046149,0.11121,0.063812,0.28922,0.28585,0.44683,0.25667,0.28061,0.3836,0.34511,0.46291
0.047881,0.072409,0.14963,0.075814,0.21393,0.13532,0.13669,0.14255,0.15429,0.17441,0.1859,0.21507,0.21674,0.60304,0.57249
0.0098158,0.013699,0.017372,0.02922,0.064466,0.1128,0.075703,0.064237,0.40525,0.18197,0.20613,0.47931,0.33869,0.44841,0.43693
0.050827,0.094386,0.052366,0.064401,0.29139,0.18198,0.18184,0.17052,0.18806,0.20033,0.22041,0.24594,0.28722,0.57127,0.46879
0.047077,0.080278,0.10877,0.21162,0.15004,0.15952,0.14932,0.15567,0.17803,0.18136,0.22202,0.24502,0.41325,0.58523,0.40644
0.0004139,0.00055173,0.0013084,0.0021232,0.0014687,0.00317,0.0038015,0.0043649,0.011936,0.033016,0.080987,0.038661,0.2171,0.49246,0.87425
0.034594,0.041433,0.10641,0.17915,0.10632,0.099443,0.11485,0.11773,0.12738,0.16237,0.16163,0.18187,0.19553,0.54327,0.6958
0.024174,0.017576,0.071213,0.1272,0.3426,0.15514,0.21293,0.19789,0.28544,0.28481,0.26588,0.28764,0.31217,0.37814,0.47277
0.018512,0.025292,0.067106,0.030679,0.062212,0.042044,0.24938,0.19044,0.14426,0.1638,0.39026,0.28577,0.27591,0.33232,0.66403
0.012297,0.0080815,0.021196,0.025092,0.021072,0.086353,0.15043,0.39333,0.17907,0.24486,0.21862,0.24019,0.25672,0.47834,0.5747
0.0050091,0.004165,0.0094214,0.0096622,0.036178,0.022283,0.070673,0.20234,0.46972,0.21606,0.23258,0.34325,0.29322,0.36058,0.55313
0.036486,0.0437,0.1103,0.18638,0.095106,0.10143,0.14284,0.12423,0.13519,0.17207,0.17082,0.43355,0.26852,0.29512,0.69201
0.001198,0.0017692,0.0048395,0.0022893,0.0086667,0.0057486,0.017521,0.048974,0.03595,0.028094,0.1511,0.40223,0.34532,0.23017,0.81708
0.018565,0.044161,0.10722,0.19373,0.09715,0.11432,0.14717,0.21259,0.23323,0.18757,0.21411,0.53673,0.40043,0.35257,0.4058
0.085777,0.073366,0.060925,0.2072,0.2454,0.15576,0.17215,0.1775,0.26927,0.2182,0.23694,0.25711,0.5098,0.34936,0.41958
0.037985,0.032879,0.051248,0.098579,0.21773,0.12338,0.14311,0.12965,0.14034,0.17114,0.22964,0.20228,0.23618,0.23553,0.80272
0.023769,0.044783,0.076122,0.050197,0.11921,0.072527,0.077176,0.46004,0.30079,0.26156,0.2739,0.289,0.38402,0.36092,0.4063
0.01619,0.014148,0.012095,0.053507,0.025674,0.028963,0.17019,0.43579,0.19622,0.21698,0.32381,0.2805,0.29114,0.50042,0.41936
0.016075,0.030196,0.052613,0.034443,0.081432,0.049639,0.063039,0.057013,0.29158,0.1435,0.16324,0.16239,0.36666,0.23974,0.81017
0.011668,0.008214,0.0079603,0.032923,0.021163,0.085321,0.13942,0.083672,0.078064,0.49248,0.2208,0.24334,0.30693,0.60599,0.39452
0.027184,0.035852,0.023115,0.04345,0.028462,0.030339,0.11897,0.061567,0.065622,0.40704,0.21501,0.49859,0.29604,0.33706,0.56403
0.03308,0.038379,0.098172,0.16588,0.084646,0.090278,0.14921,0.11521,0.18516,0.17295,0.3886,0.28166,0.26012,0.29837,0.68299
0.015014,0.012255,0.027137,0.018873,0.052314,0.063375,0.13175,0.067248,0.4093,0.24779,0.22164,0.25962,0.28823,0.57849,0.46404
0.0017454,0.0012635,0.0040874,0.006554,0.0045518,0.020677,0.019936,0.022822,0.016672,0.097768,0.23982,0.11448,0.12511,0.64723,0.71691
0.030467,0.021511,0.042593,0.080428,0.064158,0.26122,0.14903,0.13701,0.14616,0.16436,0.18195,0.19967,0.27162,0.60397,0.57108
0.0054117,0.0045921,0.0086751,0.020496,0.014208,0.015639,0.059532,0.035207,0.050715,0.20865,0.5499,0.41439,0.30041,0.43858,0.44176
0.005011,0.0094539,0.016439,0.010765,0.025452,0.056317,0.034563,0.031389,0.16053,0.43003,0.21833,0.21318,0.23074,0.49425,0.64483
0.0029536,0.0041422,0.0060729,0.0095644,0.020483,0.03678,0.021553,0.020254,0.11721,0.053351,0.32005,0.3351,0.61408,0.44979,0.43595
0.021486,0.011002,0.011791,0.027302,0.016193,0.090325,0.14227,0.39544,0.17982,0.19903,0.45368,0.28224,0.38551,0.36816,0.4223
0.011112,0.025188,0.039958,0.10165,0.068505,0.054608,0.065123,0.065933,0.41078,0.20157,0.20225,0.23404,0.48857,0.34342,0.56285
0.0072468,0.010112,0.012676,0.021443,0.047308,0.084345,0.056421,0.047789,0.27654,0.12588,0.14259,0.32536,0.61408,0.44979,0.43641
0.00097545,0.0018778,0.0026522,0.0041521,0.0071635,0.0046937,0.012451,0.029197,0.060204,0.033882,0.18516,0.48384,0.53413,0.54128,0.42515
0.031512,0.04736,0.12287,0.1004,0.15362,0.13738,0.12404,0.16208,0.19498,0.35463,0.27431,0.2492,0.28699,0.59032,0.39998
0.015852,0.023203,0.016538,0.035018,0.055593,0.16358,0.093841,0.20623,0.30328,0.18411,0.42231,0.259,0.36157,0.51772,0.3893
0.0061321,0.014804,0.022812,0.04156,0.074659,0.037301,0.042016,0.23189,0.10684,0.13633,0.13592,0.17738,0.39737,0.62233,0.56576
0.035139,0.019039,0.044849,0.1259,0.059293,0.06817,0.23727,0.12167,0.13078,0.14097,0.33429,0.20727,0.64516,0.3483,0.42626
0.0057143,0.0076924,0.013015,0.016758,0.037826,0.051616,0.051844,0.045417,0.23281,0.59547,0.27223,0.29062,0.35302,0.39011,0.39038
0.0042953,0.0091268,0.021968,0.037155,0.10235,0.051778,0.29331,0.13177,0.1426,0.34254,0.48441,0.30269,0.32574,0.40317,0.39364
0.017334,0.015163,0.023472,0.04517,0.092884,0.25521,0.14254,0.12914,0.13978,0.17423,0.22964,0.2086,0.23304,0.23314,0.80245
0.0065254,0.010924,0.0068397,0.0094805,0.026503,0.0146,0.054447,0.026776,0.13549,0.063163,0.068367,0.41002,0.19002,0.52534,0.70485
0.0034843,0.0051743,0.0070843,0.0156,0.021123,0.055969,0.03321,0.030074,0.18535,0.46919,0.46843,0.28715,0.40153,0.35233,0.39547
0.021155,0.031138,0.074213,0.12495,0.074153,0.069812,0.27652,0.13703,0.14828,0.1688,0.18637,0.20789,0.2227,0.2292,0.80859
0.0062859,0.0053447,0.005016,0.020108,0.037115,0.026032,0.12198,0.25615,0.12712,0.14352,0.14393,0.19956,0.17597,0.37739,0.81664
0.12951,0.078657,0.15245,0.10131,0.12416,0.11105,0.12716,0.17603,0.16829,0.16552,0.17916,0.19392,0.64806,0.36965,0.43756
0.10334,0.090322,0.14399,0.11133,0.098922,0.13359,0.14382,0.13117,0.14215,0.26001,0.25675,0.57245,0.32081,0.37134,0.40251
0.0054657,0.0067127,0.013597,0.019424,0.057496,0.050623,0.039277,0.06372,0.051743,0.22522,0.12168,0.12232,0.17035,0.14883,0.97782
0.0043562,0.0066086,0.0079437,0.015869,0.010608,0.012442,0.013825,0.022055,0.087795,0.19566,0.090097,0.11426,0.63179,0.58616,0.44158
0.0057247,0.0062416,0.004078,0.0041202,0.022789,0.025485,0.056895,0.16172,0.07341,0.079087,0.46029,0.22575,0.64641,0.35225,0.41146
0.04643,0.046722,0.07547,0.04865,0.12724,0.070152,0.095597,0.085936,0.099721,0.10158,0.58075,0.26444,0.333,0.31773,0.56511
0.0047835,0.0029212,0.0090107,0.016117,0.021739,0.015226,0.025309,0.083629,0.17265,0.086385,0.094836,0.56605,0.25378,0.29384,0.7099
0.045236,0.063999,0.067992,0.059393,0.073265,0.076904,0.23564,0.14729,0.1328,0.15154,0.16909,0.17178,0.35423,0.72566,0.39325
0.0088172,0.0059075,0.010871,0.014774,0.011718,0.050235,0.030855,0.042254,0.16876,0.095182,0.098258,0.11371,0.62009,0.47844,0.58614
0.0065482,0.0046835,0.0095195,0.0053394,0.022573,0.015534,0.015397,0.01418,0.073956,0.16459,0.076303,0.47924,0.22215,0.60868,0.56279
0.012136,0.010651,0.018599,0.040877,0.02556,0.12167,0.069,0.11825,0.08416,0.49175,0.23322,0.3493,0.36595,0.44091,0.46512
0.00016921,0.00022372,0.00061482,0.0015183,0.0028004,0.0078618,0.0073948,0.022172,0.060051,0.026923,0.16985,0.43007,0.19374,0.2097,0.86016
0.031944,0.032336,0.070085,0.069944,0.046503,0.049569,0.31002,0.15738,0.1544,0.16635,0.21209,0.49183,0.31776,0.3371,0.56349
0.020305,0.035975,0.017689,0.074339,0.20971,0.10046,0.42006,0.2021,0.28845,0.27056,0.28333,0.30585,0.33232,0.35137,0.4024
0.0064271,0.0041625,0.0077444,0.012974,0.010305,0.032457,0.062218,0.031206,0.032855,0.19885,0.099604,0.57554,0.54056,0.34332,0.46101
0.0011746,0.0015529,0.0042676,0.010339,0.010219,0.0082648,0.015093,0.045254,0.12256,0.05495,0.32442,0.2595,0.18207,0.27188,0.86471
0.046398,0.056879,0.14267,0.25366,0.15005,0.14129,0.15387,0.21248,0.18588,0.43929,0.27136,0.31044,0.34151,0.35039,0.40679
0.0075965,0.0062252,0.0047145,0.0061213,0.028582,0.035653,0.029926,0.11211,0.051914,0.056192,0.065077,0.35017,0.16089,0.81898,0.47622
0.0023497,0.0031322,0.0074278,0.012054,0.0085524,0.01811,0.021718,0.024836,0.060693,0.033754,0.18255,0.086639,0.090141,0.49347,0.87677
0.0093742,0.021844,0.048165,0.059615,0.049529,0.043109,0.18342,0.094563,0.095661,0.60111,0.29091,0.29536,0.35969,0.35271,0.40181
0.010667,0.0044182,0.0057651,0.0072641,0.021578,0.061652,0.036157,0.031527,0.1917,0.10249,0.10172,0.61259,0.28411,0.42319,0.55908
0.0023533,0.0020539,0.0053842,0.0026037,0.0077044,0.004813,0.021115,0.057737,0.12982,0.062327,0.31148,0.15402,0.15794,0.71679,0.57971
0.018204,0.0088309,0.01071,0.010746,0.056982,0.036202,0.11217,0.057565,0.06137,0.36632,0.17277,0.23946,0.20554,0.62003,0.58044
0.016803,0.010374,0.011108,0.05111,0.027655,0.028904,0.16596,0.42497,0.19209,0.35414,0.35656,0.30886,0.3308,0.34858,0.41817
0.027771,0.023783,0.042114,0.089945,0.056982,0.27014,0.15319,0.26255,0.25252,0.20443,0.23322,0.3493,0.36595,0.44091,0.46467
0.011986,0.017708,0.049552,0.084864,0.048261,0.17741,0.35854,0.17275,0.19778,0.33286,0.27951,0.30011,0.34481,0.45458,0.4036
0.081796,0.069552,0.24289,0.12171,0.12595,0.14199,0.19235,0.16634,0.1938,0.20889,0.21412,0.24335,0.26726,0.27654,0.70468
0.0087629,0.0045033,0.01713,0.041441,0.10114,0.046008,0.052333,0.054407,0.34003,0.1527,0.16617,0.19241,0.39691,0.64904,0.44956
0.0028749,0.004146,0.0031613,0.0081767,0.018485,0.012436,0.012555,0.066392,0.030153,0.16741,0.44458,0.43253,0.47385,0.40972,0.44132
0.0044205,0.0093927,0.01199,0.025648,0.069632,0.035225,0.15015,0.071217,0.44847,0.44632,0.2879,0.30619,0.33369,0.35318,0.39726
0.020432,0.049326,0.1075,0.06933,0.068365,0.071526,0.28561,0.14525,0.15187,0.25508,0.22474,0.23805,0.6337,0.35355,0.38969
0.0026353,0.0062732,0.007757,0.0044191,0.018249,0.012323,0.013786,0.019598,0.076536,0.1585,0.43126,0.46418,0.30117,0.41464,0.57309
0.0093297,0.0062009,0.012981,0.0082359,0.044941,0.092785,0.05433,0.28506,0.14313,0.14533,0.1639,0.446,0.31321,0.30031,0.67852
0.0018815,0.0042472,0.0070727,0.0085764,0.027441,0.051094,0.067217,0.045631,0.1996,0.52344,0.2529,0.31784,0.2937,0.31415,0.58965
0.0054805,0.006721,0.018886,0.031787,0.087694,0.044362,0.2513,0.1129,0.12489,0.29689,0.19217,0.2066,0.22946,0.72671,0.39455
0.0080088,0.019237,0.010704,0.038647,0.01938,0.10351,0.062068,0.054818,0.33513,0.15683,0.17724,0.44325,0.28899,0.28712,0.68906
0.0032248,0.0019998,0.0072591,0.017495,0.027466,0.016118,0.04823,0.062346,0.036297,0.069039,0.27606,0.6829,0.40712,0.35196,0.39959
0.10922,0.095393,0.083741,0.092345,0.083327,0.098211,0.27045,0.14721,0.15933,0.17246,0.18729,0.50153,0.28986,0.49821,0.42994
0.02695,0.014602,0.034369,0.063229,0.063002,0.22147,0.12413,0.12488,0.13758,0.1368,0.32439,0.21631,0.63327,0.36709,0.44231
0.005089,0.0073863,0.012689,0.0096482,0.042046,0.10592,0.18132,0.18228,0.11846,0.32317,0.19612,0.28861,0.30436,0.37677,0.67431
0.0098848,0.00862,0.019522,0.010278,0.027571,0.081542,0.16903,0.083101,0.092651,0.098822,0.10305,0.11354,0.70554,0.31632,0.57437
0.028366,0.044616,0.062368,0.037385,0.061377,0.057669,0.06844,0.058372,0.076802,0.38239,0.37479,0.25308,0.25537,0.27698,0.7001
0.0053893,0.00292,0.0069642,0.019443,0.017352,0.060997,0.09562,0.28181,0.13591,0.13832,0.328,0.21872,0.64032,0.34569,0.44138
0.0009592,0.00060616,0.0018011,0.0041814,0.0085123,0.0057947,0.017126,0.020545,0.053193,0.027219,0.15863,0.07159,0.44973,0.34616,0.8216
0.012134,0.012354,0.018371,0.016006,0.025695,0.017036,0.029416,0.022009,0.044583,0.070712,0.086259,0.067805,0.32353,0.85245,0.40285
0.0020717,0.0021061,0.0015683,0.0041666,0.004631,0.013201,0.010228,0.018484,0.020065,0.032679,0.019254,0.12099,0.30854,0.75892,0.5766
0.0093407,0.013648,0.019847,0.017781,0.051194,0.14438,0.079062,0.073017,0.097563,0.093742,0.54969,0.24732,0.52266,0.34428,0.44861
0.033728,0.025682,0.020502,0.024958,0.02657,0.032465,0.036496,0.18502,0.085431,0.095797,0.55229,0.35632,0.48416,0.35221,0.39969
0.0048504,0.0069655,0.0038977,0.020224,0.022209,0.053772,0.040397,0.052089,0.21721,0.099678,0.10588,0.11543,0.19083,0.82317,0.45832
0.0071909,0.0062761,0.013748,0.022905,0.047423,0.02696,0.1157,0.054273,0.063044,0.35229,0.15946,0.17337,0.20583,0.20627,0.8542
0.0058752,0.0072025,0.018009,0.032041,0.038046,0.022248,0.11474,0.27692,0.12647,0.1706,0.15408,0.17412,0.51023,0.28498,0.69098
0.018398,0.018709,0.029113,0.041492,0.023828,0.027868,0.16378,0.073428,0.079933,0.09009,0.54122,0.32938,0.2787,0.37466,0.5887
0.0014743,0.0020705,0.0037257,0.0097659,0.010663,0.025629,0.0243,0.087819,0.040037,0.04303,0.2168,0.11001,0.1705,0.7368,0.60578
0.0019766,0.0020445,0.0025096,0.0021311,0.0099508,0.012412,0.0090227,0.037613,0.10033,0.26262,0.11798,0.68338,0.31302,0.43047,0.45103
0.0026027,0.0035941,0.0050202,0.0070386,0.0078492,0.025748,0.041295,0.11576,0.056226,0.33353,0.32886,0.21883,0.63617,0.3522,0.44115
0.0013099,0.0024461,0.0042896,0.0092928,0.014601,0.010276,0.013945,0.02186,0.015728,0.071188,0.17445,0.46156,0.23202,0.45846,0.70994
0.0005916,0.00099041,0.0020283,0.0032495,0.0028904,0.010972,0.018734,0.050766,0.043216,0.14407,0.387,0.18087,0.19386,0.5161,0.70377
0.003349,0.0045472,0.011443,0.013527,0.030959,0.082551,0.038867,0.23173,0.42921,0.21361,0.24147,0.24715,0.26607,0.29,0.67927
0.0013413,0.0019095,0.0011666,0.0040174,0.0091298,0.0061958,0.0057748,0.028995,0.072913,0.055523,0.23141,0.60581,0.29172,0.42965,0.55752
0.0020228,0.0030087,0.0043225,0.0067448,0.0053493,0.019757,0.010901,0.010618,0.012768,0.06913,0.18051,0.47219,0.44349,0.28167,0.68613
0.0058389,0.0049981,0.0038426,0.012601,0.017453,0.013944,0.012476,0.012355,0.064221,0.031217,0.18683,0.4891,0.21929,0.59662,0.57188
0.0038679,0.0023433,0.0098535,0.0060351,0.018225,0.048735,0.038635,0.044521,0.048664,0.062375,0.047538,0.29424,0.76889,0.34473,0.44619
0.029256,0.024875,0.023345,0.024956,0.085531,0.21722,0.10551,0.10823,0.11715,0.13419,0.13899,0.19884,0.17114,0.36703,0.82152
0.0073627,0.010607,0.014664,0.032291,0.061393,0.16662,0.096399,0.085679,0.5365,0.25495,0.27815,0.28714,0.40151,0.35231,0.39733
0.0038806,0.00567,0.0033283,0.0071524,0.024191,0.063383,0.11611,0.32564,0.20203,0.20238,0.19413,0.20448,0.22133,0.71327,0.40206
0.11381,0.0924,0.13015,0.10971,0.097484,0.13164,0.13181,0.13309,0.13955,0.25261,0.18542,0.22681,0.21994,0.71405,0.40342
0.0075579,0.010321,0.0061048,0.0075098,0.0086066,0.037734,0.066371,0.0533,0.22026,0.12347,0.1127,0.14288,0.78555,0.35219,0.40846
0.0038406,0.0040955,0.0083868,0.0061188,0.019143,0.037387,0.023655,0.11546,0.053022,0.3293,0.14764,0.35995,0.22023,0.71748,0.40467
0.0022535,0.0012993,0.0057406,0.014325,0.0093929,0.03915,0.027262,0.034403,0.072683,0.21965,0.56767,0.25864,0.52888,0.35298,0.40709
0.0053556,0.0071726,0.020808,0.023943,0.015762,0.017375,0.025271,0.061495,0.04898,0.21728,0.53179,0.25358,0.26915,0.30384,0.67932
0.0097234,0.014269,0.0075306,0.011421,0.04917,0.089571,0.056672,0.27662,0.12703,0.14231,0.14764,0.35995,0.22023,0.71748,0.4038
0.0041391,0.0017364,0.0023043,0.0068336,0.014578,0.037436,0.063769,0.031416,0.15196,0.39683,0.17927,0.19404,0.21708,0.70315,0.46377
0.0027706,0.0052271,0.0083499,0.0054815,0.013133,0.029141,0.024402,0.017647,0.10943,0.28363,0.144,0.20046,0.21043,0.3663,0.83789
0.0049473,0.0041782,0.0036427,0.0051807,0.0039737,0.0044253,0.018204,0.015038,0.04694,0.12496,0.056504,0.35552,0.40415,0.73098,0.40311
0.0097078,0.013249,0.0096416,0.029241,0.03512,0.10996,0.055293,0.26594,0.13557,0.14405,0.16437,0.16929,0.23661,0.52267,0.70575
0.0053284,0.0072719,0.0046914,0.015651,0.01878,0.05265,0.027022,0.12996,0.066251,0.070395,0.080325,0.4637,0.57915,0.32853,0.5575
0.011432,0.0097203,0.0091225,0.0097517,0.033423,0.092564,0.24249,0.10872,0.11768,0.13479,0.13961,0.20031,0.17202,0.36893,0.82235
0.0092151,0.0071404,0.016906,0.030387,0.021585,0.02018,0.029638,0.024077,0.025115,0.15522,0.40479,0.18707,0.51717,0.59903,0.39238
0.0027708,0.0029479,0.0063292,0.015743,0.014049,0.049859,0.028193,0.14846,0.38417,0.1739,0.18985,0.22714,0.63623,0.34569,0.45
0.020473,0.011528,0.013866,0.045293,0.05432,0.031541,0.045742,0.065831,0.073551,0.059958,0.35014,0.17835,0.48144,0.33989,0.69693
0.22887,0.11719,0.1256,0.14474,0.13566,0.24411,0.20938,0.19635,0.21665,0.23863,0.26972,0.29008,0.37955,0.35592,0.46212
0.0055449,0.0082851,0.010017,0.029847,0.026266,0.018316,0.08144,0.20991,0.095202,0.54229,0.24969,0.2679,0.31128,0.32221,0.56105
0.0070543,0.0057362,0.0079415,0.0069336,0.029739,0.078113,0.12324,0.064646,0.35569,0.21549,0.18501,0.22558,0.22235,0.72077,0.39037
0.0019815,0.0033733,0.0042734,0.0035688,0.012425,0.014609,0.01963,0.037106,0.033887,0.028669,0.1057,0.28684,0.17598,0.85146,0.41551
0.0028295,0.0038751,0.0067286,0.0086504,0.0076527,0.022467,0.018275,0.070777,0.042071,0.036826,0.22261,0.58508,0.27757,0.61274,0.3982
0.0013779,0.0020905,0.0053605,0.0089903,0.020061,0.0094298,0.01097,0.065118,0.17016,0.079508,0.083803,0.091032,0.56903,0.64604,0.46357
0.0063728,0.0065984,0.0109,0.031402,0.031798,0.025924,0.0373,0.12842,0.34781,0.15594,0.16878,0.37669,0.24025,0.67717,0.38693
0.0053184,0.0034242,0.010065,0.0064209,0.024709,0.012272,0.021089,0.082333,0.040643,0.2061,0.094725,0.58703,0.27812,0.59935,0.41034
0.0033765,0.0047799,0.0086714,0.010334,0.0281,0.057766,0.029202,0.17276,0.077537,0.48915,0.49056,0.29897,0.32616,0.3535,0.41
0.00062878,0.00074698,0.0015371,0.0018621,0.0056837,0.012622,0.016486,0.017925,0.023575,0.088614,0.042328,0.2531,0.60269,0.35224,0.69372
0.0061479,0.0025466,0.0033112,0.0041856,0.013612,0.037842,0.022193,0.087012,0.17192,0.082252,0.51427,0.23083,0.25819,0.27177,0.72066
0.010762,0.0044577,0.0057479,0.0071627,0.0063593,0.038188,0.029094,0.022312,0.023008,0.13587,0.33124,0.37222,0.21536,0.73216,0.38792
0.0023324,0.0034034,0.0093677,0.016096,0.0091535,0.032172,0.065878,0.031741,0.053074,0.066538,0.22985,0.11833,0.68486,0.39276,0.55479
0.0057999,0.0068823,0.011505,0.021929,0.018665,0.016372,0.087403,0.039187,0.042752,0.045964,0.2856,0.31264,0.18579,0.52619,0.71833
0.0034322,0.0046021,0.007067,0.013852,0.038645,0.027195,0.022962,0.133,0.31168,0.1514,0.17275,0.17733,0.18997,0.52164,0.70633
0.004766,0.0019741,0.0025109,0.0032503,0.009608,0.027573,0.021007,0.064703,0.030897,0.17919,0.43816,0.19938,0.21536,0.73216,0.38808
0.0098001,0.0042411,0.016182,0.016772,0.043654,0.028248,0.030829,0.15772,0.32173,0.15624,0.17601,0.30216,0.4973,0.37142,0.58641
0.0058234,0.0042172,0.013438,0.020849,0.011253,0.013331,0.075242,0.19266,0.086751,0.093797,0.59173,0.27913,0.30542,0.49672,0.42269
0.0023687,0.0053369,0.0085242,0.013656,0.025104,0.013004,0.015369,0.087333,0.22847,0.1123,0.59471,0.27818,0.2943,0.32027,0.56169
0.043288,0.060715,0.078146,0.060451,0.053714,0.071937,0.10741,0.077407,0.084198,0.091426,0.13561,0.63748,0.28731,0.52544,0.41817
0.00059029,0.00095851,0.0017611,0.0046711,0.00816,0.021475,0.033602,0.099029,0.25878,0.12324,0.26495,0.16766,0.51648,0.28062,0.69883
0.0020459,0.0014513,0.0036182,0.0023824,0.0026573,0.012537,0.0091053,0.013468,0.01398,0.060254,0.1372,0.1065,0.44781,0.53489,0.70814
0.0055117,0.0027151,0.0032617,0.013347,0.020834,0.015373,0.013918,0.036147,0.051395,0.029402,0.17874,0.083549,0.49587,0.22333,0.82272
0.002249,0.0037651,0.0025809,0.0070762,0.0062973,0.023905,0.046605,0.11459,0.092254,0.32083,0.17254,0.1712,0.23747,0.51887,0.70833
0.0017982,0.0027279,0.0034278,0.0067012,0.0044796,0.0049751,0.0057654,0.0092611,0.036705,0.088669,0.040246,0.24467,0.64295,0.59652,0.40636
0.0012632,0.0017818,0.0032626,0.003917,0.0094154,0.018166,0.013972,0.059068,0.029424,0.1707,0.076532,0.18659,0.11418,0.24207,0.93982
0.030881,0.015486,0.035201,0.059545,0.047037,0.13975,0.2738,0.13544,0.14451,0.16653,0.17609,0.18554,0.61291,0.44962,0.44658
0.016262,0.017325,0.046003,0.057467,0.039013,0.052157,0.17183,0.089612,0.09691,0.11992,0.12019,0.70404,0.33524,0.36964,0.42039
0.0097393,0.013464,0.025544,0.017059,0.029907,0.050133,0.042965,0.17332,0.10842,0.5114,0.23159,0.26368,0.27482,0.58742,0.39606
0.003331,0.0029138,0.004595,0.0096664,0.019254,0.052903,0.029547,0.12986,0.060084,0.37327,0.22917,0.2086,0.23304,0.23314,0.80245
0.017375,0.026148,0.038866,0.075017,0.037819,0.040752,0.067266,0.29286,0.13197,0.18328,0.39517,0.28299,0.26135,0.29111,0.68712
