0.00018019,2.8851e-05,0.00029666,0.00029283,0.00014801,0.00046128,0.00021957,1.452e-05,0.00028036,1.0952e-06,8.1941e-06,6.1108e-06,2.3745e-05,0.79654,0
0.00010436,2.3854e-05,0.00052219,0.00014858,0.00028768,0.00031038,9.2862e-05,1.157e-05,0.00024252,3.6632e-07,4.1709e-05,1.2133e-05,2.4558e-05,0.81571,0
0.00095279,0.0011065,5.5612e-05,0.0085693,0.00015583,0.0044046,0.00084752,0.0010183,0.00059423,0.25537,0.001208,0.0038746,0.0015372,0.0033854,1.3876e-06
0.0010879,0.00071623,0.0019689,0.0035161,0.0019154,0.000773,0.0013866,0.00033103,1.3466e-05,0.37518,0.0016729,0.00021832,0.00024102,0.0034414,0.00097196
0.0020436,0.0018239,9.698e-08,2.8724e-06,6.5641e-06,0.00047574,0.50387,0.0011198,0.00026689,6.9195e-06,0.0027821,0.00070466,0.0014392,0.0041477,0.0057112
0.16987,3.2697e-09,0.004065,0.00067869,0.00096607,0.0052966,0.001449,0.0003231,0.01389,0.017572,0.001814,0.0019287,0.0018437,1.7136e-10,0.0004132
0.0012995,0.00085551,0.0023518,0.00034266,0.0012555,0.0004322,0.25235,0.0021148,0.0030517,0.0079486,0.001488,0.00024765,0.0013869,0.003407,0.00025565
0.0019514,0.0021653,0.0056826,0.0024394,0.0073978,0.0012519,0.15612,0.0022241,0.00099048,0.0033808,0.0017151,0.00025924,0.0034451,0.0023536,0.0030802
0.00027273,0.00070969,0.001816,0.00067162,0.014391,0.0010486,0.0017653,0.00092494,0.094082,0.0014246,0.0016367,0.02895,0.013643,0.001097,0.00012959
0.2358,1.4314e-14,0.013764,0.00017918,0.00029749,0.0080511,0.0016934,0.00094308,0.01438,3.7782e-06,0.0029842,0,0.0074734,2.4628e-13,8.8264e-06
0.0031183,0.00019735,0.0033859,0.0011321,0.049047,0.0070017,0.0020674,0.0044635,0.076474,0.0018276,0.0012609,0.0014837,0.0010387,0.0022355,0
0.00021332,0.010704,0.00088594,5.166e-05,0.0036107,0.00087501,0.0010735,0.0028208,0.0086605,0.0010019,0.0034159,0.17415,0.0013928,0.0061254,0.00099866
0.0056283,0.0004174,0.00029437,1.4883e-05,0.00049561,0.00095458,0.00011391,0.00016581,0.00063393,0.00011973,0.42141,0.0016779,0.010284,0.00040657,0.0017271
0.0012955,0.0050497,0.00077613,0.0050178,0.0038857,0.0013575,0.0018792,0.0022177,0.0018067,0.0061992,0.0043462,0.0036482,0.012086,0.081069,7.3005e-05
0.015681,0.0021903,0.0075702,0.00018436,0.0037555,0.0055025,0.071011,0.00063949,0.010168,0.0023019,0.0018213,0.0017189,0.0026268,0.0025147,0.0001354
0.066203,0.0041217,0.0067937,0.00051739,0.0086565,0.0051285,0.0013532,0.0057592,0.0017753,0.0036271,0.0019705,0.0060434,0.0010483,0.0071569,0.00023978
0.0030071,0.00029181,0.0050977,9.623e-05,0.0045951,0.00061129,0.0011914,0.0027679,0.0021913,0.0024036,0.0059387,0.13555,0.0096728,0.0043331,4.2837e-06
0.0027253,0.0028731,0.0019708,0.0025794,0.0058777,0.0011689,0.034114,0.0032782,0.0031416,0.015058,0.013351,0.00021113,0.010447,0.003735,1.9745e-05
0.0043346,0.0055604,0.00079498,0.0055191,0.011541,0.016798,0.0089108,0.0044821,0.0096404,0.0017659,0.010714,0.003721,0.00082732,0.0038369,2.387e-05
0.00032991,0.00021477,0.00010727,0.0053826,0.002356,0.0016213,0.00059709,0.0064302,0.00028841,0.00030482,0.0035257,0.00059534,0.32398,0.0033131,6.8673e-08
0.0060734,0.0086328,0.0038862,0.0051553,0.0025466,0.0023822,0.0033152,0.0080124,0.013213,0.0045363,0.0086251,0.0084138,0.0016995,0.0060219,6.147e-08
0.00086115,0.0022647,0.0057688,0.0051297,0.0013685,0.0034449,0.0025618,6.3753e-05,0.13894,0.0019456,0.0005897,0.0045151,0.0033859,0.0089138,0.00013498
0.048144,0.0060548,0.0055883,0.00033542,0.0072095,0.0054347,0.0060666,0.0057181,0.0017586,0.0031236,0.0019408,0.0059523,0.0010325,0.007049,0.00023797
0.0006495,0.0017876,0.11641,0,0.0047562,0.0038203,0.0012114,0.0009089,0.060011,0.0026254,0.0026568,0.0011299,0.0010111,0.00063898,7.0248e-05
0.00065412,3.9113e-05,0.0010484,0.00096989,0.00098916,0.0030367,0.00010287,0.34559,0.00099146,0.0019667,0.0017838,0.00021573,0.0017873,0.0085801,0.000256
0.00014037,0.024182,0.0021281,0.001498,0.00071984,0.0071902,0.12535,0.0025265,0.0013759,0.0071285,0.0010774,0.00040185,0.0035487,0.0020656,1.0757e-05
0.0020468,0.0055799,0.21429,0,0.0097754,0.00038274,0.0069853,0.0084551,1.3045e-05,0.0028191,1.8069e-05,0.00087615,0.0016847,0.00061863,1.5874e-06
0.0027207,6.4747e-05,0.027435,0.00067398,0.003454,0.010466,0.0019955,0.0023825,0.085351,0.00074472,0.0014098,0.0061088,0.001652,0.0038673,1.9928e-09
0.0018455,0.00019714,0.00054699,0.0017853,0.00054953,0.0044356,0.00062962,0.00087052,0.018941,0.096867,0.0017173,0.00092815,0.0075187,0.026589,0.003632
0.0020938,0.00015773,0.00058722,0.0018855,0.00010334,0.0038522,0.00054682,0.00087578,0.0058146,0.069503,0.0020392,0.053637,0.0111,0.0036475,5.2525e-05
0.029035,0.0028272,0.002012,0.0033328,0.0016831,0.0074851,0.0028864,0.013992,0.0012303,0.024268,0.0034769,0.0033014,0.0017606,0.0032974,1.4421e-06
0.00026755,0.00020304,4.4444e-05,0.0038108,0.0015707,0.00024889,0.00064342,0.0016677,0.00012909,0.00016056,0.0014301,0.00060738,0.34269,0.020137,0.0023412
0.0016343,0.0044981,0.14939,1.343e-11,0.0069404,0.0059476,0.0017956,0.00059292,0.0043349,0.0022525,1.2875e-06,0.00069561,0.025461,0.00065648,7.0237e-05
1.1659e-05,7.5938e-06,2.0346e-05,0.00034857,0.0013402,8.5526e-05,0.024314,0.00027187,0.0022615,0.00026753,0.0011478,0.00088712,0.26579,0.019953,9.5645e-08
0.007109,2.705e-05,0.0028373,0.0011636,0.00020378,0.0075961,0.0010783,0.0017269,0.0032988,0.048113,0.025021,0.0065116,0.011114,0.0034627,5.2488e-05
0.0007742,0.0050226,0.0032872,0.013848,0.068898,0.0039676,0.0028535,0.007168,0.001948,0.0015954,0.0018739,0.0032976,0.001298,0.0069442,9.6007e-05
0.0028579,0.003934,0.00080163,5.9447e-05,0.00031096,0.31612,0.0012595,0,0.00086143,0.0019222,0.00092877,0.0063516,0.0010876,0.0042791,8.5012e-05
0.028227,0.005546,0.0041239,0.010978,0.021565,0.0055124,0.00040684,0.0032957,0.00079034,0.002125,0.0011965,0.0082096,0.0012976,0.0076175,1.1213e-08
0.0053206,0.0024347,0.00028032,0.0012504,0.00081925,0.010473,0.042004,0.00286,0.00045173,0.0054872,0.0057816,0.0023094,0.0009228,0.050131,1.6942e-05
0.0014994,0.0010093,0.0052804,0.0014089,0.025515,0.0017802,0.00051155,0.12422,0.0032267,0.0009065,0.0033607,0.00023732,0.0042179,0.0034782,3.5172e-07
0.0012114,0.0064084,0.00089224,0.006131,0.0072066,0.0055329,0.0057599,0.020603,0.00058612,0.00095949,0.00094573,0.0010054,0.0063148,0.060982,7.5996e-07
0.00011724,0.00047113,0.00053825,0.00022675,0.00084898,0.00019681,0.00031314,7.5874e-05,0.0025499,0.00056263,8.9191e-05,0.00060398,6.5671e-05,0.0002358,0.75452
0.0043775,0.00061146,0.010415,0.008979,0.00037708,0.0046556,0.060081,0.00054106,0.029853,0.0023939,0.001894,0.0017875,0.0012164,0.0025246,0.00013569
0.00011289,0.00012078,0.00047709,0.00054498,0.00071765,0.0015986,0.02289,0.0026282,0.0012286,0.099782,0.00049979,0.0039217,0.012857,0.021037,0.00025831
0.0024735,0.0082507,0.00066452,0.0075876,0.0058964,0.00049257,0.0025617,0.0022085,0.0017588,0.0078265,0.00036729,0.0070036,0.00052696,0.07134,0.05516
0.0013066,0.0096867,0.0037094,0.0061056,0.0081217,0.0026379,0.010512,0.0037201,0.00037157,0.0065257,0.00093996,0.036559,0.0032822,0.0069474,0.00022678
0.00024637,0.0011633,0.0076763,0.0013021,0.00064193,0.0006808,0.0015788,0.0076786,0.029997,0.0015562,0.0006946,0.00055894,0.036399,0.05621,5.8661e-05
9.5355e-05,9.9843e-05,2.7956e-05,0.00015386,7.3427e-06,9.3281e-08,5.8295e-06,2.4331e-05,2.4438e-05,1.3926e-05,0.00022043,0.00014533,9.9562e-05,0.6486,0.14079
7.4947e-05,0.027149,0.020624,0.00051376,0.0073236,3.8907e-05,0.0076476,7.447e-05,0.058882,0.0020589,0.0018196,0.0012614,0.010042,0.0021929,0.00013699
0.018638,0.0017547,0.020715,0.00050502,0.0013471,0.0070243,0.0035704,0.0046261,0.00067571,0.0082599,0.0015837,0.0012162,0.0011971,0.04763,0
0.00047122,7.7142e-05,0.0007537,9.2272e-05,0.0001792,9.3593e-05,0.00016428,1.6541e-05,3.7213e-05,1.1904e-06,6.4811e-06,0.00011983,3.3762e-05,0.77342,0.01859
0.016693,0.0013425,0.027082,0.00046711,0.0008938,0.0052367,0.0041805,0.0036579,0.00026708,0.034734,0.0054424,0.0053906,0.0013317,0.0057262,0.00012142
9.0876e-05,0.0036336,0.0072595,5.2657e-05,0.00031812,0.0019212,0.00015013,0.0021248,0.0018264,0.0033083,0.0025226,0.1178,0.049131,0.0019975,6.6658e-08
0.00080853,0.00061252,0.00162,0.0022454,0.003165,0.00075503,0.0013944,0.0065222,0.00652,0.11123,0.0063116,0.0048101,0.009184,0.0037641,0.00026188
0.0033078,0.015981,0.008355,0.00011277,0.0029524,0.0019207,0.00060588,0.0020032,0.0071104,0.0011915,0.0007129,0.00029791,0.037897,0.052345,0.00035602
0.00051647,0.012938,0.010039,0.0065912,0.01526,0.0029652,0.0033912,0.014215,0.0025479,0.01446,0.003364,0.00077897,0.0019244,0.003414,1.9951e-07
0.00069601,4.6033e-05,0.00076251,0.00024608,0.010965,0.0057819,0.059355,0.0042656,0.073083,0.0017466,0.001205,0.0014179,0.00097386,0.0021351,2.2105e-06
0.0011511,0.000735,0.0083081,0.0029403,0.0039371,0.099972,0.007924,0.006177,0.0001035,0.0024347,0.0032794,0.010178,0.00024812,0.0037698,7.1429e-06
0.00075144,0.0019762,0.0050339,0.0044762,0.0012064,0.0031166,0.002253,5.4775e-05,0.11021,0.0095428,0.00057376,0.0043931,0.0032943,0.012107,8.9438e-08
8.5742e-05,0.00034455,0.00071808,0.00036659,0.0009218,0.00021369,0.0072157,0.00019051,0.0061221,0.0013508,0.00021414,0.001481,0.00024124,0.00057579,0.60648
0.0029444,0.0079554,0.0052259,4.2673e-05,0.0029721,0.0036566,0.0043889,0.14244,8.8339e-05,0.0023958,0.0010415,0.0016318,0.0016294,0.0079517,0.00089266
0.0060174,0.00062517,0.080765,0.0086413,0.0016003,0.007812,0.0043289,0.0060136,0.0019279,0.0005362,0.0013923,0.0077352,0.0016456,0.0037209,8.9944e-05
0.0022883,0.0032963,0.00065787,8.8712e-05,0.00026429,0.29263,0.0010303,0,0.00077835,0.0017369,0.00084076,0.00011168,0.0085456,0.013693,8.4852e-05
0.0020457,0.011052,0.0018211,0.0040568,0.059416,0.0034607,0.019097,0.0081778,0.0016333,0.0018072,0.0035316,0.00042106,0.0013795,0.0020585,1.2944e-05
0.18472,3.6881e-08,0.010792,0.004678,0.0014396,0.0082211,0.0020378,0.00048576,0.014813,5.6357e-06,0.0017892,0,0.0071393,1.5952e-08,2.6262e-06
0.0026842,0.0074374,0.00078956,0.0020337,0.0071737,0.0031742,0.0024813,0.012054,0.00084385,0.030611,0.0015594,0.0069158,0.00014195,0.029401,1.1521e-05
0.00011148,0.0054492,0.00046919,0.0011581,0.01825,0.0052219,0.0067643,0.0021306,0.0089441,0.0041909,0.0063797,0.000437,0.063338,0.0021107,0
0.00030221,0.00022933,4.9906e-05,0.0039379,0.0016785,0.00026597,0.00061619,0.00060301,0.00011586,0.00035049,0.0017624,0.0029221,0.4066,0.004658,0.0024494
0.001952,0.002166,0.0056844,0.0024402,0.0074749,0.005337,0.0017002,0.070395,0.00075793,0.0024486,0.0013117,0.015843,0.0034035,0.0023252,0.0031377
0.00083662,0.10482,0.002735,0.0099794,0.011414,4.8469e-05,0.0083303,0.001764,0.00021311,0.00044518,0.0034565,0.0083684,0.0012712,0.005216,0.00091662
1.1923e-09,0.12196,0.002682,0.0097749,0.01119,3.7769e-05,0.0081563,0.0017255,0.00087288,0.00045299,0.0022075,0.008271,0.0012682,0.0051571,0.0009172
0.0072159,0.00075325,0.012319,0.0091886,0.019356,0.0025541,0.0051341,0.0037327,0.0080592,0.0040661,0.001632,0.00022535,0.00085637,0.025179,2.3861e-09
2.4266e-05,3.8853e-06,4.1611e-05,3.7096e-05,5.4538e-05,7.721e-05,3.972e-05,2.4542e-06,4.7706e-05,2.5707e-06,4.9444e-06,1.1303e-06,4.1447e-06,0.61553,0.19153
0.014145,0.0013655,0.002406,0.003714,0.01205,0.0083966,0.0030566,0.040343,0.00085385,0.0027585,0.0014777,0.0030787,0.0032457,0.0030443,0.018647
0.002017,0.0012744,0.028708,1.9794e-05,0.001711,0.0013457,0.0018534,0.00064171,0.00027504,0.00057932,0.0026625,0.016173,0.13801,0.0026143,0.00043473
0.0010727,0.0050651,0.033116,0.00014541,0.0032061,0.0020854,0.005247,0.0026792,0.0095189,0.0021806,0.00089381,0.00041365,0.0078088,0.052887,0.0049928
5.2917e-05,0.0082484,0.0003006,0.033473,0.014252,0.0022601,0.0057999,0.0031983,0.0067212,0.020904,0.0042257,0.00027596,0.0091303,0.00073479,0.0081917
0.0067181,0.0088144,0.00069941,0.0024976,0.00066334,0.0026851,0.0065851,0.0028193,0.0038838,0.0014073,0.00050223,0.0039791,0.0019216,0.12986,0.00074345
0.0019483,0.010306,0.001376,0.0097759,0.011491,0.0088223,0.0091841,0.031909,0.00092814,0.00088841,0.0015214,0.0015597,0.0097959,0.0037151,7.6731e-07
0.007128,0.00057765,0.010284,0.0037219,0.011972,0.0086045,0.0031887,0.0041159,0.0010635,0.01196,0.016049,0.0033975,0.0033747,0.0031902,1.8639e-06
0.0015101,0.0011516,0.0063049,0.0016404,0.0071144,0.0050126,0.02546,0.0042924,0.0059752,0.0022003,0.014737,0.0001251,0.022371,0.0042363,0.00073693
0.0025317,0.0027004,0.0055907,0.003689,0.0085409,0.0016536,0.047596,0.016066,0.0028797,0.0075606,0.0013644,0.00023358,0.0041323,0.0034077,2.1705e-07
0.00041174,0.024238,0.0075965,0.0040678,0.0040012,0.008316,0.0063472,0.0005305,0.0079339,0.02704,0.0015161,0.0032186,0.0012847,0.0033747,6.2348e-05
0.0011394,0.0014949,0.0051694,0.0062203,0.00034258,0.010391,0.0021043,0.001528,0.00069781,0.0032675,0.16597,0.00018117,0.0017699,0.0036621,0.00014209
0.00020096,0.038611,0.0010432,1.869e-05,0.0016156,0.0012706,0.0032542,0.0006312,0.00028108,0.00056155,0.0027133,0.014926,0.13787,0.0026781,0.00043912
0.026943,0.022997,0.0022606,0.00043732,0.0008316,0.0094947,0.0015543,0.00047146,0.0052148,0.012164,0.0011041,0.00013468,0.0010056,0.048231,0
0.00060397,0.00066532,0.0016137,0.00096232,0.025923,0.0011209,0.0013311,0.002086,0.0015056,0.00099615,0.059223,0.015011,0.0014167,0.027058,0.00014001
7.4899e-06,4.7107e-07,2.6855e-06,6.0285e-06,0.00010093,1.2029e-06,1.1022e-05,4.3676e-06,2.9406e-07,6.9474e-08,1.132e-06,2.5308e-07,9.5381e-07,0.71432,0.15666
0.0018265,0.0015595,9.9542e-05,0.0019934,0.025972,0.0091355,0.0085511,0.0080736,0.0055789,0.003409,0.0016293,0.00088671,0.0073087,0.031331,1.3995e-06
0.00038594,0.066488,0.0058512,0.023833,0.0029762,0.004367,0.023507,0.00070154,0.0015255,0.0079096,0.0011946,0.00045142,9.5827e-05,0.0020669,1.3126e-05
0.0038205,0.00053366,0.0090898,0.0078365,0.00033255,0.0015884,0.044834,0.00040771,0.023006,0.0018125,0.0014341,0.0065063,0.013546,0.0025341,0.00013594
0.0061967,0.0068642,0.016479,0.0047666,0.0083539,0.0028423,0.020711,0.0073053,0.00058501,0.0013836,0.0025468,0.0061715,0.0012682,0.0050795,0.00014556
0.003547,0.0026917,0.00039726,0.043354,0.018459,0.0029273,0.007512,0.0067308,0.0012626,0.001588,0.015056,0.00021968,0.0092708,0.00074318,0.0024409
0.0011065,0.0007233,0.0045247,0.00095503,0.0015096,0.00057907,0.064954,0.0010178,0.00059159,0.1365,0.00069276,0.00025213,0.001412,0.00343,0.00037362
0.00025664,0.00033395,0.0036497,0.0048828,0.00098007,0.0052522,0.0022773,0.0013913,0.0091492,0.00065115,0.00045581,0.048884,0.082421,0.00081563,0
0.00040297,0.0011874,0.075383,0,0.038907,0.0046338,0.0014693,0.0011164,0.013799,0.015726,1.8866e-06,0.00082633,0.00094876,0.0059437,7.2041e-05
0.0028746,0.0023755,0.014993,0.029221,0.0095276,0.014224,0.0015432,0.0014292,0.0010899,0.0057692,0.00087668,0.0051464,0.0078727,0.0035813,6.7058e-08
0.00020716,0.00080494,0.00063493,0.0012404,0.00016127,0.00021536,0.00031847,0.0010202,0.10635,0.00114,0.052746,0.0077873,0.01642,0.0051742,1.8727e-07
0.093958,1.5525e-08,0.005489,0.0023793,0.00073222,0.0041814,0.0010365,0.00025109,0.073135,0.001256,0.0016115,0,0.0064304,0.0022083,0
0.00023012,0.00095703,0.0020482,0.002263,0.00015573,0.0078285,0.0016073,0.0023139,0.002084,0.077526,0.065674,0.00036983,0.00096439,0.0092013,8.9855e-05
0.0050727,0.0076768,0.00030166,0.056695,0.0091935,0.003226,0.0095873,0.0069488,0.0020056,0.0022042,0.0018002,0.00069151,0.0026257,0.0078385,0.00012484
0.00017855,0.0012786,2.9302e-05,0.0008254,0.00041473,0.0013444,0.0017237,0.00054932,8.2065e-17,0.35554,0.0011723,0.0068038,0.00098362,0.0066499,0
0.0073277,0.00037934,0.00027144,0.00063919,0.0019924,0.050591,0.0039781,0.0029726,0.0056396,0.001551,0.002045,0.0064745,0.020303,0.016117,0.003826
0.0039062,0.014274,0.051137,1.561e-14,0.0021385,0.012226,0.0055368,0.0027553,5.4503e-06,0.014217,0.00062524,0.00068941,0.0075518,0.0079801,3.1838e-07
0.024276,0.0022768,0.0056415,0.0069803,0.0016843,0.0096295,0.0043608,0.0021701,0.0011063,0.0045487,0.014456,0.00067565,0.0073315,0.008037,6.6264e-08
0.0053327,0.0052522,0.00071195,0.0081291,0.0063172,0.0027521,0.0031716,0.007258,0.0025297,0.011106,0.0022823,0.0076792,0.019991,0.0033921,8.3709e-05
0.0079474,7.9501e-05,0.00060831,0.0079143,0.0021209,0.0016392,0.0017665,0.001685,0.010073,0.0013079,0.0048191,0.0028796,0.099167,0.0075716,0
4.9968e-05,0.0073413,0.0049269,0.0068291,0.0096259,0.0022963,0.0042408,0.057928,0.0017679,0.0018566,0.001309,0.0071586,0.0091505,0.0037449,0.002191
0.0061485,0.00066635,0.047657,0.0047615,0.0094044,0.043623,0.0015769,1.8027e-06,0.0048762,0.001252,4.5935e-05,0.00827,0.001069,0.0038342,0.00232
0.0031411,0.0033114,0.0022715,0.0029565,0.0067649,0.0013453,0.039263,0.0037731,0.0036158,0.00048486,0.030326,0.00016433,0.010489,0.003682,1.965e-05
0.0020977,0.0001563,0.0051608,0.0020206,0.0021527,0.012546,0.015443,0.002605,0.0064486,0.03327,0.0080913,0.00015843,0.010222,0.0042107,0.00050275
0.0060689,2.3093e-05,0.0024222,0.00099335,0.00097442,0.0078759,0.0013843,0.0028182,0.0036966,0.053994,0.0013684,0.0051993,0.0088712,0.026434,5.2493e-05
0.035046,0.0032868,0.0060865,0.0093391,0.0022563,0.0129,0.0058506,0.0029075,0.0014822,0.0060945,0.001235,0.00056466,0.0030994,0.0079572,0.0030753
0.0003331,0.0023479,0.0010959,0.019798,0.00049297,0.057166,0.0055721,0.0014955,0.00058951,0.0014055,0.011743,0.019705,0.0012763,0.0051118,9.4666e-06
0.0004705,0.022392,0.0071081,0.00021546,0.012656,0.0018246,0.0024131,0.003706,0.0026993,0.0018065,0.0069311,0.012447,0.029641,0.0019313,9.0334e-08
0.0022235,0.0029211,0.010006,0.011687,0.0013335,0.012234,0.0047099,0.01096,0.0035653,0.020097,0.0064941,0.00067143,0.0033415,0.0037827,4.6333e-06
0.00015239,0.00021956,0.00096671,0.0002238,0.0096397,0.0076057,0.0033387,0.010795,0.003439,0.00017238,0.004239,0.058693,0.026208,0.0057907,0
0.00085113,0.026822,0.0028,0.0014045,0.00054004,0.0017465,0.0068851,0.0065287,0.00090086,0.0013991,0.00070904,0.0003034,0.043807,0.00081553,0.1785
0.0044875,0.0050332,0.0011862,0.0032383,0.0075256,0.033387,0.0075842,0.0036014,0.0015108,0.014532,0.0014214,0.0053002,0.0034781,0.0038173,7.3256e-05
0.033353,0.0036057,0.0030712,0.0012422,0.0068165,0.030256,0.0018994,0.0059012,0.0041378,0.0011498,0.0021751,0.0085567,0.0010832,0.0038854,0.0023355
0.0032835,0.0020603,0.0014363,0.0017771,0.0030161,0.075178,0.0045453,0.0042972,0.0012858,0.0019416,0.014897,0.00022823,0.0073485,0.0082636,7.3322e-06
0.0017775,0.0013555,0.0057558,0.0016258,0.0072977,0.005128,0.026102,0.0044006,0.0011653,0.0021536,0.013235,0.027208,0.0016178,0.0042391,5.3801e-13
0.00049008,0.040915,0.0043907,0.0093455,0.021511,0.01671,0.001663,0.0017289,0.0014005,0.0016131,0.0031123,0.0031587,0.0020411,0.0037806,0.00023277
0.0015212,0.0019959,0.0072641,0.0017412,0.00046611,0.0035043,0.0015121,0.00033734,0.0023522,0.0010791,0.117,0.00012771,0.019942,0.015839,0.00073106
0.0001497,0.00041503,0.0011616,0.0010273,0.00056832,0.029174,0.00020177,0.076611,0.054628,0.00094975,0.0085708,0.00036772,0.001364,0.0026723,0.00092665
0.0010638,0.00010015,0.0029107,0.018726,0.0030983,0.0039978,0.0086116,0.0055991,0.0012474,0.0087995,0.0013479,0.018204,0.00072327,0.038381,0.0025626
0.0029874,0.004237,0.00090707,0.0065797,0.002525,0.0019515,0.0021319,0.0020094,0.0041018,0.00061238,0.003632,0.001314,0.085023,0.0061858,0.06439
0.00047931,0.0013483,0.056977,0.0079474,0.0019177,0.0030875,0.0084311,0.0022492,8.3095e-06,0.025603,2.5467e-06,0.0084039,0.0078473,0.007398,6.752e-08
0.019307,0.0020988,0.19927,0.0025874,5.818e-05,3.733e-05,0.0055371,8.2906e-06,0.015358,0.00074119,6.2281e-05,0.00039024,0.0014125,0.0029298,0.015438
4.2071e-05,0.01524,0.011577,0.0002884,0.0041111,0.0016875,0.0021927,0.0049183,0.048063,0.0033978,0.0015558,0.00066434,0.0084832,0.015813,0.00013652
0.00045631,0.0019855,0.0010565,0.0020629,0.0035121,0.00060871,0.0006914,0.0010619,0.00077342,0.00051772,0.07763,0.010603,0.022512,0.026858,0.00095613
0.01469,0.0015262,0.00091296,0.0018074,0.0019351,0.018396,0.0017239,0.056997,0.001639,0.00045531,0.014314,0.0080734,0.0017182,0.00083363,0.0024475
0.0032783,0.0083938,0.037463,0,0.0015094,0.0066903,0.0062485,0.003206,0.0070223,0.02106,0.0041848,0.00027767,0.0083521,0.0007328,0.0081807
0.0066375,0.0006463,0.00045996,0.00044939,0.00035381,0.0015735,0.0024474,0.0038961,0.00033247,0.0063548,0.11439,0.002462,0.001313,0.028814,0.018558
0.0045666,0.00028901,0.0049585,0.0043186,0.094862,0.013329,0.0039358,0.0013973,0.011259,0.0018114,0.0012456,0.0014656,0.001026,0.0021803,0
0.0086889,0.0088108,0.0008173,0.001478,0.0034057,0.0025153,0.018596,0.0011959,0.0072764,0.034289,0.00035024,0.0086487,0.0035392,0.0042063,0.0011129
0.00023669,4.4627e-06,0.00049277,0.0004534,0.00059818,0.0012707,0.017468,0.0016052,0.00085127,0.069033,0.00072386,0.014421,0.011422,0.035318,0.0025806
0.023714,0.0091644,0.012927,0.0025773,0.0011721,0.0098142,0.0019658,0.020246,0.00032129,0.0006593,0.0013274,0.0069319,0.003918,0.0056895,9.9914e-05
0.00013341,0.016084,0.0013658,0.0016927,0.00017166,0.0010571,0.00094018,0.0061557,0.0031498,0.0073956,0.11775,0.00026636,0.010797,0.0044158,2.1364e-05
0.00021726,0.0010259,0.0067116,0.0010815,0.00069896,0.00058636,0.0014056,0.0067375,0.003806,0.00087264,0.00038949,0.030955,0.037507,0.053553,5.8717e-05
0.0050077,0.00062599,0.0005406,0.0040771,0.00020715,0.0018679,0.053517,0.0055715,0.0068721,0.00010207,0.00082787,0.0052787,0.011831,0.034593,0.0026023
0.00019814,0.046801,0.0012035,0.00023282,0.00053203,0.0055004,0.00074662,0.0023867,0.0032857,0.0072512,0.00069014,0.098338,0.0014536,0.0058848,0.00043895
0.0025292,0.0068335,0.0044889,3.6655e-05,0.00030334,0.0023824,0.0028899,0.092969,0.00031265,0.041037,0.0010712,0.0016674,0.0016754,0.0057008,0.00093349
0.00047785,0.0014088,0.00514,0.034502,0.0057084,0.0073658,0.015866,0.010316,7.046e-05,0.0019471,0.00090078,0.0013225,0.00073024,0.034993,0.0025509
0.11155,1.0694e-07,0.0021134,2.0335e-10,0.0017472,0.0033165,0.00090504,0.00025296,0.0060103,0.011394,0.00084478,0.0011528,0.04875,0.0021465,6.0416e-07
0.00032903,0.055139,0.0045558,0.0047243,0.00093911,0.0035355,0.0041163,0.0003902,0.0073998,0.013689,0.0011066,0.0067198,0.0111,0.0040383,0.00023303
9.4567e-05,1.5142e-05,0.00016216,0.00015672,0.00022779,0.00031247,0.00015227,9.9212e-06,0.00019157,2.7375e-07,1.8843e-05,4.3073e-06,1.5795e-05,0.8369,0
9.0034e-06,0.00059634,0.001722,0.010387,0.018747,0.01729,0.0024963,0.011077,0.0013328,0.0051531,0.0015918,0.0072182,0.0068905,0.016216,0.00056965
0.0046671,0.0047326,0.00043901,0.00079389,0.0018294,0.0048127,0.083356,0.0016869,0.010085,0.0056433,0.00034995,0.0086416,0.0035376,0.0045076,0.0011149
0.00013341,6.0764e-05,0.0006137,0.00012691,0.00013552,0.049233,0.0004355,0.069553,0.0072141,0.0015253,0.0063561,3.3084e-08,0.0015443,0.048934,3.3949e-07
4.2986e-05,0.0028472,0.0082216,0.0023393,0.025427,0.008855,0.0026493,0.0026711,0.0063028,0.0052202,0.0016125,0.00047738,0.018746,0.016128,0.00060553
5.2993e-06,3.4499e-06,8.1666e-05,0.01234,0.0027291,0.0018543,0.00068451,0.0073547,0.00040313,0.00032775,0.0040622,9.7059e-05,0.30189,0.0036108,6.8386e-08
0.0072758,0.0010163,0.017235,0.014889,0.00063184,0.0030237,0.006127,0.00039312,0.022183,0.0017476,0.0033207,0.0047803,0.01338,0.0025031,0.0093617
0.0055913,0.015501,0.0026912,0.015672,0.00055657,0.0080897,0.004162,0.08956,8.2895e-09,0.00056717,0.0016066,0.00033462,0.0017468,0.0040375,0.00088339
0.0039468,0.0023414,0.0012246,0.0018908,0.0058708,0.0042195,0.0015539,0.020757,0.00079957,0.0089913,0.012066,0.028847,0.0034719,0.0031756,1.8596e-06
0.0011146,0.00073399,4.914e-05,0.01085,0.00024202,0.1626,0.00056972,0.0038426,0.0078698,0.010715,0.0041819,0.00030746,0.0012873,0.0034214,0.0023874
0.011605,0.0044848,0.0063259,0.00342,0.00066814,0.011408,0.0013008,0.013397,0.00052251,0.00040215,0.028025,0.0068859,0.0038577,0.0056019,0.00010054
0.0047577,0.00037276,0.00095199,0.038245,0.014809,0.0041024,0.015087,0.015487,0.0008263,0.010874,0.0037663,0.0012318,0.0015344,0.00075817,0.002333
0.0041663,0.00036952,0.012559,0.010231,0.0032024,0.0028269,0.0028741,0.0080829,0.0043154,0.003841,0.0015017,0.0053678,0.0078109,0.026807,0.0037798
0.0043224,0.00024848,0.0067651,0.0016372,0.0011499,0.0029177,0.0011654,0.0034581,0.014429,0.0023028,0.00029858,0.039579,0.019969,0.015634,4.7683e-05
0.00036654,0.00016128,0.00098287,9.0979e-06,0.006037,0.22697,0.00075076,0.00060051,0.009135,0.00076,0.0075294,0.0057288,0.0014635,0.0026269,4.9549e-05
0.0021305,0.001212,0.00020481,0.022807,0.0098936,0.0015482,0.0039729,0.0021908,0.0045283,0.014291,0.033709,0.00026115,0.0086402,0.0030226,0.0081966
0.003362,0.0004382,0.0016179,0.023572,0.0040898,0.005593,0.0066952,0.03385,0.0088948,0.0020923,0.0016891,0.0016701,0.0025259,0.0074076,0.00013558
0.0044485,0.0025398,0.0003494,0.0028132,0.0040374,0.087887,0.0069661,0.012671,0.00010128,0.0023752,0.00319,0.013348,0.0002507,0.0038164,7.7044e-06
0.01774,0.00092434,0.00058797,0.0021542,0.00055161,0.0010819,0.0011789,0.0034303,0.014313,0.0012413,0.00054004,0.042114,0.019836,0.015531,4.8866e-05
0.00031614,0.0014879,0.0097441,0.0015739,0.0010153,0.0008517,0.0041227,0.011063,0.0062493,0.0014328,0.00063952,0.046651,0.00040724,0.052393,4.9698e-06
3.299e-05,0.016699,0.10168,0.0013378,0.01216,3.1269e-05,0.0042044,0.0012677,0.0043267,0.00054975,4.3562e-05,7.9414e-05,0.024624,0.0028194,0.015111
0.00064003,0.00039311,0.0046742,0.00055696,0.0017281,0.044049,0.0034914,0.0025909,0.0048894,0.001351,0.025613,0.0078792,0.011422,0.0035776,0.025369
0.0012453,0.0032865,0.002118,0.0010061,0.00024732,0.02868,0.0032061,0.0017999,0.00044042,0.00077719,0.0064931,0.010886,0.075696,0.0051334,0.00011731
0.0057275,0.00074652,0.0027141,0.043264,0.0079362,0.010092,0.012081,0.00012796,0.0094196,0.002134,0.0016885,0.0015935,0.0025203,0.0075951,0.00013557
5.5483e-06,0.0071953,0.0003222,0.0031308,0.0010679,0.0077879,0.0013426,0.0005202,0.0030025,0.0032955,0.087861,0.016547,0.0095016,0.0046724,2.5774e-07
0.0017934,0.0088526,0.00010442,0.0023562,0.00066591,0.015001,0.0064231,0.0024193,0.00018971,0.00079705,0.046588,0.0069803,0.028763,0.0030793,1.33e-05
0.0024118,0.00024907,0.031871,0.012442,0.0020277,0.0046271,0.002564,0.024549,0.0015368,0.00043275,0.0011237,0.0049398,0.0012925,0.0286,1.9926e-09
0.00083379,0.0030625,0.00047375,0.029553,0.0021449,0.0019818,0.0027471,0.0032417,0.0026333,0.03163,0.0080152,0.0066061,0.001241,0.017768,0.00013556
0.00020483,0.020942,0.0022048,0.0046929,0.010802,0.0083908,0.00083507,0.0037171,0.00078965,0.0009095,0.0018662,0.0018166,0.0011565,0.0021421,0.25153
0.0014171,0.00010509,7.4723e-05,3.7519e-06,0.00012613,0.00024101,0.0083969,0.0001446,0.00060613,0.00011448,0.40293,0.0016043,0.010017,0.00213,0.0017342
0.022186,0.0021072,0.054081,0,0.001565,0.00019633,0.0072617,0.0049891,6.8813e-06,0.011595,0.00052442,0.013053,0.010901,0.0021961,0.0024185
0.0026664,0.0037667,0.0041968,0.0074385,0.050446,0.0029613,0.014336,0.0060617,0.00028228,0.0014804,0.009059,0.0032599,0.0015418,0.0025886,3.1863e-05
3.1637e-06,0.00045034,0.00069158,0.00025412,0.00068446,0.001632,0.02062,0.0024282,0.0010958,0.085016,0.0099231,0.008125,0.015868,0.0053259,0.0025194
0.00013747,0.0001264,0.0022622,0.2431,0.0018349,0.011182,0.006954,2.4257e-06,1.0676e-05,0.00035353,0.0013769,0.0078423,0.0012768,0.0037432,0.00013197
0.0053482,0.00052632,0.00083949,0.035979,0.013792,0.0089073,0.0010197,0.0010858,0.00089185,0.010655,0.0016795,0.0019642,0.0014784,0.039642,0.00021757
0.0019918,0.0073272,0.0011227,0.0027595,0.03913,0.010155,0.0045988,0.0022885,0.0011622,0.0058576,0.0086486,0.0006824,0.007475,0.00804,0
0.0071501,0.0029527,0.00036165,0.0016131,0.0011494,0.0066153,0.046079,0.0020815,0.005988,0.0054811,0.0069529,0.0027927,0.010575,0.0060474,1.6789e-05
0.01537,0.0046428,0.0071189,0.00024098,0.0041879,0.0018266,0.0086753,0.0041337,0.0062598,0.00263,0.00093494,0.011046,0.0032013,0.026351,0.00024654
0.0038522,0.0016182,0.013535,0.0061882,0.00062296,0.0029154,0.0069588,0.022786,0.0072591,0.00036387,0.0084311,9.754e-05,0.024787,0.0043773,2.0587e-05
0.00036643,0.00053779,8.8649e-05,1.5024e-05,0.0055625,0.0045656,0.0019528,0.0026077,0.0021888,0.0029051,0.024649,0.051303,0.0057108,0.03727,7.9811e-06
0.0025897,0.0033296,0.011548,0.011164,0.0038193,0.025767,0.0010438,0.0035217,1.1952e-05,0.00012519,0.011687,0.00027247,0.055383,0.00075902,0.0084061
0.00059741,0.041208,0.012414,0.0067457,0.0063954,0.0037914,0.0086161,0.00072389,0.010826,0.00046739,0.0014107,0.0085476,0.0012977,0.0034087,6.2662e-05
0.0099649,0.0039249,0.0010672,0.0040989,0.0096152,0.042658,0.016654,0.0050367,8.2096e-06,0.0014846,0.0014211,0.0052989,0.0034772,0.0038164,0.00032309
0.00061813,0.0017013,0.062938,0,0.0044481,0.0086079,0.00085968,0.00070768,0.0072214,0.02418,1.3637e-06,0.00059688,0.0013003,0.031389,0.018683
8.8252e-05,9.5643e-06,0.00076188,0.15,0.00024265,0.0058755,0.00070924,6.5251e-07,5.2399e-06,0.010324,4.6789e-05,0.080077,0.0096912,5.8446e-06,0.0027614
0.017063,0.0016614,0.0011824,0.0063179,0.0012874,0.0057256,0.0022079,0.052353,0.0014216,0.01319,0.0035504,0.0033712,0.0014393,0.0033367,1.5362e-06
0.0022953,0.00022733,0.00054341,0.0024223,7.2304e-05,0.00039313,0.0036464,0.29977,0.014199,0.0015377,0.0028716,0,0.0013857,0.00053636,2.0272e-06
0.0051514,0.00028833,6.2057e-05,0.001023,0.022657,0.023931,0.010247,0.0038597,0.00068114,0.0013078,0.0010729,0.013388,0.02832,0.0029554,1.2916e-05
0.01212,0.0077294,0.0018747,0.014645,0.0015186,0.0038796,0.00039331,0.0031249,0.0078954,5.1483e-05,0.00046936,0.0046843,0.071395,0.0026183,0.00026108
0.0041051,0.0026186,0.066543,0.024375,0.0032673,0.0044155,0.0020129,0.0076324,8.6929e-06,0.0021989,0.004139,0.0017662,0.0022702,0.0026183,0.00014956
0.0053864,0.00062238,0.00010076,0.0025315,0.0042046,0.013567,0.0022348,0.042173,0.0036831,0.0036834,0.0028688,0.010424,0.0011441,0.021946,0.00013295
0.018721,0.018895,0.0049448,0.00033305,0.012084,0.0042627,0.0011205,0.0047686,0.0014699,0.01535,0.0019533,0.0060676,0.0010403,0.0071021,0.00023886
0.00015459,2.1036e-05,2.4493e-05,0.037582,0.00040784,0.0027001,0.068785,0.0075394,0.0036083,0.00093195,0.0017605,0.0073215,0.015823,0.0038349,0.0023356
0.02272,0.016708,0.018634,0.00053894,0.0011988,0.0045162,0.005164,0.00053869,0.0097234,0.0005408,0.0010444,0.0065049,0.012235,0.0036808,0.00023377
0.0026183,0.010725,0.049088,0,0.0064432,0.012345,0.0041623,0.01515,0.00097951,1.8535e-05,0.0051306,0.0082441,0.00192,0.001942,6.6584e-08
0.00077084,0.00054912,7.3316e-05,0.00097612,0.0086389,0.001096,0.00073684,0.00079427,0.0045166,0.010677,0.010421,0.0098403,0.00065011,0.0015628,0.34679
0.00036499,0.017841,0.0015362,0.0037919,0.00057401,0.0053075,0.0017845,0.001778,0.0074636,0.0034789,0.0081077,0.0019731,0.059705,0.0019897,0.025158
0.00098631,0.0039262,0.064072,0.005704,0.0024328,0.0035734,0.0052082,0.010628,0.0018391,0.0024996,0.001794,0.0073847,0.0031587,0.0044277,2.0715e-07
0.022788,0.0016999,0.0093473,0.020127,0.002526,0.0037103,0.0054077,0.011035,0.0023852,0.0031449,0.0012896,0.0077218,0.0012647,0.0044305,0
0.01947,0.0018637,0.0014104,0.00023581,0.00062898,0.0032798,0.001639,0.0021559,0.0003149,0.0038493,0.0013245,0.0015504,0.0010194,0.024902,0.28641
0.004642,0.0039635,0.0003598,0.0057719,0.00023419,0.0059403,0.0019122,0.0019537,0.0027734,0.0016263,0.00080407,0.067771,0.0073492,0.027955,0.00052377
0.0016541,0.0023831,0.010344,0.0024108,0.00040697,0.017565,0.0073845,0.0090543,0.0064191,0.00032165,0.0078373,8.6723e-05,0.021584,0.014531,2.0532e-05
0.005635,0.0048539,0.0046142,0.00013949,0.04136,0.0054077,0.00097574,0.02758,0.0056041,0.0015401,0.001366,0.0075038,0.0015402,0.003716,5.2783e-06
0.00042244,0.071203,0.0058806,0.0060981,0.0012122,0.0045636,0.0052214,0.00050263,0.0095148,0.00054308,0.0010488,0.007347,0.011017,0.0036889,0.00023305
0.0012864,0.0047323,0.016978,0.0049634,0.0011977,0.0068472,0.000662,0.0076574,0.00085556,0.0094383,0.00060303,0.045404,0.0084407,0.0019747,6.6275e-08
0.0021105,0.00011822,0.016478,0.0079257,0.00077757,0.0057218,0.0045624,0.0018613,0.0033852,0.0019602,0.0083938,0.002061,0.0094079,0.0057949,0.15237
2.3593e-05,0.010395,0.013295,5.8327e-05,0.0020097,0.00072389,0.0003555,0.0086542,0.0038877,0.0035137,0.001747,0.0039119,0.096161,0.0080726,1.0234e-06
0.0047717,0.0033006,0.01564,0.018332,0.0014253,0.018451,0.0045411,0.015675,0.0058867,0.0030678,0.0035383,0.00072078,0.0035871,0.00031083,2.2696e-06
4.9052e-06,0.00083186,8.1555e-05,0.12514,0.001358,0.032444,0.0028974,0.0016263,0.00407,0.0011332,0.0021408,0.0089027,0.0015312,0.0038441,0.0023384
0.00030435,0.12147,0.0020651,0.00086516,0.00049253,4.9531e-05,0.0059446,0.0052611,0.001148,0.0059735,0.013385,0.00079957,0.0096199,0.0037247,0.00033108
0.0030947,0.00044506,0.0040806,0.0036297,0.082191,0.011675,0.0033647,0.0011945,0.009625,0.0015486,0.0010648,0.0013745,0.010651,0.0021802,0.0002467
0.0001179,0.00012345,3.4503e-05,0.00020557,9.3157e-06,1.1834e-07,7.3959e-06,6.6455e-05,3.4065e-05,1.9412e-05,0.0002548,5.198e-05,0.00032776,0.86733,0.00012697
0.0073594,0.0053113,0.00055762,0.0044567,0.003038,0.0054809,0.0083181,0.0031653,0.042822,0.0028095,0.0093794,0.0040153,0.00076933,0.003637,0.00024847
0.016276,0.00078418,0.0080759,0.034269,0.010085,0.0054361,0.0029066,0.0059746,0.001941,0.0021726,0.0018979,0.00334,0.001047,0.0069766,9.623e-05
0.00042448,0.00018705,0.00029021,0.086042,0.0042887,0.00279,0.0008801,0.0029099,0.011042,0.0017326,0.001046,0.0002391,0.054797,0.0038646,0.00035519
0.0053336,2.4863e-05,0.0021552,0.00088387,0.00016583,0.0054277,0.00067675,0.0012711,0.0023321,0.035172,0.060532,0.0079067,0.011237,0.0035011,5.4822e-05
0.018375,0.0029576,0.002065,0.012083,0.0031508,0.0033954,0.012831,0.00045867,0.008824,0.0043314,0.00046287,0.00023137,0.00089356,0.0018273,0.1852
6.053e-05,0.00028522,0.0018672,0.098412,0.0052574,0.0029335,0.0010462,0.0084226,0.01384,0.0058741,0.0014873,0.00031943,0.0084958,0.0038655,0.00035523
0.00034531,0.22397,0.0089054,0.0013699,0.0045008,6.2621e-05,0.0022099,0.001451,0.00044744,0.0019086,4.5593e-05,0.0085744,0.0019197,0.0029656,0.0024519
0.00075506,0.0027776,0.010145,4.6016e-11,0.00039539,0.0023879,0.0001866,0.0026396,0.002154,0.0040836,0.025975,0.034417,0.04859,0.0019755,6.629e-08
0.007676,0.00072532,0.00090834,0.0032186,0.002718,0.0013444,0.0010866,0.0010581,0.00019836,0.0020118,0.10862,0.0011189,0.0034161,0.01532,0.076237
0.0027165,0.00017192,0.0024301,0.00090522,0.039218,0.0055985,0.00092265,0.0034106,0.058434,0.010384,0.0039953,0.0014403,0.00099341,0.002139,0
0.0004346,0.00012522,0.00080316,0.00082613,0.0070778,0.0014581,0.0014577,2.9383e-05,0.062982,0.00089155,0.080946,0.019424,0.0018447,0.00092907,0.00013412
0.0017729,0.00080586,0.0086634,0.0028799,0.0067557,0.029971,0.011701,0.0035388,5.7681e-06,0.0010486,0.00099869,0.003724,0.0024831,0.048977,0
0.00039699,0.00024917,0.0060194,0.0012951,0.004013,0.0026905,0.00099319,0.0010299,0.00039491,0.00032107,0.0039787,9.5077e-05,0.30695,0.003611,6.8389e-08
0.0010667,0.00039865,0.00012126,0.00038294,0.012445,0.03824,0.0077601,0.00083736,0.00093515,0.00028556,0.0016818,0.0036889,0.00061898,0.0023972,0.30264
0.0016369,0.010003,0.0069153,0.012578,0.0013043,0.0033321,0.0003378,0.0026839,0.0067811,4.4217e-05,0.00045741,0.0040316,0.06157,0.0021801,0.073994
0.00049662,0.00031332,0.00039487,0.18487,0.00043565,0.0028596,0.0012637,0.041034,1.511e-05,0.0018232,0.0043312,0.0004434,0.0014912,0.0067525,0.00042051
0.0076128,0.0066101,0.0071253,0.00021266,0.0037754,0.0021826,0.0088008,0.00028526,0.033989,0.013924,0.0022654,0.0089376,0.00090176,0.0043798,5.4989e-07
0.0017015,9.7512e-05,7.2214e-05,0.00038943,0.0083954,0.00039881,0.0019361,0.0014518,0.00070888,0.067792,0.0010869,0.00013944,0.00055661,0.054469,0.17609
0.0026623,0.0020302,0.00046335,0.00094705,0.004251,0.0029871,0.015205,0.0025614,0.00067876,0.0012544,0.0077089,0.015645,0.070552,0.0043088,0
1.5284e-05,0.0055366,0.0041583,0.00010424,0.043991,3.0402e-05,0.0012807,0.0027761,0.044128,0.0062179,0.013933,0.0012659,0.010165,0.0022199,0
0.094325,1.8833e-08,0.0055109,0.0023048,0.00073218,0.0049935,0.0010604,0.054393,0.014653,5.5661e-06,0.0017671,0,0.0070511,2.2498e-07,2.6108e-06
0.012564,0.0092013,0.0029821,0.00016303,0.011395,0.002762,0.0051865,0.0027385,0.0055478,0.0051757,0.0082015,0.0039082,0.010931,0.0060459,0.00013134
0.0018575,0.0011846,0.025881,0.0093019,0.0031157,0.0019591,0.0059242,0.0039261,0.0003359,0.0011707,0.0056128,0.03281,0.011476,0.0026043,0.0018889
2.1979e-05,2.2554e-06,0.00029412,0.025683,0.010313,0.0023577,0.0013036,0.0018097,0.00051531,0.00016043,0.030075,0.037133,0.035492,0.0028048,8.0604e-05
0.00010086,0.0049298,0.00042448,0.0022059,0.020327,0.0057034,0.0075037,0.0023635,0.0099217,0.0046489,0.0070769,0.013957,0.0074388,0.0057363,0
0.0031063,0.0039279,0.013697,0.015999,0.0018255,0.016747,0.0012244,0.012872,0.0048341,0.0025193,0.020293,0.00072067,0.0035866,0.00031078,2.0845e-06
0.00075443,0.00049681,3.2444e-05,0.0073248,0.00016339,0.10977,0.00038464,0.0023239,0.00473,0.0070773,0.0027814,0.00020335,0.0025266,0.0023815,0.17104
0.0026471,0.0042555,0.014459,0.0032229,0.0002565,0.0049443,0.0021888,0.0055191,0.0064189,0.060296,0.00093312,0.0077574,0.0014855,0.0035395,4.1298e-06
0.0011649,0.00074289,0.01487,0.0084533,0.00087655,0.019592,0.00036217,0.0010961,0.0067048,4.372e-05,0.004763,0.0046486,0.070851,0.0026175,0.00026013
0.00082317,0.0010583,0.00015074,0.0029851,0.00011236,0.0037794,0.0012675,0.00077442,0.0053644,0.0021234,0.064254,0.011465,0.0071697,0.0037561,0.14595
0.072433,1.3942e-09,0.0017334,0.0002894,0.003751,0.0024415,0.00083085,0.0026844,0.0091957,0.010931,0.0014956,0.001216,0.061926,2.6038e-09,0.00041329
0.0016291,0.00016135,0.00038569,0.0017192,4.9087e-05,0.0002783,0.0026027,0.21269,0.0098281,0.0060486,0.0024721,0,0.020925,0.00053679,2.028e-06
0.0016585,0.00013347,0.0042334,0.0015584,0.024486,0.0039759,0.017302,0.0035038,0.00046879,0.03392,0.0082895,0.0055968,0.0013684,0.0037154,0.00011459
0.0018137,0.013509,0.005291,0.0078989,0.011139,0.0036061,0.014334,0.0048875,0.00045521,0.0091693,0.0012741,0.005199,0.0032827,0.0069476,0.00022678
0.00016499,1.5167e-05,1.8363e-05,0.00073655,0.00016639,5.7005e-05,0.033426,0.00053845,0.00048066,0.24669,0.0020121,0.0059336,0.0010319,0.0068911,0.0001252
0.00076223,0.0004336,9.2244e-05,0.0084612,0.0036705,0.00064777,0.022584,0.0016479,0.0033275,0.010617,0.025043,0.018063,0.0086211,0.0030143,0.0081853
0.073181,0.0072479,0.017325,0.0026821,0.0012345,0.0062493,0.001628,0.00038807,0.011834,0.0072828,0.0015472,0,0.00688,0.00059925,2.0468e-06
0.00016926,0.0078266,0.0091511,0.0064379,0.003344,0.023307,0.0039948,0.0015558,0.013788,0.0064572,0.0038494,0.00082643,0.0095097,0.0046947,2.5788e-07
0.013081,0.011358,0.00114,0.0020615,0.0047503,0.011773,0.013206,0.00045418,0.0087432,0.0053178,0.00032977,0.0081432,0.0033336,0.0042476,0.018854
0.0014101,0.0015534,0.00043375,0.0011226,0.030242,0.0013076,0.0034031,0.003019,0.0019626,0.0013114,0.077251,0.01958,0.001848,0.0020204,0.00014061
0.00056086,0.00082314,0.00013569,0.00028756,0.011789,0.0096764,0.0041389,0.0046798,0.0045839,0.0060003,0.00095047,0.060221,0.0070002,0.013908,7.9645e-06
0.0245,0.0019378,0.001619,0.0015933,0.0012466,0.0036191,0.0028313,0.0024885,0.0007397,0.025492,0.0054377,0.0040293,0.0013073,0.028648,0.018505
0.00055723,0.0024787,0.0050021,6.03e-05,0.001096,0.0010589,0.00025165,0.0045424,0.0058668,0.002158,0.12956,0.0048537,0.0064584,0.0105,0.00022803
0.0062443,0.0026231,0.02116,0.0098405,0.00099061,0.004636,0.011066,0.036234,0.011543,0.00057863,0.0010301,0.00013064,0.0012913,0.0037031,2.0394e-05
0.0025283,0.0014881,0.0019495,0.0041374,7.3483e-06,0.054108,0.0043406,0.0026379,0.0055587,0.0013425,0.010782,0.0080876,0.01134,0.0035453,0.024598
0.034194,0.00065115,0.0033304,0.0016705,0.00052558,0.0018433,0.0079726,0.0075598,0.0010431,0.0001768,0.0007516,0.014211,0.0070571,0.00080464,0.18319
0.01211,0.0011401,0.0078664,0.00026275,0.00070084,0.0036545,0.0044562,0.0027169,0.0043049,0.00094959,0.039172,0.0012133,0.0011942,0.047515,0.0001448
7.115e-05,0.034554,0.044657,0.00055289,0.0012672,0.0020609,0.0089586,0.0048723,0.00045344,0.0091283,0.0012699,0.0051689,0.0037619,0.0069451,0.00022731
3.0701e-05,0.00021243,0.0080008,0.023856,0.0026825,0.0015305,0.0027788,0.00074774,0.00029479,0.012976,0.017119,0.029514,0.010355,0.0051866,7.0351e-05
1.1422e-05,0.0036208,0.00015883,0.014569,0.0065851,0.0011287,0.039353,0.0028715,0.0057982,0.0059453,0.0020771,0.018871,0.0069826,0.0030776,0.0082708
0.018272,0.007935,0.0033051,0.0016899,0.0026797,0.0027631,0.019538,0.011387,0.0065132,0.0028876,0.0017738,0.0075198,0.0015121,0.0034692,0.00010822
0.0028855,0.011009,0.0020868,0.003038,0.00086424,0.004941,0.0029358,0.013895,0.00082805,0.0033851,0.058558,0.00056172,0.0035412,0.0082264,3.406e-05
0.017052,0.0014728,0.0078792,0.00011645,0.0048784,0.010794,0.0027177,0.0042753,0.00049123,0.004021,0.00038194,0.061047,0.0046978,0.0032131,0.0012939
0.01046,0.00021651,0.0034755,2.8122e-05,0.0019761,0.0085503,0.0050572,0.0027716,9.0591e-06,0.0051699,0.11423,0.0019035,0.0015815,0.0077181,0.00086697
9.2239e-05,0.00027172,0.009849,0.0035209,0.011229,0.010736,0.00067111,0.035493,0.0093782,0.012237,0.0019063,0.00070486,0.0071522,0.0059934,0.00010744
0.00044263,0.0006093,0.00012416,9.2072e-06,0.0042714,0.18043,0.00071099,0.0018841,0.015754,0.0016827,0.0070568,0.0061331,0.00093467,0.004241,8.4633e-05
0.00031455,0.00020709,0.00055156,0.00021674,0.0082086,0.00039786,0.23809,0.0022764,0.0028857,0.0075764,0.0014082,0.00023437,0.0041461,0.003419,3.4872e-07
0.00067893,2.5302e-06,0.0034142,0.036318,0.00079149,0.005877,0.0019,0.0098018,0.0038969,0.0022565,0.029337,0.0028691,0.013096,0.0058603,5.8952e-05
0.00034201,0.0012581,0.021088,0.010837,0.0012523,0.0018394,0.0026811,0.0054707,0.009588,0.0016279,0.065212,0.0010881,0.0031936,0.0044589,2.0838e-07
0.0014722,8.241e-05,0.00015025,0.00083085,0.00042256,0.0023429,0.0033794,0.3346,0,0.00042923,0.0024232,0.00018848,0.021154,0.00053581,0.00025492
0.0024179,0.0077717,0.00040624,0.0068007,0.00029545,0.00029864,0.0014212,0.0013244,0.0010547,0.0046935,0.00022026,0.053906,0.00056138,0.077176,0.032977
0.013263,0.0075726,0.0010118,0.0083542,0.01199,0.005961,0.0060651,0.011032,8.8181e-05,0.0020221,0.010025,0.01302,0.000288,0.0037327,2.089e-05
5.6404e-05,0.0094716,0.00046589,0.0016895,0.0010974,0.0083511,0.0014397,0.00059573,0.00023959,0.0028711,0.074993,0.063911,0.0011554,0.0047483,2.5982e-07
0.0026703,0.00017661,0.0029261,0.0009442,0.045574,0.023243,0.0079565,0.0054631,0.010409,0.00044577,0.00084396,0.0014916,0.015126,0.0021854,4.3691e-06
0.0033346,0.003273,0.00035345,0.00196,0.042253,0.0035574,0.010431,0.013529,0.00078926,0.0012631,0.0017828,0.00023359,0.0009324,0.0024491,0.1763
0.00061426,0.00078866,0.0062327,0.0010665,0.0022181,0.061768,0.044723,0.007472,0.00010489,0.0024604,0.0033231,0.01088,0.00025284,0.0038416,9.6971e-06
0.001762,0.00054984,5.7508e-05,1.1992e-05,0.00086182,0.04521,0.00016573,0.12132,0.0079695,0.010824,0.0042246,0.00031061,0.0013005,0.0034564,1.19e-05
3.3511e-05,0.015509,0.021413,0.018461,0.0011664,0.0038472,0.0011064,0.00041282,0.023294,0.0018352,0.0014501,0.0065875,0.017022,0.0013461,0.00013671
4.3093e-05,0.00020348,0.0013312,0.070766,0.0037748,0.0024557,0.00076398,0.0025591,0.0090922,0.003859,0.00097706,0.00021402,0.069819,0.0039043,0.000357
0.0084221,0.0071693,0.0068573,0.0002073,0.061466,0.0045499,0.0013467,0.0075402,0.0058287,0.0016302,0.00094224,0.0076877,0.0015775,0.003806,5.3419e-06
0.0084421,0.028247,0.0044411,0.0022708,0.0039261,0.0037583,0.0010412,0.010406,0.0056639,0.0025417,0.0091646,0.0075888,0.0014562,0.003493,0.00012673
0.0026856,0.0072563,0.0047515,3.8882e-05,0.0026795,0.0033247,0.0038441,0.12872,7.9832e-05,0.0021651,0.00094753,0.0014595,0.0015005,0.022046,0.00090343
0.0018836,0.0012015,0.030533,0.035406,0.0013216,0.0029247,0.0013333,0.0044796,3.7846e-06,0.0078132,0.0034464,0.0013418,0.0017527,0.0019104,0.13988
0.0029508,0.0001653,0.018357,0.012043,0.0010093,0.007427,0.0024849,0.0021591,0.011268,0.002603,0.0054162,0.0025385,0.013198,0.0074521,0.025256
0.013727,0.0084157,0.25473,0.0033076,7.4372e-05,4.6935e-05,0.0066347,1.0532e-05,4.5361e-05,0.0021743,4.9096e-05,0.00038988,0.0015403,0.0029371,0.015457
0.011525,0.00097479,0.0047492,7.5806e-05,0.015315,0.029273,0.01696,0.00064412,0.013729,0.0019157,0.0005659,0.0084556,0.0019028,0.0047339,0.0026017
0.0033046,0.004764,0.01842,0.002917,0.0007051,0.0024319,0.0073653,0.0090162,0.0063921,0.0003203,0.0078043,8.6358e-05,0.021493,0.01447,0.0043876
0.0034624,0.0046115,0.00089282,0.004757,0.0011604,0.0012527,0.0025914,0.0042974,0.026298,0.03249,0.0083952,0.0075054,0.0017194,0.003857,1.5295e-05
0.0042369,0.01565,0.0024496,0.015837,0.012264,0.0042844,0.0059311,0.0011701,0.0049276,0.016908,0.00073796,0.00034911,0.0076109,0.0032061,6.7695e-05
0.026574,0.0023039,0.012289,0.00018163,0.007609,0.016836,0.0038272,0.0038412,0.00071676,0.0058672,0.00057093,0.0012593,0.0039754,0.017828,0.0012917
0.00019207,0.032187,0.0025306,0.0027293,0.00054254,0.0020425,0.0023781,0.00022543,0.004275,0.0079085,0.00065409,0.073831,0.011197,0.003565,0.0025386
0.0008611,0.0031677,0.01157,5.2478e-11,0.00045092,0.0027233,0.001166,0.0034436,0.0027924,0.0053231,0.03386,0.013019,0.043522,0.001975,2.8807e-07
0.0026113,0.0016038,0.023949,0.0026146,0.013992,0.0022895,0.0057921,0.0037605,0.00066202,0.0016401,0.031094,0.00031804,0.01161,0.0036363,0.025202
1.8261e-05,0.033849,0.027842,0.00010713,0.10158,2.7569e-05,0.0017189,0.0095844,2.5705e-05,0.0022422,0.0014145,0.00094192,0.0011789,0.0065393,4.7443e-09
0.0018155,0.0023342,0.00033283,0.0065849,0.00021101,0.005743,0.0024901,0.0015214,0.010004,0.00071201,0.0034108,0.061148,0.001359,0.00056918,0.17013
1.1592e-05,0.00070464,5.6692e-05,0.070788,0.012429,0.0048314,0.00068957,0.010039,0.012124,0.013712,5.1229e-05,0.010632,0.0014657,0.0022481,0.0032002
0.00080441,0.00035394,0.002157,1.9966e-05,0.013249,0.19523,0.00083713,0.0006696,0.010186,0.00084743,0.0083956,0.00033413,0.001345,0.0025764,4.9528e-05
0.00016601,0.011597,0.022246,0.0034723,0.00068403,0.0025152,0.011378,0.0082291,0.0018132,0.013507,0.001842,0.025026,0.0003744,0.004055,0.002567
0.10757,2.0706e-09,0.0025742,0.034852,0.0012256,0.0067197,0.0016704,0.00040765,0.0013926,0.017619,0.0017381,0.00193,0.0018449,1.7148e-10,2.6064e-05
0.04101,0.0021734,0.0014634,0.0050423,0.0012911,0.0025324,0.0033459,0.0082016,0.0049981,0.0031292,0.00096493,0.00060007,0.020273,0.015872,0.00061158
0.023518,2.2547e-08,0.071343,2.4876e-10,0.0021374,0.0040571,0.0011072,1.1626e-05,0.0069981,0.0022795,0.00095552,0.0011764,0.052675,0.0021448,0.0053008
0.0026538,0.0095532,0.00036439,0.016819,0.0039323,0.0075279,0.00074715,0.0031723,0.0071709,0.024062,5.4673e-07,0.0005511,0.0010891,0.031969,0.018102
7.7741e-05,0.014451,0.00050905,0.057727,5.5941e-05,0.0020931,0.0053066,0.0028741,0.0061391,0.010867,0.0035345,0.00071947,0.0079118,0.00066924,0.09066
0.00067116,0.0047307,0.0022137,0.0010516,0.00025849,0.029975,0.0029218,0.039846,0.00059319,0.0014142,0.011816,0.019828,0.0015834,0.005186,0.0021716
0.002261,0.00051678,0.011313,0.0032189,0.0061401,0.0080217,0.0020836,0.043998,0.010945,1.6531e-05,0.013156,0.00064834,0.0013113,0.0084031,0
0.015829,0.0063907,0.0017116,0.0063647,0.00029965,0.023269,0.013349,0.0039419,6.4136e-06,0.0011598,0.0042603,0.0045164,0.015376,0.0037594,0.00032092
0.0048758,0.00050656,0.061356,0.0066792,0.0012369,0.0060382,0.003346,0.032035,0.0020319,0.00056514,0.0014674,0.0081526,0.001735,0.0012076,8.9941e-05
0.0024452,0.0066066,0.0033968,3.2753e-05,0.00027104,0.0021288,0.0025823,0.077134,0.00026963,0.035389,0.00084163,0.0014863,0.011351,0.0056657,0.00093227
0.0087498,0.0051906,0.0027147,0.0041905,0.013014,0.0093547,0.001265,0.0039472,0.0055952,0.0021626,0.0011908,0.028826,0.0013365,0.005354,0.0031368
0.0060414,0.0035839,0.0018744,0.0028934,0.0089858,0.0064591,0.0023784,0.032535,0.00066615,0.0021521,0.0011529,0.028649,0.0033572,0.0031488,0.0031414
0.00041368,0.00042702,0.0052033,0.0014271,0.00039688,0.00050255,0.0011654,0.0056681,0.023355,0.0011693,0.0005219,0.00041394,0.026147,0.042629,0.13649
0.00057693,0.10724,0.0034308,0.0005235,6.829e-05,0.0025292,0.0064682,0.0035046,0.00027532,0.010795,0.0035326,0.00071499,0.0023222,0.0046039,0.090528
0.0279,0.022449,0.0027852,0.00038403,0.00056951,0.015563,0.0012501,0.0012804,0.00078151,0.011724,0.0015855,0.0013296,0.025866,0.0031551,0.0004119
0.000338,0.00021325,0.00026875,0.12582,0.0002965,0.0019566,0.0008605,0.026811,2.1758e-05,0.0012342,0.002932,0.00030442,0.0012829,0.054553,0.00041369
0.00029854,0.12754,0.021869,0.0010702,0.0035693,4.9661e-05,0.0017607,0.0053145,0.00039571,0.0017337,4.0378e-05,0.0075936,0.0046007,0.0071913,0.0013048
0.0080571,0.0012968,0.0054104,0.0089492,1.7882e-06,0.01975,0.0057335,0.0046275,0.0074928,0.00045729,0.00056396,0.00019454,0.00073389,0.010555,0.18338
2.095e-06,0.11265,0.0036641,0.02854,1.2266e-05,2.7681e-05,0.0011695,0.0027711,0.00074361,0.01303,0.0080555,0.00084133,0.0018374,0.0087995,0.00018858
6.8918e-05,5.7099e-05,0.0012343,0.13357,0.010551,0.015484,0.0025052,0.0016181,0.0011915,0.0061767,0.00098597,0.00034434,0.0078191,0.003557,6.683e-08
2.5765e-06,0.073906,0.0024115,0.018809,0.0034524,0.0075974,0.001296,0.0030709,0.00082405,0.016176,0.0014243,0.00083636,0.0018307,0.0087483,0.00018803
0.029205,0.021305,0.0020796,0.00043522,1.6987e-05,0.0089682,0.001221,0.0037724,0.0053546,0.011859,0.001123,0.00041965,0.0010992,0.0045741,0.12345
0.037625,0.054199,0.010817,0.0014586,0.0043456,0.0048623,0.0010514,0,0.00084557,0.0017766,0.00084762,0.00011417,0.0087365,0.013803,8.5728e-05
0.00044155,0.013915,0.0014526,0.00072862,0.0075693,0.0015743,0.0012119,0.0017284,0.00050277,0.0001539,0.00041235,0.028177,0.044729,0.00083269,0.17898
0.0053765,0.0022709,0.0005891,0.0021987,0.00010522,0.0080243,0.0046385,0.0013954,0.012134,0.00064351,0.0023893,0.067979,0.015318,0.0037454,0.00032032
0.0028645,0.011225,0.011672,0.0035811,0.0028375,0.0031766,0.003233,0.026339,0.00045846,0.0086376,0.00056101,0.0046817,0.0088829,0.0072802,3.2704e-07
0.031299,0.013772,0.080185,0.00075959,0.00093701,1.9474e-05,0.0007992,0.00063926,0.0097245,0.0031705,0.0085688,0.00037187,0.0013751,0.0021234,4.9829e-05
0.00018725,0.035976,0.00097198,0.017877,0.0035823,0.0029364,0.0072489,0.001406,0.00051802,0.0012419,0.011991,0.0080375,0.018312,0.002685,0.0004417
0.029108,0.0013096,0.00012626,0.0044152,0.0010812,0.012257,0.00067874,0.0077983,0.00060174,0.0091151,0.0006031,0.04541,0.0084417,0.0019749,6.6279e-08
0.040357,0,0.0016918,0.016528,0.0067511,0.0038203,0.0015025,0.00024185,0.0084591,0.0091665,0.0016561,0.018707,0.0016734,0.0039384,2.5953e-05
0.0013909,0.0009363,0.0049629,0.0013157,0.024031,0.0014266,0.00075086,0.10656,0.0099518,0.00092102,0.0034145,0.00024175,0.0042856,0.0035341,0
0.00048438,0.0026822,0.0031214,0.004342,0.0061041,0.001453,0.0097338,0.016021,0.015601,0.0038501,0.0058437,0.0088381,0.0091849,0.00368,0.00025894
0.00055699,0.0044055,0.0074725,0.0051556,0.0025357,0.018492,0.003188,0.0012352,0.0071294,0.0078506,0.0030285,0.016732,0.0096074,0.0047245,2.5917e-07
0.0064891,0.0089906,0.010107,0.017914,0.0089044,0.0031518,0.010662,0.0060748,0.00028289,0.0012193,0.0089968,0.0032375,0.001674,0.0025901,3.1814e-05
0.0036269,0.00032291,0.0078131,0.0029017,0.0075858,0.018453,0.00083957,0.0070771,0.0032193,0.0011141,0.0094384,0.0080124,0.015648,0.0052521,0.0025027
0.0010404,0.0045269,0.0023991,0.004697,0.0078878,0.0011175,0.0015341,0.0023561,0.0017161,0.0011485,0.015037,0.0095561,0.022756,0.027148,0.00096249
0.0061174,0.022504,0.00357,0.0074561,0.0017991,0.0035321,0.0081514,0.002163,0.00033482,0.011758,0.015486,7.9287e-15,0.007546,0.0081132,6.6578e-08
0.011357,0.0063814,0.0009056,0.0071987,0.0053393,0.029876,0.0069277,0.012601,0.00010072,0.0024495,0.0031795,0.010675,0.00024374,0.0035901,0.0085707
0.01288,0.0091925,0.0010574,0.0068281,0.0010926,0.0083087,0.0027187,0.0036803,0.00046128,0.0013376,0.0238,0.0025581,0.011585,0.0082213,0.00021532
0.0076292,0.0087413,0.018879,0.0003403,0.012298,0.0042688,0.0090561,0.0049253,0.00045873,0.0092403,0.0012839,0.0052261,0.0032809,0.0069966,0.00022758
0.0016113,0.0059274,0.021187,0.0062041,0.001497,0.0085588,0.0038759,0.0019288,0.00098326,0.010986,0.014469,0.00068431,0.0074958,0.0080625,6.6369e-08
0.0014749,0.008145,0.00041167,0.0033848,0.0047788,0.10531,0.007992,0.014955,0.00011347,0.0028237,0.003582,0.00039176,0.0013399,0.003824,7.7122e-06
0.0012279,0.0033178,0.0021725,2.0346e-05,0.0012302,0.001545,0.0027374,0.06399,3.9686e-05,0.0013329,0.0004812,0.00090472,0.052064,0.00073238,0.1819
0.00024544,0.00090288,0.013696,0.0072349,0.00083601,0.001228,0.0017899,0.0056159,0.0068568,0.0011642,0.046636,0.0076263,0.01608,0.0050671,2.0641e-07
0.0013046,0.00042045,0.00075137,2.0036e-05,0.013666,0.12613,0.009946,0.0036821,0.00027363,0.0001206,0.001014,0.00022851,0.00086262,0.0023198,0.15673
1.5256e-05,0.00010556,0.0038079,0.011445,0.0012869,0.00073427,0.0013413,0.00035555,0.00014145,0.0061009,0.0081812,0.014104,0.13339,0.0051217,7.0004e-05
0.017428,0.0060571,0.0070811,0.0086574,0.0021526,0.032141,0.0017097,0.0051373,0.00039755,0.0016843,3.9226e-05,0.007377,0.0044695,0.0069862,0.001286
0.051369,9.8878e-10,0.0012293,0.00020524,0.00029215,0.0077858,0.00062862,0.030697,0.008575,0.013139,0.0017767,0.0014608,0.028961,1.706e-10,0.00041228
0.011598,0.00098094,0.0047791,7.6284e-05,0.015411,0.029458,0.0011858,0.014237,0.013719,0.0018105,0.00056956,0.0084752,0.0018975,0.0047206,0.0025221
0.010613,0.0075745,0.0022502,0.006582,0.0010533,0.0080093,0.0026138,0.0035467,0.00044453,0.0012891,0.022936,0.0025369,0.011558,0.0079673,0.025015
0.0010358,0.0042426,0.021736,8.4229e-11,0.00072374,0.0043709,0.0014737,0.0053637,0.0051032,7.0394e-06,0.039407,0.052214,0.0019088,0.0019838,6.6428e-08
0.026904,0.032661,0.0026132,0.010345,0.011086,3.7417e-05,0.0080802,0.00037198,0.00081397,0.00042261,0.0049627,0.0080404,0.0012543,0.005101,0.00091219
0.0010952,0.0039464,0.027517,0.0034298,0.0027176,0.0082177,0.0036317,0.029588,1.1811e-05,0.014044,0.00063135,0.00069615,0.0076256,0.0072705,3.2682e-07
0.0022505,0.0015729,0.00022714,0.026202,0.00047857,0.020852,0.0031732,0.0034885,0.0074828,0.00041386,0.022177,0.0059163,0.0087034,0.0040272,0.0024935
0.012442,0.0017894,0.020045,0.023733,0.00098202,0.011355,0.0011797,0.0010808,0.0087091,0.013792,0.0011698,0.00151,0.011544,3.063e-10,4.5022e-07
0.00047124,0.088543,0.0021114,0.00044187,1.7247e-05,0.0091053,0.0012396,0.003977,0.0051429,0.01201,0.0011372,0.00036865,0.0011108,0.0046163,0.12402
0.011694,0.0011493,0.00079061,0.066146,0.0022297,0.011356,0.0010021,0.001391,0.0010754,0.012918,0.0019814,0.0023924,0.0080115,0.0037164,0.00013153
0.00074832,4.1919e-05,0.0051356,0.054549,0.0011888,0.008748,0.0028663,0.0025377,0.0046262,0.0026788,0.011471,0.0028166,0.012857,0.0079192,5.9148e-05
0.056796,1.0932e-09,0.04746,0.047471,0.0017418,1.0836e-05,0.0018548,0.00045266,2.1693e-05,0.017174,0.0017511,0.0019534,0.0013477,1.7141e-10,4.1367e-10
0.00054055,5.8436e-05,4.9774e-05,0.11214,0.0012658,0.029174,0.0026053,0.0058422,0.0040964,0.0011383,0.0021533,0.0087904,0.0010763,0.0038605,0.002328
0.0070696,0.0049916,0.004989,0.01471,0.0011436,0.014794,0.0036431,0.018296,0.00065833,0.002268,0.0082004,0.00059942,0.0038214,0.0045771,0.023125
0.0022725,0.00013024,9.3365e-05,0.00051774,0.011161,0.0005302,0.0025739,0.057714,0.000471,0.00075374,0.0010639,0.0001394,0.00055642,0.054451,0.17606
0.0096528,0.00054033,0.00098297,0.0058142,0.0029174,0.015204,0.022505,0.010172,1.0228e-08,0.00029418,0.00098026,8.3656e-05,0.014036,0.00081738,0.18281
0.021496,0.0017042,0.00078942,0.002824,0.0011369,0.0014938,0.0016277,0.0047361,0.019761,0.0017139,0.00074562,0.003287,0.020495,0.029045,4.8797e-05
0.0003233,5.9963e-06,0.00067175,1.521e-05,0.00033331,0.00081672,0.0092945,0.00093223,0.00049654,0.040267,0.026372,0.014084,0.011292,0.03488,0.0025656
0.010041,0.0013087,0.0048319,0.0033302,0.0038266,0.0069311,0.0063856,0.033286,0.008734,0.0033402,0.00171,0.0016908,0.0025572,0.0074994,0.00013642
0.00082517,7.8337e-05,3.7766e-05,0.0033005,0.00067917,0.00022083,0.001072,0.025853,0.00020207,9.9366e-05,0.08281,0.0053574,0.00079046,0.077354,0.00095287
6.4026e-05,0.028778,0.038356,0.0015267,0.0011666,0.0038479,0.00098979,0.00041014,0.023143,0.0018233,0.0014407,0.0065447,0.016911,0.0013156,1.6662e-06
0.0058482,0.0038512,0.00021431,0.0003582,0.00024329,0.16345,0.0005727,0.0042625,0.0071499,0.00069327,0.0035146,0.006084,0.0034148,0.0039204,5.0571e-05
