0.0011083,0.00022325,0.0039713,0.00065651,0.001789,0.0004004,9.027e-05,0.0015405,0.0053998,0.68386
2.5439e-07,5.2511e-07,1.6754e-08,0.62825,0.0038994,0.0025831,3.9925e-06,0.0034574,0.0021834,0.00033504
0.25897,0.0027323,0.0038757,0.00099708,0.0030634,0.0027314,0.0077598,0.0030455,0.010374,6.7075e-06
0.00019972,0.00032415,0.0030381,0.39384,0.0068076,0.002221,0.0012558,0.0053524,0.0030087,0.00032781
0.0030897,0.24088,0.0031517,0.0017679,0.0021927,0.0028549,0.001012,0.016757,0.011196,0.00040115
0.00044185,0.030859,0.0031916,0.0022334,0.0011109,0.0016334,0.23392,0.0069196,0.0041715,0.00076366
0.00039449,0.0033853,0.4018,0.0011715,0.00022735,0.010016,0.0058118,0.0059816,0.00015378,0.0010901
0.010622,0.0020054,0.004506,0.0021535,0.0033679,0.003262,0.0031638,0.0014348,0.00097923,0.50595
0.0028891,0.005732,0.015165,0.0051197,0.0012509,0.0042832,0.12364,0.012518,0.01345,0.00051158
0.0033043,0.0014909,0.0043787,0.016611,0.0055808,0.00099915,0.013486,0.0069866,0.0058901,0.33384
0.0063627,0.0059588,0.054288,0.012624,0.0060854,0.011003,0.026953,0.0096763,0.0033634,4.5603e-07
0.18123,0.0017139,0.0034331,0.013792,0.0047897,0.014946,0.0028366,0.0012672,0.0073813,1.4523e-06
0.0020107,0.00078586,0.35033,0.0010214,0.006981,0.010524,0.0028143,0.0057784,0.00015289,0.0010869
0.0016525,0.0082762,0.0039098,0.0031547,0.0040926,0.0073434,0.0039091,0.0062723,0.21701,0.00077239
0.011407,0.0021813,0.0044669,0.0026282,0.13995,0.0036901,0.0085438,0.0098158,0.012845,9.3534e-06
0.0076653,0.026399,0.0047786,0.013207,0.0054334,0.0074904,0.015478,0.044984,0.0053605,0.00083522
0.0024056,0.0028726,0.0027691,0.0044919,0.0043556,0.20968,0.013728,0.0075653,0.0030326,0.0002759
0.0028935,0.0044225,0.011758,0.0043888,0.00573,0.016852,0.0082589,0.004724,0.0064428,0.26399
0.00029811,0.0025582,0.30364,0.00084754,0.00014608,0.0075312,0.0043699,0.0061241,0.018518,0.0010901
0.0036812,0.036226,0.02027,0.013359,0.0061684,0.010164,0.018639,0.0084414,0.0075199,1.6314e-05
0.0021649,0.005642,0.0028711,0.13072,0.0084967,0.008354,0.017077,0.0062296,0.0052375,0.00042902
0.0021521,0.16494,0.0045556,0.005385,0.0018584,0.011492,0.001009,0.016269,0.01117,2.5195e-05
0.010318,0.010366,0.0070161,0.0061299,0.078336,0.006244,0.012757,0.0086033,0.0052921,0.0028497
0.004005,0.0061214,0.017824,0.011875,0.0097107,0.02856,0.013996,0.015848,0.011864,1.7326e-05
0.0016284,0.006591,0.026419,0.0022333,0.0007249,0.0018771,0.027589,0.0051044,0.13358,0.00063337
0.006067,0.014212,0.0077609,0.001102,0.0049947,0.0044364,0.057353,0.0099008,0.0030548,0.1542
0.0090874,0.0020342,0.0047101,0.026581,0.0087398,0.0092751,0.0077508,0.001906,0.0079438,0.21976
0.088307,0.00024643,0.0032861,0.0024715,0.01478,0.0052081,0.073985,0.0013138,0.0067771,0.0027567
0.003992,0.013929,0.0063259,0.0057453,0.0094047,0.016936,0.10188,0.0042001,0.0033449,0.00025031
0.0051582,0.044266,0.21203,0.0012749,0.00024742,0.0109,0.0056813,0.00084031,0.00015017,0.0010772
0.00013486,0.0013271,0.1871,0.019787,0.0091947,0.0027506,0.0034121,0.0085064,0.0075778,1.6665e-05
0.11646,0.00081496,0.014659,0.008396,0.0041763,0.0061404,0.0041837,0.014653,0.0087721,0.00073523
0.00031938,0.00055976,0.14196,0.026285,0.0083496,0.0078126,0.0033902,0.0099457,0.0074613,5.3775e-05
0.024974,0.011325,0.0053385,0.015441,0.0054698,0.0076927,0.020165,0.015968,0.013038,5.7388e-05
0.0087757,0.013888,0.070903,0.0090465,0.015373,0.0035923,0.0042868,0.01179,0.0053921,0.0020517
0.0031644,0.015764,0.028752,0.0016745,0.0075044,0.0072026,0.0736,0.0096219,0.0049086,0.00312
0.0025322,0.00074437,0.015159,0.01357,0.00099832,0.0033766,0.0025103,0.030432,0.14089,1.752e-07
0.0082399,0.04105,0.0010226,0.0014665,0.0064487,0.013338,0.072471,0.010872,0.0049059,0.0031442
0.01009,0.010955,0.027267,0.011656,0.014525,0.0074538,0.0069239,0.032237,0.0033475,0.00017465
0.099015,0.0074359,0.0050652,0.0029903,0.0017677,0.023612,0.0095507,0.0030462,0.013345,0.017451
0.0051929,0.021509,0.0098259,0.0027958,0.01074,0.0032908,0.024194,0.0074813,0.053078,0.00063308
0.0081906,0.03464,0.0059255,0.016478,0.011951,0.0095515,0.0018486,0.014883,0.0037495,0.089631
0.015306,0.0034428,0.0087266,0.0041783,0.011315,0.0058501,0.0011524,0.048853,0.053193,9.085e-07
0.0053553,0.0093858,0.018999,0.01404,0.060541,0.0078272,0.0010737,0.0093039,0.013257,5.3814e-05
0.01443,0.13211,0.0053332,0.0041576,0.0025166,0.014806,0.002529,0.0029206,0.013275,0
0.0026449,0.0096123,0.0039972,0.007124,0.0020088,0.0033509,0.0056995,0.12001,0.034029,0.00047284
0.0058782,0.013683,0.0035636,0.013869,0.011261,0.0071021,0.0046894,0.0045198,0.094762,2.2361e-05
0.0019044,0.0064436,0.0059198,0.012159,0.0010501,0.0035486,0.01525,0.14903,0.0081214,9.2241e-06
0.055069,0.014674,0.012186,0.018045,0.0054133,0.014501,0.0022461,0.0087728,0.0044798,0.0025118
0.089812,0.0071666,0.0040639,0.0019214,0.0022068,0.0095423,0.0016249,0.085722,0.0021269,2.3292e-07
0.0015884,0.0040846,0.0020893,0.081633,0.005585,0.0047341,0.065203,0.0059839,0.0083204,0.00040089
0.0015081,0.012942,0.061992,0.000538,7.2868e-05,0.17741,0.0051383,0.0062428,0.00015086,0.0010811
0.019013,0.022478,0.0012981,0.0039613,0.00096363,0.0806,0.0063616,0.02578,0.0046055,0.00013096
0.0014132,0.1028,0.012566,0.010622,0.001735,0.01073,0.00094205,0.022333,0.011186,0.00076843
0.0039353,0.034579,0.16465,0.0010405,0.00019257,0.0084839,0.0025657,0.0030142,0.013704,0.0010773
0.001982,0.0097715,0.0006975,0.0085417,0.020343,0.10114,0.0065277,0.018561,0.0039245,0.0031935
0.0083821,0.016868,0.002339,0.02324,0.0027069,0.059052,0.0070569,0.0049129,0.017997,0.00050334
0.0012771,0.0021558,0.0012266,0.00036312,0.0029591,0.098489,0.00092549,0.17428,0.0031477,0.00076768
0.014677,0.0089508,0.0089686,0.0063832,0.0038021,0.0041437,0.024772,0.039561,0.017982,0.0003
0.010885,0.011394,0.010188,0.002973,0.0084739,0.093107,0.0016563,0.0040926,0.018014,0.0024441
0.0027371,0.01449,0.029032,0.019495,0.0053028,0.0087739,0.015028,0.0024563,0.033957,0.0019301
0.0018884,0.00023133,0.0083606,0.0074771,0.058703,0.011176,0.0084131,0.017346,0.0022214,0.1495
0.004313,0.014689,0.013226,0.032913,0.0069058,0.010591,0.01325,0.017599,0.0084231,0.00040367
0.013142,0.0026632,0.0094718,0.0057701,0.002957,0.0010315,0.029336,0.0097535,0.0028334,0.25412
0.0034816,0.012148,0.0055389,0.0011829,0.0072587,0.0077305,0.065275,0.05921,0.0032706,0
0.014621,0.0032729,0.0075784,0.044448,0.014277,0.015173,0.012651,0.0031131,0.01299,0.0030763
0.010178,0.015753,0.014015,0.0088427,0.026127,0.010396,0.017206,0.0095483,0.0053015,0.0026602
0.0030417,0.026102,0.12503,0.012398,0.00018975,0.0044894,0.0040415,0.000606,0.027145,0.0010774
0.049316,0.011094,0.0017392,0.0037151,0.064179,0.0025114,0.0020581,0.0078845,0.018988,9.221e-07
0.0024689,0.00048082,0.00323,0.0025866,0.0020678,0.16428,0.014349,0.021203,0.0099382,0.010403
0.023686,0.024534,0.0095238,0.02188,0.0044912,0.029024,0.0061419,0.0027062,0.0061558,2.2368e-05
0.004695,0.021939,0.0076203,0.0077854,0.0036931,0.0099827,0.0075209,0.0055681,0.0017355,0.2478
0.013028,0.066436,0.013312,0.019511,0.0059003,0.015849,0.0024492,0.0031895,0.0044803,0.0030521
0.0037958,0.0081888,0.0066561,0.046848,0.012605,0.0085224,0.0024327,0.0064515,0.0029128,0.1683
0.0020215,0.00043539,0.0010401,0.001252,0.099415,0.00087329,0.0031816,0.16352,0.0042688,0
0.00024044,0.00095013,0.087428,0.00057818,0.006276,0.10166,0.0027112,0.011636,0.0062436,0.0020582
0.0063689,0.06217,0.0013356,0.0066711,0.048661,0.013276,0.0035624,0.0091887,0.0045303,0.00076749
0.022778,0.023593,0.0092021,0.021068,0.004324,0.010342,0.0058604,0.0022171,0.0051496,0.096015
0.00089498,0.00018933,0.0022024,0.0051889,0.0016688,0.16717,0.036647,0.0034418,0.019937,0.00028489
0.030459,0.0034832,0.035066,0.014547,0.011649,0.012677,0.014293,0.0031765,0.0041648,0.0030566
0.0074067,0.0044671,0.0041385,0.001583,0.0041843,0.044974,0.01068,0.031184,0.036783,0.0017594
0.0016686,0.00035937,0.00087426,5.3e-05,0.046624,0.0075341,0.00064163,0.19441,0.018723,0
0.011895,0.012445,0.011912,0.002034,0.01178,0.0041508,0.058965,0.0046945,0.0201,0.0026718
0.0023992,0.010872,0.054947,0.0058265,0.010096,0.0029991,0.0057028,0.014403,0.036034,0.002098
0.04951,0.01008,0.0016757,0.0036919,0.014063,0.020126,0.00036765,0.0054262,0.052081,0.00016494
0.0048921,0.0019446,0.013594,0.084634,0.0041466,0.0059807,0.0015936,0.025481,0.018417,0.0032177
0.0042418,0.0042566,0.010147,0.00070931,0.047286,0.086184,0.0035904,0.021345,0.00075931,0.0018336
0.056212,0.0039742,0.018877,0.0026909,0.0046725,0.00086779,0.032011,0.033484,0.0027528,0.0031746
0.10034,0.0005658,0.0045317,0.031032,0.0051146,0.013275,0.012515,0.0012856,0.007302,0.0052169
0.061109,0.00067226,0.00055211,4.3654e-06,0.00081278,0.022586,0.16048,0.0042449,0.0042131,3.2258e-05
0.0042182,0.0050159,0.00094661,0.031384,0.043234,0.0024894,0.025465,0.016234,0.013026,7.0492e-05
0.010181,0.0017297,0.016402,0.0036518,0.0072024,0.021922,0.026353,0.0024979,0.052047,0.002018
0.018471,0.0039031,0.006967,0.002665,0.0070441,0.013472,0.010668,0.031149,0.036742,0.0017584
0.0052943,0.0062592,0.00031612,0.046355,0.00094412,0.082028,0.0063682,0.025806,0.0046103,0.00017947
0.0052434,0.052983,0.0069989,0.019631,0.012695,0.011369,0.0021651,0.021258,0.0045068,0.00080565
0.020151,0.0054525,0.013691,0.084029,0.0079527,0.013629,0.0018345,0.0098405,0.0011744,0.00055489
0.00063885,0.00013515,0.0016174,0.003759,0.0012075,0.10214,0.095451,0.0034242,0.019835,0.0030768
0.11,0.0081531,0.0048983,0.0032475,0.014698,0.014757,0.0025207,0.002911,0.013231,0
0.0022216,0.011523,0.020586,0.0072933,0.0013474,0.005305,0.005951,0.085894,0.020185,0.0006505
0.0061098,0.0044126,0.013646,0.021127,0.0022247,0.0062234,0.064298,0.022499,0.0045695,0.0021824
0.0020554,0.00044267,0.0010575,0.0012677,0.073153,0.0029938,0.0029385,0.15103,0.010543,0
0.0015939,0.0027341,0.0015487,0.063746,0.0042957,0.043281,0.013959,0.016179,0.0028296,0.05712
0.01452,0.0031272,0.0074707,0.0034215,0.0018719,0.0020792,0.0013846,0.2228,0.0061828,0.0057424
0.0077087,0.033963,0.00072362,0.025691,0.01392,0.028177,0.0047414,0.01343,0.0063187,0.00078451
0.049891,0.0037467,0.027219,0.0027119,0.0016031,0.021414,0.018446,0.0030733,0.013464,0.01125
0.00068237,0.00015293,0.00035387,0.00012361,0.026132,0.0040246,0.00070782,0.32416,0.013087,0
0.0068245,0.0084619,0.0057294,0.086854,0.026098,0.0036035,0.0028415,0.0053854,0.013308,0
0.00035882,0.00058245,0.088062,0.0027546,0.10259,0.001789,0.0028558,0.012485,0.0070181,0.0024507
0.0074557,0.030631,0.017464,0.0047735,0.00073078,0.003542,0.0011743,0.0094543,0.053462,0.093345
0.076219,0.00089847,0.0016334,0.0035733,0.0015818,0.014834,0.015639,0.014057,0.037621,2.8671e-06
0.0046991,0.0069137,0.0067659,0.048947,0.066455,0.013678,0.0018404,0.009872,0.0011782,1.162e-07
0.0018099,0.00089351,0.012825,0.031647,0.14555,0.011108,0.001962,0.0055474,0.0011426,0.0031433
0.0072312,0.0052225,0.074617,0.0021364,0.0030274,0.00098787,0.010981,0.056655,0.0095476,0.0021809
0.0054545,0.0030288,0.0085838,0.0024483,0.050609,0.018107,0.040793,0.0032276,0.014083,9.4602e-06
0.10899,0.018158,0.032939,0.0013051,0.0033236,0.0030516,0.0078579,0.0027776,0.0045623,6.6413e-06
0.0047922,0.023626,0.0016864,0.020653,0.049186,0.0087147,0.0065273,0.01856,0.0039242,0.0032171
0.018129,0.0097085,0.0039025,0.0031883,0.017062,0.049541,0.016458,0.0030837,0.013179,0.00038087
0.16363,0.012128,0.0072862,0.003445,0.0039566,0.017109,0.0029223,0.0033748,0.0021044,2.3404e-07
0.013776,0.003518,0.033594,0.009182,0.0022598,0.0078326,0.02637,0.010664,0.0071696,0.061078
0.012904,0.0026918,0.0098581,0.022448,0.0044091,0.001727,0.015631,0.011594,0.061995,5.7625e-05
0.017162,0.0038485,0.0084682,0.022622,0.025299,0.010364,0.0064604,0.01673,0.009861,0.00056299
0.00097346,0.15262,0.0016136,0.0025874,0.003464,0.0013809,0.008724,0.061937,0.0029969,0.0033414
0.00078867,0.0076717,0.0098222,0.020984,0.04397,0.023133,0.0094845,0.0023767,0.018669,7.4059e-06
0.008393,0.030323,0.026364,0.009548,0.0081032,0.012521,0.0032106,0.017599,0.0084117,0.00076505
0.0020888,0.0014029,0.0036718,0.023589,0.0050631,0.099863,0.0069801,0.017263,0.011158,0.00098923
0.028348,0.0063454,0.014693,0.0112,0.014221,0.010619,0.011912,0.0028015,0.020014,0.0030763
0.039162,0.0088099,0.0013811,0.0028428,0.051462,0.0048928,0.026447,0.0094979,0.0045088,0
0.0083008,0.029071,0.013186,0.011976,0.014759,0.041296,0.0057561,0.0042344,0.0033722,0.00025133
0.0040362,0.0011993,0.010277,0.010143,0.00092187,0.0019683,0.047841,0.0040967,0.12007,0.00061817
0.0048897,0.0010344,0.0023002,0.014231,0.082292,0.066225,0.0013988,0.0032632,0.0086233,0.0031986
0.01478,0.0067711,0.0025067,0.021923,0.0025381,0.12654,0.0090738,0.0017887,0.0046479,0.00040402
0.071212,0.0050347,0.022608,0.001683,0.0051331,0.013785,0.0011932,0.032328,0.0048358,0.0028612
0.0056299,0.0088737,0.053946,0.014503,0.036479,0.0037652,0.0049058,0.0076903,0.0053325,0.00021376
0.0261,0.026664,0.00067396,0.0061392,0.012286,0.0049452,0.045029,0.0022776,0.018596,0
0.020928,0.0058748,0.029165,0.0077487,0.034916,0.013237,0.0035519,0.0099441,0.0045556,0.00076963
0.0026906,0.0029876,0.0025973,0.00075754,0.0021672,0.024612,0.00042851,0.21476,0.018188,0
0.028453,0.044064,0.0022573,0.01515,0.0091989,0.00752,0.005928,0.0084859,0.010549,0.0026589
0.012126,0.016769,0.01348,0.0036935,0.061921,0.014794,0.0019085,0.020828,0.0010478,1.1925e-07
0.0032929,0.0072233,0.013317,0.0098696,0.042468,0.006305,0.0059653,0.029103,0.013266,5.3832e-05
0.0027905,0.0045292,0.035152,0.0055344,0.16223,0.0021517,0.001389,0.0073183,0.0030146,0.00032813
0.0088852,0.068631,0.028892,0.00074962,0.00014911,0.14173,0.0025214,4.3668e-07,0.00015183,0.001087
0.032367,0.0074186,0.013366,0.011461,0.014932,0.041779,0.0058235,0.0037546,0.0031885,0.00050297
0.019423,0.0045914,0.0092417,0.025894,0.0023006,0.048542,0.0013719,0.014256,0.013846,2.4871e-07
0.040948,0.0078473,0.12775,0.021042,0.0038868,0.0025791,3.9863e-06,0.0034521,0.00218,0
0.030055,0.0019333,0.049963,0.00046222,0.0021861,0.00081998,0.09839,0.0084252,0.0039194,0.00059946
0.036046,0.0025484,0.011443,0.00085187,0.0026438,0.043956,0.013238,0.032314,0.0048337,0.0031757
0.01371,0.0035996,0.0014959,0.014863,0.0017414,0.15818,0.0083919,0.0056042,0.0046278,0.0011135
0.017692,0.0012508,0.0056168,0.0093359,0.0022545,0.036031,0.030753,0.032312,0.0048335,0.0031756
0.046678,0.0093488,0.0051568,0.007377,0.029941,0.019271,0.0046884,0.0067445,0.0057906,0.00094118
0.0063127,0.0015969,0.014028,0.017051,0.0014765,0.0049038,0.019162,0.09001,0.0081695,1.0287e-05
0.068253,0.014626,0.0023363,0.0050569,0.006069,0.011161,0.02695,0.0096753,0.0035242,1.8643e-07
0.012501,0.015288,0.010983,0.018079,0.0043961,0.0086284,0.014122,0.032323,0.004837,0.0031762
0.015938,0.0019453,0.015774,0.0066114,0.039787,0.0023302,0.025855,0.011117,0.0129,6.6689e-06
0.020058,0.031062,0.0015206,0.0094732,0.02799,0.011134,0.0068751,0.0085094,0.010358,0.0026597
0.00057882,0.00014251,0.00036428,0.0044888,0.10565,0.01509,0.0086129,0.055566,0.010101,0.0044552
0.01721,0.004654,0.018855,0.071526,0.0092672,0.0036622,0.0016402,0.0082755,0.013056,5.1403e-05
0.0099706,0.093355,0.015857,0.0038669,0.0022979,0.012827,0.0022908,0.0084697,0.013195,0
0.050852,0.0014042,0.00050817,0.1176,0.0015093,0.0022463,0.013275,0.0052422,0.011268,0.00042809
0.011777,0.027292,0.012317,0.0097508,0.0025435,0.00425,0.00063204,0.10952,0.0028633,9.3211e-05
0.066151,0.00054378,0.0084344,0.0048308,0.002403,0.045635,0.0039216,0.014168,0.014037,2.2298e-12
0.0024401,0.0026268,0.002848,0.035094,0.0092464,0.014448,0.010805,0.055381,0.010068,0.0044273
0.012061,0.0028699,0.0062682,0.0017175,0.028853,0.025327,0.027537,0.018303,0.0087556,7.8847e-10
0.00055387,0.00011717,0.087097,0.00045276,0.0077523,0.0082389,0.098046,0.0032002,0.013354,0.0010462
0.0065612,0.016285,0.0064222,0.0040328,0.015803,0.0033974,0.034087,0.020979,0.018895,8.6306e-09
0.0032713,0.028745,0.13687,0.00086497,0.0069062,0.0089821,0.0014588,0.0030059,0.013416,0.0029604
0.0024436,0.0001494,0.007312,0.01988,0.19059,0.010519,0.0018287,0.0098387,0.0011426,0.0031452
0.059604,3.5594e-05,0.00046295,3.6604e-06,0.00068152,0.018938,0.13456,0.0035594,0.019198,0.0032382
0.011103,0.045556,0.0080458,0.006791,0.0079885,0.0049688,0.017374,0.024206,0.0042705,2.3618e-07
0.037451,0.020537,0.0082856,0.0054493,0.0024122,0.023685,0.016526,0.0030469,0.013653,2.8667e-06
0.0055431,0.0094289,0.0051928,0.0021212,0.0011643,0.0082727,0.005588,0.14122,0.0069247,0.056662
0.00031636,6.6927e-05,0.00080097,0.0017053,0.0037362,0.083619,0.078139,0.0028016,0.050662,0.003084
0.053721,0.00063326,0.0011512,0.0025185,0.0011149,0.029642,0.020701,0.013961,0.037587,0.002668
0.013861,0.0088456,0.045452,0.011088,0.0073217,0.01171,0.003304,0.0083059,0.017729,0.0013011
0.053742,0.0088202,0.040554,0.0012922,0.0071656,0.0024569,0.0070237,0.015652,0.010734,0.0004057
0.010337,0.0047873,0.0022286,0.006446,0.0022834,0.066793,0.018861,0.023219,0.013602,5.7669e-05
0.0011089,0.00072944,0.23992,0.00066969,0.0023731,0.012806,0.0042655,0.0059777,0.018076,0.001077
0.016645,0.0034137,0.00054765,0.015509,0.0028146,0.0042541,0.13999,0.0037488,0.013467,0.00051191
0.00097042,0.010025,0.0013174,0.020247,0.0078116,0.004333,0.020003,0.031619,0.048601,0.00080458
0.0046111,0.0013555,0.027605,0.024712,0.001818,0.0037564,0.0042907,0.001143,0.14081,1.7516e-07
0.0039223,0.039633,0.027145,0.023931,0.029265,0.0034734,0.0025622,0.0058435,0.0046807,0.0008176
0.0035041,0.0087151,0.0045155,0.17643,0.012102,0.00086633,0.0030601,0.0059907,0.0083298,0.00040112
0.0036979,0.00098269,0.021596,0.0016689,0.027979,0.0066846,0.00086236,0.0094113,0.12296,1.7711e-07
0.00029852,0.0014718,0.0032396,0.008199,0.013746,0.064142,0.03384,0.016494,0.013426,0.0031914
0.00955,0.081954,0.036835,0.010908,0.00018903,0.0046798,0.0040096,0.00060576,0.027134,0.0010772
0.027049,0.0073976,0.0029377,0.0025888,0.01,0.0064033,0.027019,0.0056104,0.052448,0
0.015946,0.0033909,0.013276,0.009911,0.040432,0.0053587,0.0051397,0.005213,0.034667,5.1101e-05
0.0032306,0.0080348,0.0042135,0.16326,0.00127,0.017151,0.0030823,0.006034,0.00839,0.00036409
0.016911,0.01816,0.00051535,0.11924,0.0015303,0.0022776,0.012228,0.0052873,0.011284,0.00044028
0.0077161,0.0060333,0.013332,0.0027144,0.0063302,0.018182,0.005587,0.085901,0.0080088,0.0017979
0.00034966,7.3971e-05,0.054984,0.00028583,0.0049174,0.0052062,0.00041826,0.2111,0.013402,0.0010481
0.00059563,0.056977,0.00050877,0.11771,0.0015108,0.0027344,0.012237,0.0052912,0.011292,0.00044045
0.0021238,0.02146,0.0028349,0.043571,0.01681,0.0093243,0.0018188,0.045133,0.0045394,0.00080414
0.0063921,0.061917,0.010226,0.0074511,0.012327,0.011348,0.0086728,0.0086724,0.0074577,3.6666e-05
0.001866,0.0061238,0.015732,0.017515,0.0087056,0.0036023,0.096497,0.0085144,0.0054678,0.00078306
0.0042691,0.045392,0.0011112,0.0012445,0.0018107,0.0042787,0.14053,0.0037673,0.013533,0.00051317
0.0051201,0.0078257,0.022786,0.022771,0.014279,0.041455,0.001074,0.017882,0.0029524,1.7345e-05
0.017579,0.003792,0.011084,0.064177,0.0062673,0.028567,0.0051052,0.0098625,0.001177,0.0005555
0.042629,0.025829,0.0020472,0.0084886,0.016337,0.011153,0.022809,0.0012705,0.0074003,1.4542e-06
0.021059,0.016703,0.0069395,0.0095965,0.0047791,0.0058516,0.007693,0.0059333,0.048954,0.020424
0.0023042,0.0027515,0.0027803,0.0043724,0.0042397,0.19008,0.02049,0.007526,0.003014,0.00027584
0.034889,0.0081036,0.017009,0.0053727,0.0028419,0.0042052,0.0061234,0.0043089,0.067499,0.00076121
0.00052079,0.049818,0.00044484,0.10468,0.0013332,0.018726,0.0043408,0.005283,0.011274,0.0004401
0.029139,0.0065341,0.014378,0.004121,0.025814,0.010426,0.0018824,0.01526,0.010227,0.039863
0.032424,0.0059967,0.012402,0.0076183,0.068134,0.014095,0.0015465,0.0099262,0.0009762,1.1615e-07
0.010063,0.0039895,0.027933,0.0081571,0.0027008,0.0065981,0.025317,0.024052,0.018652,7.5785e-06
0.0054415,0.025778,0.013114,0.016177,0.014278,0.01066,0.01196,0.0029466,0.019467,0.002035
0.015914,0.0061011,0.0064401,0.023296,0.0049019,0.012246,0.0090775,0.013953,0.030459,1.5651e-05
0.011095,0.011748,0.0037689,0.0098429,0.0014243,0.030515,0.004753,0.078667,0.0046716,8.7229e-06
0.0083252,0.034825,0.0010661,0.0026682,0.00086606,0.0022426,0.016487,0.0050984,0.13342,0.000633
0.0026647,0.0044979,0.003738,0.0011558,0.0072881,0.020427,0.0062982,0.04335,0.049176,0.056837
0.0081697,0.006388,0.015401,0.0029802,0.0069753,0.019976,0.0058698,0.013054,0.057494,0.0017974
0.014606,0.0058059,0.040587,0.013186,0.004017,0.0087355,0.0016269,0.02387,0.018511,0.0035831
0.0021535,0.020217,0.011951,0.0044274,0.003928,0.0054248,0.091562,0.017556,0.0045028,0.0001001
0.032768,0.0055831,0.013465,0.012466,0.014876,0.010098,0.003075,0.033853,0.0033628,0.00017283
0.032453,0.0055295,0.013336,0.041767,0.0036211,0.011093,0.002162,0.022525,0.0045591,0.00017294
0.0056409,0.0013888,0.0035501,0.036716,0.00036041,0.011047,0.0063052,0.0050891,0.13154,0.0044645
6.6115e-05,0.00010731,0.00083286,0.11597,0.16727,0.0022186,0.0012545,0.0053466,0.0030054,0.00032763
0.03309,0.023946,0.010283,0.0076747,0.0037577,0.0030442,0.0061325,0.0090663,0.036114,0.0020545
0.010001,0.0045818,0.0016962,0.014834,0.0017174,0.085624,0.058248,0.0017977,0.0046656,0.00040521
0.013825,0.0046979,0.0016082,0.0014309,0.0038837,0.0015559,0.22357,0.0080961,0.0061059,0.00076454
0.0051917,0.012067,0.032281,0.0064903,0.0021158,0.0031112,0.0067008,0.095918,0.0051245,9.3528e-05
0.008645,0.0086752,0.095738,0.0033152,0.0078249,0.010311,0.013291,0.013965,0.00077173,0.0021904
0.012185,0.024898,0.0033693,0.014354,0.012268,0.02431,0.0059373,0.021777,0.0047267,6.3631e-09
0.0019676,0.0023495,0.0022648,0.0036739,0.0035624,0.17072,0.0050922,0.0056372,0.034244,0.00028448
0.1018,0.00071236,0.0014824,0.0017249,0.049091,0.0061443,0.0041864,0.014662,0.0087777,0.00073547
0.01551,0.0045981,0.023787,0.0098677,0.0020154,0.00061203,0.0065436,0.0014546,0.13511,0.0034979
0.004973,0.0050806,0.010389,0.0029633,0.062773,0.006643,0.040751,0.021415,0.00082291,9.1736e-06
0.017512,0.0039269,0.0047969,0.053657,0.0038841,0.0091367,0.0056059,0.033678,0.0086973,0.00022802
0.0012792,0.010602,0.041669,0.00039218,0.0020597,0.15733,0.0046205,0.0055422,0.0048461,0.0010797
0.0017119,0.0084398,0.019804,0.022242,0.052972,0.0093855,0.0070297,0.020443,0.00075096,0.0032567
0.0023651,0.027373,0.011379,0.003975,0.017792,0.020337,0.001686,0.040834,0.009579,0.0030314
0.017717,0.051391,0.010025,0.00080449,0.012267,0.009804,0.0011511,0.014883,0.0037315,0.089614
0.029402,0.00016579,0.0081895,0.014083,0.002322,0.0060265,0.0056818,0.10361,0.0072719,0.0052061
0.062537,0.00068798,0.041219,1.1399e-05,0.0021224,0.058977,0.012396,0.0031809,0.0041783,0.0018977
0.0025971,0.0056028,0.0046539,0.032298,0.044801,0.0092211,0.0012407,0.0046955,0.0029215,0.16848
0.0053646,0.047781,0.0012734,0.086497,0.0079256,0.013583,0.0018283,0.0098069,0.0011697,0.00055393
0.014237,0.085207,0.00049329,0.0026285,0.0023308,0.018859,0.006946,0.036949,0.0040574,2.8393e-05
0.0049192,0.0060995,0.0010588,0.044591,0.013698,0.0090219,0.0062897,0.0037402,0.069746,0
0.044123,0.0061228,0.086535,0.0049729,0.0030938,0.016252,0.0022526,0.0090732,0.0043075,0.00064293
0.00090194,0.0044602,0.006158,0.02036,0.03367,0.005128,0.035074,0.016797,0.013244,5.3802e-05
0.0010727,0.010463,0.013674,0.0028205,0.0061191,0.0028504,0.0049127,0.0022024,0.0091282,0.36483
0.082437,0.0061067,0.019504,0.0018512,0.0043783,0.010464,0.0059157,0.002238,0.005201,0.099658
0.0084919,0.0021583,0.00095799,0.0091795,0.00076017,0.13552,0.042455,0.0046372,0.0045459,0.001018
0.013614,0.0035859,0.0025756,0.0042736,0.0054253,0.024685,0.0067289,0.064854,0.020046,0.0030788
0.0017736,0.0006932,0.30902,0.00073312,0.0066537,0.0092867,0.0093707,0.0054936,0.00014939,0.0010811
0.0072005,0.0021188,0.043121,0.038525,0.0084946,0.010731,0.0080917,0.013697,0.0047199,0
0.013386,0.0071716,0.11522,0.0032799,0.0046966,0.0014937,0.017184,0.0030968,0.013234,0.0003795
0.0095075,0.0028185,0.014949,0.0036359,0.001125,0.00034164,0.0049625,0.00084885,0.078847,0.2402
0.026815,0.0056661,0.0057305,0.0032798,0.0087655,0.016633,0.01196,0.03807,0.011257,0.0017588
0.00014784,0.0005842,0.053756,0.00040201,0.024971,0.1021,0.0027231,0.011696,0.0062716,6.859e-05
