0.050315,0.96543,0.30096,0.70918,0.70918,0.70918,0.70918,0.70918,0.70918,0.70918,0.70918,0.70918,0.70918,0.70918,0.70918
0.23514,0.59507,0.80206,0.24791,0.24791,0.24791,0.24791,0.24791,0.24791,0.24791,0.24791,0.24791,0.24791,0.24791,0.24791
0.90607,0.94955,0.00052612,1.7108,1.7108,1.7108,1.7108,1.7108,1.7108,1.7108,1.7108,1.7108,1.7108,1.7108,1.7108
0.3202,0.6767,0.71216,0.18378,0.18378,0.18378,0.18378,0.18378,0.18378,0.18378,0.18378,0.18378,0.18378,0.18378,0.18378
0.84272,0.94441,0.070512,1.5346,1.5346,1.5346,1.5346,1.5346,1.5346,1.5346,1.5346,1.5346,1.5346,1.5346,1.5346
0.19183,0.96677,0.22117,0.76122,0.76122,0.76122,0.76122,0.76122,0.76122,0.76122,0.76122,0.76122,0.76122,0.76122,0.76122
0.0044483,0.73407,0.68728,0.070013,0.070013,0.070013,0.070013,0.070013,0.070013,0.070013,0.070013,0.070013,0.070013,0.070013,0.070013
0.35309,0.79362,0.57775,0.22894,0.22894,0.22894,0.22894,0.22894,0.22894,0.22894,0.22894,0.22894,0.22894,0.22894,0.22894
0.23019,0.73527,0.6779,0.23126,0.23126,0.23126,0.23126,0.23126,0.23126,0.23126,0.23126,0.23126,0.23126,0.23126,0.23126
0.79862,0.92486,0.18946,1.3296,1.3296,1.3296,1.3296,1.3296,1.3296,1.3296,1.3296,1.3296,1.3296,1.3296,1.3296
0.35819,0.92332,0.1947,0.59022,0.59022,0.59022,0.59022,0.59022,0.59022,0.59022,0.59022,0.59022,0.59022,0.59022,0.59022
0.74892,0.61236,0.6631,0.89109,0.89109,0.89109,0.89109,0.89109,0.89109,0.89109,0.89109,0.89109,0.89109,0.89109,0.89109
0.3694,0.94564,0.11424,0.73688,0.73688,0.73688,0.73688,0.73688,0.73688,0.73688,0.73688,0.73688,0.73688,0.73688,0.73688
0.35789,0.8984,0.35066,0.47337,0.47337,0.47337,0.47337,0.47337,0.47337,0.47337,0.47337,0.47337,0.47337,0.47337,0.47337
0.6784,0.50864,0.73473,0.76141,0.76141,0.76141,0.76141,0.76141,0.76141,0.76141,0.76141,0.76141,0.76141,0.76141,0.76141
1.0583,7.3535e-07,0.38047,1.185,1.185,1.185,1.185,1.185,1.185,1.185,1.185,1.185,1.185,1.185,1.185
0.60973,0.90077,0.28685,0.86203,0.86203,0.86203,0.86203,0.86203,0.86203,0.86203,0.86203,0.86203,0.86203,0.86203,0.86203
0.014521,0.29452,0.98401,0.91215,0.91215,0.91215,0.91215,0.91215,0.91215,0.91215,0.91215,0.91215,0.91215,0.91215,0.91215
0.49942,0.56609,0.76393,0.41433,0.41433,0.41433,0.41433,0.41433,0.41433,0.41433,0.41433,0.41433,0.41433,0.41433,0.41433
0.0062128,0.82993,0.5616,0.15904,0.15904,0.15904,0.15904,0.15904,0.15904,0.15904,0.15904,0.15904,0.15904,0.15904,0.15904
0.023675,0.91211,0.44916,0.40658,0.40658,0.40658,0.40658,0.40658,0.40658,0.40658,0.40658,0.40658,0.40658,0.40658,0.40658
0.4923,0.94815,0.096261,0.90368,0.90368,0.90368,0.90368,0.90368,0.90368,0.90368,0.90368,0.90368,0.90368,0.90368,0.90368
0.84946,0.89519,0.29164,1.2994,1.2994,1.2994,1.2994,1.2994,1.2994,1.2994,1.2994,1.2994,1.2994,1.2994,1.2994
0.34804,0.41197,0.87898,0.43454,0.43454,0.43454,0.43454,0.43454,0.43454,0.43454,0.43454,0.43454,0.43454,0.43454,0.43454
0.33665,0.94418,0.15219,0.69369,0.69369,0.69369,0.69369,0.69369,0.69369,0.69369,0.69369,0.69369,0.69369,0.69369,0.69369
0.14494,0.17772,0.98609,0.96676,0.96676,0.96676,0.96676,0.96676,0.96676,0.96676,0.96676,0.96676,0.96676,0.96676,0.96676
0.31906,0.7085,0.66987,0.17229,0.17229,0.17229,0.17229,0.17229,0.17229,0.17229,0.17229,0.17229,0.17229,0.17229,0.17229
0.32728,0.29211,0.94133,0.73559,0.73559,0.73559,0.73559,0.73559,0.73559,0.73559,0.73559,0.73559,0.73559,0.73559,0.73559
0.99482,0.24821,0.10177,1.1138,1.1138,1.1138,1.1138,1.1138,1.1138,1.1138,1.1138,1.1138,1.1138,1.1138,1.1138
0.12752,0.57026,0.82397,0.22743,0.22743,0.22743,0.22743,0.22743,0.22743,0.22743,0.22743,0.22743,0.22743,0.22743,0.22743
0.51141,0.67621,0.70842,0.43233,0.43233,0.43233,0.43233,0.43233,0.43233,0.43233,0.43233,0.43233,0.43233,0.43233,0.43233
0.15734,0.99271,0.039537,0.96299,0.96299,0.96299,0.96299,0.96299,0.96299,0.96299,0.96299,0.96299,0.96299,0.96299,0.96299
0.94247,0.1084,0.33447,0.94249,0.94249,0.94249,0.94249,0.94249,0.94249,0.94249,0.94249,0.94249,0.94249,0.94249,0.94249
2.5399,9.2802e-08,0.46733,7.2797,7.2797,7.2797,7.2797,7.2797,7.2797,7.2797,7.2797,7.2797,7.2797,7.2797,7.2797
0.023899,0.55076,0.84668,0.2108,0.2108,0.2108,0.2108,0.2108,0.2108,0.2108,0.2108,0.2108,0.2108,0.2108,0.2108
0.47585,0.079,0.87966,0.54337,0.54337,0.54337,0.54337,0.54337,0.54337,0.54337,0.54337,0.54337,0.54337,0.54337,0.54337
0.93914,0.68503,0.34439,1.2473,1.2473,1.2473,1.2473,1.2473,1.2473,1.2473,1.2473,1.2473,1.2473,1.2473,1.2473
0.89654,0.10583,0.443,0.85698,0.85698,0.85698,0.85698,0.85698,0.85698,0.85698,0.85698,0.85698,0.85698,0.85698,0.85698
0.60654,0.27727,0.79517,0.60759,0.60759,0.60759,0.60759,0.60759,0.60759,0.60759,0.60759,0.60759,0.60759,0.60759,0.60759
0.23376,0.89325,0.43027,0.39462,0.39462,0.39462,0.39462,0.39462,0.39462,0.39462,0.39462,0.39462,0.39462,0.39462,0.39462
0.54445,0.24885,0.83882,0.59325,0.59325,0.59325,0.59325,0.59325,0.59325,0.59325,0.59325,0.59325,0.59325,0.59325,0.59325
0.92754,0.00066001,0.37374,0.8607,0.8607,0.8607,0.8607,0.8607,0.8607,0.8607,0.8607,0.8607,0.8607,0.8607,0.8607
7.5995e-08,0.0018759,1.094,2.4554,2.4554,2.4554,2.4554,2.4554,2.4554,2.4554,2.4554,2.4554,2.4554,2.4554,2.4554
0.057413,0.43796,0.90458,0.39225,0.39225,0.39225,0.39225,0.39225,0.39225,0.39225,0.39225,0.39225,0.39225,0.39225,0.39225
0.3,0.94681,0.24419,0.67547,0.67547,0.67547,0.67547,0.67547,0.67547,0.67547,0.67547,0.67547,0.67547,0.67547,0.67547
0.25368,0.92138,0.34411,0.51318,0.51318,0.51318,0.51318,0.51318,0.51318,0.51318,0.51318,0.51318,0.51318,0.51318,0.51318
0.99777,0.17059,0.06829,1.0807,1.0807,1.0807,1.0807,1.0807,1.0807,1.0807,1.0807,1.0807,1.0807,1.0807,1.0807
0.26846,0.74132,0.61594,0.1308,0.1308,0.1308,0.1308,0.1308,0.1308,0.1308,0.1308,0.1308,0.1308,0.1308,0.1308
0.99835,0.2039,0.057481,1.0986,1.0986,1.0986,1.0986,1.0986,1.0986,1.0986,1.0986,1.0986,1.0986,1.0986,1.0986
0.9296,0.15136,0.36894,0.93925,0.93925,0.93925,0.93925,0.93925,0.93925,0.93925,0.93925,0.93925,0.93925,0.93925,0.93925
0.99815,0.1374,0.061006,1.0649,1.0649,1.0649,1.0649,1.0649,1.0649,1.0649,1.0649,1.0649,1.0649,1.0649,1.0649
0.84073,0.1084,0.54256,0.76326,0.76326,0.76326,0.76326,0.76326,0.76326,0.76326,0.76326,0.76326,0.76326,0.76326,0.76326
0.33196,0.58863,0.75452,0.18235,0.18235,0.18235,0.18235,0.18235,0.18235,0.18235,0.18235,0.18235,0.18235,0.18235,0.18235
0.96724,0.20774,0.25612,1.039,1.039,1.039,1.039,1.039,1.039,1.039,1.039,1.039,1.039,1.039,1.039
0.48294,0.55972,0.81247,0.46309,0.46309,0.46309,0.46309,0.46309,0.46309,0.46309,0.46309,0.46309,0.46309,0.46309,0.46309
0.66642,0.00098436,0.76673,0.51502,0.51502,0.51502,0.51502,0.51502,0.51502,0.51502,0.51502,0.51502,0.51502,0.51502,0.51502
0.99695,0.086166,0.07852,1.0368,1.0368,1.0368,1.0368,1.0368,1.0368,1.0368,1.0368,1.0368,1.0368,1.0368,1.0368
0.15906,0.86984,0.47575,0.28141,0.28141,0.28141,0.28141,0.28141,0.28141,0.28141,0.28141,0.28141,0.28141,0.28141,0.28141
0.0017171,0.80287,0.59875,0.11855,0.11855,0.11855,0.11855,0.11855,0.11855,0.11855,0.11855,0.11855,0.11855,0.11855,0.11855
0.25138,0.9695,0.072594,0.79959,0.79959,0.79959,0.79959,0.79959,0.79959,0.79959,0.79959,0.79959,0.79959,0.79959,0.79959
0.32212,0.85599,0.43132,0.32594,0.32594,0.32594,0.32594,0.32594,0.32594,0.32594,0.32594,0.32594,0.32594,0.32594,0.32594
0.79312,0.58143,0.6096,0.93104,0.93104,0.93104,0.93104,0.93104,0.93104,0.93104,0.93104,0.93104,0.93104,0.93104,0.93104
0.5445,0.29272,0.83877,0.61516,0.61516,0.61516,0.61516,0.61516,0.61516,0.61516,0.61516,0.61516,0.61516,0.61516,0.61516
0.021435,0.14361,0.9902,0.91577,0.91577,0.91577,0.91577,0.91577,0.91577,0.91577,0.91577,0.91577,0.91577,0.91577,0.91577
0.79365,0.10506,0.60934,0.68947,0.68947,0.68947,0.68947,0.68947,0.68947,0.68947,0.68947,0.68947,0.68947,0.68947,0.68947
0.99332,0.20987,0.1157,1.0916,1.0916,1.0916,1.0916,1.0916,1.0916,1.0916,1.0916,1.0916,1.0916,1.0916,1.0916
0.89626,0.14776,0.44359,0.87729,0.87729,0.87729,0.87729,0.87729,0.87729,0.87729,0.87729,0.87729,0.87729,0.87729,0.87729
0.74222,0.21,0.67016,0.67412,0.67412,0.67412,0.67412,0.67412,0.67412,0.67412,0.67412,0.67412,0.67412,0.67412,0.67412
0.4953,0.11513,0.86888,0.54769,0.54769,0.54769,0.54769,0.54769,0.54769,0.54769,0.54769,0.54769,0.54769,0.54769,0.54769
0.93924,0.24267,0.34355,1.0036,1.0036,1.0036,1.0036,1.0036,1.0036,1.0036,1.0036,1.0036,1.0036,1.0036,1.0036
0.76205,0.28546,0.64909,0.73735,0.73735,0.73735,0.73735,0.73735,0.73735,0.73735,0.73735,0.73735,0.73735,0.73735,0.73735
0.73488,0.070653,0.67859,0.59609,0.59609,0.59609,0.59609,0.59609,0.59609,0.59609,0.59609,0.59609,0.59609,0.59609,0.59609
0.71626,0.37228,0.69785,0.72661,0.72661,0.72661,0.72661,0.72661,0.72661,0.72661,0.72661,0.72661,0.72661,0.72661,0.72661
0.90679,0.25928,0.42439,0.94687,0.94687,0.94687,0.94687,0.94687,0.94687,0.94687,0.94687,0.94687,0.94687,0.94687,0.94687
0.9993,0.56271,0.038337,1.2831,1.2831,1.2831,1.2831,1.2831,1.2831,1.2831,1.2831,1.2831,1.2831,1.2831,1.2831
0.0033589,0.47757,0.97536,0.81171,0.81171,0.81171,0.81171,0.81171,0.81171,0.81171,0.81171,0.81171,0.81171,0.81171,0.81171
0.99929,0.00047856,0.041985,0.99867,0.99867,0.99867,0.99867,0.99867,0.99867,0.99867,0.99867,0.99867,0.99867,0.99867,0.99867
0.82793,0.58304,0.56087,0.98303,0.98303,0.98303,0.98303,0.98303,0.98303,0.98303,0.98303,0.98303,0.98303,0.98303,0.98303
0.65207,0.16282,0.75876,0.56998,0.56998,0.56998,0.56998,0.56998,0.56998,0.56998,0.56998,0.56998,0.56998,0.56998,0.56998
0.027101,0.66909,0.75653,0.093954,0.093954,0.093954,0.093954,0.093954,0.093954,0.093954,0.093954,0.093954,0.093954,0.093954,0.093954
0.99992,0.70429,0.01435,1.382,1.382,1.382,1.382,1.382,1.382,1.382,1.382,1.382,1.382,1.382,1.382
0.69022,0.78273,0.52053,0.72344,0.72344,0.72344,0.72344,0.72344,0.72344,0.72344,0.72344,0.72344,0.72344,0.72344,0.72344
0.86664,0.56536,0.49956,1.038,1.038,1.038,1.038,1.038,1.038,1.038,1.038,1.038,1.038,1.038,1.038
0.035105,0.24766,0.9842,0.90092,0.90092,0.90092,0.90092,0.90092,0.90092,0.90092,0.90092,0.90092,0.90092,0.90092,0.90092
0.50615,0.45577,0.85103,0.56939,0.56939,0.56939,0.56939,0.56939,0.56939,0.56939,0.56939,0.56939,0.56939,0.56939,0.56939
0.99981,0.1071,0.019711,1.0532,1.0532,1.0532,1.0532,1.0532,1.0532,1.0532,1.0532,1.0532,1.0532,1.0532,1.0532
0.99985,0.092458,0.017139,1.0459,1.0459,1.0459,1.0459,1.0459,1.0459,1.0459,1.0459,1.0459,1.0459,1.0459,1.0459
0.97091,0.07345,0.23947,0.9794,0.9794,0.9794,0.9794,0.9794,0.9794,0.9794,0.9794,0.9794,0.9794,0.9794,0.9794
0.73755,0.31985,0.67545,0.72352,0.72352,0.72352,0.72352,0.72352,0.72352,0.72352,0.72352,0.72352,0.72352,0.72352,0.72352
0.12796,0.14047,0.9922,1.005,1.005,1.005,1.005,1.005,1.005,1.005,1.005,1.005,1.005,1.005,1.005
0.95461,0.18083,0.2979,1.0015,1.0015,1.0015,1.0015,1.0015,1.0015,1.0015,1.0015,1.0015,1.0015,1.0015,1.0015
0.99238,0.80194,0.12324,1.4958,1.4958,1.4958,1.4958,1.4958,1.4958,1.4958,1.4958,1.4958,1.4958,1.4958,1.4958
0.17503,0.96035,0.29953,0.70045,0.70045,0.70045,0.70045,0.70045,0.70045,0.70045,0.70045,0.70045,0.70045,0.70045,0.70045
0.9866,0.37573,0.16314,1.1612,1.1612,1.1612,1.1612,1.1612,1.1612,1.1612,1.1612,1.1612,1.1612,1.1612,1.1612
0.83275,0.23047,0.55384,0.81142,0.81142,0.81142,0.81142,0.81142,0.81142,0.81142,0.81142,0.81142,0.81142,0.81142,0.81142
0.97769,0.40676,0.21024,1.1594,1.1594,1.1594,1.1594,1.1594,1.1594,1.1594,1.1594,1.1594,1.1594,1.1594,1.1594
0.91852,0.20816,0.39542,0.9478,0.9478,0.9478,0.9478,0.9478,0.9478,0.9478,0.9478,0.9478,0.9478,0.9478,0.9478
0.7563,0.14574,0.65932,0.64235,0.64235,0.64235,0.64235,0.64235,0.64235,0.64235,0.64235,0.64235,0.64235,0.64235,0.64235
0.99005,3.609e-05,0.1413,0.98021,0.98021,0.98021,0.98021,0.98021,0.98021,0.98021,0.98021,0.98021,0.98021,0.98021,0.98021
0.79114,0.14575,0.61164,0.7061,0.7061,0.7061,0.7061,0.7061,0.7061,0.7061,0.7061,0.7061,0.7061,0.7061,0.7061
0.83261,0.30636,0.55407,0.84906,0.84906,0.84906,0.84906,0.84906,0.84906,0.84906,0.84906,0.84906,0.84906,0.84906,0.84906
0.98326,0.2349,0.18233,1.0842,1.0842,1.0842,1.0842,1.0842,1.0842,1.0842,1.0842,1.0842,1.0842,1.0842,1.0842
0.95316,0.69763,0.30349,1.2846,1.2846,1.2846,1.2846,1.2846,1.2846,1.2846,1.2846,1.2846,1.2846,1.2846,1.2846
0.91264,0.2075,0.40881,0.93679,0.93679,0.93679,0.93679,0.93679,0.93679,0.93679,0.93679,0.93679,0.93679,0.93679,0.93679
0.3144,0.95336,0.0011207,0.72183,0.72183,0.72183,0.72183,0.72183,0.72183,0.72183,0.72183,0.72183,0.72183,0.72183,0.72183
0.28348,0.22706,0.95866,0.83143,0.83143,0.83143,0.83143,0.83143,0.83143,0.83143,0.83143,0.83143,0.83143,0.83143,0.83143
0.48739,0.30402,0.87319,0.64724,0.64724,0.64724,0.64724,0.64724,0.64724,0.64724,0.64724,0.64724,0.64724,0.64724,0.64724
0.93896,0.28037,0.34512,1.022,1.022,1.022,1.022,1.022,1.022,1.022,1.022,1.022,1.022,1.022,1.022
0.34201,0.13492,0.9397,0.72126,0.72126,0.72126,0.72126,0.72126,0.72126,0.72126,0.72126,0.72126,0.72126,0.72126,0.72126
0.91659,0.52293,0.39984,1.1032,1.1032,1.1032,1.1032,1.1032,1.1032,1.1032,1.1032,1.1032,1.1032,1.1032,1.1032
0.64756,0.87076,0.3882,0.83805,0.83805,0.83805,0.83805,0.83805,0.83805,0.83805,0.83805,0.83805,0.83805,0.83805,0.83805
0.58739,0.11574,0.80933,0.52343,0.52343,0.52343,0.52343,0.52343,0.52343,0.52343,0.52343,0.52343,0.52343,0.52343,0.52343
0.35921,0.16241,0.93364,0.71378,0.71378,0.71378,0.71378,0.71378,0.71378,0.71378,0.71378,0.71378,0.71378,0.71378,0.71378
0.99656,0.73466,0.084757,1.4058,1.4058,1.4058,1.4058,1.4058,1.4058,1.4058,1.4058,1.4058,1.4058,1.4058,1.4058
0.91282,0.33946,0.40847,1.0029,1.0029,1.0029,1.0029,1.0029,1.0029,1.0029,1.0029,1.0029,1.0029,1.0029,1.0029
0.55007,0.29457,0.83513,0.61488,0.61488,0.61488,0.61488,0.61488,0.61488,0.61488,0.61488,0.61488,0.61488,0.61488,0.61488
0.86993,0.074676,0.49319,0.79447,0.79447,0.79447,0.79447,0.79447,0.79447,0.79447,0.79447,0.79447,0.79447,0.79447,0.79447
0.82404,0.15252,0.56659,0.75873,0.75873,0.75873,0.75873,0.75873,0.75873,0.75873,0.75873,0.75873,0.75873,0.75873,0.75873
0.98726,0.49235,0.16145,1.2215,1.2215,1.2215,1.2215,1.2215,1.2215,1.2215,1.2215,1.2215,1.2215,1.2215,1.2215
0.53169,0.19744,0.84722,0.5721,0.5721,0.5721,0.5721,0.5721,0.5721,0.5721,0.5721,0.5721,0.5721,0.5721,0.5721
0.3125,0.34205,0.94947,0.83191,0.83191,0.83191,0.83191,0.83191,0.83191,0.83191,0.83191,0.83191,0.83191,0.83191,0.83191
0.85245,0.092901,0.52292,0.77124,0.77124,0.77124,0.77124,0.77124,0.77124,0.77124,0.77124,0.77124,0.77124,0.77124,0.77124
0.42177,0.16436,0.90705,0.63721,0.63721,0.63721,0.63721,0.63721,0.63721,0.63721,0.63721,0.63721,0.63721,0.63721,0.63721
0.98242,0.17988,0.1868,1.0551,1.0551,1.0551,1.0551,1.0551,1.0551,1.0551,1.0551,1.0551,1.0551,1.0551,1.0551
0.83724,0.040537,0.54788,0.72371,0.72371,0.72371,0.72371,0.72371,0.72371,0.72371,0.72371,0.72371,0.72371,0.72371,0.72371
0.753,0.24207,0.65862,0.7031,0.7031,0.7031,0.7031,0.7031,0.7031,0.7031,0.7031,0.7031,0.7031,0.7031,0.7031
0.95857,0.14745,0.28489,0.99259,0.99259,0.99259,0.99259,0.99259,0.99259,0.99259,0.99259,0.99259,0.99259,0.99259,0.99259
0.70703,0.23237,0.7109,0.64947,0.64947,0.64947,0.64947,0.64947,0.64947,0.64947,0.64947,0.64947,0.64947,0.64947,0.64947
0.86726,0.43192,0.49786,0.96917,0.96917,0.96917,0.96917,0.96917,0.96917,0.96917,0.96917,0.96917,0.96917,0.96917,0.96917
0.61754,0.066301,0.78674,0.50546,0.50546,0.50546,0.50546,0.50546,0.50546,0.50546,0.50546,0.50546,0.50546,0.50546,0.50546
0.95652,0.068558,0.29297,0.94941,0.94941,0.94941,0.94941,0.94941,0.94941,0.94941,0.94941,0.94941,0.94941,0.94941,0.94941
0.46384,0.083941,0.88592,0.55492,0.55492,0.55492,0.55492,0.55492,0.55492,0.55492,0.55492,0.55492,0.55492,0.55492,0.55492
0.67207,0.10017,0.74065,0.55112,0.55112,0.55112,0.55112,0.55112,0.55112,0.55112,0.55112,0.55112,0.55112,0.55112,0.55112
0.40121,0.24879,0.9162,0.70231,0.70231,0.70231,0.70231,0.70231,0.70231,0.70231,0.70231,0.70231,0.70231,0.70231,0.70231
0.48501,0.082335,0.87464,0.53842,0.53842,0.53842,0.53842,0.53842,0.53842,0.53842,0.53842,0.53842,0.53842,0.53842,0.53842
0.59238,0.12156,0.8133,0.52338,0.52338,0.52338,0.52338,0.52338,0.52338,0.52338,0.52338,0.52338,0.52338,0.52338,0.52338
0.99982,0.92585,0.019281,1.9253,1.9253,1.9253,1.9253,1.9253,1.9253,1.9253,1.9253,1.9253,1.9253,1.9253,1.9253
0.58082,0.93407,0.092677,0.95421,0.95421,0.95421,0.95421,0.95421,0.95421,0.95421,0.95421,0.95421,0.95421,0.95421,0.95421
0.98243,0.10399,0.18701,1.0172,1.0172,1.0172,1.0172,1.0172,1.0172,1.0172,1.0172,1.0172,1.0172,1.0172,1.0172
0.87491,0.2279,0.4843,0.88006,0.88006,0.88006,0.88006,0.88006,0.88006,0.88006,0.88006,0.88006,0.88006,0.88006,0.88006
0.0127,0.067014,0.99996,1.0334,1.0334,1.0334,1.0334,1.0334,1.0334,1.0334,1.0334,1.0334,1.0334,1.0334,1.0334
0.48739,0.29682,0.87318,0.64363,0.64363,0.64363,0.64363,0.64363,0.64363,0.64363,0.64363,0.64363,0.64363,0.64363,0.64363
0.015227,0.20987,0.99989,1.1041,1.1041,1.1041,1.1041,1.1041,1.1041,1.1041,1.1041,1.1041,1.1041,1.1041,1.1041
0.33624,0.2894,0.93979,0.73123,0.73123,0.73123,0.73123,0.73123,0.73123,0.73123,0.73123,0.73123,0.73123,0.73123,0.73123
0.9986,0.3778,0.05511,1.1862,1.1862,1.1862,1.1862,1.1862,1.1862,1.1862,1.1862,1.1862,1.1862,1.1862,1.1862
0.67444,0.11395,0.73847,0.55987,0.55987,0.55987,0.55987,0.55987,0.55987,0.55987,0.55987,0.55987,0.55987,0.55987,0.55987
0.2392,0.15164,0.96904,0.82264,0.82264,0.82264,0.82264,0.82264,0.82264,0.82264,0.82264,0.82264,0.82264,0.82264,0.82264
0.89109,0.72751,0.45442,1.1967,1.1967,1.1967,1.1967,1.1967,1.1967,1.1967,1.1967,1.1967,1.1967,1.1967,1.1967
0.7151,0.71628,0.61461,0.71578,0.71578,0.71578,0.71578,0.71578,0.71578,0.71578,0.71578,0.71578,0.71578,0.71578,0.71578
0.70999,0.28459,0.70422,0.67638,0.67638,0.67638,0.67638,0.67638,0.67638,0.67638,0.67638,0.67638,0.67638,0.67638,0.67638
0.94556,0.37387,0.32557,1.0811,1.0811,1.0811,1.0811,1.0811,1.0811,1.0811,1.0811,1.0811,1.0811,1.0811,1.0811
0.89893,0.23243,0.43811,0.92453,0.92453,0.92453,0.92453,0.92453,0.92453,0.92453,0.92453,0.92453,0.92453,0.92453,0.92453
0.56585,0.26395,0.82453,0.59697,0.59697,0.59697,0.59697,0.59697,0.59697,0.59697,0.59697,0.59697,0.59697,0.59697,0.59697
0.82794,0.16142,0.56087,0.76927,0.76927,0.76927,0.76927,0.76927,0.76927,0.76927,0.76927,0.76927,0.76927,0.76927,0.76927
0.78622,0.070653,0.62404,0.66467,0.66467,0.66467,0.66467,0.66467,0.66467,0.66467,0.66467,0.66467,0.66467,0.66467,0.66467
0.2151,0.067091,0.97695,0.86797,0.86797,0.86797,0.86797,0.86797,0.86797,0.86797,0.86797,0.86797,0.86797,0.86797,0.86797
0.68559,0.20901,0.72801,0.61635,0.61635,0.61635,0.61635,0.61635,0.61635,0.61635,0.61635,0.61635,0.61635,0.61635,0.61635
0.015229,0.22946,0.99989,1.1137,1.1137,1.1137,1.1137,1.1137,1.1137,1.1137,1.1137,1.1137,1.1137,1.1137,1.1137
0.51209,0.15249,0.85896,0.55714,0.55714,0.55714,0.55714,0.55714,0.55714,0.55714,0.55714,0.55714,0.55714,0.55714,0.55714
0.5143,0.10161,0.85767,0.53069,0.53069,0.53069,0.53069,0.53069,0.53069,0.53069,0.53069,0.53069,0.53069,0.53069,0.53069
0.41075,0.095376,0.91177,0.61162,0.61162,0.61162,0.61162,0.61162,0.61162,0.61162,0.61162,0.61162,0.61162,0.61162,0.61162
0.82372,0.15252,0.56705,0.75822,0.75822,0.75822,0.75822,0.75822,0.75822,0.75822,0.75822,0.75822,0.75822,0.75822,0.75822
0.67633,0.11395,0.73847,0.56337,0.56337,0.56337,0.56337,0.56337,0.56337,0.56337,0.56337,0.56337,0.56337,0.56337,0.56337
0.49729,0.9348,0.16809,0.84117,0.84117,0.84117,0.84117,0.84117,0.84117,0.84117,0.84117,0.84117,0.84117,0.84117,0.84117
0.30872,0.25214,0.95321,0.76424,0.76424,0.76424,0.76424,0.76424,0.76424,0.76424,0.76424,0.76424,0.76424,0.76424,0.76424
0.77946,0.20628,0.62679,0.72006,0.72006,0.72006,0.72006,0.72006,0.72006,0.72006,0.72006,0.72006,0.72006,0.72006,0.72006
0.99238,0.52525,0.12324,1.249,1.249,1.249,1.249,1.249,1.249,1.249,1.249,1.249,1.249,1.249,1.249
0.83147,0.42033,0.55558,0.90162,0.90162,0.90162,0.90162,0.90162,0.90162,0.90162,0.90162,0.90162,0.90162,0.90162,0.90162
0.69562,0.30069,0.71881,0.67126,0.67126,0.67126,0.67126,0.67126,0.67126,0.67126,0.67126,0.67126,0.67126,0.67126,0.67126
0.7942,0.30932,0.6087,0.79212,0.79212,0.79212,0.79212,0.79212,0.79212,0.79212,0.79212,0.79212,0.79212,0.79212,0.79212
2.6482,9.2802e-08,0.46733,7.8954,7.8954,7.8954,7.8954,7.8954,7.8954,7.8954,7.8954,7.8954,7.8954,7.8954,7.8954
0.34445,0.12552,0.93903,0.6972,0.6972,0.6972,0.6972,0.6972,0.6972,0.6972,0.6972,0.6972,0.6972,0.6972,0.6972
0.59955,0.1178,0.80037,0.52624,0.52624,0.52624,0.52624,0.52624,0.52624,0.52624,0.52624,0.52624,0.52624,0.52624,0.52624
0.72589,0.31966,0.68798,0.7104,0.7104,0.7104,0.7104,0.7104,0.7104,0.7104,0.7104,0.7104,0.7104,0.7104,0.7104
0.54986,0.1461,0.83526,0.53992,0.53992,0.53992,0.53992,0.53992,0.53992,0.53992,0.53992,0.53992,0.53992,0.53992,0.53992
0.98994,0.64315,0.14148,1.3137,1.3137,1.3137,1.3137,1.3137,1.3137,1.3137,1.3137,1.3137,1.3137,1.3137,1.3137
0.87194,0.27946,0.48971,0.89909,0.89909,0.89909,0.89909,0.89909,0.89909,0.89909,0.89909,0.89909,0.89909,0.89909,0.89909
0.86683,0.14413,0.50165,0.82535,0.82535,0.82535,0.82535,0.82535,0.82535,0.82535,0.82535,0.82535,0.82535,0.82535,0.82535
0.7338,0.071702,0.67969,0.59492,0.59492,0.59492,0.59492,0.59492,0.59492,0.59492,0.59492,0.59492,0.59492,0.59492,0.59492
0.9886,0.11426,0.15376,1.0347,1.0347,1.0347,1.0347,1.0347,1.0347,1.0347,1.0347,1.0347,1.0347,1.0347,1.0347
0.99471,0.34309,0.10288,1.161,1.161,1.161,1.161,1.161,1.161,1.161,1.161,1.161,1.161,1.161,1.161
0.98323,0.11022,0.18268,1.0219,1.0219,1.0219,1.0219,1.0219,1.0219,1.0219,1.0219,1.0219,1.0219,1.0219,1.0219
0.96284,0.29848,0.27014,1.0763,1.0763,1.0763,1.0763,1.0763,1.0763,1.0763,1.0763,1.0763,1.0763,1.0763,1.0763
0.40843,0.10835,0.91511,0.60383,0.60383,0.60383,0.60383,0.60383,0.60383,0.60383,0.60383,0.60383,0.60383,0.60383,0.60383
0.28982,0.17063,0.95694,0.80444,0.80444,0.80444,0.80444,0.80444,0.80444,0.80444,0.80444,0.80444,0.80444,0.80444,0.80444
0.81822,0.066324,0.57523,0.70671,0.70671,0.70671,0.70671,0.70671,0.70671,0.70671,0.70671,0.70671,0.70671,0.70671,0.70671
0.27484,0.25083,0.9616,0.87649,0.87649,0.87649,0.87649,0.87649,0.87649,0.87649,0.87649,0.87649,0.87649,0.87649,0.87649
0.58459,0.22726,0.81162,0.57929,0.57929,0.57929,0.57929,0.57929,0.57929,0.57929,0.57929,0.57929,0.57929,0.57929,0.57929
0.32134,0.078043,0.94787,0.69926,0.69926,0.69926,0.69926,0.69926,0.69926,0.69926,0.69926,0.69926,0.69926,0.69926,0.69926
0.67158,0.10017,0.74111,0.55077,0.55077,0.55077,0.55077,0.55077,0.55077,0.55077,0.55077,0.55077,0.55077,0.55077,0.55077
0.99426,0.16383,0.10719,1.0705,1.0705,1.0705,1.0705,1.0705,1.0705,1.0705,1.0705,1.0705,1.0705,1.0705,1.0705
0.89624,0.59824,0.44359,1.1084,1.1084,1.1084,1.1084,1.1084,1.1084,1.1084,1.1084,1.1084,1.1084,1.1084,1.1084
0.52484,0.13832,0.85131,0.54454,0.54454,0.54454,0.54454,0.54454,0.54454,0.54454,0.54454,0.54454,0.54454,0.54454,0.54454
0.9972,0.57377,0.075208,1.2849,1.2849,1.2849,1.2849,1.2849,1.2849,1.2849,1.2849,1.2849,1.2849,1.2849,1.2849
0.91239,0.30807,0.40965,0.98643,0.98643,0.98643,0.98643,0.98643,0.98643,0.98643,0.98643,0.98643,0.98643,0.98643,0.98643
0.10214,0.1421,0.99513,1.027,1.027,1.027,1.027,1.027,1.027,1.027,1.027,1.027,1.027,1.027,1.027
0.35929,0.13491,0.93323,0.69754,0.69754,0.69754,0.69754,0.69754,0.69754,0.69754,0.69754,0.69754,0.69754,0.69754,0.69754
0.92135,0.84143,0.38873,1.4476,1.4476,1.4476,1.4476,1.4476,1.4476,1.4476,1.4476,1.4476,1.4476,1.4476,1.4476
0.35734,0.79184,0.50511,0.22923,0.22923,0.22923,0.22923,0.22923,0.22923,0.22923,0.22923,0.22923,0.22923,0.22923,0.22923
0.937,0.19353,0.34955,0.97462,0.97462,0.97462,0.97462,0.97462,0.97462,0.97462,0.97462,0.97462,0.97462,0.97462,0.97462
0.32772,0.20387,0.94478,0.77596,0.77596,0.77596,0.77596,0.77596,0.77596,0.77596,0.77596,0.77596,0.77596,0.77596,0.77596
0.10577,0.7153,0.70129,0.12582,0.12582,0.12582,0.12582,0.12582,0.12582,0.12582,0.12582,0.12582,0.12582,0.12582,0.12582
0.79114,0.094937,0.61164,0.68069,0.68069,0.68069,0.68069,0.68069,0.68069,0.68069,0.68069,0.68069,0.68069,0.68069,0.68069
3.2203e-09,0.23509,1.0002,1.1192,1.1192,1.1192,1.1192,1.1192,1.1192,1.1192,1.1192,1.1192,1.1192,1.1192,1.1192
0.94934,0.068559,0.31538,0.93571,0.93571,0.93571,0.93571,0.93571,0.93571,0.93571,0.93571,0.93571,0.93571,0.93571,0.93571
0.321,0.070415,0.94802,0.69701,0.69701,0.69701,0.69701,0.69701,0.69701,0.69701,0.69701,0.69701,0.69701,0.69701,0.69701
0.68047,0.21577,0.73289,0.61569,0.61569,0.61569,0.61569,0.61569,0.61569,0.61569,0.61569,0.61569,0.61569,0.61569,0.61569
0.99969,0.11273,0.025062,1.0557,1.0557,1.0557,1.0557,1.0557,1.0557,1.0557,1.0557,1.0557,1.0557,1.0557,1.0557
0.36201,0.87161,0.38854,0.41396,0.41396,0.41396,0.41396,0.41396,0.41396,0.41396,0.41396,0.41396,0.41396,0.41396,0.41396
0.39715,0.92194,0.28612,0.63088,0.63088,0.63088,0.63088,0.63088,0.63088,0.63088,0.63088,0.63088,0.63088,0.63088,0.63088
0.7521,0.42083,0.65907,0.79171,0.79171,0.79171,0.79171,0.79171,0.79171,0.79171,0.79171,0.79171,0.79171,0.79171,0.79171
0.67962,0.12164,0.73367,0.56749,0.56749,0.56749,0.56749,0.56749,0.56749,0.56749,0.56749,0.56749,0.56749,0.56749,0.56749
0.87973,0.26619,0.47546,0.90491,0.90491,0.90491,0.90491,0.90491,0.90491,0.90491,0.90491,0.90491,0.90491,0.90491,0.90491
0.99323,0.92658,0.11628,1.9163,1.9163,1.9163,1.9163,1.9163,1.9163,1.9163,1.9163,1.9163,1.9163,1.9163,1.9163
0.56908,0.69042,0.6295,0.45369,0.45369,0.45369,0.45369,0.45369,0.45369,0.45369,0.45369,0.45369,0.45369,0.45369,0.45369
0.73399,0.070653,0.67955,0.59507,0.59507,0.59507,0.59507,0.59507,0.59507,0.59507,0.59507,0.59507,0.59507,0.59507,0.59507
0.77473,0.13496,0.63229,0.6779,0.6779,0.6779,0.6779,0.6779,0.6779,0.6779,0.6779,0.6779,0.6779,0.6779,0.6779
0.39195,0.20987,0.92092,0.69733,0.69733,0.69733,0.69733,0.69733,0.69733,0.69733,0.69733,0.69733,0.69733,0.69733,0.69733
0.9801,0.57118,0.19888,1.2497,1.2497,1.2497,1.2497,1.2497,1.2497,1.2497,1.2497,1.2497,1.2497,1.2497,1.2497
0.35051,0.3099,0.93417,0.71484,0.71484,0.71484,0.71484,0.71484,0.71484,0.71484,0.71484,0.71484,0.71484,0.71484,0.71484
0.36527,0.50749,0.82184,0.28082,0.28082,0.28082,0.28082,0.28082,0.28082,0.28082,0.28082,0.28082,0.28082,0.28082,0.28082
0.753,0.24206,0.65862,0.70311,0.70311,0.70311,0.70311,0.70311,0.70311,0.70311,0.70311,0.70311,0.70311,0.70311,0.70311
1,0.30101,0.0024905,1.1505,1.1505,1.1505,1.1505,1.1505,1.1505,1.1505,1.1505,1.1505,1.1505,1.1505,1.1505
0.98424,0.28557,0.17699,1.111,1.111,1.111,1.111,1.111,1.111,1.111,1.111,1.111,1.111,1.111,1.111
0.53334,0.26623,0.84651,0.60652,0.60652,0.60652,0.60652,0.60652,0.60652,0.60652,0.60652,0.60652,0.60652,0.60652,0.60652
0.99427,0.16368,0.10718,1.0704,1.0704,1.0704,1.0704,1.0704,1.0704,1.0704,1.0704,1.0704,1.0704,1.0704,1.0704
0.94841,0.5249,0.3177,1.1635,1.1635,1.1635,1.1635,1.1635,1.1635,1.1635,1.1635,1.1635,1.1635,1.1635,1.1635
0.95392,0.21577,0.30042,1.0179,1.0179,1.0179,1.0179,1.0179,1.0179,1.0179,1.0179,1.0179,1.0179,1.0179,1.0179
1.091,3.5259e-06,0.0052244,1.2357,1.2357,1.2357,1.2357,1.2357,1.2357,1.2357,1.2357,1.2357,1.2357,1.2357,1.2357
0.93843,0.28861,0.34553,1.0239,1.0239,1.0239,1.0239,1.0239,1.0239,1.0239,1.0239,1.0239,1.0239,1.0239,1.0239
0.90951,0.013832,0.44193,0.83441,0.83441,0.83441,0.83441,0.83441,0.83441,0.83441,0.83441,0.83441,0.83441,0.83441,0.83441
0.9413,0.11984,0.33764,0.94565,0.94565,0.94565,0.94565,0.94565,0.94565,0.94565,0.94565,0.94565,0.94565,0.94565,0.94565
0.69204,0.071467,0.72217,0.55278,0.55278,0.55278,0.55278,0.55278,0.55278,0.55278,0.55278,0.55278,0.55278,0.55278,0.55278
0.94128,0.0044965,0.33867,0.88843,0.88843,0.88843,0.88843,0.88843,0.88843,0.88843,0.88843,0.88843,0.88843,0.88843,0.88843
0.88807,0.084698,0.46223,0.82387,0.82387,0.82387,0.82387,0.82387,0.82387,0.82387,0.82387,0.82387,0.82387,0.82387,0.82387
0.87021,0.31968,0.49271,0.91796,0.91796,0.91796,0.91796,0.91796,0.91796,0.91796,0.91796,0.91796,0.91796,0.91796,0.91796
0.98847,0.30695,0.16128,1.1312,1.1312,1.1312,1.1312,1.1312,1.1312,1.1312,1.1312,1.1312,1.1312,1.1312,1.1312
0.87197,0.268,0.48968,0.89103,0.89103,0.89103,0.89103,0.89103,0.89103,0.89103,0.89103,0.89103,0.89103,0.89103,0.89103
0.71885,0.070653,0.69603,0.57876,0.57876,0.57876,0.57876,0.57876,0.57876,0.57876,0.57876,0.57876,0.57876,0.57876,0.57876
0.55502,0.3038,0.83204,0.61606,0.61606,0.61606,0.61606,0.61606,0.61606,0.61606,0.61606,0.61606,0.61606,0.61606,0.61606
0.55193,0.011294,0.8339,0.47281,0.47281,0.47281,0.47281,0.47281,0.47281,0.47281,0.47281,0.47281,0.47281,0.47281,0.47281
0.87024,0.11677,0.49293,0.81662,0.81662,0.81662,0.81662,0.81662,0.81662,0.81662,0.81662,0.81662,0.81662,0.81662,0.81662
0.61917,0.066301,0.78546,0.506,0.506,0.506,0.506,0.506,0.506,0.506,0.506,0.506,0.506,0.506,0.506
0.86785,0.16888,0.49697,0.83853,0.83853,0.83853,0.83853,0.83853,0.83853,0.83853,0.83853,0.83853,0.83853,0.83853,0.83853
0.38259,0.23727,0.92699,0.67038,0.67038,0.67038,0.67038,0.67038,0.67038,0.67038,0.67038,0.67038,0.67038,0.67038,0.67038
0.89286,0.4776,0.45142,1.037,1.037,1.037,1.037,1.037,1.037,1.037,1.037,1.037,1.037,1.037,1.037
0.74497,0.11236,0.6671,0.62861,0.62861,0.62861,0.62861,0.62861,0.62861,0.62861,0.62861,0.62861,0.62861,0.62861,0.62861
0.91282,0.072552,0.40849,0.86944,0.86944,0.86944,0.86944,0.86944,0.86944,0.86944,0.86944,0.86944,0.86944,0.86944,0.86944
0.72026,0.89755,0.27928,1.0463,1.0463,1.0463,1.0463,1.0463,1.0463,1.0463,1.0463,1.0463,1.0463,1.0463,1.0463
0.25436,0.25162,0.96713,0.90595,0.90595,0.90595,0.90595,0.90595,0.90595,0.90595,0.90595,0.90595,0.90595,0.90595,0.90595
0.77946,0.20628,0.62679,0.72006,0.72006,0.72006,0.72006,0.72006,0.72006,0.72006,0.72006,0.72006,0.72006,0.72006,0.72006
0.48479,0.11461,0.87492,0.55481,0.55481,0.55481,0.55481,0.55481,0.55481,0.55481,0.55481,0.55481,0.55481,0.55481,0.55481
0.46215,0.84846,0.43431,0.48608,0.48608,0.48608,0.48608,0.48608,0.48608,0.48608,0.48608,0.48608,0.48608,0.48608,0.48608
0.96839,0.28416,0.25159,1.0801,1.0801,1.0801,1.0801,1.0801,1.0801,1.0801,1.0801,1.0801,1.0801,1.0801,1.0801
0.8702,0.17946,0.49273,0.84781,0.84781,0.84781,0.84781,0.84781,0.84781,0.84781,0.84781,0.84781,0.84781,0.84781,0.84781
0.81317,0.23047,0.5821,0.78096,0.78096,0.78096,0.78096,0.78096,0.78096,0.78096,0.78096,0.78096,0.78096,0.78096,0.78096
0.99474,0.076299,0.10288,1.0277,1.0277,1.0277,1.0277,1.0277,1.0277,1.0277,1.0277,1.0277,1.0277,1.0277,1.0277
0.99937,0.11619,0.035624,1.0568,1.0568,1.0568,1.0568,1.0568,1.0568,1.0568,1.0568,1.0568,1.0568,1.0568,1.0568
0.96721,0.45379,0.25406,1.1628,1.1628,1.1628,1.1628,1.1628,1.1628,1.1628,1.1628,1.1628,1.1628,1.1628,1.1628
0.58459,0.22726,0.81162,0.57929,0.57929,0.57929,0.57929,0.57929,0.57929,0.57929,0.57929,0.57929,0.57929,0.57929,0.57929
0.69562,0.30069,0.71881,0.67126,0.67126,0.67126,0.67126,0.67126,0.67126,0.67126,0.67126,0.67126,0.67126,0.67126,0.67126
0.24825,0.15111,0.96769,0.82167,0.82167,0.82167,0.82167,0.82167,0.82167,0.82167,0.82167,0.82167,0.82167,0.82167,0.82167
0.65542,0.37352,0.75537,0.67681,0.67681,0.67681,0.67681,0.67681,0.67681,0.67681,0.67681,0.67681,0.67681,0.67681,0.67681
2.5754e-06,0.011482,1.0004,1.0044,1.0044,1.0044,1.0044,1.0044,1.0044,1.0044,1.0044,1.0044,1.0044,1.0044,1.0044
0.98004,0.79015,0.19919,1.4504,1.4504,1.4504,1.4504,1.4504,1.4504,1.4504,1.4504,1.4504,1.4504,1.4504,1.4504
0.21382,0.21465,0.97734,0.94468,0.94468,0.94468,0.94468,0.94468,0.94468,0.94468,0.94468,0.94468,0.94468,0.94468,0.94468
0.99983,0.068686,0.018702,1.034,1.034,1.034,1.034,1.034,1.034,1.034,1.034,1.034,1.034,1.034,1.034
0.98234,0.2391,0.18724,1.0844,1.0844,1.0844,1.0844,1.0844,1.0844,1.0844,1.0844,1.0844,1.0844,1.0844,1.0844
0.35853,0.13846,0.93652,0.71684,0.71684,0.71684,0.71684,0.71684,0.71684,0.71684,0.71684,0.71684,0.71684,0.71684,0.71684
0.99259,0.15619,0.12155,1.0633,1.0633,1.0633,1.0633,1.0633,1.0633,1.0633,1.0633,1.0633,1.0633,1.0633,1.0633
0.98998,0.16162,0.14136,1.0609,1.0609,1.0609,1.0609,1.0609,1.0609,1.0609,1.0609,1.0609,1.0609,1.0609,1.0609
0.86106,0.43422,0.5085,0.95984,0.95984,0.95984,0.95984,0.95984,0.95984,0.95984,0.95984,0.95984,0.95984,0.95984,0.95984
0.48486,0.0010456,0.87492,0.49813,0.49813,0.49813,0.49813,0.49813,0.49813,0.49813,0.49813,0.49813,0.49813,0.49813,0.49813
0.74573,0.010113,0.66631,0.57839,0.57839,0.57839,0.57839,0.57839,0.57839,0.57839,0.57839,0.57839,0.57839,0.57839,0.57839
0.99361,0.1386,0.11443,1.0565,1.0565,1.0565,1.0565,1.0565,1.0565,1.0565,1.0565,1.0565,1.0565,1.0565,1.0565
0.53463,0.69723,0.69162,0.46967,0.46967,0.46967,0.46967,0.46967,0.46967,0.46967,0.46967,0.46967,0.46967,0.46967,0.46967
0.79514,0.90952,0.23867,1.2453,1.2453,1.2453,1.2453,1.2453,1.2453,1.2453,1.2453,1.2453,1.2453,1.2453,1.2453
0.96632,0.82657,0.25736,1.4959,1.4959,1.4959,1.4959,1.4959,1.4959,1.4959,1.4959,1.4959,1.4959,1.4959,1.4959
0.99471,0.34285,0.10327,1.1609,1.1609,1.1609,1.1609,1.1609,1.1609,1.1609,1.1609,1.1609,1.1609,1.1609,1.1609
0.41008,0.31968,0.91208,0.72644,0.72644,0.72644,0.72644,0.72644,0.72644,0.72644,0.72644,0.72644,0.72644,0.72644,0.72644
0.45106,0.0010075,0.90999,0.59309,0.59309,0.59309,0.59309,0.59309,0.59309,0.59309,0.59309,0.59309,0.59309,0.59309,0.59309
0.86638,0.72378,0.50024,1.1495,1.1495,1.1495,1.1495,1.1495,1.1495,1.1495,1.1495,1.1495,1.1495,1.1495,1.1495
0.2333,0.93088,0.42795,0.57739,0.57739,0.57739,0.57739,0.57739,0.57739,0.57739,0.57739,0.57739,0.57739,0.57739,0.57739
0.3792,0.23282,0.92551,0.7209,0.7209,0.7209,0.7209,0.7209,0.7209,0.7209,0.7209,0.7209,0.7209,0.7209,0.7209
0.35371,0.30679,0.93683,0.79936,0.79936,0.79936,0.79936,0.79936,0.79936,0.79936,0.79936,0.79936,0.79936,0.79936,0.79936
0.91746,0.071631,0.39791,0.87762,0.87762,0.87762,0.87762,0.87762,0.87762,0.87762,0.87762,0.87762,0.87762,0.87762,0.87762
0.71626,0.34683,0.69785,0.71386,0.71386,0.71386,0.71386,0.71386,0.71386,0.71386,0.71386,0.71386,0.71386,0.71386,0.71386
0.30343,0.30466,0.95328,0.86435,0.86435,0.86435,0.86435,0.86435,0.86435,0.86435,0.86435,0.86435,0.86435,0.86435,0.86435
0.30328,0.64108,0.72499,0.16158,0.16158,0.16158,0.16158,0.16158,0.16158,0.16158,0.16158,0.16158,0.16158,0.16158,0.16158
0.99501,0.3431,0.099761,1.1616,1.1616,1.1616,1.1616,1.1616,1.1616,1.1616,1.1616,1.1616,1.1616,1.1616,1.1616
0.77566,0.67903,0.63136,0.96837,0.96837,0.96837,0.96837,0.96837,0.96837,0.96837,0.96837,0.96837,0.96837,0.96837,0.96837
0.86089,0.72442,0.50932,1.141,1.141,1.141,1.141,1.141,1.141,1.141,1.141,1.141,1.141,1.141,1.141
0.48501,0.082343,0.87453,0.53808,0.53808,0.53808,0.53808,0.53808,0.53808,0.53808,0.53808,0.53808,0.53808,0.53808,0.53808
0.82793,0.57968,0.56087,0.98107,0.98107,0.98107,0.98107,0.98107,0.98107,0.98107,0.98107,0.98107,0.98107,0.98107,0.98107
0.96682,0.28421,0.2572,1.0771,1.0771,1.0771,1.0771,1.0771,1.0771,1.0771,1.0771,1.0771,1.0771,1.0771,1.0771
0.89988,0.33567,0.43618,0.97786,0.97786,0.97786,0.97786,0.97786,0.97786,0.97786,0.97786,0.97786,0.97786,0.97786,0.97786
0.73277,0.12994,0.68048,0.62317,0.62317,0.62317,0.62317,0.62317,0.62317,0.62317,0.62317,0.62317,0.62317,0.62317,0.62317
0.94792,0.1519,0.31864,0.9745,0.9745,0.9745,0.9745,0.9745,0.9745,0.9745,0.9745,0.9745,0.9745,0.9745,0.9745
0.99391,0.20987,0.11055,1.0928,1.0928,1.0928,1.0928,1.0928,1.0928,1.0928,1.0928,1.0928,1.0928,1.0928,1.0928
0.018001,0.092147,0.99983,1.0424,1.0424,1.0424,1.0424,1.0424,1.0424,1.0424,1.0424,1.0424,1.0424,1.0424,1.0424
0.59209,0.11962,0.81405,0.52327,0.52327,0.52327,0.52327,0.52327,0.52327,0.52327,0.52327,0.52327,0.52327,0.52327,0.52327
0.69623,0.15253,0.71786,0.59734,0.59734,0.59734,0.59734,0.59734,0.59734,0.59734,0.59734,0.59734,0.59734,0.59734,0.59734
0.99937,0.11235,0.035625,1.0549,1.0549,1.0549,1.0549,1.0549,1.0549,1.0549,1.0549,1.0549,1.0549,1.0549,1.0549
0.68751,0.3007,0.72658,0.66421,0.66421,0.66421,0.66421,0.66421,0.66421,0.66421,0.66421,0.66421,0.66421,0.66421,0.66421
0.90576,0.57414,0.4245,1.1115,1.1115,1.1115,1.1115,1.1115,1.1115,1.1115,1.1115,1.1115,1.1115,1.1115,1.1115
0.96085,0.66575,0.27808,1.2732,1.2732,1.2732,1.2732,1.2732,1.2732,1.2732,1.2732,1.2732,1.2732,1.2732,1.2732
0.15753,1.0006,0.031893,1.044,1.044,1.044,1.044,1.044,1.044,1.044,1.044,1.044,1.044,1.044,1.044
0.095972,0.81519,0.57989,0.19109,0.19109,0.19109,0.19109,0.19109,0.19109,0.19109,0.19109,0.19109,0.19109,0.19109,0.19109
0.94558,0.37389,0.32552,1.0811,1.0811,1.0811,1.0811,1.0811,1.0811,1.0811,1.0811,1.0811,1.0811,1.0811,1.0811
0.99004,0.64315,0.14078,1.3139,1.3139,1.3139,1.3139,1.3139,1.3139,1.3139,1.3139,1.3139,1.3139,1.3139,1.3139
0.51441,0.24883,0.85757,0.6041,0.6041,0.6041,0.6041,0.6041,0.6041,0.6041,0.6041,0.6041,0.6041,0.6041,0.6041
0.71328,0.23418,0.70126,0.65478,0.65478,0.65478,0.65478,0.65478,0.65478,0.65478,0.65478,0.65478,0.65478,0.65478,0.65478
0.35604,0.13846,0.93747,0.72037,0.72037,0.72037,0.72037,0.72037,0.72037,0.72037,0.72037,0.72037,0.72037,0.72037,0.72037
0.98326,0.082942,0.18233,1.0082,1.0082,1.0082,1.0082,1.0082,1.0082,1.0082,1.0082,1.0082,1.0082,1.0082,1.0082
0.32273,0.30823,0.94663,0.83296,0.83296,0.83296,0.83296,0.83296,0.83296,0.83296,0.83296,0.83296,0.83296,0.83296,0.83296
0.69197,0.20267,0.72223,0.61832,0.61832,0.61832,0.61832,0.61832,0.61832,0.61832,0.61832,0.61832,0.61832,0.61832,0.61832
0.91659,0.52293,0.39984,1.1032,1.1032,1.1032,1.1032,1.1032,1.1032,1.1032,1.1032,1.1032,1.1032,1.1032,1.1032
0.30614,0.13509,0.95212,0.76976,0.76976,0.76976,0.76976,0.76976,0.76976,0.76976,0.76976,0.76976,0.76976,0.76976,0.76976
0.99289,0.20987,0.11938,1.0908,1.0908,1.0908,1.0908,1.0908,1.0908,1.0908,1.0908,1.0908,1.0908,1.0908,1.0908
0.96606,0.10744,0.25876,0.98684,0.98684,0.98684,0.98684,0.98684,0.98684,0.98684,0.98684,0.98684,0.98684,0.98684,0.98684
0.32031,0.85522,0.5558,0.32586,0.32586,0.32586,0.32586,0.32586,0.32586,0.32586,0.32586,0.32586,0.32586,0.32586,0.32586
0.67084,0.35836,0.74201,0.67939,0.67939,0.67939,0.67939,0.67939,0.67939,0.67939,0.67939,0.67939,0.67939,0.67939,0.67939
0.65213,0.16282,0.75868,0.57002,0.57002,0.57002,0.57002,0.57002,0.57002,0.57002,0.57002,0.57002,0.57002,0.57002,0.57002
0.86115,0.088869,0.50936,0.78704,0.78704,0.78704,0.78704,0.78704,0.78704,0.78704,0.78704,0.78704,0.78704,0.78704,0.78704
0.88273,0.076299,0.47511,0.81931,0.81931,0.81931,0.81931,0.81931,0.81931,0.81931,0.81931,0.81931,0.81931,0.81931,0.81931
0.93919,0.54148,0.34376,1.1551,1.1551,1.1551,1.1551,1.1551,1.1551,1.1551,1.1551,1.1551,1.1551,1.1551,1.1551
0.96721,0.45378,0.25406,1.1628,1.1628,1.1628,1.1628,1.1628,1.1628,1.1628,1.1628,1.1628,1.1628,1.1628,1.1628
0.96839,0.28416,0.25159,1.0801,1.0801,1.0801,1.0801,1.0801,1.0801,1.0801,1.0801,1.0801,1.0801,1.0801,1.0801
1.003,0.1125,0.0088028,1.0637,1.0637,1.0637,1.0637,1.0637,1.0637,1.0637,1.0637,1.0637,1.0637,1.0637,1.0637
1,0.30033,0.0019531,1.1502,1.1502,1.1502,1.1502,1.1502,1.1502,1.1502,1.1502,1.1502,1.1502,1.1502,1.1502
0.83261,0.30586,0.55407,0.84888,0.84888,0.84888,0.84888,0.84888,0.84888,0.84888,0.84888,0.84888,0.84888,0.84888,0.84888
0.81502,0.35796,0.58,0.84773,0.84773,0.84773,0.84773,0.84773,0.84773,0.84773,0.84773,0.84773,0.84773,0.84773,0.84773
0.77801,0.17948,0.6283,0.70463,0.70463,0.70463,0.70463,0.70463,0.70463,0.70463,0.70463,0.70463,0.70463,0.70463,0.70463
0.87462,0.12064,0.48597,0.82608,0.82608,0.82608,0.82608,0.82608,0.82608,0.82608,0.82608,0.82608,0.82608,0.82608,0.82608
0.58324,0.12076,0.8124,0.52533,0.52533,0.52533,0.52533,0.52533,0.52533,0.52533,0.52533,0.52533,0.52533,0.52533,0.52533
0.55341,0.16674,0.83294,0.55038,0.55038,0.55038,0.55038,0.55038,0.55038,0.55038,0.55038,0.55038,0.55038,0.55038,0.55038
0.93192,0.72852,0.36461,1.2726,1.2726,1.2726,1.2726,1.2726,1.2726,1.2726,1.2726,1.2726,1.2726,1.2726,1.2726
0.95197,0.11383,0.30621,0.96316,0.96316,0.96316,0.96316,0.96316,0.96316,0.96316,0.96316,0.96316,0.96316,0.96316,0.96316
0.96172,0.19162,0.27419,1.0207,1.0207,1.0207,1.0207,1.0207,1.0207,1.0207,1.0207,1.0207,1.0207,1.0207,1.0207
0.41615,0.7214,0.59082,0.24231,0.24231,0.24231,0.24231,0.24231,0.24231,0.24231,0.24231,0.24231,0.24231,0.24231,0.24231
0.99259,0.19218,0.12156,1.0813,1.0813,1.0813,1.0813,1.0813,1.0813,1.0813,1.0813,1.0813,1.0813,1.0813,1.0813
0.7142,0.37228,0.7001,0.72458,0.72458,0.72458,0.72458,0.72458,0.72458,0.72458,0.72458,0.72458,0.72458,0.72458,0.72458
0.027101,0.65401,0.75652,0.082744,0.082744,0.082744,0.082744,0.082744,0.082744,0.082744,0.082744,0.082744,0.082744,0.082744,0.082744
0.68475,0.066359,0.729,0.54455,0.54455,0.54455,0.54455,0.54455,0.54455,0.54455,0.54455,0.54455,0.54455,0.54455,0.54455
0.93228,0.2956,0.36197,1.0168,1.0168,1.0168,1.0168,1.0168,1.0168,1.0168,1.0168,1.0168,1.0168,1.0168,1.0168
0.41845,0.57104,0.76115,0.29035,0.29035,0.29035,0.29035,0.29035,0.29035,0.29035,0.29035,0.29035,0.29035,0.29035,0.29035
0.99937,0.24791,0.035624,1.1227,1.1227,1.1227,1.1227,1.1227,1.1227,1.1227,1.1227,1.1227,1.1227,1.1227,1.1227
0.68263,0.50866,0.73079,0.76476,0.76476,0.76476,0.76476,0.76476,0.76476,0.76476,0.76476,0.76476,0.76476,0.76476,0.76476
0.61315,0.88315,0.34541,0.80374,0.80374,0.80374,0.80374,0.80374,0.80374,0.80374,0.80374,0.80374,0.80374,0.80374,0.80374
0.65257,0.14581,0.76077,0.56511,0.56511,0.56511,0.56511,0.56511,0.56511,0.56511,0.56511,0.56511,0.56511,0.56511,0.56511
0.90156,0.082292,0.43277,0.85417,0.85417,0.85417,0.85417,0.85417,0.85417,0.85417,0.85417,0.85417,0.85417,0.85417,0.85417
0.64756,0.86901,0.38827,0.83221,0.83221,0.83221,0.83221,0.83221,0.83221,0.83221,0.83221,0.83221,0.83221,0.83221,0.83221
0.3177,0.70804,0.68821,0.18468,0.18468,0.18468,0.18468,0.18468,0.18468,0.18468,0.18468,0.18468,0.18468,0.18468,0.18468
0.15962,0.8821,0.45584,0.31874,0.31874,0.31874,0.31874,0.31874,0.31874,0.31874,0.31874,0.31874,0.31874,0.31874,0.31874
0.0021714,0.80428,0.59745,0.1213,0.1213,0.1213,0.1213,0.1213,0.1213,0.1213,0.1213,0.1213,0.1213,0.1213,0.1213
0.3607,0.074398,0.93309,0.66701,0.66701,0.66701,0.66701,0.66701,0.66701,0.66701,0.66701,0.66701,0.66701,0.66701,0.66701
0.036075,0.96056,0.41277,0.69639,0.69639,0.69639,0.69639,0.69639,0.69639,0.69639,0.69639,0.69639,0.69639,0.69639,0.69639
0.35981,0.11234,0.93323,0.6869,0.6869,0.6869,0.6869,0.6869,0.6869,0.6869,0.6869,0.6869,0.6869,0.6869,0.6869
0.51903,0.84571,0.43341,0.55978,0.55978,0.55978,0.55978,0.55978,0.55978,0.55978,0.55978,0.55978,0.55978,0.55978,0.55978
0.76953,0.11664,0.63882,0.66163,0.66163,0.66163,0.66163,0.66163,0.66163,0.66163,0.66163,0.66163,0.66163,0.66163,0.66163
0.88601,0.077885,0.46609,0.81674,0.81674,0.81674,0.81674,0.81674,0.81674,0.81674,0.81674,0.81674,0.81674,0.81674,0.81674
0.96632,0.81287,0.25736,1.4662,1.4662,1.4662,1.4662,1.4662,1.4662,1.4662,1.4662,1.4662,1.4662,1.4662,1.4662
0.73301,0.070653,0.68078,0.59401,0.59401,0.59401,0.59401,0.59401,0.59401,0.59401,0.59401,0.59401,0.59401,0.59401,0.59401
0.922,0.84143,0.38721,1.4488,1.4488,1.4488,1.4488,1.4488,1.4488,1.4488,1.4488,1.4488,1.4488,1.4488,1.4488
0.19253,0.25119,0.98138,0.9909,0.9909,0.9909,0.9909,0.9909,0.9909,0.9909,0.9909,0.9909,0.9909,0.9909,0.9909
0.99553,0.1134,0.099442,1.048,1.048,1.048,1.048,1.048,1.048,1.048,1.048,1.048,1.048,1.048,1.048
0.71623,0.37228,0.69788,0.72658,0.72658,0.72658,0.72658,0.72658,0.72658,0.72658,0.72658,0.72658,0.72658,0.72658,0.72658
0.79516,0.0095667,0.6252,0.65354,0.65354,0.65354,0.65354,0.65354,0.65354,0.65354,0.65354,0.65354,0.65354,0.65354,0.65354
0.94071,0.6442,0.33942,1.2194,1.2194,1.2194,1.2194,1.2194,1.2194,1.2194,1.2194,1.2194,1.2194,1.2194,1.2194
0.25633,0.15549,0.96665,0.85512,0.85512,0.85512,0.85512,0.85512,0.85512,0.85512,0.85512,0.85512,0.85512,0.85512,0.85512
0.99905,0.30101,0.043794,1.1486,1.1486,1.1486,1.1486,1.1486,1.1486,1.1486,1.1486,1.1486,1.1486,1.1486,1.1486
0.33857,0.096621,0.94119,0.67174,0.67174,0.67174,0.67174,0.67174,0.67174,0.67174,0.67174,0.67174,0.67174,0.67174,0.67174
0.59329,0.11597,0.80931,0.53131,0.53131,0.53131,0.53131,0.53131,0.53131,0.53131,0.53131,0.53131,0.53131,0.53131,0.53131
0.86164,0.046314,0.50832,0.76679,0.76679,0.76679,0.76679,0.76679,0.76679,0.76679,0.76679,0.76679,0.76679,0.76679,0.76679
0.32385,0.14352,0.94529,0.70513,0.70513,0.70513,0.70513,0.70513,0.70513,0.70513,0.70513,0.70513,0.70513,0.70513,0.70513
