1.0037,0.948,1.0019,0.73183,0.99243,0.99729,1.003,0.99818,1.0037,1.0029,0.77496,1.0037,0.77403,0.81981,0.99662
1.0066,1.0048,1.0066,1.0066,1.0066,1.0066,0.96554,1.0059,1.0066,0.96692,0.97504,0.97397,0.95123,1.0063,0.20339
1.0027,1.0027,0.73599,0.99302,0.99896,1.002,0.98738,0.99223,0.70837,1.0026,1.0027,0.99594,1.001,0.60927,1.0027
0.9858,1.0055,0.71506,0.96441,0.99686,0.66786,0.97356,0.99744,1.0083,0.95828,1.0026,1.0083,1.0042,0.84352,0.98421
1.007,1.007,1.007,1.007,0.98091,1.007,0.62673,0.99282,1.007,1.0061,0.71319,0.74336,1.0039,0.98245,1.0069
0.77625,0.98696,1.0054,1.0147,0.99549,1.0079,1.012,0.65244,1.0091,1.0057,1.0181,1.004,0.78045,1.0074,0.97796
1.002,0.98872,0.99934,1.002,0.66551,0.98056,0.58961,1.0022,1.0022,0.98216,1.0021,1.0022,0.99925,0.8147,0.99801
1.0012,1.0012,1.0012,1.0012,1.0012,0.98689,1.0003,0.58342,1.0012,0.9826,0.99364,0.99977,0.48168,0.97986,1.0012
1.0089,1.009,0.98955,1.0087,0.99762,0.66461,1.0078,1.0078,1.0028,0.6938,1.0064,0.74499,0.99078,1.009,0.98481
1.0053,1.0053,0.99827,0.74877,0.99987,0.96022,1.001,0.5838,1.0024,1.0021,1.003,1.0032,1.0013,0.78268,0.97665
0.96988,0.69434,1.0027,0.99635,0.99999,0.98325,0.68457,1.0027,1.0027,1.0027,0.98487,0.99172,0.98963,0.99197,0.73996
1.0069,0.98864,0.68334,1.0069,1.0022,1.0057,1.0069,1.0068,1.0065,1.0034,0.67139,0.99311,0.70205,1.0064,1.0068
1.0063,0.70579,1.0018,0.9946,1.0083,0.99539,0.99428,1.0026,0.64938,1.0035,0.99613,1.008,1.0081,1.0065,0.73579
1.0033,1.0033,1.0033,1.0033,1.0033,0.98077,1.0024,0.699,1.0031,1.0033,0.99452,0.74573,0.99467,0.61042,0.99592
0.98263,1.0044,1.0054,1.0051,1.0046,1.0045,0.69533,0.65234,0.9985,1.0055,1.0055,0.98867,0.76271,0.99537,0.96695
1.0082,1.0108,0.99938,1.0113,0.72985,1.0057,1.0094,0.97542,1.0004,1.0099,0.76907,1.0077,0.82091,0.78999,1.0101
1.0072,0.94064,0.60408,1.0133,1.0122,1.005,1.0115,0.97088,1.0051,0.97471,0.64053,1.0027,0.9824,1.0082,1.0084
1.0034,1.0034,1.0021,1.0034,0.67576,0.9997,1.0034,1.0034,0.66129,1.0008,0.99561,0.73624,0.98893,0.99432,0.97639
1.0001,0.98138,0.68767,1.0015,0.98197,1.0005,0.63287,0.99489,1.0019,1.0002,0.99505,0.76149,0.98405,1.0016,1.0019
1.0032,1.0032,0.74805,0.97656,0.99286,0.72709,0.98704,0.9751,1.0019,0.96909,0.72276,0.99489,0.96861,0.9889,0.98586
0.99608,1.0056,1.0049,1.0055,0.71949,0.74951,1.005,1.0056,0.99358,0.98864,0.81686,1.0042,1.0055,0.78714,0.99093
1.0035,0.70685,0.99648,0.98672,0.98859,0.71626,0.96199,0.99372,1.003,1.0032,0.99099,1.0035,0.69535,1.0024,0.99631
1.0011,0.99956,1.0012,1.0012,0.9648,1.0008,1.0012,1.001,0.72396,0.98186,0.78108,0.73824,0.99785,0.82178,1.0012
1.001,1.001,1.001,1.001,1.001,1.001,0.88547,0.99754,0.99405,1.0008,0.80602,0.62366,0.99936,0.99741,0.70395
0.99261,0.71728,0.98231,0.99417,1.0008,0.68657,0.99103,0.97725,0.93547,0.95971,0.97961,1.0008,0.98975,0.8212,0.98336
0.95953,0.99369,0.71199,1.0023,1.0018,0.99237,1.0023,1.0023,1.0022,0.98126,1.0023,0.73323,0.78941,0.85525,1.0018
0.73743,1.0091,1.0071,1.0087,0.99464,0.73656,0.99077,0.96601,1.0077,0.9744,0.98163,0.70498,1.0057,0.99444,1.0077
1.0015,0.99145,1.0021,1.0021,1.0017,0.71691,0.9829,0.63372,0.98394,0.97942,0.98994,1.001,0.76397,0.98388,0.99443
0.61863,0.9472,0.99446,1.0054,0.99283,1.0044,1.0047,0.96981,0.99031,0.97796,0.79378,0.77408,0.9973,0.99916,1.0054
1.0019,1.0013,1.002,1.0019,0.98684,0.70752,0.97689,1.0019,0.98868,0.64388,0.98802,0.99022,0.74421,0.99632,0.9958
1.0012,1.0002,0.99358,1.0016,1.0016,1.0015,0.98964,0.58299,0.99527,0.98079,0.72134,0.99336,0.75722,1.0016,1.001
0.73667,0.97214,0.9894,0.98028,0.97515,1.0001,0.99988,0.98784,1.0038,0.99674,1.0038,1.0037,0.59828,0.80172,1.0037
0.96944,0.9963,0.71627,1.0036,0.93671,0.99944,1.0026,0.98376,1.004,0.99897,0.99013,0.99852,0.47339,0.9889,0.99426
0.73401,0.94151,0.97676,0.96838,1.0031,0.98856,1.003,0.99649,1.0017,0.98756,0.78333,0.99713,0.96329,1.0026,0.69621
0.99144,1.0014,0.96588,0.71583,0.97447,0.70111,0.99892,0.98785,1.0042,0.99695,0.98782,0.98678,0.74434,0.99822,1.0042
1.0025,1.0025,1.0025,1.0025,1.0016,0.98409,1.0018,1.0013,0.70579,1.0024,0.50129,0.98947,1.0025,0.83276,1.0025
1.0104,1.0104,1.0104,1.0104,1.0065,0.52496,0.59991,0.9562,0.9785,1.0102,1.0104,0.9993,0.9972,1.0104,1.0104
1.0033,1.0033,1.0033,1.0033,1.0033,1.0033,1.0033,0.65991,0.68597,1.0033,0.99373,1.0002,0.95886,0.99167,0.7297
1.0033,1.0033,1.0032,1.0028,0.65016,0.68707,0.99803,0.98705,0.99609,0.99931,0.98685,0.9858,0.74391,0.99626,1.0033
1.0016,1.0015,1.0016,1.0016,0.99841,0.95157,0.99719,1.0016,0.7109,0.64366,0.98767,0.98987,0.74395,0.99596,0.99545
0.9777,0.63252,0.97745,0.99477,0.98281,1.0035,0.96092,1.0032,0.99394,1.0029,0.78499,0.99699,0.77841,0.9636,0.99573
1.0253,1.0255,1.0095,1.0258,1.0161,1.0238,0.66772,1.0251,1.0198,0.7033,1.023,0.75567,1.0227,1.02,0.9976
1.0065,1.009,1.0093,1.0093,0.97409,0.64762,0.99189,0.98896,0.97804,0.68394,0.98628,1.0025,1.0047,0.84174,0.9961
1.0015,1.0005,1.0015,0.99295,0.99563,0.98869,1.0015,1.001,0.59826,0.99417,0.75724,0.97135,0.95749,0.77144,0.98751
0.97013,0.7566,1.0061,1.0051,1.004,0.98922,0.99316,1.0051,1.0002,1.0011,1.0012,1.005,0.63212,1.0046,0.71218
1.0016,0.98655,1.0017,1.0016,1.0016,0.75228,0.9799,1.0018,1.0019,0.70094,0.99031,0.99215,0.78561,0.83655,0.99262
1.0047,1.0047,1.0047,0.96239,1.0034,1.0046,1.0047,0.99906,1.0047,0.69366,0.40214,0.97738,0.99894,1.0001,1.0007
1.0093,1.0093,1.0093,1.0093,1.0093,0.98596,0.7084,1.0091,0.67172,0.97922,0.99002,1.0018,0.72222,1.0093,1.0063
1.0016,0.69228,0.9849,0.99497,1.0016,0.98665,0.99589,0.99098,0.98792,1.0009,0.68804,1.0016,1.0016,0.99807,0.69596
0.63809,0.93225,0.99269,0.62193,1.0021,1.0021,0.94429,0.98311,0.98804,1.0021,0.9972,0.9866,0.94223,1.0021,0.99499
1.0055,1.0055,1.0055,0.69913,1.0055,0.82423,1.0049,1.0055,1.0052,1.0055,1.0045,1.0035,0.9708,0.82644,0.70526
1.0065,1.0065,1.0064,1.004,1.0059,1.0065,1.0065,0.65488,0.98381,0.98895,0.4004,1.0012,1.0065,1.0064,1.0065
0.97228,0.99643,0.6346,0.98139,0.9896,1.0002,1.0015,1.0016,1.0013,0.65735,0.99744,0.97068,0.98553,0.8321,1.0007
1.0163,0.99552,0.75255,1,1.0157,1.008,1.0038,1.0135,0.80367,0.60435,0.99522,1.0004,1.0109,0.9964,1.0152
1.0034,1.0034,1.0034,1.0034,1.0034,0.46666,0.964,0.98066,0.98533,0.96905,0.96959,0.71154,0.99292,0.98894,1.0021
0.97197,0.75726,0.99834,1.0087,1.0065,1.006,1.0083,1.0077,1.0028,1.0038,0.85176,1.0038,0.47785,1.0087,1.0087
0.94328,1.0098,0.71686,0.98184,1.0109,1.0008,1.0121,1.0086,1.003,1.0106,1.0115,0.69323,0.75947,1.0063,1.0129
1.0003,1.0032,0.6692,0.99858,0.99642,0.9971,1.0037,0.65251,1.001,1.0021,1.0037,0.96108,0.76139,1.0035,0.99807
0.90037,1.0007,0.62314,0.99263,0.97712,1.0034,0.9911,1.0033,0.98349,0.96587,1.0031,1.0034,1.0007,0.60593,0.99376
0.98128,1.0066,1.0085,1.0068,1.0086,1.0086,0.97921,1.0019,1.0086,0.66272,1.0086,1.0084,1.0036,0.69516,0.73227
0.94065,1.0065,0.73549,0.98676,0.99565,0.99412,1.0058,0.96733,0.72651,0.95437,1.0066,1.0059,0.7599,1.0002,1.0066
0.98716,0.71006,0.98275,0.97928,0.99137,0.98383,0.97711,0.98079,1.0021,1.0015,0.99442,0.6599,1.0019,0.78304,0.99835
1.0233,1.0233,0.35412,1.0135,1.0233,1.0218,1.0169,1.0225,1.023,1.0233,1.0161,0.79445,0.96638,0.98594,1.0182
0.90938,1.0008,0.99448,0.63394,0.69239,0.96457,1.0024,0.98756,1.0022,0.93713,0.99607,0.97678,0.945,1.0022,0.98841
0.67865,0.98685,0.98575,0.97933,0.92227,0.98713,0.56925,0.97171,1.0007,0.97155,1.0021,0.9826,0.99781,1.0021,0.99183
0.95735,0.74483,0.99324,0.99859,0.98959,0.99174,1.0009,0.98418,1.0007,0.97871,0.99802,0.73228,0.78832,0.85412,1.0005
1.0168,1.0168,0.60048,0.99212,0.99978,0.98902,1.0011,1.0165,0.99871,0.9871,0.99204,1.0153,0.74591,0.84784,1.0159
0.9728,1.0014,1.0003,1.0011,1.0003,0.56828,0.98237,0.60021,0.96944,0.99421,0.97571,0.96838,0.99822,1.0012,0.99055
1.0038,0.94622,0.71271,0.96132,0.996,1.0013,0.5133,1.0021,0.99756,1.0083,1.0046,1,1.0008,1.0005,0.9722
1.0029,1.0065,0.97308,1.0075,0.66129,1.0027,1.0055,1.0017,1.0075,0.97474,0.99283,1.002,0.47216,0.98894,1.0066
0.74889,0.9861,0.99515,0.99842,0.9827,0.99273,1.0002,1.0012,0.99392,0.97992,0.99131,0.60607,0.7565,0.98398,0.99934
1.0019,0.99697,1.0022,1.0022,0.63921,0.98321,0.98043,0.98846,0.9982,0.46712,0.9859,1.0007,0.99628,0.98601,1.0022
1.0013,1.0013,1.0013,1.0013,1.0013,1.0013,1.0013,0.26331,0.99185,1.0013,1.0009,1.0013,0.74861,1.0013,1.0003
1.002,1.002,0.99436,1.0017,0.9972,0.9912,1.0007,1.0011,0.64609,1.0019,0.77856,0.9952,1.0002,0.61348,1.002
1.0007,0.99544,1.0009,1.0006,1.0009,0.73782,0.99281,0.99124,0.99475,1.0006,0.78729,0.72787,1.001,0.78191,1.0005
1.0019,0.97761,1,1.0014,0.48933,1.0005,0.99312,0.99058,1.0018,0.97462,0.99564,0.7811,1.0011,0.818,1.0001
1.0022,0.78376,0.9909,0.99782,1.0021,0.99169,0.98336,1.0023,0.99207,0.99756,0.77142,1.0023,0.81571,1.0019,0.69656
1.0031,1.0031,1.0031,0.99934,1.003,0.99988,0.42606,0.92865,0.99586,0.98738,0.92861,0.76177,0.99852,1.0031,1.0022
1.0026,1.0087,1.0095,0.96984,1.0096,1.0089,1.0075,1.0093,0.61992,0.67801,1.0081,0.9637,1.0094,0.82441,1.0054
1.0018,0.99551,1.0018,1.0017,0.99781,0.99301,1.0007,1.0015,0.70602,0.9965,0.99641,0.98971,0.57891,0.77026,0.99423
1.0014,0.99382,1.0014,1.0016,1.0014,0.87834,0.99068,1.0003,1.0016,0.84981,0.69601,0.99177,0.78531,0.83623,0.99224
0.98247,1.0073,1.0109,1.0067,0.72854,0.99437,1.0095,0.99887,1.0106,0.98563,0.98975,0.84743,0.7436,0.83055,1.0109
1.0052,1.0067,1.0067,1.0068,1.0067,1.0068,0.56131,0.55215,0.98764,0.99052,1.0069,0.98833,1.0069,0.99629,0.96713
1.0013,0.97015,1.0018,0.7068,0.99612,1.0021,1.0021,0.99605,0.6741,0.9908,1.0021,0.97213,0.95835,0.76735,0.98812
1.0068,0.921,0.61865,0.93358,0.89126,0.95139,0.99794,1.0085,0.99935,1.0085,1.0085,0.99324,0.76437,1.0085,1.0079
0.98501,0.69574,1.0002,0.92867,0.99947,0.9845,0.99972,0.95756,0.99525,0.56568,0.96822,0.97832,0.96884,0.99044,0.99884
1.0017,0.62477,0.97386,0.99348,1.0018,0.97975,0.98166,0.98803,0.98409,0.95073,0.55646,1.0018,1.0018,0.9967,0.98823
1.0101,0.9994,1.0096,1.0099,0.46604,0.9954,0.65197,0.97755,1.0102,1.0081,1.0045,1.006,0.99623,0.9992,0.99881
1.008,0.97317,1.0122,0.72026,0.93972,0.97824,1.0122,0.94544,1.0068,0.95783,0.83304,1.012,0.75938,1.0009,1.012
1.0057,0.99083,0.75115,1.0056,1.0033,0.84488,1.005,1.0057,1.0054,1.0056,1.0048,1.0039,1.0042,0.74304,0.70003
0.69606,1.004,0.98858,0.99671,0.99861,0.99772,0.99045,0.98767,0.99065,1.0032,0.39539,0.99532,1.004,1.004,1.004
0.68889,0.94191,0.9987,0.73366,1.002,1.002,0.95673,0.98712,0.98375,1.002,0.99765,1.0003,0.7507,0.98794,0.99487
0.98954,0.74727,0.99662,0.98229,1.0039,1.0007,1.0039,0.67683,0.95976,1.0025,0.99784,0.97391,1.0002,1.0039,0.71567
1.0105,1.0105,1.0105,1.0105,1.0028,0.6767,0.99983,1.0095,0.65259,1.0105,1.0067,1.0034,0.76269,1.0105,0.96977
0.9983,1.004,1.004,1.0042,1.0041,1.0043,1.0043,0.92531,1.0022,1.0034,0.85275,0.75931,0.48533,1.0043,1.0041
1.0763,1.0763,1.0686,1.0755,1.0763,0.95877,1.068,1.0737,1.0043,0.83191,1.0601,0.51993,1.0683,1.0568,1.0538
1.0072,0.7238,1.008,0.99873,0.99485,1.0023,1.0084,0.70657,0.99902,0.96895,0.68179,1.0052,1.008,0.99647,1.0083
1.0023,1.004,0.98345,0.72601,0.99466,0.99434,1.0033,0.66526,1.0035,0.96265,0.99256,1.0017,1.0037,0.99942,0.71902
0.99854,0.94327,1.0004,0.45581,0.98399,1.002,0.99798,0.99046,0.98257,0.97756,0.99981,0.97148,0.73385,0.98861,1.002
1.0007,0.962,1.0013,0.63585,0.98038,1.0016,1.0016,0.955,0.57626,0.9864,1.0016,0.96128,0.97823,0.99283,0.98765
1.0059,0.97896,1.0049,1.0062,1.0062,0.55831,0.99744,0.9991,1.0039,0.96542,0.99966,0.76959,0.7884,1.0062,0.9967
1.0299,1.0242,1.0302,1.0302,0.76693,0.75923,1.0303,1.0301,1.0291,0.99788,1.029,0.59082,1.03,1.016,1.0303
0.9912,1.0001,0.58523,1.002,1.0004,1.0005,1.0019,0.99537,0.70426,0.96358,0.97517,0.99532,1.0017,0.81012,1.001
1.0019,1.0019,1.0019,1.0019,1.0019,1.0019,0.73127,0.99372,1.0019,0.71713,0.98934,0.99258,1.001,0.89015,0.698
1.0016,0.9645,1,0.99683,0.99881,0.99832,1.0016,0.47614,1.0019,1.0012,0.99167,0.78182,0.99602,0.82217,1.0016
1.0029,0.90839,1.0005,1.003,1.0024,1.0016,0.99987,1.0022,0.88942,1.003,0.75941,0.99747,0.92715,0.84368,0.70047
1.005,1.0043,0.98977,0.62435,0.96561,0.60915,1.005,0.97003,0.97356,0.9539,1.005,0.99399,0.96992,0.99551,1.005
1.0076,0.98652,1.0053,1.0064,1.0076,1.0049,0.74702,1.0076,0.69691,1.0045,0.95625,1.0009,1.0068,1.005,0.66319
0.98695,1.0047,1.0064,0.70652,0.99461,0.99315,1.0066,0.64141,0.98955,1.0066,1.0034,0.99027,0.75935,0.99653,1.0066
0.6727,0.8162,0.97063,0.99398,1.0047,0.98429,1.0037,1.0047,1.0031,1.0057,0.82669,1.0056,0.77729,1.0057,1.0053
1.0038,0.75625,0.99371,1.007,0.99511,0.98571,1.0058,0.99795,1.0016,0.60553,0.99913,0.76263,1.0017,1.0096,1.0087
0.98064,1.0052,1.0113,0.72735,1.0137,0.70265,0.96535,0.98075,1.0136,0.98395,0.75359,1.0138,1.0134,1.0138,1.0138
1.0163,1.0163,1.0163,1.0163,0.5823,1.012,1.0026,1.0067,0.51843,1.0163,1.0112,0.99472,0.99413,1.0163,1.0086
1.0072,1.0072,0.97082,1.0054,1.0072,1.0031,0.60369,1.0071,0.52602,1.0072,0.93239,1.0072,1.006,1.0032,1.0072
1.0019,1.0019,1.0019,1.0019,1.0019,1.0018,0.99648,0.65665,0.99872,0.64021,0.92012,0.98927,0.99319,0.83587,0.98518
0.97999,1.0034,1.005,1.0064,0.66505,0.97173,0.98985,0.98579,1.0064,0.69828,0.94924,0.99968,1.004,0.83172,0.99329
0.77832,0.9678,0.95906,0.99524,1.0075,0.98517,1.0075,0.99895,0.62666,1.0035,0.98657,0.99785,1.0045,0.79024,0.99624
1.0013,1.0013,1.0013,1.0013,1.0013,0.55218,0.97789,0.99921,1.0004,0.99814,0.9962,1.001,0.75379,1.0013,0.73141
1.0174,1.0191,1.0075,1.0185,0.50157,1.0177,1.0195,1.0166,1.0028,1.0064,1.0162,0.62877,0.96183,1.0195,1.0195
1.0134,0.98916,0.57303,0.99751,1.0127,1.0135,1.0128,1.0051,1.0137,0.98815,1.008,0.57498,1.0091,0.97236,1.0087
0.40366,0.66257,0.99219,0.9844,1.0028,0.98935,1.0011,1.0028,1.0001,1.0046,1.0046,1.0044,1.0026,1.0045,1.0041
1.0049,1.0092,1.0094,0.98572,0.70823,1.0046,1.0069,1.0096,1.009,0.68696,0.97426,1.0069,1.0061,1.0034,0.70942
0.97712,1.0127,1.0113,1.0122,1.0129,0.49991,1.0044,1.0102,0.61683,1.0125,1.0016,0.97898,1.0093,1.0096,1.0125
1.002,1.0024,1.0024,1.0025,1.0024,0.98969,1.0025,1.0022,0.92932,0.99763,0.89372,0.62274,0.99884,0.58388,1.0025
1.0014,0.99816,1.0019,1.0019,0.70534,0.98429,0.99709,1.0009,0.99578,1.0019,0.99699,1.0019,0.62921,1.0019,0.7082
0.99982,0.96038,1.0022,0.99961,0.70558,0.98499,0.97883,0.98202,0.95145,1.0024,0.99296,0.71463,0.76594,0.99309,1.0026
1.0124,1.0131,1.0133,0.72782,1.0132,1.0081,0.7248,1.0004,0.98456,0.90631,1.01,1.0048,0.97221,0.78495,1.0102
0.71536,1.0044,1.0027,0.98736,1.0044,1.0021,1.0044,0.68684,0.95953,1.003,0.99839,1.0032,1.0005,1.0002,0.68903
0.7139,0.97205,0.99355,0.99755,1.0017,1.0005,1.0017,0.99585,0.99355,1.0017,0.98133,0.71782,0.99578,0.66011,0.99725
0.99501,1.0007,0.34663,0.9918,1.0018,0.9891,0.97964,0.98193,0.99899,1.0001,1.0018,0.96367,0.77636,1.0016,0.99557
1.0385,0.74407,1.0217,1.0301,1.0302,1.0287,1.0428,0.66088,1.0249,1.0428,1.0394,1.0258,0.78425,1.0418,1.0428
1.0022,0.98879,1.0021,1.0029,0.66648,0.96153,0.99075,0.98336,1.0029,0.71647,0.99406,0.77151,1.0029,0.97085,0.98386
0.7557,0.96563,0.99342,0.96479,1.001,0.68567,0.9959,1.004,1.0068,0.97709,0.99918,1.0069,0.99673,1.0047,0.73972
1.0042,1.0042,1.0042,1.0042,1.0035,0.96883,1.0042,1.0035,0.66453,1.0037,1.0042,0.62042,0.76402,1.0017,1.0036
1.0028,1.0029,1.003,1.003,1.0017,0.93907,0.95012,0.99551,1.003,1.0018,0.79434,0.6159,0.72718,0.99836,1.0028
1.0028,1.003,1.003,1,0.96803,1.0007,1.0027,1.0025,0.96831,0.15422,0.96317,0.9652,1.003,1.0021,1.003
0.86008,1.0054,0.35685,0.94445,1.0088,0.98652,1.0116,1.0037,0.99146,0.96317,1.0101,1.0134,1.0123,1.0068,1.0134
0.92224,1.0012,0.99661,0.70389,1.0037,0.98796,0.98398,0.99126,0.98107,1.0037,0.79775,0.68452,1.0028,1.0024,0.98829
1.0213,1.0213,1.0213,1.0213,1.0211,0.99425,0.99843,1.0183,0.59323,1.0212,1.0213,1.0159,0.4868,1.0213,1.0213
0.59447,0.77295,0.96604,0.99409,1.0012,0.98182,1.0061,1.0074,1.0087,1.0084,0.78527,1.0086,0.96983,1.0087,1.0083
0.72483,0.98496,0.98868,1.0057,0.99948,0.70895,1.0099,1.0105,0.99631,0.96245,1.0056,1.0092,1.0089,0.80644,0.92575
0.46347,1.003,0.98914,0.99816,1.003,0.98701,1.003,0.98435,1.0027,0.96503,0.99802,0.9925,0.7952,0.85495,1.0026
1.0139,1.0141,1.0126,1.0136,1.0142,0.98299,1.0136,1.0136,0.66807,0.99972,1.0126,0.74916,0.97275,1.0137,0.70387
1.0066,0.99441,0.65494,0.99431,1.006,1.007,1.0064,1.0002,1.007,0.98697,0.99316,0.65528,0.99697,0.78307,1.0058
1.005,1.0026,1.0049,1.0051,0.7302,0.97247,1.0051,0.67662,0.99018,0.96954,0.99651,0.77245,0.98103,0.97295,0.98658
0.98628,1.001,0.707,1.0004,0.9951,1.0005,0.72234,0.9561,0.99356,0.99909,0.98887,0.99093,0.98984,0.84819,0.8432
1.0014,1.0014,0.99247,0.94511,1.0012,1.0013,0.99377,0.99777,1.0014,0.63824,0.99549,0.98817,0.49689,0.97902,0.98625
1.0106,1.0107,1.0103,0.69228,1.0041,1.0057,0.72818,0.96396,0.9745,1.0062,0.98519,1.0092,1.0107,1.0107,0.72736
1.003,1.003,1.003,1.003,1.003,0.97655,0.63822,0.99183,1.003,0.98502,0.99882,0.77469,0.69147,0.97075,0.99664
0.99119,1.0013,0.87232,1.0024,1.0098,1.0061,0.84944,0.60276,1.0137,1.0107,0.78073,1.0116,1.0122,1.0136,1.0137
1.0086,1.0055,1.0086,0.89099,1.0023,0.9985,1.0073,1.0086,1.0039,0.856,0.66723,0.80275,1.0009,0.85203,1.0078
1.0046,1.0038,1.0045,1.0044,1.0045,0.40873,1.0046,0.97939,1.0023,0.95961,0.68219,0.99225,1.0046,1.0045,1.004
0.99501,0.14364,0.99763,0.98996,1.0084,0.99459,1.0087,1.0075,0.99474,0.96535,1.0087,0.98375,1.0068,1.0087,1.0087
1.0173,1.0173,0.97758,0.7532,1.0056,0.99818,1.0065,0.99959,1.0172,0.99655,1.002,1.0163,0.58372,0.84989,1.0018
1.0058,1.0058,1.0022,1.0058,0.87506,1.0044,1.0016,1.0034,1.0023,1.0015,0.82756,0.34071,0.99451,1.0058,1.0051
1.0101,1.0073,0.96988,1.0064,1.0101,1.0074,0.36828,0.99931,1.0074,0.97155,0.80057,1.0002,0.96461,1.0102,1.0089
1.0096,1.0096,1.0096,1.0095,1.0081,1.0096,1.0096,0.66279,1.009,0.67728,0.97315,1.0067,1.0053,1.0033,0.73118
0.99909,0.88766,1.0025,1.0025,0.99803,0.88643,0.99565,1.0011,0.79058,1.0023,0.52422,1.0025,0.96857,0.9882,0.98608
1.0019,1.0019,0.98651,1.0015,0.69054,0.99577,1.0019,0.6712,0.96886,1.0004,0.99479,0.95973,0.76203,0.99358,0.99631
1.0043,0.9221,0.99468,1.006,1.0059,1.0009,0.99799,1.0006,1.0059,0.57549,0.76952,1.0059,1.006,1.006,0.78319
1.0072,1.0072,0.73031,0.99331,1.0069,0.96736,1.0072,1.0071,0.65017,1.0071,0.95165,0.99467,1.0062,1.0041,0.7598
1.0056,0.98066,1.0047,1.0025,1.003,1.0034,0.97396,0.33981,0.94977,1.0046,0.99163,0.99788,0.99985,0.82534,1.0054
1.0038,1.0038,1.0038,1.0038,1.0038,0.74989,1.0038,0.6897,0.60032,1.0035,0.97903,1.0031,1.0031,0.99785,1.0038
1.0117,0.86241,1.0034,1.0104,1.0119,0.91706,1.0089,1.0114,1.0026,0.69322,1.0037,1.011,1.01,0.59842,1.0111
1.0033,1.0054,1.0059,0.53636,1.0059,0.99868,0.99131,0.99471,0.99305,1.0059,1.0028,1.0047,0.82208,0.99576,0.71684
1.009,1.0077,1.0093,1.0094,1.0095,0.56796,1.0002,1.0095,0.99527,1.0084,0.71018,1.0092,1.0009,0.77645,1.0095
1.0104,1.011,1.0086,0.80909,1.0067,1.0042,0.82988,0.97964,0.9875,1.0007,1.0093,1.0101,0.47319,1.0107,1.0031
1.0012,0.97311,1.0017,0.73578,0.99601,1.0019,1.0019,0.99231,1.0013,1.0018,0.42255,0.98048,0.97958,0.99354,0.94392
1.0185,1.0096,0.90623,1.0166,1.0149,1.0148,0.86322,1.0188,1.0152,1.0174,0.60389,1.0175,1.0184,0.79555,0.93249
1.0024,0.98319,0.75892,0.95907,0.99368,1.0031,0.62606,0.99604,0.98661,0.99344,0.76194,0.98707,1.0032,1.0035,0.99057
0.96169,1.0125,0.71962,1.0125,1.0178,1.0043,1.0178,1.0117,1.0166,1.0033,1.0162,0.75203,0.97727,1.0173,0.70925
1.0016,1.0027,1.0027,0.97778,0.70552,0.98322,0.98814,0.99862,0.69653,0.98337,0.97317,1.0027,1.0028,1.0022,0.71788
0.96106,0.61353,0.99835,0.99426,0.99906,0.9777,0.59715,1.0025,1.0025,1.0025,0.9798,0.98852,0.94568,0.98826,0.98364
0.78877,0.97572,0.96531,1.0047,1.001,0.97121,1.0055,0.68164,1.0055,0.9698,0.997,0.77393,0.9819,0.96799,0.98749
0.99599,0.92934,0.99466,0.64197,1.0011,1.0006,1.0011,1.0008,0.95807,0.99928,0.98964,0.76198,1.0003,0.99981,0.74117
0.49209,0.99403,0.96725,1.003,1.0063,0.91375,0.99173,1.0074,0.99003,0.97094,0.99693,1.0075,1.0075,0.99931,0.75726
1.0029,0.99349,0.64667,0.96202,0.98823,0.60378,0.97379,0.96276,1.0015,0.95353,0.98519,0.9991,0.96755,1.0015,1.0032
1.0144,1.0144,1.0142,1.0144,1.0098,1.0097,1.0028,0.50004,0.99889,1.0089,1.0085,0.96153,0.81495,0.82177,1.0073
0.63085,0.94418,1.0129,1.024,0.99929,1.0205,1.0265,1.023,0.63714,1.0218,1.004,1.0212,1.0316,1.0147,1.0308
1.0014,0.98615,0.99873,1.0014,0.60559,0.93199,0.99205,0.98423,0.98991,0.94797,0.61453,0.96773,0.99728,0.99966,1.001
1.0029,1.0041,0.988,1.0045,1.0037,0.70652,1.0044,0.69197,1.0018,0.95236,0.99611,0.70214,1.0045,1.0045,0.99519
1.0034,1.0034,1.0034,1.0034,1.0034,0.78271,0.99926,0.98125,1.0033,0.98531,0.58446,0.68624,1.0033,1.0013,1.0033
1.013,1.0131,1.0127,0.97927,1.0131,1.0126,0.98382,1.0123,0.39822,1.0105,1.0104,1.0118,0.97135,1.0126,0.72913
1.0203,0.87107,1.0239,1.0061,1.0239,1.0238,1.0157,0.82292,0.62316,0.98323,1.0121,1.0161,1.0242,0.85008,1.0216
1.0062,0.28786,1.0076,1.0084,0.97995,0.98854,1.0058,0.98153,1.0048,1.0045,1.0033,1.0084,0.9896,0.8333,1.0081
1.0017,1.0017,1.0017,1.0017,1.0017,0.9796,0.71785,1.0014,0.68881,0.9735,0.66134,0.99122,1.0009,1.0017,0.99863
1.0073,1.0073,1.0073,1.0073,0.98974,1.0056,0.99115,1.0052,0.70724,0.60189,1.0072,0.76087,0.99027,1.0073,1.0064
1.0025,1.0025,0.41908,1.0025,1.0025,0.99834,1.0008,1.0009,0.94514,0.97864,0.71196,0.9921,1.0002,0.97536,1.0025
0.23607,0.99989,0.95764,0.99139,0.99993,0.9973,1.0059,0.98716,0.93812,1.0086,1.0056,1.0088,0.97159,1.009,1.0085
1.0016,1.0016,1.0016,1.0016,1.0016,1.0016,0.6608,1.0015,1.0016,0.65342,0.98931,0.98794,1.0007,0.74612,0.97143
1.0062,1.0062,0.93253,1.0024,1.006,1.0061,0.99715,1.0062,1.0031,0.47865,0.97807,0.98705,0.68799,0.98423,1.0055
1.0092,0.99785,0.77505,0.98926,1.0093,0.76807,1.0098,1.0102,0.6109,0.9686,0.98331,0.98317,1.0102,1.0082,1.0102
1.0056,1.0056,0.42561,1.0056,0.99514,1.0013,0.98857,1.004,0.94605,1.0056,0.71475,0.99406,1.0023,0.97836,1.0056
0.93123,1.003,0.72096,1.0017,0.99699,1.0009,0.69387,1.0009,0.9978,1.0043,0.99434,1.0043,1.0007,1.0021,0.70687
0.99324,1.0153,1.0172,1.0179,0.35637,0.99653,1.0075,1.0186,1.0179,1.0171,1.0186,1.0186,1.0184,1.0055,0.74173
1.0048,0.75106,1.0081,0.98399,1.0015,0.72475,0.99529,1.009,1.0065,0.98003,0.72652,1.0126,0.97831,0.99814,0.996
0.73929,0.96607,0.99888,0.99952,0.96471,0.98044,1.0012,0.99682,0.99082,1.0013,0.67996,0.97238,0.95591,0.78297,0.9999
1.003,0.52878,0.95579,0.99553,1.0043,0.97782,0.95672,1.0042,0.96247,1.0034,0.99724,0.99802,0.68433,0.99978,0.98839
1.0033,1.0033,1.0033,1.0033,1.0033,1.0032,1.002,0.58375,0.70817,1.0024,0.98957,1.0023,0.73861,0.9962,1.0032
0.98204,1.0107,0.88867,1.0016,1.003,1.0087,0.8687,0.62024,0.96196,0.93574,1.0082,1.0082,1.0109,0.83803,1.0113
0.99656,1.0018,0.39781,0.95708,1.0028,0.99042,0.98117,0.99014,1.0001,0.94485,0.99764,1.0024,0.77718,1.0026,0.9965
1.0095,0.97841,1.0131,0.75227,0.94839,0.98285,1.0132,1.0087,1.0091,0.65533,0.77319,1.0128,1.0132,1.0019,1.013
0.99157,0.92319,1.0065,1.0065,1.0064,0.91326,1.0001,0.99821,1.008,0.85454,0.37545,1.0058,1.0072,1.008,1.0077
0.74399,1.0087,0.9792,0.99149,1.0001,0.99873,0.98708,1.0013,0.77822,0.98254,0.97435,0.99984,1.0044,1.0054,0.68155
1.0097,0.96256,1.0119,1.0118,0.62163,1.0036,0.98314,1.0119,0.97241,1.0098,0.99419,1.0073,0.83597,0.99849,0.73179
0.6278,0.98371,0.99729,1.0061,0.98887,0.99181,1.0062,1.0063,0.99576,0.97542,0.99196,0.76556,0.75866,0.98806,1.0049
1.0034,1.0034,1.0034,1.0034,1.0034,0.95651,1.0026,1.0023,0.51825,0.9835,1.0012,0.63216,0.94539,0.98966,0.99911
1.0046,1.0046,1.0046,1.0046,1.0039,0.96892,1.0046,1.0038,0.078698,1.0038,1.0046,0.99154,0.97927,1.003,1.0039
0.90363,1.0052,0.61251,0.66065,0.98673,1.0095,1.0079,0.94342,0.95556,1.0062,1.0058,1.0075,1.0095,1.0095,1.0094
0.99596,0.73747,0.98508,0.99655,1.002,0.98267,0.97675,1.0019,0.98862,0.6416,0.98796,0.99035,0.74264,0.99631,1.002
1.0758,1.0758,1.0758,1.0758,1.0539,0.77748,1.0617,1.0691,1.0657,1.0639,1.0628,0.63064,1.0758,0.84357,1.0532
0.69148,0.97411,0.97816,0.94669,0.95499,0.61123,1.001,1.0019,0.95955,0.93702,0.99518,0.9862,0.99973,0.99958,0.98997
1.0014,1.0077,1.0101,1.0098,0.70541,1.01,0.69553,0.99585,0.9902,0.98499,1.0101,1.0097,0.97165,1.0048,0.73466
0.98272,0.71972,0.98956,0.99718,0.99902,0.98055,1.0042,0.988,1.0032,0.99283,0.39084,1.0031,1.0045,1.0026,1.0044
1.0027,0.62664,0.97871,1.0022,0.98414,0.9871,0.96211,0.98968,0.99369,1.003,0.78499,0.997,0.77841,0.9636,0.99574
0.96643,0.9922,1.0002,0.65248,0.99052,1.0011,1.0012,0.98147,0.97759,0.9995,0.99859,1.0002,0.85075,0.61653,0.98846
0.68101,1.0041,0.99177,1.0087,0.99792,0.99894,1.0087,0.57347,0.96107,0.98157,0.94994,1.0074,1.0029,0.9457,1.0087
0.69546,0.97034,0.99323,0.99749,0.97229,1.0006,1.002,0.99515,1.002,0.998,0.97872,0.67872,0.7441,1.002,0.99748
1.0029,1.0025,1.0007,0.96925,1.0029,1.0004,1.0029,0.70922,0.99976,0.99643,0.99722,0.99828,0.59346,0.76211,1.0029
1.0097,1.0097,1.0097,1.0097,1.0097,1.0097,1.0097,0.96104,0.64902,0.99068,0.43349,1.0048,1.0097,1.0097,1.0097
0.9964,0.64375,0.99179,0.99664,1.0058,0.98629,1.007,0.99382,0.99566,0.96173,0.74656,0.98768,1.0057,0.78728,1.0008
1.0178,1.0178,0.74471,1.0178,1.0139,1.0138,1.0086,0.99503,0.65977,0.9813,1.0092,0.7213,1.0178,1.0138,1.017
1.0038,1.0036,1.0038,1.0037,1.0037,0.99966,1.0036,0.51503,0.96455,1.0038,0.9429,0.99434,1.0038,0.88154,0.7251
1.0071,1.0071,1.0071,1.0071,0.73227,0.98553,0.99967,0.99656,1.007,1.0071,0.98865,0.89423,0.82614,0.63129,1.0026
1.0252,1.0252,0.39507,0.98777,1.0042,0.9837,1.0016,1.0247,0.99795,0.97263,1.0097,1.0229,1.0224,0.855,1.0243
0.89811,1.0004,0.61561,1.0016,0.97682,1.0008,0.99074,1.003,0.9831,0.96538,1.0028,1.0031,1.0004,0.60863,0.99346
1.003,1.0056,0.71446,1.0016,0.998,1.003,1.006,0.70085,1.0037,0.96007,0.98461,0.96506,0.77303,1.006,0.95964
1.0215,1.027,1.0282,1.0284,0.66349,1.0278,1.0285,1.0284,1.0285,1.0267,0.39812,1.0242,1.0285,1.0118,1.0282
0.75435,0.97701,0.98462,0.80147,1.0017,0.96927,1.0017,0.99042,0.98787,0.99957,0.99066,1.0003,0.81319,1.0017,0.74977
0.96895,0.99841,1.0018,1.0013,1.0018,1.0017,1.0018,1.0011,0.64991,1.0012,0.99996,0.74039,0.99637,0.65861,1.0018
0.88558,0.9983,0.994,0.56517,1.0036,0.98654,0.9758,0.98566,0.97091,1.0036,1.0036,0.68448,1.0027,1.0024,0.98824
1.0011,0.99473,1.0011,1.0011,0.72722,0.96794,1.0012,1.0008,1.0005,0.97834,0.77738,0.56839,0.99709,0.9989,1.0012
0.9831,0.63472,0.97542,0.97305,0.98834,0.97879,0.97041,0.97496,1.0019,1.0023,0.9922,0.9892,0.81652,0.74869,1.002
0.96194,1.0184,0.7643,0.99948,1.0024,1.0053,0.71868,1.0195,0.973,0.94841,1.0166,1.0165,1.0177,0.79086,1.0195
1.0157,1.0157,1.0157,1.0157,0.30259,1.0157,1.0157,1.0119,0.99355,0.9984,0.75797,1.0157,1.0143,1.0157,1.0157
1.0035,1.0062,1.0064,1.0066,1.0063,1.0065,0.14485,0.97634,0.98756,0.99042,1.0005,0.98813,1.0066,0.99608,0.96693
1.0093,1.0093,1.0093,1.0093,1.0093,0.99561,0.83283,1.0092,0.81132,0.99166,0.99799,1.0042,0.84065,0.59421,1.0063
0.64275,1.001,0.99067,1.0107,0.99985,1.0102,1.0107,0.9907,0.98677,1.0096,1.008,1.0096,0.85878,0.62234,0.99778
1.0185,1.0124,1.0188,1.0184,0.70285,1.0038,1.0192,1.0137,1.0181,1.0058,1.0022,0.76262,0.98073,0.9951,0.69759
0.9962,1.0014,1.0013,1.0014,0.95274,1.0014,0.99925,0.99882,0.51883,0.97123,0.98995,1.0011,0.97914,0.6067,1.0002
0.97085,0.70783,1.0021,0.99595,0.99959,0.9836,0.69262,0.9846,1.0013,0.99564,0.98436,0.9912,0.98911,0.99146,0.73958
1.0006,0.98466,1.002,1.0025,1.0026,1.0013,0.40355,0.98374,0.98604,1.0025,0.98932,1.0002,0.9957,0.98758,0.6943
1.0057,0.68553,0.97331,0.98811,0.98051,0.96332,0.99236,1.0005,0.52462,0.95053,1.0048,1.0025,1.0017,1.0057,1.0011
0.97619,0.99839,1.0058,1.0061,0.66837,1.0044,0.99174,0.99782,0.9778,1.0045,1.0039,1.0052,0.86216,0.83087,0.75313
0.99555,0.51279,0.96239,0.98148,1.0028,0.92514,1.0058,1.0013,1.002,0.98611,0.98887,1.0048,1.0055,1.0044,0.70194
1.0046,1.0028,0.75188,0.97817,0.99457,0.72936,0.98258,0.98119,0.99828,0.97002,0.99264,0.9987,0.97898,0.9944,0.70725
0.66182,1.0045,0.98913,1.006,0.98995,0.98673,1.0046,0.99416,0.99904,0.47318,0.99573,1.0096,1.0017,1.0096,1.0088
0.99645,1.0083,1.0081,1.0086,1.008,0.82925,1.0056,0.81983,0.73976,1.0082,0.70582,0.96081,1.005,1.0086,1.0081
1.0027,0.98243,1.0011,1.0019,1.0026,0.99099,0.5226,0.97885,1.0019,0.99045,0.81777,1.0017,0.95318,0.80563,0.98369
1.0054,1.0054,1.0054,1.0054,1.0054,0.9783,1.0054,1.0043,0.399,0.98398,0.68935,0.99317,0.98507,1.0054,1.0049
0.88152,1.0088,1.012,0.55013,1.0113,0.91482,1.0118,1.0122,1.0032,0.9756,1.0017,1.0123,1.0123,1.0041,0.76089
1.006,1.0182,0.91054,1.018,1.0143,0.90117,0.72402,0.97658,1.0169,0.98637,0.99504,0.73374,1.0153,1.0046,0.93374
0.9863,1.0153,0.581,1.0206,1.0222,1.0051,1.0081,1.0112,1.0219,0.92658,1.0194,0.67725,0.97121,1.0222,1.0222
1.0002,1.0105,1.0111,1.0109,1.0053,0.76845,0.78695,1.011,1.0112,0.55435,0.98474,0.99606,1.0067,1.0091,0.9903
1.002,1.002,1.002,1.002,1.002,1.0019,0.99614,0.549,0.9978,0.52888,0.9865,0.99166,0.99162,0.98935,0.98524
1.013,1.013,1.013,1.013,0.96612,0.37456,1.0018,0.99933,0.99195,0.99344,1.0047,0.98926,1.013,0.79158,1.0043
1.0093,1.0179,0.91098,1.0159,1.0144,1.0143,0.86991,1.0181,1.0025,1.0167,0.60558,1.0171,1.0138,0.79501,0.93185
0.55482,0.93661,0.96893,0.9943,1.0054,0.98455,1.004,1.0048,1.0034,1.0061,0.82699,1.0052,0.77803,1.0059,1.0059
0.47668,1.0181,1.0015,1.0205,1.0214,1.0012,1.0212,1.0156,0.99192,1.0004,0.73697,1.0205,1.0007,0.95714,1.0152
1.0031,1.0031,0.99016,1.003,1.0017,1.0019,0.9898,0.73572,0.98036,0.98864,0.52547,0.99855,0.99682,0.82271,1.0022
1.0066,1.0034,1.0066,1.0065,1.0067,1.0066,0.70216,0.67377,0.96184,0.99445,1.0067,0.99295,1.0067,0.99887,0.72044
1.003,1.003,1.003,0.9701,0.6458,0.99015,0.67926,0.99085,0.98346,0.9812,0.99425,1.0016,0.79143,1.003,1.0017
1.0032,0.99057,0.77831,1.0027,0.99998,1.0024,1.0025,1.0032,1.003,1.0008,0.76867,0.99362,0.49107,1.0028,1.0032
1.0108,1.0171,0.99311,1.0173,1.0178,0.59674,1.0177,1.0031,1.0178,1.0002,1.0159,0.84705,0.97778,1.0173,0.69966
0.46166,0.7,0.962,0.98724,1.0045,0.99187,1.0027,1.0045,1.0004,1.0061,0.94296,1.006,1.0039,1.006,1.0057
1.008,1.0079,1.008,1.008,1.008,1.008,1.006,1.0079,0.52462,0.98838,1.0007,0.99799,1.0073,0.82138,0.70949
1.0109,1.0109,1.0109,1.0109,1.0109,1.0109,1.0109,1.0029,0.80113,0.77848,0.98684,1.009,0.76132,1.0047,0.73214
1.0126,0.89486,1.0032,0.63625,0.9816,0.99868,1.0125,1.0116,1.0006,0.98317,0.80615,0.98966,1.0125,0.82948,1.003
1.0061,1.0052,0.98991,1.0061,0.53281,0.58247,1.0061,1.0057,1.0033,0.97756,1.0042,1.0044,1.0058,0.9872,0.96853
1.0039,1.0039,1.0039,1.0039,0.99973,0.974,0.50924,0.9854,1.0038,1.0026,0.61031,0.96979,1.0008,0.97938,1.0038
1.0003,0.97923,0.99937,0.99945,1.0008,0.99906,0.70476,1.0005,0.98736,0.65561,0.98731,0.9896,0.75237,0.99531,0.9596
1.1238,1.0923,1.1272,1.1292,1.1194,1.1274,1.1272,1.1269,0.68308,1.1197,0.90842,1.1217,1.1217,1.1206,0.75964
0.99813,1.0013,0.63677,0.95914,0.99315,0.99397,0.96602,0.54128,0.99837,0.99929,1.0019,0.94643,0.99278,1.0017,0.99627
0.99954,1.002,0.92639,0.99945,1.002,1.0022,1.0021,1.0007,1.0021,0.99787,0.87972,0.82751,0.60872,0.77931,1.001
0.99682,1.0013,1.0011,1.0013,1.0013,1.0014,1.0009,0.68457,1.0006,0.75879,0.98572,1.0014,0.99614,0.58896,0.99979
0.96725,0.99771,0.68013,1.006,0.9951,1.002,1.0065,0.98373,0.98284,1.0013,0.99216,1.0007,0.47758,0.99107,1.0065
1.009,1.0077,0.99421,1.0095,0.61661,0.98741,1.0067,0.55453,0.96287,1.0037,1.0078,1.0003,0.98634,0.97645,1.0092
0.97949,1.0002,0.72367,1.006,0.99258,0.72502,1.0059,0.98582,1.0035,0.95398,0.9978,0.70338,1.0062,1.006,0.99684
1.0028,0.41074,1.0063,1.007,0.98334,0.99025,1.007,0.98472,1.0066,1.0035,0.72097,0.99913,0.98476,0.98416,1.0067
1.0107,1.0107,1.0107,1.0107,1.008,1.0107,1.009,1.0107,0.52886,0.99439,1.0107,1.0105,0.78365,1.006,0.7351
1.0156,1.0156,1.0156,1.0156,1.0156,0.98908,1.0153,1.014,0.78696,1.0155,0.78427,1.0156,0.48842,1.0156,1.0156
1.0035,1.0035,1.0035,1.0035,1.0035,0.59603,0.98217,0.99216,1.0035,0.98042,1.0033,0.98599,0.51315,0.97425,1.0006
1.0035,0.99454,0.91739,1.0054,0.28833,0.96127,0.99806,0.98047,0.95301,0.9778,1.0037,0.9969,1.0028,0.9871,1.0051
1.0054,1.0046,1.0054,1.0054,0.9986,0.99877,1.0046,1.0051,0.78723,1.0015,0.99857,0.70866,0.78549,0.76877,0.99779
0.9778,0.46778,0.9781,1.0001,0.96553,1.0057,0.96621,0.99972,0.99041,0.99658,0.76386,1.0031,0.98138,1.0064,0.98748
1.007,1.007,1.007,1.007,1.0063,0.97176,1.007,1.0063,0.091126,1.0062,0.99279,0.99389,0.98158,1.0069,1.0063
1.0085,0.21623,0.95648,0.9903,1.0085,0.99679,1.0084,0.98669,0.93767,1.0081,1.0051,1.0084,0.97113,1.0085,1.0081
0.961,0.61361,0.99828,0.99419,0.99899,0.97764,0.59724,1.0024,1.0024,1.0024,0.97974,0.98815,0.94561,0.98819,0.98357
1.0084,1.0084,0.71308,1.0082,1.0009,1.0027,0.98495,0.67879,0.97546,0.99423,1.0012,0.96559,0.76497,1.0082,1.0028
1.0139,0.33555,1.0062,1.0002,0.99812,0.93111,1.0139,1.0046,1.0139,0.96044,1.0129,0.93872,0.94739,1.0035,1.0139
0.8717,0.98809,0.51464,0.94615,1.0019,1.0007,0.99341,1.0014,0.98862,0.99918,0.98512,0.99689,1.001,1.0006,0.737
0.97101,0.99629,1.0008,0.70431,1.0038,0.9912,1.0037,0.94885,1.0024,0.98834,0.78546,0.99784,0.96422,1.0032,0.6916
1.0027,1.0025,0.99396,1.0025,1.0027,0.48239,0.96926,0.98508,1.0027,1.0027,0.99465,0.98252,0.792,0.821,1.001
1.0018,1.0003,1.0018,0.97322,1.0009,1.0003,1.0016,1.0001,1.0019,0.30954,0.98835,0.96629,1.0014,0.7812,0.99787
0.99951,1.0015,0.96373,1.0014,1.0008,1.0015,0.96554,0.99567,0.3441,0.99984,0.98627,0.98948,0.95378,0.81973,0.99956
1.0043,1.0043,1.0043,0.67886,0.98718,0.99308,0.74879,0.99419,1.0018,0.96952,0.71915,0.99444,0.95358,1.004,1.0031
1.007,1.007,0.76703,0.99003,1.0068,1.007,0.99075,1.007,0.59378,1.007,0.95161,0.99457,1.0067,1.0025,0.75972
1.0089,0.90106,1.0031,1.0088,1.0084,0.89834,1.0013,1.0019,1.0001,0.99361,0.7906,0.80048,1.0089,0.99837,0.70102
0.98733,0.67499,1.0031,1.003,0.99482,0.9617,0.99093,0.98353,1.0031,0.71661,0.99421,0.77165,1.0031,0.97102,0.98403
1.0042,0.62371,0.98719,1.0032,0.98533,0.98826,0.96353,0.98865,0.99474,1.0039,0.78238,0.99798,0.77921,0.96456,0.9966
1.0034,0.9918,1.0056,0.72818,1.0014,0.98816,0.99264,1.0014,0.71313,0.98804,0.97999,1.0063,0.96478,1.0058,0.71864
0.95982,0.99737,1.0022,1.0028,0.44702,0.89444,0.98546,0.97917,1.003,1.0032,0.99577,1.0016,1.0027,0.76734,1.0032
0.94109,1.0002,0.74638,1.0005,0.99832,1.0001,0.71043,0.9555,1.0052,1.0008,0.97652,1.0044,1.0052,1.0052,0.72344
0.99734,0.77938,1.0027,1.0032,1.003,0.98909,0.99137,1.0031,0.73665,0.97614,0.9845,0.99836,0.75476,0.82309,1.0018
1.009,1.009,1.009,1.009,0.9966,1.0085,0.99746,1.0076,0.8421,0.9976,0.64305,0.82267,0.76949,0.99737,1.0077
1.0046,1.0046,1.0046,1.0046,1.0046,1.0046,1.0046,1.0046,0.25396,1.0034,1.0046,0.99267,0.76411,1.0045,1.0046
1.0046,1.0041,1.0046,1.0046,1.0046,0.68687,0.9939,0.68692,1.0019,0.98421,0.99378,1.0036,1.0018,1,0.68871
1.0062,1.0062,0.93016,1.0022,1.0059,1.006,0.99681,1.0062,1.0028,0.46135,0.99669,0.98694,0.68719,0.98651,1.0055
1.0246,0.72669,1.0252,1.0262,1.0322,1.0322,1.0059,1.0322,1.0183,0.65563,1.0282,1.0203,0.76505,1.0264,1.0322
1.0063,0.97774,1.006,1.0022,1.0008,1.0056,1.0031,0.38099,1.0006,0.99864,0.96662,0.75604,0.9784,1.0068,1.0059
1.0097,0.58743,0.96124,0.98379,1.0034,0.73335,0.9571,0.98995,1.0097,0.97096,0.95969,0.99554,1.0012,1.0035,0.96867
1.0088,1.0043,0.9272,1.0089,1.0088,1.0057,1.0061,1.006,1.0087,0.55613,0.77167,1.0088,1.0089,1.0089,0.78538
0.93205,1.0023,0.70354,0.97831,0.98328,0.99725,0.65329,1.0036,0.98459,0.99254,0.99534,1.0006,1.0032,0.81725,1.0036
1.0035,0.98636,0.72293,1.0035,0.97998,0.74172,1.0035,0.92899,0.99594,0.98778,0.92909,0.76248,0.9989,1.0017,1.0026
1.0053,1.0056,1.0056,1.0024,1.0056,1.0028,1.0056,0.95233,1.005,0.71728,0.97996,0.627,0.99743,0.76068,1.0056
1.0155,0.64168,1.0162,1.0166,1.0018,1.0063,1.0153,0.60763,1.013,1.0117,1.0167,1.0167,0.99768,0.8401,1.0164
1.0182,0.99653,0.7451,1.0136,1.0093,1.0171,0.65916,1.0189,1.0106,1.0189,1.0189,1.0176,0.9937,0.77836,0.94828
1.0012,0.43384,0.95761,0.98809,0.99338,0.99957,1.0012,0.98817,1.0011,0.96984,1.0008,0.74914,1.0003,0.93363,0.99942
0.97528,0.99903,1.0058,0.69105,0.99561,0.99692,1.0066,0.56425,0.95816,0.979,0.96412,1.0052,1.0008,0.94371,1.0066
0.99775,0.64088,0.99758,1.0054,1.005,0.98477,1.0054,0.98551,1.0048,0.99656,0.81909,0.99902,0.99961,0.63619,0.99846
0.31882,0.94613,0.96901,1.0027,0.95121,0.99443,1.0072,1.0072,1.0056,0.97974,0.95977,1.006,1.0014,0.94428,1.0072
0.76777,0.99027,1.0122,1.0074,1.0071,1.0075,0.99129,1.0034,0.99977,0.79577,0.9993,0.56428,1.0128,1.0076,1.0128
0.96576,0.65797,1.0031,1.0034,0.99874,0.95797,1.0044,0.56817,0.99555,0.95581,0.99282,0.99914,0.98017,0.99337,0.98578
1.015,1.0118,0.59946,1.0133,1.0141,1.0034,1.0028,1.0119,1.0112,0.66815,0.99618,1.015,1.0107,0.82722,1.014
1.0268,1.0268,0.35956,1.0169,1.0268,1.0254,1.0208,1.0203,1.0265,1.0268,1.0197,0.79683,0.96664,0.98919,1.0266
1.0026,1.0026,1.0026,1.0026,1.0026,1.0015,1.0026,0.99852,0.2048,1.0012,0.99401,1.0013,0.99725,0.82267,0.99994
1.0008,0.89819,1.0014,1.0017,1.0016,0.90247,0.99852,0.99959,0.95685,0.78337,0.99612,0.84219,0.98166,0.97685,0.68291
1.0042,0.99205,0.77023,0.99884,1.002,0.85407,1.0036,1.0042,1.004,1.0042,1.0034,0.98682,1.0028,0.72967,0.69904
1.008,0.91817,1.0081,1.0033,1.008,1.0038,1.0037,1.0047,1.0081,1.0038,0.92727,0.87569,0.91585,0.67624,0.74882
1.007,0.94159,0.4799,0.99733,0.99305,1.0054,1.0072,1.0071,0.96417,1.0063,1,1.0008,0.68131,1.0026,1.0067
1.0014,0.99592,0.97234,0.67522,0.98633,1.0015,1.0015,1.0015,0.66326,0.9895,1.0015,0.96984,0.7805,0.9932,0.98754
1.0046,0.99295,1.0038,1.0047,1.0034,0.9894,0.69077,1.0045,0.99594,1.0028,1.0046,0.73285,0.97524,1.0003,0.65948
1.0103,0.71869,1.0093,1.0137,1.0024,1.0086,1.0112,1.0193,1.0149,1.0174,0.61453,1.0193,1.0188,0.77606,1.0162
1.0028,0.99683,1.0034,0.61919,1.0023,0.98171,0.58502,0.95656,1.0008,1.0035,0.98068,0.996,0.94633,0.98931,0.98469
0.93564,0.99157,0.99793,0.61615,0.97757,0.9939,0.97933,0.99519,0.9873,0.59491,0.99901,0.94509,0.99961,1.0011,1.0011
0.99913,0.98075,1.0059,1.0029,1.0036,1.0042,0.96953,0.1442,1.0064,1.0061,0.98976,0.99797,1.0004,0.99594,1.0072
1.0149,0.3113,1.0211,1.0077,1.0228,0.97128,0.96068,0.99717,0.9898,0.92756,1.0228,1.0228,1.0228,1.0176,1.009
1.0038,0.99968,0.98398,1.0031,1.0038,1.0022,1.0038,0.80435,1.0017,0.99943,0.99997,0.99372,0.71763,0.83551,0.70105
0.99603,0.66954,0.99121,1.0092,0.99774,1.0032,1.0092,0.55229,0.99685,0.98191,0.95009,1.0074,1.0086,0.94616,1.0092
1.0006,1.002,0.6647,0.99872,0.9963,0.99725,1.0039,0.66028,1.0012,1.0024,1.0039,0.96212,0.75968,1.0039,0.99807
0.67159,0.96543,0.97575,0.99944,0.97253,0.9994,1.0041,0.55695,0.98514,1.0024,0.99592,0.96377,0.99909,1.0041,0.96172
0.99923,0.96505,0.997,1.0022,1.0016,0.94122,0.99928,0.99685,1.0022,0.56996,0.76122,1.0024,1.0024,0.83011,0.96231
0.99837,0.94276,0.74613,1.0022,0.99778,0.97531,0.69303,1.0011,0.998,1.0044,0.99457,1.0044,0.9949,1.0022,0.70697
0.30921,0.86462,0.99477,1.0042,0.99753,0.99606,1.0035,0.99441,0.9842,1.0027,1.0042,0.95192,0.95359,0.99391,1.0042
1.0042,1.0042,1.0042,1.0042,1.0034,0.96655,1.0042,1.0042,0.082252,1.0039,0.9861,0.99091,0.99414,1.0025,1.0035
0.65878,0.80467,1.0086,0.99975,0.99949,1.0108,1.0011,1.0096,1.0109,0.61699,0.99136,1.0112,1.0112,1.0112,1.0107
1.0092,1.0092,1.0092,1.0092,1.0092,0.39341,1.0092,1.009,0.99061,0.98386,0.97494,1.0005,0.70735,1.0048,1.0092
0.78023,0.96457,1.0052,0.77234,1.0084,0.97571,0.99322,0.99655,0.96101,0.89657,1.0055,1.0005,0.96927,0.78048,1.0084
0.67121,1.0015,1.003,1.0072,0.9965,0.9975,1.0072,0.57617,0.96144,0.98013,1.0072,1.0059,1.003,0.94885,0.93371
1.0052,0.75418,0.99496,1.0084,1.0084,0.98783,1.0074,0.99973,1.0033,0.61803,1.0009,0.77084,0.97398,1.0111,1.0106
0.98355,0.99849,0.82082,0.99141,0.9933,0.89411,1.0025,0.67378,0.99971,0.98603,0.99423,0.7014,1.0026,1.0006,0.99329
0.73864,1.0037,1.0027,1.0037,1.0014,0.84491,1.0031,1.0037,1.0035,1.0037,0.99836,1.002,1.0023,0.7416,0.69867
0.89962,1.0139,1.0111,1.0141,1.0113,1.0096,1.0148,0.86126,0.80721,1.0167,0.78843,0.74626,1.0134,1.0136,1.0165
1.0025,1.0025,0.73669,0.99705,1.0025,0.9955,0.99789,0.99679,0.99166,1.0019,0.75411,1.0004,1.0025,0.85641,0.69655
1.0179,1.0179,1.0179,1.0179,0.99459,1.0157,0.99647,1.0151,0.61898,0.49264,1.0179,0.99222,1.0007,1.0179,1.0171
0.98464,1.004,1.0072,0.84364,1.0005,0.99935,1.0073,0.79258,0.99699,1.0073,1.0054,0.686,0.75898,1.0006,1.0073
0.99127,0.43836,0.98405,1.0082,1.0053,0.97705,1.0079,0.98702,0.99058,0.93066,1.0014,1.008,1.0043,0.78826,1.002
1.0149,1.0174,1.0008,1.0176,0.31351,1.018,1.018,1.0156,0.99543,1.0008,1.0055,1.0178,0.78009,1.018,1.018
1.0095,0.98094,1.0095,1.0107,1.01,1.011,1.0109,0.61234,1.0009,1.0068,0.97175,0.51128,0.98672,1.011,1.0108
0.71312,1.0031,0.99206,1.0073,0.94318,0.99703,1.0058,0.5622,1.0056,0.98066,0.94964,1.0061,0.99376,0.94507,0.99705
1.0059,1.0044,1.0059,1.0059,0.98324,0.14716,0.9711,0.97507,1.0053,0.99374,0.98784,1.0019,0.99997,0.98967,1.0059
1.0827,1.0827,1.0782,1.0822,1.0827,0.98937,1.0763,0.98449,0.97611,1.0827,1.044,0.39547,1.0746,1.0664,1.0601
0.98796,1.0095,1.0089,0.35712,0.97343,0.98475,0.97002,1.0021,1.0061,0.98468,1.003,1.0089,0.99046,0.83948,1.0097
0.2906,1.0032,0.99393,1.0133,0.99013,0.99231,1.0133,1.0016,0.96551,0.98587,0.95432,1.012,1.0073,0.95006,1.0133
1.0106,0.53617,0.97553,1.0002,1.0107,1.0087,0.98654,0.95805,0.98809,0.92992,1.0107,0.72514,1.0064,1.0055,0.997
1.0015,0.99932,0.99194,1.0015,0.74012,0.98164,0.99586,0.99115,0.99457,0.97004,0.76748,0.98116,0.99904,0.60494,1.0012
0.95864,1.0123,0.70288,1.0124,1.018,1.0036,1.0178,1.0143,1.0168,1.0028,1.0163,0.73909,1.0101,1.0174,0.70934
1.0084,0.9835,0.5551,1.0088,1.0077,1.0085,1.0085,1.0002,1.0088,0.98338,1.0031,0.57291,1.0025,0.96762,1.0038
1.0093,1.0092,1.0093,1.0093,1.0054,0.85411,1.0089,1.0036,0.82785,0.98502,0.72817,1.0093,1.0093,1.0093,0.65234
0.98004,1.0006,1.0025,1.0033,1.0038,0.62564,0.98988,0.9907,0.70033,1.0008,0.99347,0.97874,1.001,0.77915,1.0033
1.0105,0.91039,0.4438,1.0105,1.0104,1.0006,0.98351,1.0092,0.99181,0.94989,0.98439,1.0003,1.0092,0.82583,1.0062
1.0102,1.0103,1.0103,1.0085,0.98557,1.0094,1.0101,1.0096,0.9924,0.42175,0.98289,1.0003,1.0049,1.006,0.6819
0.98581,1.007,1.0064,0.37015,1.0065,0.98375,0.97271,1.0001,1.0067,0.98378,0.7973,0.99833,0.98501,0.98944,1.0072
1.0037,1.0037,0.99499,1.0028,0.72265,0.72898,0.98162,0.98028,0.99149,0.96907,1.0006,0.99928,0.97284,0.99345,0.70657
1.0183,1.0169,0.99398,1.0182,1.0179,0.67311,1.0182,1.0181,1.0178,1.0145,0.68328,1.004,0.72584,1.0178,1.0181
