0.15403,0.15069,0.21956,0.30073,0.42193,0.61641,0.88124,1.2051,1.7634,7.389e-05
0.65331,0.80699,1.263,1.311,1.6963,3.3762,5.3113,8.5736,13.696,2.7004e-19
0.018742,0.012443,0.036554,0.028901,0.031867,0.095859,0.080765,0.22488,0.41476,43.357
0.78466,0.96893,1.5162,1.5774,2.039,4.016,4.4761,8.5509,13.681,2.6866e-19
0.7006,0.90647,1.5054,2.5294,2.3623,5.2738,8.8054,8.5986,18.664,0
0.79658,0.68833,1.1906,1.3687,1.8427,3.2419,3.7261,4.8859,8.6915,1.9348e-06
0.71797,0.94481,1.567,2.642,2.4502,5.5158,9.2413,15.085,14.34,0
0.68328,2.0354,5.042,16.287,34.313,12.808,14.804,15.695,137.38,0
1.7516,0.80331,4.1383,9.9541,23.22,11.96,13.901,14.857,76.041,2.215e-19
3.6282,1.401,1.4414,11.521,4.4493,35.885,13.745,15.541,120.69,1.4374e-26
1.6732,0.71045,4.3214,11.347,5.3599,32.425,75.482,42.393,39.607,4.6198e-29
1.9269,0.60524,6.4213,9.2542,36.433,17.933,16.579,14.741,151.76,0
1.5756,0.67113,4.1993,10.568,26.685,71.249,33.354,44.014,42.524,0
1.0785,3.534,1.1982,12.305,40.494,12.998,13.663,14.189,158.89,0
0.019053,0.013097,0.036023,0.029802,0.033495,0.081025,0.065573,0.085516,0.231,38.644
1.6216,0.40805,6.195,18.236,4.8645,79.219,188.14,57.01,53.893,0
3.1811e-17,6.3251e-17,3.5317e-17,1.4729e-16,2.9955e-16,6.8771e-16,4.9291e-16,1.723e-15,3.8676e-15,70.737
0.59192,1.3993,4.029,11.317,30.079,13.565,13.471,18.45,111.17,0
1.2528,3.5046,1.3935,11.117,33.028,16.565,13.866,14.766,122.17,5.5572e-21
1.7963,3.3802,8.3344,4.2122,6.091,6.7862,6.8051,31.319,75.808,8.6755e-21
1.4927,0.68798,4.1042,10.834,29.22,13.426,13.996,92.31,40.019,0
1.7005,3.82,1.8613,10.051,5.7212,7.0935,6.4279,32.743,80.744,5.5046e-25
3.3663,1.1411,1.3502,11.694,4.6486,4.257,38.285,125.51,75.026,0
0.96593,1.9624,4.6431,2.4462,2.7292,12.849,27.306,65.764,34.038,0
0.40993,1.4023,3.5584,1.2463,12.186,43.888,13.611,163.21,49.707,0
1.6518,1.0243,1.2854,1.4158,1.9484,5.4963,10.255,19.924,38.317,5.5518e-20
1.2596,2.7291,6.9456,9.5825,5.1568,5.6046,6.0679,34.737,90.113,1.0174e-20
0.7877,1.1749,2.1895,1.742,4.2354,8.0154,14.55,11.361,31.761,0
3.5525,1.3103,1.4556,11.026,31.95,16.267,13.873,14.782,116.25,5.3054e-21
5.3682,2.213,11.386,4.7845,4.8624,5.2291,5.4878,42.964,122.1,0
4.5434,9.0201,4.2263,4.3521,4.5707,5.3379,6.2287,38.386,105.45,0
3.7651,1.2635,1.3275,1.633,11.493,4.4562,6.6001,44.616,146.07,0
2.7505,1.7474,2.1078,2.5218,2.9593,8.1466,6.633,18.717,33.43,4.0812e-22
0.73401,2.1681,7.7675,2.4159,15.092,6.109,46.323,18.811,167.03,0
3.138,1.19,6.7027,9.7195,4.2598,4.6264,4.8874,42.191,128.77,3.4276e-22
1.8476,3.9996,1.8753,2.2691,12.449,31.524,15.694,79.02,39.771,0
3.426,1.2226,1.3312,1.275,12.375,39.586,13.718,133.29,47.003,4.4652e-20
1.3503,3.2223,6.5833,3.2527,4.0165,3.1514,13.572,46.605,129.81,8.1641e-26
1.134,2.9853,1.1232,1.2476,9.1171,3.55,25.372,77.987,104.46,1.6048e-20
0.63347,1.2855,3.9832,11.64,4.5058,37.857,113.94,42.052,44.528,0
0.68894,2.0784,6.6048,2.625,12.448,37.584,13.353,18.185,138.91,0
3.5596,1.2232,1.2909,12.83,5.9329,40.302,16.663,14.21,155.96,1.6692e-21
0.34169,1.1303,3.8995,13.478,4.2564,5.4456,43.969,14.112,161.33,0
3.2977,1.1822,1.1578,10.692,5.5077,5.513,41.622,14.584,139.98,1.6523e-21
0.64488,1.8601,5.2692,16.221,33.911,13.195,17.574,121.1,44.661,0
3.8175,1.4267,1.6432,1.4787,12.212,38.817,121.71,43.213,45.594,0
2.0021,6.5217,2.3953,2.3018,13.048,41.567,13.576,14.453,157.38,6.0311e-23
1.5685,0.55932,4.6679,13.762,38.229,16.74,106.06,43.083,43.761,0
1.6969,3.6945,1.8691,2.2246,10.209,24.747,59.29,38.328,35.094,1.0235e-19
2.8438,1.0773,1.2809,7.8079,3.3198,3.3184,26.581,77.616,94.726,0
0.88879,3.1362,1.1508,1.7294,12.975,5.3172,51.326,15.199,176.91,6.8329e-24
1.3227,3.5501,1.4744,10.912,4.4738,6.0504,37.212,14.833,113.57,5.1911e-21
0.43624,0.84453,1.9606,4.5569,10.817,25.567,13.806,14.775,72.945,1.0727e-23
1.3365,0.62908,3.0304,7.1518,3.967,5.22,20.468,48.039,59.26,0
0.28798,0.56164,1.7173,4.7816,11.998,35.494,101.91,40.156,44.136,0
4.6819,2.7669,3.3268,3.7616,4.7455,5.4031,7.0645,21.142,41.632,1.1643e-22
1.156,3.4505,1.1475,12.204,5.6213,44.694,139.81,45.951,48.608,2.5674e-21
1.83,3.4007,1.6431,10.458,5.0649,5.0057,30.664,83.531,58.774,0
2.2478,1.0391,1.1447,5.7718,13.485,31.053,15.987,17.557,70.966,5.8616e-24
3.1353,0.87228,1.0873,12.441,4.2867,3.7381,44.926,161.71,96.847,0
3.639,1.359,1.4032,11.599,5.5239,5.3265,5.2047,43.79,124.71,1.3563e-21
3.7101,1.1485,10.088,3.834,4.5471,4.3521,42.619,18.664,157.44,1.7087e-21
9.7842,3.7652,4.0462,4.3677,4.6311,4.7884,39.249,15.164,126.15,4.0632e-20
1.6954,0.81538,4.2061,1.9863,2.2278,12.546,8.0292,33.748,86.745,3.9222e-21
3.5831,10.236,4.3903,4.2315,4.0032,4.2054,4.4513,44.68,145.92,0
1.1148,0.3365,3.2451,11.327,5.1053,42.719,147.22,46.431,52.127,0
4.4952,1.5126,1.7966,2.1342,15.324,41.144,14.336,15.369,149.79,0
2.9323,1.2843,1.1372,11.653,4.0153,5.7121,48.185,164.39,49.899,1.6464e-21
9.1182,3.7137,3.8621,4.4145,4.5533,4.9486,31.197,86.442,60.993,0
0.99223,2.4921,7.5723,10.551,4.7075,5.0032,5.2905,41.153,124.09,1.3696e-20
3.6929,1.716,1.8866,9.687,5.6721,6.2621,6.7925,30.944,74.43,0
0.93456,1.8273,4.3542,2.169,11.275,6.1546,29.279,14.602,78.882,1.0223e-21
1.1755,3.4523,12.911,4.4999,3.9701,4.1118,4.5403,50.788,181.26,1.9651e-20
2.1213,4.4991,1.587,2.3913,11.394,39.99,14.375,16.153,147.95,0
1.2992,3.7641,1.6176,1.6611,1.6249,13.425,40.126,124.84,46.521,0
1.6899,0.7747,1.0351,4.6413,10.865,26.186,61.499,33.511,35.685,0
0.5065,0.78542,1.2892,2.3911,4.5101,8.1089,15.048,28.134,21.233,2.1574e-26
0.9982,1.8133,3.767,2.3504,2.9503,3.2793,11.748,24.559,50.733,9.3979e-26
0.11632,0.24651,0.46582,1.0419,2.3845,5.578,13.411,31.867,75.11,5.6444e-23
1.7098,3.8415,2.1393,2.284,2.6795,12.331,30.06,73.853,36.008,3.2645e-25
1.3983,0.62493,3.9255,10.883,6.6774,32.988,13.793,15.823,105.82,1.77e-23
1.1184,3.6619,1.4354,1.2489,12.226,42.408,145.18,46.363,48.477,6.0128e-24
0.97368,2.6082,1.0523,3.4399,1.7395,12.943,37.029,15.648,113.09,1.4439e-24
1.3391,3.6558,1.4261,1.5188,11.482,33.583,97.639,53.373,43.414,1.5299e-19
0.48153,1.3163,3.9538,1.6976,12.147,36.83,14.165,15.06,125.52,3.9641e-22
0.16935,0.41793,1.2357,0.5288,3.3331,9.4017,27.608,76.571,94.924,2.7633e-24
2.2405,0.85778,4.2583,2.0711,13.959,38.931,92.805,40.378,42.139,1.2391e-21
0.049256,0.12654,0.25884,0.65909,1.8877,5.0571,14.219,39.95,111.33,0
0.0238,0.070942,0.16495,0.4599,1.5088,4.9353,13.774,45.784,145.8,3.5475e-22
0.55774,1.7824,5.4621,16.954,6.0604,50.314,16.877,143.98,52.471,0
1.8705,0.53061,6.8539,9.9887,4.3431,3.9121,47.301,15.196,177.83,5.2421e-16
0.60172,1.6464,4.4178,13.005,5.1915,38.154,15.089,106.56,49.048,0
1.366,3.4839,1.4952,11.463,4.1949,37.236,15.532,122.65,44.795,3.4209e-22
1.183,3.4837,1.2474,13.877,4.6298,44.778,13.232,14.017,181.71,6.889e-23
3.6501,1.4667,1.8015,1.6716,12.022,5.2757,39.495,118.5,48.395,3.6373e-20
1.0629,3.2385,1.1126,1.2502,1.2275,11.971,40.066,22.419,151.2,0
1.0517,3.2923,1.2038,1.0948,12.021,46.44,177.17,49.866,51.672,7.1421e-24
0.29008,0.95879,3.286,11.214,38.765,12.821,19.734,153.62,50.416,0
3.6924,10.33,3.9211,5.4056,4.5938,5.2343,39.593,15.085,121.81,0
7.0527,3.3955,3.9672,4.2148,5.1033,5.608,7.358,29.797,68.874,0
0.27236,0.7874,1.7606,3.7965,12.145,37.248,15.387,122.42,44.762,3.3064e-22
3.3066,1.8028,1.939,2.3366,9.1405,20.178,15.347,53.745,30.728,0
1.136,0.46391,2.9951,8.2672,22.763,11.367,63.323,27.428,84.261,0
1.8299,2.8838,2.2588,2.5838,3.2801,9.113,6.8857,20.291,32.649,0
0.94289,3.6978,1.1985,13.334,3.7555,56.549,193.82,51.626,53.266,3.4448e-22
1.5149,0.64945,4.2853,11.203,4.6584,4.9878,35.742,99.728,42.433,0
4.9642,2.034,2.4834,6.3522,3.8545,3.9022,23.714,63.066,77.185,0
3.1267,0.91867,1.1382,11.895,4.2798,3.7911,5.1511,49.516,172.8,0
0.88022,3.1989,1.1484,12.278,44.178,167.2,47.694,49.465,51.926,0
5.6099,9.1612,3.9977,3.9476,3.6934,4.7252,5.1968,46.346,159.44,1.2718e-23
0.42447,1.182,3.9124,1.215,1.3099,14.505,4.7316,48.948,166.4,6.3917e-23
0.48701,1.1988,3.5354,1.5367,8.2589,3.5046,26.912,78.3,92.921,2.75e-24
0.14583,0.37843,1.2893,4.7362,12.781,47.773,14.393,168.74,50.366,6.6521e-23
0.79707,1.3081,3.5532,1.1599,11.998,4.546,5.1997,46.836,163.48,0
1.2366,2.9562,1.2553,12.435,4.2975,3.751,44.811,160.82,96.442,0
0.030441,0.10257,0.35979,1.1408,4.1127,12.285,44.471,15.678,167.41,32.61
3.3843,6.6223,3.9941,4.3141,5.4053,5.8865,6.3366,27.247,59.875,1.168e-21
5.515e-18,1.507e-17,5.4678e-17,1.9883e-16,7.505e-16,2.8109e-15,8.4162e-16,8.3844e-16,1.1394e-14,193.06
1.2069,3.483,1.5252,11.527,4.1836,5.2817,4.7794,42.952,131.06,5.4704e-23
1.2819,4.1485,1.3702,9.6317,6.1495,3.6178,5.4271,47.973,172.41,3.7607e-22
3.5017,1.0822,1.1786,13.863,3.9789,5.9817,49.837,13.662,201.76,3.2303e-22
1.0095,3.3387,1.2369,1.0675,1.2275,13.418,46.027,166.81,50.075,0
1.5856,0.68189,4.6658,2.038,11.851,4.8141,5.1367,39.903,115.04,7.5055e-27
3.7323,1.6033,1.6446,1.9918,2.2696,13.028,6.1598,36.787,97.308,0
1.4809,4.7606,1.721,1.6407,17.756,5.9118,62.721,139.44,47.948,0
0.60329,1.978,5.7403,1.8609,2.1615,22.082,39.021,148.65,59.187,1.4473e-25
0.81563,2.7269,10.144,3.4114,2.8557,2.8818,46.772,23.571,212.49,0
0.51701,0.28667,1.1202,2.3004,5.1375,11.288,24.432,52.577,31.546,8.9246e-24
0.3815,1.1801,3.6088,11.804,4.0104,40.329,13.702,14.4,144.81,0
3.5739,1.334,1.1898,12.811,39.696,132.37,44.932,45.517,49.791,9.1915e-20
0.34719,1.1335,3.8456,12.747,4.1207,45.702,15.471,149.79,49.045,1.7065e-20
3.6309,1.4206,1.5632,1.8811,11.756,4.9397,29.754,78.845,71.882,0
4.0606,12.337,5.3941,5.0236,5.2875,5.1496,5.5004,43.225,143.52,0
1.1491,4.2265,1.2244,10.219,4.0991,3.0547,4.5432,51.939,212.71,4.519e-22
0.20173,0.70116,2.0482,7.6621,12.817,44.176,13.247,14.042,178.02,6.754e-23
9.18,3.6585,4.2257,4.2691,5.1701,5.0373,7.2117,38.621,100.45,0
0.85099,0.22678,3.3002,11.271,3.9848,3.8267,48.144,17.861,195.52,0
3.6959,9.372,2.8162,4.4124,3.1736,3.6937,5.9467,49.047,182.15,8.0146e-24
0.56235,0.24489,1.3644,3.4638,8.7573,22.132,51.9,25.114,70.304,0
1.7386,4.6684,1.8553,2.1902,12.415,5.0954,5.4373,39.364,113.68,1.4986e-19
2.4054,0.74449,0.9327,8.6754,3.1684,2.9816,32.501,109.93,114.96,0
3.7458,1.023,1.1434,1.1954,15.471,63.829,16.749,202.35,53.626,0
0.13226,0.43379,1.3527,4.7664,11.799,5.4171,46.45,16.032,163.25,1.7593e-23
0.79697,2.785,0.85403,0.93012,0.8777,11.893,45.33,26.709,189.16,4.4023e-24
10.171,3.381,4.1993,4.5604,4.1159,4.3373,4.6038,43.624,138.3,2.4297e-24
0.50137,1.6001,5.7298,20.17,37.629,12.616,14.671,15.339,169.75,0
2.1659,0.67377,5.5889,1.8647,11.219,5.6284,44.86,145.66,55.904,3.4143e-25
0.42687,1.2313,3.7613,1.3792,1.6799,13.09,5.0313,42.18,128.96,1.4079e-20
0.51399,0.15787,1.9583,6.9107,24.958,94.607,26.938,27.935,162.91,0
1.7378,3.7865,1.8431,1.9462,11.943,5.0936,37.14,15.115,112.66,0
1.823,4.8612,2.1094,2.1015,15.96,6.4978,48.644,99.537,42.105,0
0.37939,1.3921,0.3905,3.3817,11.336,3.0654,4.5553,51.868,211.89,0
0.33179,1.0201,3.5807,1.1404,12.077,45.694,170.71,49.22,51.084,0
0.75546,2.2042,6.6675,10.095,3.8934,4.1038,42.9,142.24,50.809,0
1.269,4.2724,1.3238,11.768,4.4697,39.515,15.97,142.59,87.242,0
3.4097,1.2119,1.2759,12.69,4.2067,38.073,11.581,147.4,100.34,0
1.928,0.51171,6.6581,2.1065,13.51,6.1188,61.697,185.34,63.236,4.3162e-25
3.2193,1.0336,1.1178,11.784,3.5945,43.923,13.36,163.26,50.693,5.3733e-20
0.17633,0.52239,1.4898,4.7063,1.7243,14.585,5.2698,47.487,133.1,0
0.50999,1.0788,2.9039,7.7495,21.13,57.262,25.057,26.928,82.639,0
0.66101,1.9501,0.69798,4.268,12.067,4.3961,4.9659,43.033,134.33,0
3.8574,1.4842,1.4492,1.5357,12.213,4.5809,39.486,17.499,125.98,0
0.40116,1.2358,3.433,10.743,4.0598,5.828,41.252,133.61,55.985,0
2.3438,0.92443,7.2804,10.021,5.0289,4.7079,35.803,77.189,106.07,6.3137e-26
0.89662,0.327,2.6351,3.406,1.7224,13.218,38.255,15.543,121.75,1.565e-26
0.38629,0.90338,3.4226,12.362,4.4198,3.8992,43.465,150.77,91.81,0
0.96581,3.3407,1.1902,1.0105,12.579,45.64,13.773,13.859,186.8,0
1.0201,0.34619,3.4449,11.543,4.9651,4.9701,5.1253,45.416,152.85,1.1786e-23
1.0986,1.955,4.334,2.4084,11.035,7.5803,25.049,58.168,32.035,0
3.4798,10.195,3.1784,3.7158,3.8991,3.8918,44.965,161.3,62.115,3.6765e-24
3.4978,1.3975,10.749,4.0947,5.8133,5.2955,5.1499,43.732,125.75,2.0633e-24
3.7501,1.0634,1.3263,1.1676,14.196,50.727,161.1,48.09,57.021,0
0.094851,0.27657,0.97746,3.6092,12.658,46.703,13.76,14.534,178.53,1.9152e-20
3.5467,1.8595,7.9898,4.3185,5.723,6.0981,6.1735,30.218,70.35,0
0.31089,1.0338,3.2422,11.311,3.9194,38.064,12.143,138.94,88.307,0
0.32527,0.10798,0.96968,2.7697,8.9002,28.25,85.396,30.857,110.44,0
3.7891,1.5794,1.7112,2.0334,10.891,28.64,74.436,44.646,38.423,0
4.0838,1.5305,1.5491,1.8495,2.1453,14.08,38.516,116.42,43.887,4.6313e-27
0.86703,0.29537,3.0767,10.39,4.5132,40.851,147.75,81.037,51.708,0
0.54481,1.7153,6.0086,20.918,9.9434,11.015,10.834,94.858,139.22,0
0.89579,2.3414,7.4234,10.387,4.4035,4.8547,39.633,17.273,134.64,1.4784e-20
3.361,1.1321,1.0962,1.3963,1.4954,13.546,5.0308,46.536,155.48,0
0.823,2.4453,7.6095,2.9948,2.886,3.1649,28.479,87.99,108.53,2.3137e-25
0.17917,0.67161,2.44,9.1861,35.724,137.89,39.954,39.547,131.8,0
1.4347,0.62218,4.042,1.6762,1.7985,12.883,35.715,99.012,41.065,0
0.2817,0.08108,1.0513,3.6445,12.174,44.964,168.38,49.578,59.288,0
0.93491,3.3011,1.1973,11.149,3.8095,5.463,47.567,171.33,51.403,2.9894e-22
1.8679,0.73243,0.80368,0.9208,5.8077,2.9408,17.65,48.348,98.296,0
1.8347,3.7953,1.8857,2.1416,2.2794,12.468,6.1102,32.543,80.072,0
1.3808,3.505,1.5121,11.642,4.338,4.6731,39.796,121.39,44.615,3.5942e-22
1.3005,3.3765,1.2958,11.657,4.4773,39.679,13.755,14.715,140.45,1.4979e-20
1.3987,0.57646,0.60876,0.61506,4.8954,14.933,46.993,126.75,45.676,0
0.34292,1.0455,3.5083,11.729,38.261,13.167,13.237,17.834,152.6,2.0438e-21
0.59717,0.18722,2.2255,7.5073,2.3498,29.156,8.5171,97.362,157.13,0
2.7871e-16,9.5637e-17,7.5112e-16,2.7542e-16,2.9102e-16,3.1553e-16,2.5087e-15,9.1626e-16,8.0741e-15,139.76
1.7859,4.4404,10.651,4.1797,4.6567,5.0174,38.58,14.706,121.99,1.5309e-21
4.0429,1.2031,14.156,5.8223,5.0696,5.0051,5.2973,57.2,161.77,0
1.3738,4.6595,10.606,3.7472,3.6127,4.0507,5.1216,47.344,167.79,7.0904e-23
0.12089,0.28148,1.0401,3.6742,1.1293,12.013,43.154,145.19,89.218,0
2.5762,6.4265,3.4022,10.127,4.9048,5.5613,5.6763,38.042,106.9,1.1999e-20
1.6998,0.58496,5.2145,16.029,7.9084,54.046,108.59,42.232,46.834,0
0.30822,1.0733,0.38414,4.1124,1.3597,13,3.9496,49.83,174.31,6.6377e-23
0.99721,3.2636,11.074,3.9772,3.7435,4.0714,43.991,150.54,52.218,2.6849e-25
3.4366,1.4245,10.357,3.9215,4.1631,4.4195,36.876,109.88,58.356,2.1423e-25
0.57543,1.1976,0.52484,4.2761,1.5589,14.334,40.418,129.65,49.89,6.2003e-21
3.954,8.8569,3.8389,4.7095,4.5873,4.9908,30.801,84.769,60.477,0
1.5817,0.64408,4.1941,10.75,27.045,16.463,82.185,36.337,40.298,0
0.19789,0.49564,1.5384,4.7214,14.536,37.067,13.818,14.799,130.82,1.4237e-20
1.0489,0.39412,3.5556,11.841,38.99,130.05,44.487,45.122,50.681,6.3541e-22
0.50284,1.3233,4.1784,1.6059,12.046,38.161,118.92,46.671,45.384,0
6.0379,2.1156,2.607,2.4535,2.5857,2.7905,12.378,42.398,126.41,2.9154e-24
0.12284,0.28665,1.0222,3.6924,13.357,3.9999,44.28,149.52,91.336,0
1.302,3.8752,1.2927,1.3593,15.392,58.479,16.819,176.66,51.425,0
3.2052,0.9463,11.214,4.0229,3.9158,4.9514,45.493,160.54,49.433,0
3.8804,1.7417,1.7769,1.9258,11.238,5.1381,31.904,16.572,91.779,0
3.0042,1.1813,1.2844,4.2296,13.194,35.463,14.347,15.246,112.66,4.1558e-27
0.65449,0.19549,2.3314,6.65,2.5662,25.703,90.314,29.934,146.32,0
0.11966,0.35717,1.1861,4.3333,13.518,6.3302,51.128,168.66,51.272,1.6946e-21
1.0858,0.30358,4.1266,14.532,49.203,15.787,171.44,50.119,60.044,0
1.376,0.48115,5.0744,18.298,38.437,149.33,50.845,61.63,50.186,0
2.6417,0.88755,6.9193,2.7106,22.351,74.758,25.424,26.123,130.99,0
1.3011,5.1125,1.4496,1.616,11.449,4.7752,52.778,27.401,207.38,9.3357e-21
1.746,0.65415,4.0396,1.654,12.121,5.4844,37.076,14.939,114.04,1.5928e-24
3.3596,1.3754,1.5294,9.9571,6.1714,4.986,31.138,85.871,59.919,0
1.1826,0.37174,3.3466,11.285,5.2272,40.896,73.975,26.878,131.2,0
1.0408,3.637,1.0825,1.8226,1.5444,15.868,5.4999,57.835,172.53,6.8264e-23
10.464,3.4919,3.4977,3.9917,3.9204,4.2041,38.125,127.58,81.679,0
0.10891,0.37651,1.3456,0.45748,4.3622,15.931,48.387,165.11,50.737,1.8583e-20
0.12618,0.35699,0.13427,1.362,4.4075,13.257,45.387,14.276,167.64,6.4531e-23
0.62733,0.22954,1.4681,4.1845,12.29,5.4212,37.906,14.741,118.22,1.8422e-21
3.6731,1.3218,1.422,1.5251,1.6038,14.343,41.183,15.01,141.26,2.7539e-22
0.28758,0.90866,0.33518,2.0412,7.1378,23.777,8.0621,83.262,132.44,0
0.31426,0.57857,1.6652,4.3683,1.8796,12.852,34.652,94.354,41.421,0
0.96909,0.27737,3.6352,12.664,42.495,161.27,52.185,53.643,59.54,0
1.282,3.9642,1.9289,1.6766,13.52,41.599,22.916,135.96,46.803,2.4509e-23
1.2083,0.45539,3.2623,9.1138,3.6805,27.692,78.522,31.625,78.099,0
1.1901,0.3636,0.40693,4.0826,1.4379,15.891,58.063,166.66,50.442,0
1.5715,3.8901,1.2035,1.7898,12.826,41.153,16.193,151.49,89.957,0
0.86801,2.1565,5.7751,15.466,9.0341,10.194,8.6876,56.683,86.808,0
1.4393,3.4971,10.352,4.4343,4.7511,5.1285,37.733,109.97,44.527,2.7591e-24
0.66538,0.27516,1.7239,4.2578,10.553,27.644,18.247,84.716,43.048,0
2.5583,0.70411,0.7248,0.78857,0.72277,11.634,48.039,27.449,214.65,4.9676e-24
1.6603,3.8722,10.685,4.2661,5.1744,5.303,5.4831,40.867,113.75,4.4709e-23
3.972,1.3696,1.4441,11.286,4.7412,40.071,128.62,49.663,46.732,0
5.3048,2.0363,2.2398,1.9543,11.25,5.7786,44.311,139.31,48.298,1.4397e-21
3.198,1.047,1.0315,1.2456,1.4439,13.059,44.204,150.88,48.374,6.023e-27
1.7932,0.73737,4.9976,2.2712,11.319,5.1857,35.421,97.915,42.278,2.4939e-24
1.0191,2.4543,1.0341,7.328,19.602,11.224,10.243,59.942,91.742,0
3.066,1.3115,1.2278,10.392,4.2529,34.527,12.417,113.21,73.548,0
8.8483e-17,3.5347e-17,2.0916e-16,1.0498e-16,6.3215e-16,2.7562e-16,1.8386e-15,4.6844e-15,4.1941e-15,107.65
