1.3156,0.96324,0.56091,0.35401,0.65744,1.0574,1.386,1.5919,1.6503,1.5545
1.4267,1.0602,0.61061,0.26313,0.57363,1.0262,1.4017,1.648,1.7376,1.6612
1.1802,0.98086,0.76978,0.6522,0.72413,0.92289,1.1324,1.2853,1.3488,1.3115
1.0358,1.4256,1.6816,1.7764,1.7001,1.4607,1.0836,0.61529,0.22536,0.56212
1.0311,1.0753,1.0922,1.0766,1.0334,0.97666,0.92777,0.90779,0.9262,0.97425
1.4926,1.4994,1.3756,1.1385,0.829,0.54614,0.52706,0.79601,1.109,1.356
1.6478,1.8517,1.875,1.7155,1.389,0.92837,0.38513,0.24751,0.7962,1.2836
1.3015,1.1289,0.8978,0.68396,0.6236,0.77422,1.0095,1.2196,1.3512,1.3801
1.1568,1.5476,1.7889,1.8563,1.7431,1.4606,1.0375,0.52104,0.1605,0.65817
0.064913,0.61234,1.1486,1.5736,1.845,1.9361,1.8379,1.56,1.1298,0.59039
0.63865,0.3283,0.56778,0.98472,1.3425,1.582,1.6741,1.6087,1.3931,1.0526
1.3651,1.0983,0.76432,0.48458,0.54,0.85607,1.179,1.4185,1.5367,1.5181
1.0267,1.4593,1.7511,1.8725,1.8114,1.5739,1.1839,0.6819,0.15871,0.50018
1.2488,1.549,1.7039,1.6967,1.5282,1.2168,0.80042,0.36971,0.40134,0.83936
1.5179,1.3131,0.99966,0.63724,0.41364,0.61979,0.98175,1.2995,1.5106,1.5865
1.9452,1.6269,1.15,0.56268,0.11491,0.72683,1.2904,1.729,1.9989,2.0734
0.96691,1.2935,1.5135,1.5974,1.5351,1.3341,1.0206,0.65129,0.40384,0.59847
1.1362,1.0029,0.8601,0.77091,0.79058,0.90564,1.0513,1.1711,1.2316,1.2191
0.92719,1.3675,1.6778,1.8259,1.7967,1.5933,1.2361,0.76352,0.25337,0.41218
1.1751,1.1438,1.0629,0.9557,0.86127,0.82496,0.86778,0.96519,1.0714,1.1487
0.6304,0.64531,0.84706,1.0889,1.2814,1.3829,1.376,1.2618,1.0602,0.81713
1.1667,1.0837,0.9672,0.85759,0.80671,0.84487,0.94893,1.0674,1.1574,1.1934
1.5387,1.1915,0.73793,0.27665,0.44087,0.92359,1.342,1.6358,1.7731,1.7396
0.892,0.72185,0.68502,0.81241,1.0102,1.1887,1.2991,1.3189,1.2444,1.09
1.9686,1.9874,1.8117,1.4586,0.96271,0.37263,0.25399,0.85568,1.3736,1.7571
1.8548,1.8584,1.6809,1.34,0.87024,0.3277,0.30663,0.8499,1.3237,1.6705
0.3779,0.57018,0.95674,1.2993,1.5324,1.6259,1.5688,1.3678,1.0479,0.66189
1.4854,0.96131,0.34912,0.32594,0.93976,1.4683,1.8542,2.0592,2.063,1.8653
0.82433,0.28513,0.35318,0.89064,1.3533,1.6861,1.855,1.8433,1.652,1.3003
1.3257,1.4556,1.4625,1.3454,1.1217,0.83298,0.57676,0.55906,0.80077,1.0923
1.097,1.312,1.4278,1.4261,1.3071,1.0897,0.81811,0.59344,0.5976,0.82599
1.3046,1.49,1.5447,1.4616,1.2514,0.94508,0.61224,0.4571,0.67738,1.0144
1.4401,1.0349,0.54151,0.19427,0.63407,1.1167,1.4999,1.74,1.8119,1.7084
0.52853,0.1812,0.64772,1.1366,1.5219,1.7612,1.8299,1.721,1.4455,1.0319
0.46004,0.64408,0.97618,1.2729,1.4704,1.54,1.4725,1.2768,0.98121,0.64879
0.34779,0.69034,1.0968,1.4223,1.6195,1.6655,1.5551,1.3007,0.93386,0.52157
0.25112,0.635,1.0902,1.4558,1.6851,1.7535,1.6536,1.3961,1.0092,0.54595
1.5736,1.1878,0.69009,0.17072,0.49036,1.0146,1.4473,1.7405,1.8645,1.807
0.85667,0.58322,0.5375,0.77443,1.0742,1.319,1.4607,1.4781,1.3689,1.1488
1.8852,1.8447,1.6242,1.2457,0.74779,0.19819,0.43663,0.97749,1.4289,1.7419
1.9802,1.9088,1.6504,1.2306,0.69039,0.084233,0.53396,1.0975,1.5537,1.8579
1.024,0.59661,0.30577,0.60116,1.0283,1.384,1.6149,1.6942,1.6132,1.3808
0.93464,0.54135,0.37258,0.68536,1.0768,1.3944,1.589,1.6368,1.5324,1.2878
0.4509,0.3131,0.7381,1.1717,1.5054,1.698,1.7287,1.5943,1.3091,0.90577
1.3642,1.5783,1.6467,1.5615,1.3324,0.98796,0.58814,0.35418,0.63158,1.0304
0.70913,0.24448,0.46726,0.95811,1.3753,1.6634,1.7917,1.7469,1.5336,1.174
1.2585,1.2273,1.123,0.97047,0.81874,0.7419,0.79235,0.93435,1.0919,1.2099
1.9153,1.6425,1.209,0.65719,0.041022,0.57918,1.1427,1.5943,1.8899,2.0005
1.6764,1.5066,1.1971,0.78707,0.3738,0.42089,0.84703,1.2467,1.5388,1.6875
1.1975,0.77101,0.33883,0.42232,0.87226,1.2805,1.5746,1.7202,1.7016,1.5209
1.0448,0.946,0.86498,0.84108,0.8878,0.97961,1.0753,1.1415,1.1592,1.1238
1.6615,1.759,1.6876,1.4548,1.0857,0.62696,0.2442,0.55294,1.0185,1.4054
1.7984,1.8825,1.783,1.5098,1.0904,0.56899,0.12001,0.6157,1.1307,1.5392
1.31,1.574,1.6908,1.6477,1.4494,1.1182,0.69942,0.32813,0.50159,0.93058
1.7705,1.5294,1.1411,0.64803,0.17176,0.52908,1.0371,1.4534,1.7305,1.8399
0.073218,0.54844,1.1164,1.5751,1.8796,2.0001,1.9248,1.6611,1.2349,0.68769
1.6911,1.5808,1.3227,0.94755,0.5188,0.32186,0.68148,1.1017,1.4372,1.6414
0.52137,0.92493,1.288,1.5412,1.6525,1.6093,1.4164,1.0967,0.69742,0.36173
1.2011,0.82671,0.44941,0.42684,0.79478,1.1742,1.4622,1.6185,1.6246,1.4798
0.154,0.47083,1.0218,1.4755,1.7853,1.9208,1.8686,1.6338,1.2395,0.72517
0.86202,0.81263,0.84902,0.94942,1.0645,1.1521,1.1875,1.1617,1.0812,0.96818
1.7644,1.8817,1.8155,1.5725,1.1768,0.66945,0.143,0.51483,1.0433,1.4753
1.4604,1.6745,1.7293,1.6191,1.3555,0.96851,0.51658,0.28327,0.67042,1.1106
0.32553,0.34994,0.96214,1.4862,1.866,2.0636,2.0596,1.8544,1.4682,0.93945
1.656,1.4322,1.0763,0.63645,0.28097,0.55191,0.99793,1.3743,1.6254,1.7228
1.2918,1.6367,1.8231,1.8323,1.6635,1.3335,0.87652,0.35115,0.29923,0.82455
1.0349,1.2901,1.4469,1.4815,1.3892,1.1829,0.89782,0.61382,0.52474,0.73521
1.4249,1.3349,1.1425,0.88462,0.64283,0.58176,0.766,1.0312,1.2594,1.3984
1.0779,0.89195,0.73632,0.70608,0.82544,1.0103,1.1778,1.2808,1.2978,1.2253
0.42085,0.49201,0.86208,1.2203,1.4815,1.6096,1.5893,1.4229,1.1308,0.75704
0.74674,0.83201,0.98461,1.1329,1.2305,1.2544,1.1995,1.0778,0.9207,0.78548
0.2394,0.78766,1.2765,1.6428,1.8494,1.8757,1.7191,1.3951,0.93631,0.39395
1.2864,1.3739,1.3551,1.2332,1.0302,0.79593,0.63302,0.67223,0.87606,1.1077
0.49507,0.57663,0.88257,1.1891,1.4124,1.5165,1.4874,1.3289,1.0635,0.74167
0.67307,1.0182,1.3135,1.502,1.5576,1.4733,1.2597,0.94773,0.60619,0.44432
1.0268,0.54174,0.21065,0.63419,1.1092,1.4874,1.7243,1.7951,1.6925,1.427
1.2782,1.2462,1.136,0.97307,0.80821,0.7223,0.77629,0.93006,1.0994,1.2257
1.7713,1.5817,1.2405,0.78535,0.2961,0.39195,0.88851,1.3237,1.6353,1.7898
1.289,1.3264,1.2681,1.1248,0.92844,0.74318,0.67415,0.77837,0.97398,1.1627
0.53151,0.87441,1.2099,1.4538,1.57,1.5441,1.3792,1.0967,0.74388,0.44924
1.5704,1.3162,0.94664,0.52601,0.33282,0.67952,1.0934,1.4254,1.6283,1.6785
0.86844,1.1541,1.3675,1.4707,1.4487,1.3045,1.0602,0.76541,0.54133,0.59777
1.099,1.029,0.94567,0.88151,0.86714,0.91022,0.98871,1.0687,1.1222,1.1333
0.79272,0.95414,1.121,1.2388,1.2801,1.2363,1.1165,0.94886,0.7888,0.71995
1.4218,1.7298,1.8696,1.8272,1.6068,1.2305,0.73716,0.20065,0.44384,0.97659
1.1751,1.1438,1.0629,0.9557,0.86127,0.82496,0.86778,0.96519,1.0714,1.1487
1.5601,1.5919,1.4782,1.2328,0.89016,0.53,0.42498,0.7279,1.0932,1.3865
0.15965,0.69955,1.2042,1.594,1.8288,1.8854,1.7581,1.4595,1.0196,0.48544
1.1444,1.487,1.6906,1.733,1.6098,1.3341,0.93716,0.48101,0.2935,0.70573
0.074323,0.6921,1.2443,1.6748,1.9414,2.018,1.897,1.5904,1.1282,0.55562
0.94867,0.9017,0.89555,0.93327,0.99683,1.0598,1.1,1.1051,1.0734,1.0146
0.74212,0.99081,1.2178,1.3649,1.4059,1.3344,1.1617,0.92108,0.68436,0.59553
0.44123,0.20512,0.73896,1.2305,1.6052,1.8241,1.8655,1.7251,1.417,0.97242
1.0417,1.0251,0.99897,0.97292,0.95728,0.95858,0.97627,1.003,1.0283,1.0429
1.6594,1.2832,0.78285,0.21702,0.40684,0.96067,1.4248,1.7504,1.9051,1.8738
1.1395,0.89874,0.67225,0.6057,0.7649,1.0115,1.2304,1.3673,1.3981,1.3178
0.93478,1.1741,1.3425,1.4085,1.3613,1.2085,0.97767,0.72931,0.59211,0.69368
1.0773,0.89154,0.73642,0.70668,0.82613,1.0108,1.1778,1.2806,1.2972,1.2246
1.2763,1.2452,1.1362,0.97451,0.8105,0.72424,0.77658,0.92874,1.0972,1.2234
1.2003,1.3109,1.3283,1.2493,1.0887,0.88409,0.70978,0.67673,0.81342,1.0184
0.66196,0.48087,0.64877,0.96682,1.2556,1.4495,1.5192,1.4554,1.2667,0.98118
1.5284,1.4698,1.2837,0.99741,0.67125,0.47222,0.63165,0.95463,1.2507,1.4521
0.81312,1.1678,1.4364,1.5787,1.5771,1.4318,1.1608,0.805,0.4678,0.47314
1.099,1.029,0.94567,0.88151,0.86714,0.91022,0.98871,1.0687,1.1222,1.1333
0.78865,0.66983,0.72698,0.91158,1.1138,1.2652,1.3319,1.3016,1.1797,0.99106
1.0003,0.84609,0.75126,0.77724,0.90543,1.0626,1.1891,1.2511,1.2352,1.1445
1.2592,1.6508,1.8812,1.9277,1.7857,1.4692,1.0095,0.45313,0.16816,0.74534
0.97919,1.1548,1.2714,1.3035,1.2451,1.1076,0.92295,0.75434,0.69732,0.79696
0.92384,0.81642,0.79013,0.86192,0.98846,1.1123,1.1934,1.211,1.161,1.0553
1.8032,1.7533,1.5341,1.1682,0.69685,0.22788,0.47887,0.97468,1.3924,1.6786
1.1159,1.0464,0.95725,0.8819,0.8556,0.89258,0.97314,1.0609,1.1243,1.1445
0.88204,0.95694,1.0458,1.1152,1.1439,1.1241,1.061,0.97363,0.89326,0.85615
1.0009,0.84639,0.75111,0.77671,0.90485,1.0622,1.189,1.2514,1.2356,1.1451
0.98393,1.1053,1.1861,1.2054,1.1587,1.0571,0.92951,0.82387,0.79535,0.86204
1.0808,0.89991,0.74653,0.71202,0.82344,1.0026,1.1677,1.2712,1.2909,1.2228
1.0618,0.97374,0.89258,0.85496,0.88093,0.95643,1.046,1.116,1.1451,1.1253
1.4393,1.212,0.8952,0.56918,0.46797,0.72566,1.0626,1.3404,1.508,1.5424
1.2265,0.94348,0.6423,0.50386,0.68902,0.99539,1.2669,1.4431,1.4971,1.4214
1.058,0.96658,0.88475,0.85019,0.88166,0.962,1.0539,1.1234,1.1498,1.1259
1.0284,0.73519,0.53379,0.62331,0.90093,1.1802,1.382,1.4716,1.4359,1.2801
1.0448,0.946,0.86498,0.84108,0.8878,0.97961,1.0753,1.1415,1.1592,1.1238
1.1291,1.2976,1.3731,1.3427,1.2114,1.0037,0.77357,0.62983,0.69232,0.90261
1.5821,1.6605,1.5834,1.3594,1.0156,0.608,0.33949,0.6045,1.0122,1.3569
0.60256,0.52519,0.74581,1.0475,1.3008,1.4538,1.4835,1.3858,1.1745,0.88581
0.99524,0.84511,0.75553,0.78428,0.9111,1.0648,1.1874,1.2464,1.2285,1.1376
1.2935,1.2134,1.061,0.87507,0.72793,0.71287,0.84199,1.0274,1.1897,1.285
1.4949,1.8562,2.0359,2.0165,1.7998,1.4071,0.87722,0.26466,0.38575,0.98777
0.99678,0.83661,0.74007,0.77143,0.90773,1.0709,1.2002,1.2621,1.2431,1.1474
0.5781,0.70096,0.95434,1.1968,1.3626,1.4219,1.3655,1.2022,0.96113,0.70667
1.0353,0.81324,0.65547,0.68206,0.86859,1.0894,1.2639,1.3524,1.3392,1.2265
1.6115,1.5274,1.3049,0.97326,0.59563,0.38957,0.64477,1.0227,1.3422,1.5472
1.5361,1.3878,1.1218,0.78212,0.48266,0.51659,0.83694,1.1697,1.4195,1.5471
1.157,1.1099,1.0231,0.92382,0.85215,0.84465,0.90559,1.0027,1.0948,1.1515
0.16308,0.53733,1.0471,1.4633,1.739,1.8461,1.7736,1.5291,1.1372,0.6405
1.0594,0.96908,0.8875,0.85187,0.88141,0.96005,1.0511,1.1208,1.1481,1.1256
1.4715,1.5555,1.5,1.3118,1.0172,0.6734,0.44632,0.60746,0.94765,1.2587
0.74699,0.73657,0.85507,1.0256,1.1756,1.2632,1.2693,1.1926,1.0497,0.87841
0.92912,1.3181,1.5892,1.7107,1.6696,1.4702,1.1347,0.70671,0.31341,0.48703
1.5662,1.8146,1.8862,1.7738,1.4886,1.0592,0.53098,0.13067,0.65452,1.1657
1.8797,1.9275,1.7869,1.4716,1.0129,0.45719,0.16443,0.74125,1.2557,1.6482
1.1184,1.2037,1.2226,1.1708,1.0605,0.92196,0.80748,0.77859,0.85444,0.98808
1.703,1.6966,1.5289,1.2181,0.80238,0.37164,0.39994,0.83724,1.2468,1.5474
0.5767,0.77894,1.0514,1.2798,1.4146,1.4339,1.3349,1.1328,0.86646,0.62257
1.0826,0.72777,0.44136,0.54352,0.89054,1.2238,1.4629,1.5732,1.5409,1.3699
0.42844,0.84333,1.2368,1.5253,1.6725,1.662,1.4949,1.19,0.78686,0.38523
1.2125,1.2183,1.1543,1.0359,0.8972,0.79416,0.78533,0.87663,1.0139,1.1384
1.0016,0.84649,0.75043,0.77563,0.90402,1.0619,1.1893,1.2521,1.2367,1.1462
1.4055,1.6794,1.7918,1.7313,1.5039,1.1335,0.66328,0.22283,0.5129,0.99933
1.1674,1.1465,1.0755,0.97453,0.87909,0.83273,0.86136,0.94856,1.052,1.1329
1.4584,1.6038,1.6013,1.4514,1.172,0.80341,0.44755,0.45618,0.81602,1.1827
0.98393,1.1053,1.1861,1.2054,1.1587,1.0571,0.92951,0.82387,0.79535,0.86204
0.38217,0.3967,0.82787,1.2363,1.5377,1.6953,1.692,1.528,1.2214,0.80978
0.92487,0.90715,0.92811,0.9778,1.0348,1.0779,1.0929,1.0751,1.0301,0.97283
1.3079,1.7434,2.0088,2.0779,1.9439,1.62,1.1383,0.54764,0.13237,0.7459
1.2459,1.1255,0.95438,0.78787,0.71215,0.78325,0.9482,1.1202,1.243,1.2879
1.2085,1.4664,1.5938,1.5752,1.4128,1.1268,0.7615,0.43578,0.49881,0.8568
0.63616,1.0771,1.4338,1.6581,1.725,1.6275,1.3759,0.99883,0.55157,0.27881
0.97949,0.91808,0.88941,0.90761,0.96357,1.0321,1.0871,1.1107,1.0958,1.047
1.1757,1.0909,0.96994,0.85424,0.79844,0.83627,0.94426,1.0681,1.1627,1.2017
1.0487,0.94802,0.86401,0.83744,0.88339,0.97648,1.0745,1.1432,1.1628,1.1283
1.1653,1.0727,0.94944,0.83986,0.79838,0.85059,0.96476,1.0863,1.1731,1.2017
0.523,0.40204,0.71896,1.0971,1.3998,1.5798,1.6148,1.5008,1.2513,0.89991
1.114,1.2023,1.2244,1.1754,1.0667,0.92782,0.81023,0.77638,0.84869,0.98187
1.0762,0.8952,0.74392,0.71349,0.82781,1.0073,1.1712,1.2726,1.2899,1.2197
0.93723,0.92496,0.94341,0.98421,1.0303,1.0644,1.0751,1.0589,1.0211,0.97461
1.2574,1.2448,1.1551,1.0088,0.84884,0.74597,0.76688,0.89629,1.0583,1.1904
1.481,1.182,0.78774,0.39999,0.43758,0.83842,1.2244,1.5085,1.6542,1.6446
0.53093,0.87378,1.2095,1.4535,1.5701,1.5444,1.3797,1.0974,0.74449,0.44941
0.93017,1.1437,1.297,1.3584,1.317,1.18,0.97449,0.75849,0.64218,0.72328
1.7897,1.8244,1.6821,1.3771,0.94122,0.42888,0.24207,0.74683,1.221,1.5815
0.24396,0.42879,0.93985,1.375,1.6797,1.822,1.7875,1.5798,1.22,0.74685
0.42138,0.82694,1.2195,1.5101,1.6616,1.6569,1.4963,1.1982,0.80137,0.40207
0.61254,1.019,1.3612,1.5834,1.6588,1.5789,1.3527,1.0077,0.6008,0.34122
0.8574,1.1573,1.3821,1.4931,1.4749,1.3298,1.0789,0.77022,0.52343,0.57287
0.93723,0.92496,0.94341,0.98421,1.0303,1.0644,1.0751,1.0589,1.0211,0.97461
1.1804,1.0811,0.94763,0.82738,0.781,0.83826,0.96298,1.0946,1.1881,1.2191
1.3642,1.4148,1.3511,1.1832,0.94191,0.69528,0.58544,0.72036,0.97193,1.2072
0.52829,0.87095,1.2074,1.4526,1.5703,1.5458,1.382,1.1003,0.7473,0.45018
0.86597,0.99147,1.1133,1.1923,1.208,1.157,1.0515,0.92145,0.81678,0.79325
0.74637,0.7353,0.85397,1.0251,1.1758,1.264,1.2705,1.1939,1.0507,0.87876
1.3559,1.3048,1.1605,0.9523,0.74225,0.64412,0.74211,0.95212,1.1604,1.3047
0.58035,0.77833,1.0479,1.2749,1.4095,1.4295,1.3321,1.1324,0.86889,0.62752
1.2614,1.2147,1.0974,0.93878,0.79357,0.73877,0.8133,0.96572,1.1206,1.2277
0.86996,1.1537,1.3656,1.4677,1.4452,1.3012,1.0577,0.76484,0.54377,0.6011
0.76199,0.40797,0.47596,0.85904,1.2269,1.4952,1.6278,1.6093,1.4416,1.1449
0.78358,0.78849,0.89099,1.0318,1.1536,1.2208,1.2176,1.1448,1.0196,0.87957
1.1742,1.0773,0.94777,0.8319,0.78785,0.84348,0.96418,1.0918,1.1824,1.2122
0.53855,0.73723,1.0274,1.277,1.4315,1.4667,1.3776,1.1772,0.9003,0.62613
0.92902,1.318,1.5891,1.7107,1.6696,1.4703,1.1348,0.7068,0.3135,0.48696
1.2534,1.2389,1.1487,1.0038,0.84738,0.74936,0.77319,0.9017,1.0607,1.1894
0.77746,1.2252,1.5623,1.7504,1.7701,1.6192,1.3134,0.88628,0.40264,0.30491
0.65991,0.7628,0.96553,1.1631,1.2973,1.3403,1.2845,1.14,0.93761,0.74096
1.7694,1.4647,1.0177,0.47519,0.15841,0.71426,1.223,1.6141,1.848,1.9015
1.4975,1.0479,0.49782,0.12766,0.70141,1.222,1.624,1.8676,1.9285,1.801
1.2969,1.2655,1.1512,0.97917,0.80114,0.70398,0.75889,0.92311,1.104,1.2392
0.6229,1.1013,1.4836,1.7249,1.7998,1.7008,1.438,1.0391,0.55282,0.20354
0.42923,0.58817,0.94023,1.2621,1.4839,1.5743,1.5221,1.3337,1.0343,0.67875
1.5666,1.7216,1.7121,1.5392,1.2214,0.79685,0.35425,0.39759,0.84869,1.2639
0.25537,0.50716,0.97742,1.3758,1.6468,1.7605,1.7051,1.4863,1.1277,0.67282
0.93085,1.1696,1.3386,1.4058,1.3606,1.2099,0.98106,0.73384,0.59491,0.69224
1.0766,0.89256,0.73897,0.70924,0.82701,1.0098,1.1756,1.2778,1.2945,1.2226
0.92912,1.3181,1.5892,1.7107,1.6696,1.4702,1.1347,0.70671,0.31341,0.48703
0.79345,0.68308,0.7392,0.91574,1.1097,1.255,1.3183,1.2877,1.1687,0.98646
0.9497,0.70131,0.58462,0.7135,0.96428,1.2014,1.3614,1.4154,1.3551,1.1897
0.49543,0.64157,0.94877,1.2347,1.4304,1.5053,1.449,1.2693,0.99337,0.68202
1.459,1.6277,1.6446,1.5078,1.2331,0.8564,0.46125,0.3968,0.76723,1.1583
0.94672,0.46572,0.2618,0.71266,1.1692,1.5225,1.7313,1.7736,1.6451,1.3591
0.9177,0.90896,0.93803,0.99133,1.0466,1.084,1.0913,1.0664,1.0171,0.96005
1.0886,0.90168,0.74025,0.70078,0.81494,1.0005,1.1718,1.2799,1.3019,1.2337
1.4715,1.5555,1.5,1.3118,1.0172,0.6734,0.44632,0.60746,0.94765,1.2587
0.61254,1.019,1.3612,1.5834,1.6588,1.5789,1.3527,1.0077,0.6008,0.34122
1.1083,1.1978,1.2224,1.1764,1.0705,0.93346,0.81542,0.77813,0.84605,0.97657
1.3548,1.4023,1.338,1.1722,0.93651,0.69916,0.59815,0.73072,0.97471,1.203
1.6506,1.235,0.69857,0.096537,0.5215,1.0843,1.5411,1.8472,1.9725,1.9048
1.097,1.312,1.4278,1.4261,1.3071,1.0897,0.81811,0.59344,0.5976,0.82599
0.65991,0.7628,0.96553,1.1631,1.2973,1.3403,1.2845,1.14,0.93761,0.74096
1.0417,1.0251,0.99897,0.97292,0.95728,0.95858,0.97627,1.003,1.0283,1.0429
1.662,1.3871,0.98255,0.5026,0.24052,0.67492,1.1374,1.5008,1.7219,1.7776
0.49361,0.71403,1.0315,1.3018,1.4699,1.5113,1.4206,1.2099,0.91281,0.60595
0.85791,0.67713,0.66096,0.82423,1.0456,1.2332,1.341,1.349,1.2559,1.0786
0.55533,0.76374,1.0479,1.287,1.4299,1.4542,1.3563,1.151,0.87561,0.61518
0.93487,0.53823,0.36803,0.68569,1.0798,1.399,1.5942,1.6419,1.5366,1.2904
2.0329,2.0136,1.7973,1.4053,0.87616,0.26411,0.38444,0.98589,1.4925,1.8533
1.706,1.825,1.767,1.5378,1.1609,0.67789,0.19875,0.49801,1.0027,1.4221
1.5666,1.7216,1.7121,1.5392,1.2214,0.79685,0.35425,0.39759,0.84869,1.2639
1.1179,1.4101,1.5787,1.6028,1.4796,1.2239,0.87135,0.50523,0.4225,0.74721
0.90196,1.1889,1.3954,1.4869,1.4504,1.291,1.0327,0.72995,0.51887,0.61355
0.63985,1.1193,1.4995,1.7368,1.8063,1.7012,1.432,1.027,0.53574,0.20127
0.79345,0.68308,0.7392,0.91574,1.1097,1.255,1.3183,1.2877,1.1687,0.98646
0.81546,1.212,1.5074,1.6638,1.6635,1.5066,1.2107,0.8139,0.40805,0.40923
1.0386,0.81535,0.65484,0.67892,0.86537,1.0875,1.2635,1.3537,1.3418,1.2298
1.2169,1.2246,1.161,1.041,0.89865,0.79075,0.77871,0.8707,1.0112,1.1395
0.74212,0.99081,1.2178,1.3649,1.4059,1.3344,1.1617,0.92108,0.68436,0.59553
0.93432,0.54637,0.37983,0.68494,1.0719,1.3872,1.5807,1.6288,1.5258,1.2838
0.66267,0.2214,0.51343,1.0005,1.4069,1.6808,1.7931,1.7322,1.5044,1.1335
1.2963,1.3867,1.3681,1.2436,1.0351,0.79253,0.62105,0.66097,0.87297,1.1123
0.25586,0.8072,1.2941,1.6566,1.8578,1.8778,1.7147,1.3845,0.92059,0.37456
1.1775,1.2856,1.3063,1.2357,1.0876,0.89757,0.73436,0.69684,0.81551,1.0046
1.9013,1.9534,1.8145,1.498,1.0351,0.47174,0.14649,0.73828,1.2623,1.6631
1.0358,1.4256,1.6816,1.7764,1.7001,1.4607,1.0836,0.61529,0.22536,0.56212
0.93503,1.3005,1.5538,1.6633,1.6167,1.4192,1.0941,0.6887,0.34937,0.52425
0.81304,1.1679,1.4366,1.579,1.5774,1.4321,1.161,0.80509,0.46766,0.47288
1.3817,1.6192,1.7043,1.6277,1.3978,1.0408,0.6086,0.29594,0.58549,1.0191
1.685,1.367,0.91854,0.39422,0.25846,0.78214,1.2578,1.6147,1.8153,1.8396
0.82888,0.87359,0.97002,1.0736,1.1476,1.1712,1.1382,1.0573,0.95197,0.86122
0.58708,1.0497,1.4285,1.6739,1.7593,1.6759,1.4322,1.0548,0.59268,0.24068
1.8083,1.6598,1.3512,0.91509,0.40938,0.26845,0.76636,1.2315,1.5826,1.7817
0.79345,0.68308,0.7392,0.91574,1.1097,1.255,1.3183,1.2877,1.1687,0.98646
0.99421,1.3261,1.545,1.623,1.5509,1.3371,1.0089,0.62389,0.37709,0.60916
1.261,1.2169,1.1019,0.94424,0.7978,0.7391,0.80956,0.9603,1.1157,1.2247
