8.8547e-29,1.2575e-36,2.0432e-87,1.8076e-13,2.3272e-29,3.2154e-128,369,1.1201e-08,61.938,2.1959e-111,3.0399e-57,3.4967e-89,1.1219e-57,1.9861,1.0437e-13
1.2566e-12,2.9068e-23,1.0731e-87,2.2996e-44,1282.6,8.3529e-44,3.5364e-57,2.1406e-09,1.4145e-121,33.222,7.3818e-27,7.5282e-150,4.6541,6.9056e-40,5.2517e-21
24052,1.697e-07,0.80008,2.2164e-27,987.47,3.1719e-68,0,2.8518e-41,0,7.3633e-149,5.3799e-188,1.2386e-74,3.0385e-38,1.1969e-67,0.96634
8.4412e-29,2.8095e-36,3.4464e-13,0,1407.1,543.66,2.2419e-82,1.1364e-16,9.1329e-170,1.1259e-95,1.7278e-27,5.2939e-92,0,1.9843,2.6565e-17
3.3139e-61,2.706e-45,6.2422e-96,1.1048e-29,4.7496e-45,4.5108e-14,1.6053e-26,184.17,62.198,8.4691e-40,9.95e-70,2.2878e-55,3.9711,4.9255e-47,9.0984e-08
9.5565e-13,7803.5,5732.8,1.2186e-15,2.3513e-09,4.7246e-05,1.1222e-99,7.0945e-08,0,34.079,4.6395e-26,1.4467e-73,3.3029e-28,6.3642e-80,6.1937e-23
3.6908e-45,3.0138e-29,3.4961e-72,1.2305e-13,7.7955e-14,0,6.9473e-20,6.2969e-15,5.3224e-84,4.611e-181,4.6217e-54,1.0837e-149,1.6302e-37,1.1265e-16,2
1.1098e-12,9062.3,3.965e-69,5.8277e-30,5.9313e-08,2.4034e-121,1.2444e-46,1.0171e-08,84.868,1.7713e-69,2.4228e-10,1.1322e-121,1.2102e-63,2.0179,1.5232e-08
1.4161e-12,11563,1.97e-75,2014.5,3.1007e-62,0,1.268e-61,1.5345e-12,3.7797e-159,5.6856e-126,2.3334e-23,7.4422e-152,4.0833,2.5956e-41,2.0551e-16
1.398e-12,11416,8.5013e-75,1.0256e-16,2.3616e-14,0.043449,6.5661e-08,2.7654e-31,1.061e-05,9.1773e-65,8.029e-29,8.0064e-90,4.1842,1.9645,2.6172e-13
1.075e-12,2.3369e-30,4.9793e-58,2194.5,2.9182e-26,6.9711e-87,1.5801e-16,122.71,2.1156e-183,5.8336e-102,1.0411e-39,11.122,5.0009e-31,8.9711e-28,3.256e-12
1.2217e-12,4.0362e-13,5.6896e-64,2989.2,1.6424e-06,2.7758e-12,4.5761e-24,122.65,9.9096e-53,0,8.6372e-34,6.7995e-142,4.4692e-35,1.9511,1.6668e-94
8.5578e-29,6.988e-13,5706.1,1.0017e-47,4.8096e-09,0.00021097,8.0809e-42,1.9245e-11,0,1.793e-155,16.574,7.9511,3.1391e-21,2.9901e-43,1.7192e-18
2.0065e-12,2.2995e-20,5.6514e-67,4096,1.311e-64,1.0238e-106,4.5589e-94,2.6143e-11,3.652e-173,5.3619e-09,2.0192e-29,1.62e-10,2.2428e-164,2.3503e-33,6.8262e-26
5.1675e-13,1.7213e-51,3.3056e-13,1.0367e-54,1449,511.86,1.4341e-79,4.4845e-22,1.572e-134,1.1916e-130,1.847e-28,6.7724e-74,4.0025,1.1158e-56,6.907e-09
17383,0.00030376,8.7201e-43,1.3949e-36,6.6867e-08,712.51,1.5924e-44,1.3591e-11,1.1058e-114,7.6234e-172,1.2655e-25,8.9771e-64,1.03e-27,1.9493,1.754e-17
7.3614e-15,2.889e-14,3.5842e-13,2929.2,3.1928e-06,2.8097e-12,2.7842e-19,1.3975e-06,63.069,4.5622e-163,2.2712e-26,7.9414e-142,3.9668,2.241e-36,3.3992e-13
2.5471e-13,1.0527e-13,5.8337e-82,1.0996e-39,2.7973e-22,9.7097e-23,1.4499e-14,2.4038e-39,62.837,45.023,1.4396e-14,2.4451e-132,1.3313e-17,7.8459e-26,1.0285
1.2206e-12,3.6092e-13,6.686e-72,1.7124e-15,2.1998e-25,4.5264e-23,361.88,2.8817e-22,2.9145e-203,3.1122e-67,16.198,1.5916e-75,3.6384e-67,1.9774,3.9012e-18
23655,6.8862e-08,0.018314,1996.8,1005.9,8.5273e-09,7.2577e-57,8.4811e-25,1.7095e-45,3.9508e-67,3.4837e-25,2.7776e-142,2.288e-45,2.8734e-45,1.035e-14
1.067e-12,8712.9,4603.2,5.0113e-119,5.6757e-14,1.6882e-152,5.1328e-16,1.3091e-17,1.285e-131,1.1575e-98,7.7592e-28,4.9263e-179,3.8791e-27,4.5101e-42,1.2674
1.3172e-13,5.5918e-13,4597.6,2537.8,4.3155e-05,2.5335e-12,5.2419e-24,140.49,0,3.67e-262,5.4627e-33,5.5873e-121,6.4425e-35,4.8656e-46,3.0465e-173
1.7345e-13,4.6497e-13,8.2959e-17,1.649e-14,1.031e-21,5.9385e-15,8.7711e-99,5.5993e-50,62.125,47.38,7.3249e-32,7.6926,1.9038e-20,9.0352e-42,1.9337e-15
8.4041e-29,7.1378e-34,3.4313e-13,3.0387e-16,5.1736e-25,700.46,5.6828e-18,9.443e-21,1.2402e-198,3.9869e-73,7.6179e-08,2.9412e-14,4.1044,2.0742,1.7113e-21
6.1323e-13,3.1864e-31,3.1385e-13,2852.2,2.3602e-14,0.043423,6.886e-08,2.7637e-31,9.5682e-06,9.1717e-65,7.3988e-29,8.0015e-90,4.1817,1.9691,4.1446e-13
1.4103e-12,9.6361e-35,5757.9,1.184e-204,6.2738e-65,0.0004663,5.7382e-18,2.9794e-32,2.1705e-09,5.9098e-47,2.6453e-36,2.3383e-05,4.1451,1.5268e-32,0.97473
1.969e-29,2.4045e-50,8.0389e-14,1.2528e-13,1074.4,3.3533e-76,1.0486e-18,179.29,7.5194e-223,2.8746e-09,9.392e-17,7.7512,5.7847e-64,3.04e-50,6.2864e-239
1.3262e-12,10829,8.7239e-65,4.2553,5.1291e-08,0.12458,4.8934e-17,130.82,3.7301e-219,7.4642e-54,17.588,2.867e-74,1.787e-34,4.5707e-13,7.2092e-24
1.1577e-17,4.4784e-17,1.8569e-13,3.9644e-72,1.165e-13,5.9702e-152,5.3838e-22,9.3689e-44,4.2522e-27,1.1669e-131,6.7299e-57,16,8.1932e-92,1.6222e-45,3.3761e-17
1.4138e-12,11545,31.491,3.6155e-121,0.0066345,2.4633e-206,3.8794e-12,2.6592e-26,5.5473e-271,5.9947e-192,3.0234e-15,1.5382e-141,4.8683e-50,1.9263,1.0423
7.5731e-13,1.0871e-19,1.6362e-13,3.2235e-50,3.5436e-28,510.83,251.05,182.95,1.3972e-114,3.1008e-224,1.9081e-90,3.9387e-94,2.1927e-36,1.5702e-07,4.6015e-08
9.6631e-13,7890.5,1.4052e-59,7.0602e-19,9.8892e-18,3.1751e-102,1.3913e-20,7.7605e-21,1.2016e-320,46.484,6.0447e-11,1.0699e-16,3.9418,1.8949e-27,2.6698e-14
6.0197e-29,4.9154e-13,2.4183e-69,1.4142e-51,3.6538e-20,501.72,253.24,9.8646e-34,91.887,3.088e-135,9.6105e-32,4.4729e-72,3.7066e-22,3.5444e-52,1.8939e-18
5.6147e-29,4.5847e-13,7.074e-14,1959,4.991e-17,1.1336e-191,5.2803e-05,9.5894e-07,93.806,8.5523e-108,1.2534e-16,1.8928e-92,9.5886e-12,1.4424e-36,0.96959
16516,8.8073e-14,10.723,1.3135e-231,1451.1,1.6189e-09,2.2615e-106,3.4085e-23,2.2007e-140,2.6615e-67,1.8791e-30,7.903,1.0631e-14,8.9742e-48,6.0763e-15
9.7734e-13,4.5026e-20,2.4264e-17,1995.1,3.0986e-09,895.38,3.463e-17,1.9359e-13,1.8069e-236,9.0787e-145,2.0847e-18,0,3.4281e-16,1.2416e-51,2.2596e-50
6.6335e-15,2.8937e-14,3.5846e-13,5.0677e-47,1.9552e-22,6.2255e-167,366.18,1.5895e-27,63.076,2.0029e-174,3.6863e-26,3.4385e-147,3.9672,2.002e-36,2.9293e-14
1.3976e-12,11412,2.4255e-05,1.3853e-17,3.6297e-06,5.2724e-113,2.4702e-167,6.5785e-34,7.501e-67,0,16.566,7.9497,6.0594e-27,2.9988e-45,1.338e-16
1.1181e-12,9129.6,5450.6,2.6768e-18,1.9598e-06,2.1076e-164,3.1376e-53,1.0795e-26,2.3651e-67,6.7989e-100,8.4905e-39,7.9499,1.0962e-25,2.9989e-45,9.2825e-15
4.1343e-13,4.4443e-15,3.1036e-13,2671.1,0.00015936,551.65,273.1,1.0663e-32,8.5896e-06,0,3.0007e-30,6.2012e-241,6.5109e-30,2.0231e-41,3.3999e-08
9.9323e-13,8110.3,1.8354e-115,7.2986e-109,2.3417e-05,5.198e-262,3.7562e-15,3.4415e-12,1.5971e-171,4.5559e-190,22.919,7.8015e-76,3.9377,6.3201e-27,3.7114e-12
1.4172e-12,2.0006e-20,2.8759e-18,2893,2.675e-12,1.7863e-60,1.1048e-54,1.3276e-10,4.9007e-235,2.98e-45,16.522,7.7503,2.0422e-27,2.891e-26,7.9315e-16
6.7257e-29,2.1555e-31,1.8743e-98,2.8029e-69,6.8651e-14,560.58,4.1372e-15,2.6822e-24,0,43.979,1.0473e-35,7.6429,1.1809e-35,1.122e-12,5.7945e-11
9.6925e-13,5.1972e-44,1.2474e-75,1978.6,1039,1.0684e-148,0,1.0691e-33,1.0485e-277,4.6544e-41,1.6018e-89,1.3923e-85,5.7104,1.1433e-23,8.4519e-12
1.0622e-28,8.6731e-13,4.3118e-85,1.2606e-13,2048,7.5966e-115,1.3089e-46,1.3075e-25,1.0812e-11,0,1.0991e-40,1.849e-89,3.739e-93,4.1298e-43,4.4251e-96
1.4387e-12,6.7955e-28,5873.8,9.6502e-28,0.00013948,7.0139e-05,2.9869e-19,124.15,64.091,1.0276e-54,1.0429e-27,5.2138e-142,2.3769e-80,7.1161e-39,4.3742e-14
1.1705e-12,9557.8,1.3656e-40,2629.1,0.00010516,1.1451e-106,4.1804e-60,127.41,9.2694e-98,1.1553e-216,1.7022e-28,7.4467e-67,3.2477e-85,1.5925e-53,4.2808e-177
1.7346e-12,14164,5.7209e-69,2058.7,1.26e-08,2.6524e-114,1.3089e-46,1.3075e-25,1.5134e-11,0,1.0991e-40,1.849e-89,3.739e-93,4.1298e-43,1.3628e-48
1.0385e-12,3.3249e-21,4.8853e-62,5.2833e-15,1060.9,1.3905e-73,2.4821e-42,7.6149e-12,1.2191e-92,0,5.3074e-16,8.2319,4.1641e-28,1.3322e-130,1.3739
16830,4.7562e-17,4008.7,7.2242e-39,2.848e-13,722.44,2.1685e-19,1.1426e-20,9.8956e-193,0.00026693,2.3003e-07,3.342e-140,7.1384e-211,4.3823e-39,1.1274e-12
1.165e-12,1.6841e-19,3.0598e-69,3.025e-54,1189.1,3.7187e-09,5.8541e-76,2.3673e-22,82.86,2.8472e-67,5.3641e-51,1.3321e-75,1.9368e-24,1.9779,5.1472e-93
1.7629e-12,1.184e-21,6.4975e-104,1.7311e-16,3.0831e-33,6.2121e-139,449.84,3.3667e-23,4.1513e-138,1.9827e-50,1.3242e-28,7.6431,3.3326e-22,4.7618e-42,1.1941e-18
23765,1.5962e-05,8.7594e-88,2.3338,4.1563e-17,5.3934e-123,253.89,3.4574e-23,2.1183e-189,1.9826e-50,2.2991e-28,7.6429,2.7385e-48,4.7617e-42,7.8138e-19
1082.9,8.8276e-19,0.001246,1.7417e-25,2.8789e-09,501.3,2.4572e-62,3.6655e-26,3.3127e-183,1.1765e-232,23.246,2.3966e-68,8.4781e-70,1.9252,2.3258e-11
7.1132e-29,5.8083e-13,4742.9,3.5502e-13,2.7753e-05,660.25,1.5595e-19,2.1815e-15,63.881,1.6209e-160,7.2336e-31,5.2046e-05,1.2891e-43,1.3938e-07,4.3382e-15
8.3683e-13,2.524e-13,5.6889e-20,1.2584e-133,1.6665e-21,498.76,8.677e-62,2.7321e-31,2.2209e-171,2.2991e-203,23.073,2.5364e-128,3.9494,1.465e-27,1.2002e-12
5.4632e-29,1.5299e-29,5.9317e-33,1.2783e-13,1043.8,2.676e-244,1.8412e-60,180.63,2.5074e-127,2.4644e-103,2.4425e-33,1.8807e-80,3.9391,4.0852e-25,2.435e-10
9.4691e-13,3.893e-24,2.2329e-16,1933,1490.5,510.06,9.5188e-14,1.6001e-08,1.8626e-96,2.8903e-54,1.2612e-23,2.9709e-80,3.0317e-71,8.5555e-49,8.3218e-19
1.3424e-12,4.3023e-15,1.8452e-72,1.4988e-54,1370.2,583.11,6.6397e-15,3.5041e-23,0,1.2789e-52,1.0474e-35,7.6429,2.4623e-48,1.122e-12,4.0098e-11
7.7394e-16,3.7693e-13,1.2911e-13,2.8948e-62,3.4851e-30,0,1.4161e-33,2.3589e-15,1.4552e-138,2.4118e-135,5.2581e-34,4.5947e-162,3.8372,2.133,1.3937
16092,2.8785e-08,4.6671e-55,6.1866e-28,1477.9,499.97,4.7441e-73,1.6e-08,1.8624e-96,8.6212e-11,1.3006e-08,2.9706e-80,2.1706e-48,1.2144e-32,6.8877e-19
16364,2.0547e-06,4.7662e-49,1.8327e-67,3.5021e-07,2.7789e-156,0,180.66,5.9364e-06,4.7327e-118,4.3694e-31,1.444e-12,6.1563e-17,1.1194e-32,1.0074
1.1472e-12,5.8364e-13,4.7283e-108,1.4271e-13,6.4584e-27,1.4666e-39,0,1.4532e-27,8.1648e-16,64,1.3528e-30,3.1576e-118,4.3147e-22,5.134e-52,5.9919e-18
1.469e-12,11995,1.4148e-63,1.8262e-31,1.0294e-07,5.5053e-68,247.04,9.701e-30,2.6489e-138,2.3558e-69,5.9696e-34,1.7395e-95,1.9969e-71,1.9253,1.8461e-08
8.9292e-29,3.2861e-61,3.6456e-13,9.0165e-60,1488.4,1.8033e-09,245.95,7.3316e-21,6.2926e-125,1.447e-214,4.3508e-83,5.2807e-70,3.9279,1.5704e-24,1.6945e-21
9.8308e-13,1.134e-33,4013.7,5.7825e-148,0.00019193,3.6245e-130,253.24,1.9195e-07,91.887,3.2046e-79,8.6367e-32,4.4163e-94,6.3582e-33,2.4489e-57,2.7148e-15
9.7499e-13,7961.4,7.4398e-78,1.0447e-132,7.9824e-12,4.1127e-137,255.26,2.3528e-30,91.886,0,1.8661e-17,5.7205e-96,1.1485e-14,5.0047e-37,7.6993e-15
17900,1.4111e-11,3.1654e-57,0,0.00012715,1.3856e-111,324.97,139.93,4.3373e-13,3.5836e-114,1.5202e-20,1.0672e-171,1.5703e-16,1.6654e-43,1.1864e-49
8.922e-13,2.4984e-13,9.4336e-17,2087.5,9.0539e-16,2.676e-244,3.616e-56,180.63,2.5074e-127,3.9465e-106,5.0514e-33,6.5974e-168,3.9391,4.0852e-25,2.435e-10
204.1,11935,5.7062e-58,1.0841e-52,3.7952e-17,4.2244e-84,251.04,2.7883e-25,5.4143e-94,3.5866e-110,3.1188e-41,7.672,1.1734e-48,2.1798e-26,8.1893e-18
4.5493e-14,1.583e-16,3.0797e-13,4.2721e-34,1.1929e-22,9.7131e-187,314.56,2.6143e-23,5.774e-69,40.197,5.571e-33,7.6412,1.5479e-24,4.2331e-08,2.3986e-14
21538,2.2552e-15,1.3582e-63,2.7948e-113,0.00021705,531.61,279.71,2.768e-11,4.1443e-75,1.076e-116,1.231e-38,6.3924e-147,2.3489e-86,3.4419e-160,1.3203e-06
18971,1.0521e-11,0.23352,1.4954e-14,3.4823e-05,660.25,1.5595e-19,9.9023e-16,63.881,2.2818e-41,7.7981e-21,2.7968e-46,1.408e-14,1.3938e-07,4.3382e-15
4.6225e-45,2.3516e-45,9.6871e-141,4.5147e-46,2.4334e-59,5.2627e-72,3.9195e-48,5.4786e-60,4.7992e-31,3.9189e-15,32,3.1576e-118,3.4415e-22,8.715e-52,5.9919e-18
1.2286e-28,1.0032e-12,8.8373e-199,0,7.0582e-16,1024,5.6307e-19,8.9901e-09,8.8801e-100,1.7998e-09,7.7836e-28,1.321e-11,5.9086e-99,1.7175e-41,2.7571e-10
2.0065e-12,16384,2.5203e-65,2.5023e-124,7.1235e-12,1.8461e-110,1.3089e-46,1.3075e-25,7.6727e-119,0,1.3984e-44,1.2177e-197,1.3702e-27,5.7443e-42,5.5103e-96
1.0431e-12,2.019e-17,2.4765e-100,2.2906e-47,2.1203e-30,2.3195e-152,266.16,4.2737e-27,9.1895e-62,0.042964,22.659,4.3582e-139,1.3969e-48,2.5325e-49,0.95603
6.536e-45,5.3371e-29,6.0825e-119,2.179e-13,6.8133e-28,889.65,253.54,6.86e-08,1.0635e-160,3.1101e-08,5.9543e-31,5.9658e-59,4.3202e-05,1.197e-32,7.9286e-26
23031,3.202e-19,4.6361e-120,1.218e-17,3.3547e-10,0.00040243,1.1678e-05,2.9376e-12,1.9437e-12,0.023858,2.6453e-36,8.6899e-07,4.1451,1.5268e-32,0.97473
1.0102e-12,8248.9,2.0344e-48,2928.4,9.4508e-17,0,4.0605e-17,7.8714e-08,1.2627e-72,2.0904e-110,2.9587e-15,7.763,3.6811e-64,4.629e-66,1.2571e-11
1.1065e-12,2.97e-30,4517.7,1.8891e-128,2.2019e-06,3.1693e-129,3.2034e-15,122.92,3.6652e-12,1.3403e-115,1.4397e-26,10.914,7.7066e-48,2.38e-28,1.8899e-17
4.4738e-13,6.7868e-13,5835.1,2075.6,4.5537e-08,2.0278e-125,2.9123e-16,5.5032e-12,3.253e-143,1.9854e-122,1.2344e-60,0,2.4544e-21,1.9427,4.0742e-16
5.8412e-29,4.7697e-13,2.4909e-13,1.0519e-60,3.942e-24,3.8326e-31,1.7706e-15,9.7465e-25,3.8472e-23,7.479e-119,22.073,9.4949e-143,3.8665,6.0077e-32,1.0797
4.11e-45,2.4819e-66,7.2862e-46,1.0286e-29,8.2518e-38,4.1994e-14,1.4924e-39,171.45,1.0683e-137,2.2421e-54,8.6336e-31,3.2344e-167,1.9103e-49,1.967,1.1131
1.39e-12,6.0831e-34,1.9556e-60,1.1398e-44,1418.7,5.16e-66,3.3193e-42,1.4108e-15,67.525,0,5.0177e-31,3.5237e-05,4.9663e-28,2.4526e-07,0.98365
1.7177e-13,5.4133e-13,1.9433e-13,2743.3,2.2009e-05,0.00099193,2.4373e-23,2.7168e-24,1.0683e-137,2.3785e-54,8.6338e-31,3.7668e-179,1.456e-29,1.967,1.1131
5.1327e-13,6.8757e-13,1.472e-113,2996.4,4.1109e-17,0.96713,5.0266e-18,1.2994e-31,2.4189e-09,33.312,1.6391e-26,4.2525e-172,3.8472,6.8816e-66,5.0052e-257
22087,0.0012837,4540.8,0.085867,2.272e-05,8.0883e-79,250.42,8.4898e-09,1.4327e-88,2.1994e-198,1.3026e-31,1.6001e-119,3.9114e-17,6.0759e-101,4.461e-99
2.0719e-13,7.0304e-13,2.607e-13,1.3077e-117,2.5861e-31,899.64,8.8733e-154,4.3045e-24,1.9765e-289,9.3795e-131,1.6756e-35,7.6427,8.5587e-24,2.786e-07,2.4743e-11
35.428,11525,6.6619e-53,3.7141e-219,971.74,3.4314e-108,3.6248e-61,135.54,0,0,3.3167e-42,3.6359e-115,3.5976e-67,6.5741e-23,4.2295e-12
5.9386e-29,4.8492e-13,4.1908e-68,8.1834e-47,6.748e-14,740.68,251.09,3.1645e-24,5.1146e-111,7.2441e-158,7.134e-23,2.5729e-76,8.156e-87,1.9469,9.7539e-207
9.2003e-15,4.4047e-32,3.36e-103,4.7584e-17,8.8716e-14,4.6862e-21,1.5475e-33,1.2259e-24,6.8067e-145,45.277,6.1728e-31,1.2454e-53,2.0994e-13,2.0885,0.95716
2.9194e-13,2.1167e-23,1.0027e-18,8.0654e-17,6.0803e-14,4.2218e-100,3.349e-72,1.169e-44,6.7392e-66,32.398,22.764,4.745e-15,3.3855e-15,1.9509,3.0747e-14
1.3643e-12,5.4702e-13,1.2874e-69,3570,1.9264e-06,2.3347e-07,251.1,9.9529e-09,3.4868e-89,3.5966e-151,1.9518e-15,3.4321e-142,4.9167e-16,1.4335e-47,2.9775e-08
6.1293e-29,3.2584e-29,3.6526e-13,2982.6,7.3407e-05,502.83,9.0869e-74,1.2188e-23,2.8258e-59,4.1704e-106,5.591e-31,1.9147e-262,9.3792e-30,5.0457e-39,0.95643
1.4104e-12,1.9936e-34,1.4784e-17,2.5366e-202,2.4416e-32,719.8,2.5816e-16,1.0986e-10,1.1605e-09,1.5453e-47,2.2147e-35,2.1563e-98,4.1455,9.5489e-34,0.97443
23101,0.21899,6.2443e-46,5.3965e-29,7.967e-09,3.3244e-77,4.6838e-24,8.5583e-21,1.9386e-198,3.4566e-40,6.437e-26,7.7681e-130,4.23,1.9052,2.8208e-14
28496,14.687,9.887e-67,2035.1,9.9947e-09,6.6784e-106,2.2012e-15,6.2328e-30,4.4432e-311,8.0844e-249,3.5021e-39,3.2765e-59,1.9179e-24,5.6385e-42,2.5485e-12
1.1131e-12,9089.3,7.158e-121,3.2873e-18,0.00014269,4.6361e-104,4.307e-20,3.9924e-11,85.781,5.3923e-47,3.1151e-28,7.8895,1.014e-30,8.8872e-28,1.1274e-14
21744,8.3305e-08,2.9432e-80,0,6.5802e-08,3.98e-115,6.134e-14,3.235e-22,62.327,2.0213e-54,18.175,2.0214e-90,0,1.3222e-96,1.6894e-12
7.4541e-13,1.987e-24,2.957e-13,2854,8.4607e-17,520.53,7.2735e-79,3.4572e-22,1.2938e-196,32.408,2.1367e-15,2.4001e-99,7.6965e-18,3.7768e-51,2.6435e-53
384.3,11883,4.9039e-57,6.3587e-29,6.2582e-08,3.4866e-115,246.4,1.0989e-09,9.0081e-06,2.4894e-245,2.5494e-29,1.678e-130,3.9375,1.2318e-25,2.1914e-22
1.2542e-12,10241,4.7634e-102,2494.2,3.1475e-73,4.1802e-182,7.2053e-17,1.1885e-26,0,1.5745e-199,4.8918e-30,4.6803e-116,3.8616e-24,8.311e-46,0.97729
9.132e-13,1.6598e-13,3967.1,8.3953e-16,1456.1,5.7081e-06,262.45,3.1137e-09,6.4654e-99,1.6895e-42,4.4506e-32,2.9313e-96,3.6369e-74,3.8573e-13,4.7101e-25
4.188e-29,1.4892e-29,2.0982e-13,1.5036e-13,1497.1,8.3668e-84,248.7,1.9105e-07,9.8799e-91,5.6294e-41,6.8345e-21,7.6684,1.9242e-21,2.8836e-104,1.8237e-19
1.4092e-12,1.4953e-15,5753.6,2018.8,6.3242e-09,5.7214e-106,264.48,6.2325e-30,1.7131e-311,8.0841e-249,3.502e-39,1.5477e-57,1.974e-16,3.4318e-10,2.0225e-24
5.9139e-29,4.8291e-13,1.2725e-102,6.4172e-45,1.1937e-30,492.91,1.9893e-20,2.4623e-12,3.6296e-145,46.46,1.6826e-10,1.0694e-16,1.7737e-59,9.683e-14,0.98283
1.446e-12,11808,4.213e-53,6.2177e-179,995.6,3.5156e-108,8.1033e-69,3.2107e-11,4.7772e-65,5.9494e-84,3.9218e-68,2.4046e-205,1.5674e-65,1.9772,3.7878e-21
9.7598e-13,7969.5,8.947e-55,3.3494e-28,1.6765e-15,9.6833e-14,5.3925e-52,9.3555e-32,1.1797e-150,7.3206e-08,2.1e-30,6.3031e-81,1.4838e-20,3.495,4.6772e-132
1.4438e-12,1.1077e-43,5894.9,2068.1,999.93,0,7.8534e-24,1.8718e-08,3.6476e-117,1.6838e-46,9.0297e-81,9.2243e-11,6.1686e-98,6.3184e-46,4.4849e-09
23556,5.2072,4.5365e-32,1998.4,1.1611e-11,6.6321e-189,253.54,1.3361e-06,1.8024e-198,1.6933e-151,6.201e-17,2.0707e-58,1.7218e-09,8.3863e-44,7.9286e-26
3.0114e-13,7.0542e-13,3.6446e-15,2945.1,2.7752e-08,8.7322e-76,253.11,5.7533e-09,1.485e-109,4.3442e-107,4.3344e-22,1.5067e-117,2.2886e-47,6.7131e-77,0.9772
28790,3.089e-07,1.9671e-77,2.135e-15,7.0334e-21,1.6081e-05,7.8671e-58,1.09e-46,5.5223e-89,0,7.9819e-36,7.6414,3.4006e-14,1.8404e-12,5.8869e-205
4.0542e-13,5.8278e-13,5.2693e-69,3.1485e-175,3.1771e-33,629.8,2.1428e-52,1.3373e-20,1.213e-87,2.3051e-47,1.1826e-23,9.8235,3.9605,3.8499e-54,1.2808e-13
1.7977e-29,5.3184e-29,2.9008e-76,6.3883e-132,8.2293e-48,8.5895e-91,1.1774e-185,1.3764e-14,112.39,3.0264e-118,2.5227e-32,1.1668e-60,2.17e-32,1.5364e-62,0.95739
9.7386e-13,4.356e-16,1.1727e-14,1990.4,3.8263e-09,1.8515e-08,255.26,3.6797e-22,91.886,0,9.0045e-11,1.6532e-113,8.577e-36,1.5827e-52,8.9978e-15
23177,1.6234e-17,5.1694e-80,6.0278e-38,4.7307e-83,511.7,6.4621e-85,7.4974e-22,1.5715e-134,3.8028e-41,1.8464e-28,6.7703e-74,4.0012,3.4448e-57,7.8687e-09
9.04e-29,1.8785e-52,3.7819e-148,4.4177e-50,6.8961e-48,7.198e-91,6.7003e-233,1.1534e-14,94.182,3.6612e-239,3.397e-36,9.7774e-61,3.833,1.7331e-34,0.95738
17557,5.777e-25,2.4957e-48,2.4235e-36,1403.9,2.1588e-09,1.0988e-06,3.688e-32,2.7513e-98,1.1165e-229,9.8776e-09,1.7021e-95,3.9473,3.2575e-26,3.9853e-17
4.5217e-14,2.4038e-14,4.4034e-13,3598.2,8.8559e-05,1.4557e-115,9.089e-74,1.2191e-23,2.8265e-59,5.4306e-108,5.5923e-31,7.38e-163,9.3814e-30,2.3767e-39,0.95612
1.4701e-12,4.8565e-43,1.6129e-72,1.9798e-33,1500.5,0.0032703,2.6576e-14,2.8745e-11,1.069e-134,9.2134e-49,15.083,2.7792e-17,3.9278,3.6554e-48,9.0771e-12
9.8428e-13,8037.3,1.9645e-133,5.7181e-06,1.0743e-06,708.96,271.02,6.6643e-31,1.2644e-09,0,2.06e-31,1.0131e-91,9.449e-30,5.851e-47,4.6059e-06
1.1199e-12,3.5854e-21,1.0515e-13,2.8443e-31,1221,3.7948e-56,1.1563e-55,4.9264e-12,5.3484e-91,0,8.1594e-29,10.115,3.9588,1.9216e-33,2.283e-10
8.0603e-13,2.5293e-13,3885.3,1.4136e-37,1811.2,9.6157e-20,8.6686e-23,1.1792e-06,0.00021925,7.7006e-151,2.7068e-32,2.0515e-110,0,2.9455e-42,3.2902e-10
6.2464e-16,4.8795e-13,1.2049e-63,1.3984e-15,996.16,1.3648e-226,3.8572e-69,1.2907e-07,3.1353e-156,7.9653e-16,5.2946e-36,2.6541e-163,9.4837e-45,3.495,7.247e-11
6.6097e-45,5.3972e-29,5.7736e-108,1.4017e-49,5.5664e-39,2.441e-267,2.7545e-14,2.3324e-39,5.1422e-62,56.23,5.6956e-33,7.6412,3.597e-24,4.2331e-08,2.2804e-14
28263,7.6235e-08,6.715e-68,3.5145e-30,1.6974e-14,1.9555e-107,7.2735e-79,3.4572e-22,2.0623e-131,32.408,9.9264e-54,0,7.6966e-18,4.898e-50,1.2662e-21
5.9149e-29,4.8299e-13,2.2796e-74,6.4183e-45,6.0534e-34,492.99,2.3704e-20,3.1136e-12,3.6302e-145,46.468,1.4943e-10,2.7758e-17,3.9404,4.1296e-51,2.6689e-14
5.7278e-13,5.1589e-23,2.565e-13,8.9899e-16,2.6943e-20,6.6129e-28,2.3825e-40,1.3853e-27,2.9827e-15,44.7,1.2958e-10,3.7958e-15,4.1907,1.9508,2.6543e-14
6.974e-13,6.4463e-13,3.9745e-80,6.7092e-121,1496.1,0,1.5704e-16,2.6116e-23,1.5704e-118,1.8952e-128,2.1241e-33,1.083e-164,6.4269e-31,1.9474,0.9577
24121,5.3175,4.9906e-32,1991.2,1.1514e-11,1.4618e-115,9.1272e-74,6.383e-24,2.8384e-59,5.3974e-108,5.6158e-31,7.5551e-57,5.4883e-31,2.3867e-39,0.96015
8.6967e-29,7.1014e-13,5.8976e-67,1.5851e-61,1.1232e-23,3.9462e-31,362.42,9.4106e-11,1.724e-172,1.974e-118,9.8968e-29,7.3506e-170,3.9722,1.8203e-30,1.0077
1.4399e-12,1.287e-15,5878.9,6.138e-19,2.4951e-14,1.1717e-60,7.8848e-24,4.6916e-08,3.0269e-138,1.1474e-32,5.6798e-26,7.9998,9.0084e-35,4.0752e-55,0.96961
7.877e-13,3.4933e-13,4298.8,3.5099e-37,1397.5,8.2483e-20,1.3125e-23,130.29,0.00021848,1.3742e-119,2.6974e-32,2.0443e-110,0,6.7476e-12,1.9233e-10
2.0059e-12,2.3097e-14,4.7948e-59,3.9724e-32,8.0831e-29,8.4535e-90,0,256,1.7223e-88,4.4974e-51,5.0346e-20,1.1554e-146,1.1085e-37,5.966e-41,1.3501e-20
22896,6.785e-05,3.2213e-44,7.2691e-47,4.785e-05,5.2046e-66,7.7324e-43,3.5417e-07,68.108,2.7289e-272,5.061e-31,2.0084e-06,4.3112e-32,2.6283e-39,0.95654
6.2858e-29,1.3683e-29,2.799e-13,5.9233e-32,2.7333e-33,1.1661e-167,1.6278e-63,5.527e-47,2.2374e-115,35.712,21.452,2.0625e-81,3.9223,2.6505e-13,9.5056e-25
1.3199e-12,10778,2.5629e-72,2.0366e-12,2.3663e-13,582.64,2.7058e-98,1.0818e-26,2.484e-74,1.0382e-49,3.3685e-39,7.9441,0,3.0032e-45,2.3848e-15
3.6251,1.3487e-09,0.12937,1940.2,1803.7,4.3993e-104,2.0232e-14,1.5998e-08,0.052444,5.9433e-54,1.8017e-28,7.1778e-71,1.2551e-28,2.1797e-33,3.4339e-12
8.6365e-29,1.8118e-50,3.5261e-13,2.5366e-202,1439.6,1.1351e-87,2.1557e-19,3.9483e-21,1.6876e-131,3.614e-48,3.7408e-33,2.7501e-99,4.1456,1.2252e-33,0.97446
1.4115e-12,4.1557e-15,2.5697e-61,3.2974e-45,3.9773e-25,8.7148e-97,1.7878e-33,4.2844e-37,3.1969e-187,1.7503e-90,1.9912e-31,11.256,4.2211,1.9046,2.8159e-14
1.1299e-45,2.6468e-45,2.21e-29,1.8046e-13,1473.5,5.0612e-81,253.28,7.9662e-09,0.00056542,6.5921e-144,2.0838e-31,6.0698e-112,4.4619e-47,4.7373e-79,0.97784
1.491,6.9895e-12,5694.8,1.2824e-15,0.0014879,4.2916e-146,6.5564e-23,4.508e-30,4.9749e-61,1.2256e-52,5.8424e-08,2.0504e-36,2.26e-80,2.1024,0.98084
4.8473e-13,7.3534e-13,2.0592e-13,3580.5,3.4938e-06,2.8356e-124,1.1849e-17,8.2304e-13,3.2531e-143,1.3559e-149,1.5476e-57,0,2.4544e-21,1.9427,4.0743e-16
32768,6.8172e-18,8.278e-68,1.5211e-112,3.712e-12,1.6673e-05,5.5878e-47,5.3564e-25,6.0926e-71,0,4.1186e-40,1.7055e-196,1.3986e-27,8.8118e-78,1.1219e-20
1.546e-29,1.2919e-29,1.5411e-29,1.4005e-13,5.1488e-33,1.735e-19,2.3318e-34,1.423e-39,1.3448e-22,1.5213e-65,1.9636e-42,8.9342,4.1322,4.1873e-52,1.3078
1.4379e-12,6.7918e-28,1.1813e-14,2936.9,0.00022885,7.0139e-05,4.8055e-115,124.15,64.091,5.3437e-50,3.5337e-26,5.2138e-142,3.0184e-79,7.1161e-39,2.1459e-14
18406,7.3079e-08,3.0683,5.0852,1374.9,1.8875e-83,2.8668e-12,3.3012e-28,2.7597e-48,5.4284e-56,2.9176e-81,4.0004e-12,8.7472e-16,1.9559,6.9183e-22
8.6451e-29,5.3461e-51,8.241e-34,1.7648e-13,1.4047e-32,2.9509e-20,360.27,1.9153e-24,2.0028e-138,1.386e-47,5.9623e-26,3.9574e-179,5.6073e-30,2.0665,0.97565
1.0649e-28,3.4128e-31,4.3478e-13,1.8013e-66,1.9051e-26,8.9939e-15,3.64e-40,224.91,3.804e-183,1.2788e-52,1.0473e-35,7.6426,2.4622e-48,1.1219e-12,4.0096e-11
9.5681e-13,7813,2.0092e-73,7.343e-28,1.6529e-14,2.6415e-96,8.1485e-20,1.1807e-16,0.0027769,2.31e-131,2.7577e-26,4.4684e-86,7.0318,1.3789e-49,2.1012e-24
1.1439e-12,2.0463e-24,4670.3,2707.6,5.91e-60,500,4.7443e-73,1.6001e-08,3.1821e-123,9.5631e-34,1.3007e-08,2.9708e-80,2.1707e-48,2.3002e-13,6.2707e-19
16077,1.2395e-17,0.018499,1.5011e-14,4.2743e-08,4.7805e-06,3.1021e-62,7.658e-47,1.0963e-182,1.1764e-232,23.244,1.9032e-68,1.048e-73,1.9251,0
1.0732e-28,9.1839e-36,4.3816e-13,5.5858e-18,1788.9,5.6412e-88,250.65,4.2161e-07,0.00011977,0.00088013,1.3038e-31,4.815e-153,4.4923e-24,2.0129e-95,2.3005e-81
1.077e-28,1.1144e-46,1.1068e-34,9.4842e-47,2.8633e-40,5.4966e-14,9.1431e-78,9.5374e-48,3.3015e-199,3.8363e-266,28.052,1.9033e-68,1.0481e-73,1.9253,2.3258e-11
1.7009e-29,1.3889e-13,2.6826e-15,5.0445e-51,4.0364e-22,1.9458e-86,9.9061e-66,3.2942e-48,3.6546e-15,31.132,2.3929e-31,1.1644e-12,5.5776e-35,3.4951,4.486e-15
8.7914e-13,2.8882e-13,1.9466e-84,6.4679e-32,7.1349e-32,2.3187e-85,2.074e-35,1.8325e-32,6.3216e-116,1.7787e-184,16.777,10.987,4.0284,3.3337e-32,9.0742e-24
1.2256e-12,4.8708e-33,5003.9,1.2547e-158,1.0498e-16,1.3492e-105,5.2318e-57,4.5874e-21,1.4376e-92,3.9303e-119,2.056e-18,9.8877,3.9599,4.5374e-45,3.5945e-10
23767,0.0063837,1.3996e-51,6.1351e-38,6.8029e-18,0.00011366,246.56,5.9203e-08,1.4806e-224,2.3224e-200,1.0501e-10,4.2567e-77,3.1787e-24,1.97,1.8099e-13
21986,7.3208e-08,4647.9,8.8422e-18,1.8679e-05,1.5123e-05,1.3792e-27,2.058e-20,2.8461e-205,1.9644e-111,2.5217e-35,7.6419,7.2123e-15,4.9929e-42,1.4549e-22
9.8141e-13,8.4613e-28,5.7567e-14,1.7206e-45,1.6598e-30,3.1401e-133,257.23,176.06,0,1.9462e-245,17.281,1.915e-119,1.764e-16,3.8521e-13,1.2355e-93
2.1207e-13,7.1907e-13,9.7179e-64,3.8836e-32,2.0207e-31,741.9,251.09,1.7824e-24,9.7587e-295,6.4623e-130,3.1133e-35,7.7499,8.0397e-21,3.4793e-07,6.1534e-31
5.9947e-29,4.895e-13,3997.1,7.153e-19,1.0019e-17,3.2168e-102,1.4096e-20,2.9022e-23,3.5203e-69,47.095,2.8597e-11,1.084e-16,3.9936,2.1554e-27,2.7185e-14
18227,3.673e-28,7.1772e-121,3.3148e-18,0.00014307,1.2382e-102,5.3918e-24,1.1725e-11,86.011,1.7747e-100,8.5849e-26,7.8241,1.2609e-29,9.1609e-28,7.651e-15
23866,0.0013239,4.9379e-32,2098.6,2.2038e-10,3.8562e-88,1.8526e-76,3.9502e-07,2.8652e-59,30.041,6.4083e-31,2.4808e-53,1.2992e-23,9.6539e-40,2.6076e-216
9.6074e-13,6.9142e-34,9.9896e-15,1.0218e-114,981.48,683,292.16,0.04009,6.1915e-197,5.3492e-14,1.2979e-26,1.7526e-169,4.7602e-31,2.0125e-12,2.6208e-15
4.1047e-13,4.8686e-13,4.0068e-103,2157.2,3.212e-17,0.036595,4.5354e-20,2.3035e-23,4.5847e-146,3.7607e-65,1.2229e-28,6.0517e-90,3.8973,1.6075e-52,1.4
2.0065e-12,2.7131e-30,8192,0,7.3688e-14,5.246e-113,1.5003e-28,1.2292e-10,8.5565e-108,5.7781e-59,2.1547e-25,7.125e-21,5.1715e-24,7.841e-33,2.3978e-17
7.9714e-29,2.3702e-60,3.2546e-13,1.2538e-31,3.4585e-19,664.39,2.9558e-62,5.1333e-30,1.0126e-171,5.9592e-105,2.1184e-23,1.7839e-69,2.1093e-80,2.362,0.98736
7.1614e-29,5.8477e-13,6.6908e-98,3.8905e-15,3.7347e-14,7.9319e-17,335.23,1.0493e-07,74.119,9.5188e-54,2.2247e-31,4.9159e-179,0,4.8895e-116,0.97691
16102,38.087,7.7294e-57,5.7994e-148,0.0001446,3.7378e-137,253.98,6.3461e-21,92.155,6.1786e-88,2.3153e-20,6.7545e-112,1.6392e-26,1.571e-56,3.5213e-12
1.7552e-12,4.03e-36,6.308e-104,1.2678e-53,1791.5,6.6146e-137,7.2228e-17,5.8903e-24,0,1.3748e-108,3.9373e-30,2.9247e-107,6.9889e-23,7.2232e-56,0.96909
7.3096e-46,2.4803e-45,1.0257e-45,1.6335e-46,6.7462e-30,5.5087e-14,5.4333e-170,2.6357e-40,6.3493e-319,4.8389e-74,28.114,7.6427,8.5587e-24,2.786e-07,2.4743e-11
20691,1.6867e-17,0.023806,1.5862e-25,6.2629e-08,544.17,9.1492e-63,6.1653e-26,7.7172e-162,1.0366e-177,18.074,2.0122e-90,3.5398e-44,3.7606e-40,2.3258e-11
1.4209e-12,11603,9.6358e-51,2.5898e-45,1.8351e-07,6.4475e-15,1.1412e-81,3.4971e-47,1.1026e-168,1.9749e-118,9.9011e-29,7.3538e-170,3.9739,1.8211e-30,1.0069
1.7487e-12,14280,4.3141e-64,1.1924e-14,2.3167e-17,1.0205e-109,251.09,6.4122e-12,1.154e-97,2.4824e-118,1.1196e-27,5.6893e-19,1.5517e-16,1.7132e-51,8.4477e-15
1.7629e-12,14395,5.3276e-68,1.7701e-15,1.9527e-15,4.4576e-13,5.6763e-19,1.9199e-35,1.6539e-99,1.2045e-257,8.5744e-36,7.6414,2.4451e-15,3.2823e-27,2.9114e-15
23396,8379.4,0.062259,2.7839e-14,1.5827e-13,2.4965e-122,1.2514e-87,2.939e-48,8.029e-96,1.8686e-75,1.6228e-29,6.9818e-108,1.9605e-74,2.8991e-39,0.95644
1.3743e-12,7.2864e-30,1.2499e-127,7.5444e-45,1402.8,559.81,2.7243e-17,1.5658e-11,6.4685e-129,8.4607e-122,2.501e-11,3.8824e-142,3.1194e-13,5.0962e-34,0.96907
2.2007e-29,3.3385e-29,3.3274e-30,1.4607e-13,1.1693e-22,3.6296e-142,298.18,8.7733e-13,4.2262e-06,2.294e-237,1.0311e-57,2.4448e-166,5.2151,1.9427,4.0743e-16
9.1992e-29,2.7468e-29,4.3746e-13,3572.1,3.9999e-17,1.4144e-248,2.6685e-63,1.7055e-33,1.5323e-92,3.6364e-245,7.2773e-37,1.1202e-79,3.921,1.5041e-32,8.6006e-24
1.4596e-12,1.8248e-46,2.0333e-90,2979.7,5.1544e-17,494.28,5.8792e-23,5.2916e-32,4.9108e-216,0,1.7359e-20,1.9786e-44,3.9391,7.3733e-45,1.3633e-11
7.1241e-29,5.1654e-39,2.447e-34,1.4543e-13,3.5257e-25,4.8359e-100,2.1778e-74,1.3391e-44,7.7195e-66,37.111,26.075,2.3228e-15,3.8779e-15,2.5226e-85,3.0747e-14
17.764,8911.1,8.3509e-78,0,1.2863e-17,3.2621e-115,1.9181e-57,1.7866e-32,88.121,1.3115e-58,1.7007e-19,8.7495e-89,3.8978,3.281e-47,7.6186e-13
1.5599e-30,5.3483e-29,1.3142e-95,2.1839e-13,1783.2,2.7779e-59,2.5202e-56,3.3471e-11,0.00067747,0,1.6877e-32,5.0506e-137,3.9384,9.3107e-88,2.1919e-22
5.2348e-30,3.8162e-29,3.1235e-13,1.6087e-133,1.5576e-31,637.62,9.4964e-19,155.5,4.3904e-83,3.2806e-51,1.3902e-06,1.6271e-165,3.9484,3.7827e-46,9.8654e-13
28544,8.3092e-08,0.080982,7.9419e-107,1005.9,4.3019e-09,8.4203e-151,4.1946e-20,1.0485e-213,2.2389e-115,3.1672e-25,5.6987e-141,2.9861e-45,1.5229e-33,2.1003e-12
22651,4.7727e-08,7.7357e-25,2.9162e-16,1073.5,3.4833e-114,255.2,4.997e-08,4.0253e-88,0,4.0977e-15,5.3873e-59,5.3434e-16,4.8629e-22,1.2283e-21
1.0217e-12,8.9494e-20,4171.2,4.671e-16,3.8977e-12,0,3.3508e-21,140.91,2.2584e-118,3.9017e-130,1.1206e-86,2.7825e-158,1.6652e-47,2.6466,7.5839e-08
1.4146e-12,7.4523e-22,5775.5,2064.6,7.3707e-09,9.8962e-08,1.1773e-55,4.6595e-07,63.857,5.0167e-119,8.4859e-31,2.3427e-100,2.3252e-32,6.4853e-45,2.7845e-14
4.993e-45,1.9129e-56,2.0385e-29,3.1758e-32,8.323e-14,2.8358e-130,339.81,3.2355e-22,62.31,0.033618,18.176,4.8079e-91,0,1.8543e-34,1.3485e-12
7.782e-29,4.0997e-38,3.1772e-13,2594.4,1212.2,9.3641e-75,4.7771e-18,4.6608e-07,63.981,6.7312e-117,8.1342e-31,2.3443e-100,3.5142e-32,2.8298e-79,2.1377e-12
6.8841e-29,2.0705e-36,4.2256e-97,1.4053e-13,1147.5,7.5528e-139,5.4578e-43,4.0834e-11,85.366,1.0962e-141,4.3425e-29,7.9021,3.9035e-28,4.8033e-07,2.0906e-14
3.113e-13,6.8885e-13,5766.7,5.3885e-29,7.5801e-09,1.0293e-80,3.0571e-74,6.39e-21,9.4169e-67,6.3911e-74,3.3643e-68,1.0606e-125,4.2238,1.9058,2.6234e-14
1.7304e-12,2.185e-20,2.7877e-17,9.4178e-18,2.5395e-29,883.13,1.0118e-80,8.3868e-11,1.1752e-145,32.405,8.0176e-26,4.8775e-66,7.832e-18,3.1136e-51,2.3981e-15
23341,0.0001695,1.2644e-36,2071.9,1.2805e-08,1.5073e-142,1.6499e-46,3.9335e-11,8.6397e-129,1.3619e-141,1.3243e-22,1.8465e-170,1.2835e-88,1.9464,2.5418e-96
1.449e-30,3.0481e-29,2.4896e-13,2033,5.9339e-08,3.5579e-95,6.64e-38,2.129e-05,5.6306e-158,3.3386e-119,3.9851e-38,11.437,0.0019136,1.9888,0
1.0748e-28,2.4677e-52,3.4475e-120,7.763e-70,1.097e-13,895.77,7.2228e-17,5.8903e-24,0,1.3748e-108,5.2338e-31,6.3674e-109,6.989e-23,7.2232e-56,0.9691
5.2894e-17,3.838e-17,3.1491e-15,4.3185e-109,1.1796e-24,2.5266e-182,1.2833e-14,4.4898e-15,1.036e-80,4.5838e-113,15.989,11.616,1.1276e-25,3.673e-55,0.94548
2.0064e-12,6.0368e-15,2.2472e-66,1.7931e-30,2.7331e-42,9.7907e-154,512,8.9563e-23,6.323e-76,3.4703e-45,1.1153e-22,0,1.1461e-14,1.6373e-07,1.1674e-13
8.4788e-29,6.9235e-13,5653.4,6.9347e-29,4.6119e-17,8.6825e-70,8.4612e-05,137.75,0,2.0394e-104,4.8531e-33,5.662e-85,6.3762e-25,8.6366e-07,0.96958
1.3172e-12,10755,1.4513e-78,5.0824,3.2135e-14,1.2551e-57,6.4111e-24,4.2703e-08,74.313,3.0045e-54,2.2305e-31,4.9287e-179,2.7379e-190,4.9022e-116,0.97151
5.8867e-29,3.7612e-36,2.4034e-13,5.0861e-32,8.9376e-26,490.64,6.8193e-63,224.7,0,0,1.5553e-10,1.6037e-79,1.0093e-24,4.3789e-35,6.5692e-26
16108,11353,4321.2,1.2097e-129,4.2255e-14,4.2245e-249,1.1506e-61,1.8376e-33,9.7416e-123,2.1575e-128,1.6387e-17,2.0884e-107,2.1797e-24,1.8773e-46,8.3875e-10
1.332e-30,4.2443e-30,2.3129e-29,5.4236e-48,8.582e-43,2.512e-30,2.0429e-81,1.0805e-65,5.8105e-135,1.3026e-177,3.4803e-62,2.7255e-193,4.8986e-16,4,6.806e-14
22924,2.0042e-08,7.6708e-43,1.241e-17,5.7984e-20,0.00011926,1.6843e-22,7.0642e-11,1.7634e-89,0,7.7074e-20,1.8202e-146,4.579e-37,2.0798,0.98034
5.1974e-29,1.4647e-29,5.5567e-193,7.2351e-54,2.8475e-31,1.0585e-38,1.5268e-14,1.8032e-37,62.337,5.4272e-42,23.07,2.6022e-107,3.9488,3.9096e-32,0
1.3818e-12,11283,4.1665e-47,1.382e-16,1069.5,3.2916e-114,257.55,5.966e-07,4.0234e-88,1.6966e-151,5.0839e-14,5.3846e-59,1.7294e-15,1.3536e-22,3.7811e-23
1.0973e-12,5.8175e-30,9.9792e-128,3.5983e-40,1120,864.3,1.0737e-27,1.4234e-11,1.4376e-91,9.7094e-122,2.1885e-43,4.4554e-142,5.4668e-11,5.8484e-34,1.5586e-21
1.4455e-12,11803,6.8071e-43,3.2403e-37,1008,3.462e-96,2.2844e-19,1.3338e-30,5.4563e-91,7.6933e-84,4.3701e-26,1.1616e-69,3.9127,9.9979e-52,8.8808e-09
1.4384e-12,4.7896e-24,5872.8,6.3361e-18,1040.6,9.4053e-10,1.3792e-27,2.058e-20,9.5537e-126,1.9644e-111,4.2762e-42,7.6419,7.2123e-15,1.3992e-40,8.4075e-07
1.0167e-46,8.3024e-31,6.7794e-15,1.1541e-124,5.741e-32,3.4245e-132,2.7628e-14,9.4283e-25,1.8404e-207,56.406,2.0844e-36,2.3305e-60,1.1644e-19,2.1486e-55,0.94544
1.4709e-12,3.2425e-16,6005.3,1983,0.0083582,1.4557e-115,4.3388e-62,6.961e-24,3.6725e-60,5.375e-108,1.6902e-30,7.5238e-57,4.8828e-81,2.3768e-39,0.95616
5.5582e-29,1.0052e-29,2.4132e-13,1970.5,1460.2,2.5836e-08,262.4,4.3047e-31,1.3726e-113,1.156e-40,4.4498e-32,1.936e-96,3.6363e-74,4.0697e-27,5.3592e-25
1.7679e-12,1.1968e-26,4.2437e-67,1.3138e-15,1.2213e-31,3.3474e-212,451.14,2.0187e-34,0.30873,1.8109e-155,15.16,1.5461e-107,2.3058e-24,2.7321e-24,1.2264e-25
7.5624e-29,6.1752e-13,1.8536e-13,4.7355e-16,2.3639e-102,7.5472e-84,2.8776e-65,9.5681e-41,91.895,32.922,6.305e-31,1.541e-72,3.3137e-34,1.8927,1.5056e-15
8.6449e-13,2.6074e-13,4122,4.1398e-25,3.5618e-16,8.4394e-161,1.5396e-63,2.8224e-31,3.4634e-100,1.4863e-168,22.781,1.5381e-139,3.9195,3.385e-32,6.0927e-24
1.4266e-29,1.7457e-29,1.5399e-13,7.9311e-134,6.2743e-14,2.3443e-14,356.33,133.55,2.2022e-177,1.7245e-52,1.39e-06,2.2054e-128,3.9478,5.9691e-46,1.1997e-12
3.3341e-61,2.7225e-45,2.151e-100,4.5944e-79,5.5577e-30,4.5382e-14,1.5761e-14,1.954e-40,112.8,30.87,1.9654e-19,5.1463e-92,9.376e-87,3.0899e-12,7.9473e-16
17969,11159,3.1521e-89,1.8901e-25,4.0428e-25,0.11238,7.1407e-14,3.2665e-22,1.5516e-143,0,8.0331e-23,1.5058e-227,7.3683e-24,1.9471,3.6011e-12
8.5276e-46,1.0074e-45,9.7576e-49,4.4662e-30,4.9202e-30,3.9188e-36,2.2061e-14,6.429e-39,90.069,2.4148e-53,2.4204e-25,2.559e-78,6.3492e-30,2.0666,0.97567
3.7015e-14,3.9974e-45,2.507e-18,5.1224e-14,2.4169e-14,6.2661e-101,2.7317e-50,1.0469e-14,3.7892e-15,9e-59,27.878,1.3651e-100,3.9278,7.695e-13,1.3188e-119
1.6571e-13,6.0941e-13,1.8607e-13,4.7263e-16,2.7213e-24,1.7642e-83,2.872e-65,183.43,4.0759e-147,32.858,6.2927e-31,8.87e-76,3.1816e-34,1.889,3.9606e-16
1.0782e-12,3.1918e-34,4402.1,2.2673e-117,2.1165e-15,865.16,1.1973e-46,3.0006e-23,5.0535e-83,6.6211e-49,1.6002e-06,1.8729e-165,5.7145e-29,3.7871e-46,9.8766e-13
3.9282e-14,8.8671e-24,3.5759e-110,1.4117e-13,1153.4,2.4777e-104,1.1395e-14,9.0099e-09,0.029536,52.886,1.8017e-28,5.8177e-117,1.2551e-28,2.1797e-33,3.4339e-12
1.4102e-12,11515,7.9049e-87,1.2238e-12,1014.1,4.1825e-187,7.5431e-16,8.3867e-12,7.5677e-128,3.7074e-75,0,1.9077e-144,2.0328e-16,1.1077e-23,1.0256
6.335e-45,5.173e-29,4.224e-13,2.2754e-33,1724.6,3.3993e-06,3.0545e-14,3.3038e-11,1.2286e-134,5.8165e-49,17.335,5.9019e-17,1.3526e-75,1.0088e-45,2.6914e-12
2.7476e-29,4.254e-29,3.6503e-13,2980.7,7.5941e-17,7.4055e-13,8.9271e-05,124.26,0,2.0385e-104,4.8511e-33,1.9786e-89,2.6217e-21,8.6331e-07,0.96918
1.1324e-12,6.603e-13,2.0821e-69,9.7593e-158,9.4307e-25,0,443.92,127.56,0,1.3722e-51,1.3179e-07,3.2688e-87,2.1406e-23,7.7305e-46,2.3099e-14
1.2785e-12,5.1525e-22,5220,2.4929e-13,1219.5,3.0637e-85,4.8058e-18,4.6888e-07,64.376,6.5182e-117,7.4721e-31,2.3585e-100,3.559e-32,2.3722e-79,3.8816e-13
17726,11096,3.377e-72,2.6835e-12,2.499e-15,84.793,2.7088e-98,1.083e-26,3.8617e-75,1.562e-47,1.3972e-30,7.953,0,3.0066e-45,7.5302e-15
2.4062e-13,4.8855e-13,2.5207e-13,2.4195e-63,1.1266e-23,2.0915e-30,0,181.75,3.6583e-116,1.9799e-118,9.9264e-29,7.3725e-170,3.9323,4.1268e-95,1.0088
22.395,11234,2.4842e-87,8.95,5.4986e-08,3.5191e-112,3.8204e-18,1.5594e-21,64.402,6.5663e-55,16.836,1.5611e-89,0,2.2853e-13,7.533e-13
7.6807e-13,2.412e-13,2.6679e-108,6.4879e-56,2.1381e-14,9.1252e-17,4.6355e-39,3.7239e-23,61.84,2.0294e-41,28.028,2.6402e-113,1.8046e-21,5.4492e-32,8.6269e-13
1.1826e-12,1.743e-14,1.03e-70,2415.3,1.9215e-16,663.75,1.6779e-31,1.4867e-31,0,1.4493e-48,1.0222e-29,0.00010586,1.1969e-32,1.9608,4.6889e-17
1.4607e-12,3.3295e-16,5963.8,1969.3,0.017279,2.1782e-192,4.3088e-62,5.3884e-24,2.1436e-83,5.3379e-108,6.6348e-32,4.3908e-57,3.9109,1.6813e-39,1.8729e-12
9.7274e-13,2.9339e-13,1.6584e-13,2685.5,4.1132e-18,2.0298e-154,2.0062e-63,3.6776e-31,1.8678e-133,5.5335e-147,18.295,2.4638e-128,3.9601,1.4657e-27,6.229e-11
1.7684e-12,14440,4.1196,3.6955e-114,2.5117e-07,6.9074e-09,7.3306e-64,3.7077e-08,1.3807e-137,0.0056411,3.3844e-35,8.14e-245,1.1644e-19,3.673e-55,0.94543
4.0929e-29,6.7613e-33,1.671e-13,6.4408e-54,4.8961e-14,1.9221e-23,1.0202e-92,7.5662e-49,65.694,2.454e-73,22.458,1.1372e-89,6.8723e-16,1.9775,1.7168e-14
28886,0.00060948,3868.1,0.098395,2.6035e-05,2.2801e-79,1.6828e-97,8.4866e-09,1.4321e-88,8.4511e-198,1.8841e-29,3.3693e-107,5.3383e-74,6.0736e-101,4.4593e-99
16567,1.9355e-32,1.5382e-39,2885,1.8616e-08,1.3585e-98,2.6687e-118,127.56,3.4103e-143,1.8393e-181,1.1653e-26,0,7.0782e-44,1.5224e-42,2.5832e-15
1.3096e-12,9.0845e-33,1.5004e-13,4.7576e-34,1.4681e-29,4.6864e-17,8.1926e-17,183.8,3.1542e-136,8.5792e-50,8.2459e-40,8.0032,9.6064e-23,6.4786e-56,0.96938
2.0065e-12,2.4573e-17,2.819e-63,4.2163e-44,3.0806e-29,1.4123e-96,2.1614e-66,3.7904e-28,5.7789e-187,6.5458e-170,5.6838e-46,2.0271e-150,8,2.3308e-33,5.9797e-13
7.7751e-15,5.6416e-15,3.1606e-66,9.6321e-111,1.4612e-32,7.717e-32,1.396e-14,4.884e-15,1.0355e-20,2.7184e-15,1.6364e-44,2.787e-102,7.0499,4.8146e-55,0.94539
6.0893e-29,4.9723e-13,4060.2,155.58,3.4484e-14,2.057e-114,0.15073,8.6843e-09,1.6952e-191,46.577,2.4072e-36,2.3305e-60,1.6401e-93,2.3197e-81,0.94543
1.4672e-12,1.8342e-46,1.5789e-90,2995.1,5.181e-17,496.83,5.9096e-23,3.8694e-31,62.162,8.7495e-56,8.5583e-31,2.273e-44,0.00049232,7.3781e-45,6.5964e-13
21979,0.0010126,0.11895,2230.5,2.1541e-08,515.69,9.4565e-47,1.9342e-13,1.8053e-236,5.1582e-09,5.8383e-18,3.7375e-87,3.4251e-16,1.0679e-51,1.4531e-49
1.7475e-12,14269,1.5203e-53,6.5071e-13,9.2265e-08,0,8.8417e-14,126.52,7.0296e-59,8.9677e-96,4.919e-08,1.4696e-86,2.571e-37,6.2368e-56,2.4129e-21
17556,3.8165e-14,8.132e-42,1.4395e-29,2.9183e-26,1.2201e-79,8.2338e-21,122.72,4.0556e-140,1.6964e-105,2.4556e-30,11.122,5.001e-31,8.9713e-28,3.2561e-12
1.9331e-18,6.6272e-13,5411.5,3.3754e-109,1040.8,1.6592e-13,1.8385e-44,2.0645e-12,5.2573e-173,0,4.2408e-30,3.3912e-165,4.4215,7.3761e-48,8.936e-12
1.7768e-12,4.5401e-16,8.9188e-48,3627.3,1.1463e-07,1.1266e-08,9.1624e-74,2.27e-08,2.8493e-59,29.874,2.6433e-15,4.3568e-54,7.2383e-86,2.5682e-40,0
8.2128e-13,2.5791e-13,1.7446e-109,1979.8,4.2499e-18,1.491,3.2521e-23,6.0845e-07,0.31454,1.4299e-41,28.042,2.6415e-113,1.8055e-21,8.1969e-45,8.7211e-13
28728,0.0054668,3.2869e-44,1.2147e-41,4.3348e-11,1.2523e-59,246.36,2.6189e-12,7.4998e-91,1.1609e-246,1.4166e-39,7.0637e-82,2.1012e-15,4.0896e-33,3.6521e-124
1.4532e-12,4.3211e-44,1.9798e-84,2.3266e-31,4.2496e-24,741.66,252.34,9.4834e-30,1.665e-137,1.5771e-82,3.3807e-23,2.0716e-69,2.8481e-80,0.0030678,0.96833
1.001e-12,1.9276e-33,2.7073e-88,1.8426e-34,6.0316e-21,510.85,1.9084e-20,1.3637e-32,77.539,2.0249e-79,1.3634e-20,9.9172,1.0257e-29,3.0594e-56,1.3788e-11
1.7173e-12,1.1824e-46,7011.6,4.441e-14,4.1142e-08,7.2383e-129,4.2903e-15,3.3485e-10,1.4393e-13,8.9553e-46,16.726,2.0619e-121,1.4263e-48,5.7841e-25,6.3517e-19
23886,4.9983e-08,2.5858e-87,3.5068e-35,9.1806e-08,9.823e-18,248.21,3.4478e-22,1.8071e-137,7.6885e-83,2.2521e-31,9.0048e-97,2.1913e-13,4.4588e-35,0.96714
1.1045e-12,9019.1,6.8472e-44,3.1747e-106,3.5749e-14,7.4275e-239,1.3344e-80,173.48,1.9696e-167,5.4064e-43,1.2207e-28,2.4444e-104,5.5578e-08,3.4056e-29,1.0162
1.1257e-12,9191.9,4374.9,4.8881e-14,0.0010499,1.9518e-88,7.717e-15,4.9645e-07,81.013,4.0102e-53,2.3059e-28,8.3313e-129,6.5902e-251,2.8004e-33,1.8192e-12
1.177e-12,9610.8,4527.3,4.3078e-124,3.2212e-06,8.3892e-130,1.0953e-17,151.56,3.7214e-143,4.8421e-102,1.7705e-57,0,2.8078e-21,4.7076e-46,8.8667e-18
20016,4.4859e-14,5.1517e-42,2.3323e-219,1.0498e-16,1.3492e-105,5.2318e-57,4.5874e-21,7.3373e-89,1.8213e-118,6.4331e-33,9.8877,3.9599,4.5374e-45,3.5945e-10
9.3697e-13,5.9866e-20,3825.5,8.0954e-16,1.0229e-06,5.6518e-72,2.2156e-16,226.46,4.1484e-229,2.0925e-51,1.4888e-10,1.8077e-175,1.4838e-23,4.5666e-46,1.4978e-24
23518,21.02,2.0903e-43,4.4607e-16,2.5475e-14,1.1718e-60,7.8856e-24,4.6921e-08,3.3328e-89,9.6368e-33,4.152e-20,8.0005,9.0092e-35,5.0578e-41,0.9697
5115.4,6.3952e-31,3.4055e-74,3.2363e-46,1462.3,496.61,1.3757e-22,3.8677e-31,62.134,1.427e-55,8.5545e-31,2.272e-44,0.0004921,5.0417e-32,6.5253e-13
28808,3.4526e-36,4.2177e-44,1.0209e-126,0.00015259,1.4931e-103,3.0767e-24,9.0006e-32,5.4046e-183,1.0501e-70,2.7547e-26,8.9838e-41,2.104e-37,2.2706e-40,0.95706
1.3573e-12,2.6053e-13,5935.8,4.2623e-16,2.1399e-14,1.6511e-108,251.11,7.0387e-21,1.6603e-268,3.4921e-71,1.0861e-30,7.7507,1.8898e-20,8.5831e-47,1.5199e-128
8.8079e-29,1.5404e-41,3.5961e-13,2936.4,1040.6,9.4055e-10,1.3792e-27,4.0549e-31,8.6246e-114,3.7677e-40,5.2164e-32,7.642,5.6273e-72,7.8143e-27,8.4077e-07
9.286e-14,1.9481e-14,1.4701e-14,1.6302e-13,2.5069e-34,5.1129e-100,1.2227e-79,167.06,1.8591e-133,5.3382e-119,18.391,2.4629e-128,3.9585,1.4652e-27,7.5154e-119
9.323e-13,7612.8,3.1144e-69,1.8418e-29,1837.3,7.9971e-115,3.6745e-45,1.321e-25,1.0854e-11,0,1.1104e-40,2.1326e-89,3.7776e-93,4.1724e-43,1.3443e-95
28608,0.0058012,3.9001e-44,8.4761e-42,5.9108e-60,500.06,4.7282e-74,1.6003e-08,3.1825e-123,9.5643e-34,1.3008e-08,5.8475e-82,2.171e-48,2.3005e-13,6.2715e-19
1.7504e-12,1.4979e-19,7146.5,5.7027e-18,3.5933e-06,1.5562e-96,250.33,4.0916e-07,0.00011962,0.00029214,1.2705e-31,4.8088e-153,4.4865e-24,9.6314e-40,2.2975e-81
1.3319e-12,1.0842e-15,1.5172e-13,1.4466e-30,1.5529e-30,746.96,9.3864e-24,7.9596e-11,1.5502e-137,4.7844e-50,5.8962e-26,8.1314,9.1566e-35,6.1949e-40,0.98557
1.222e-12,4.5463e-22,3.0004e-95,3.0327e-29,7.5697e-14,878.07,1.7349e-14,1.3718e-08,66.064,1.1949e-136,1.8031e-28,1.2386e-94,1.2561e-28,2.1815e-33,6.8054e-12
2.0826e-62,1.7006e-46,1.3887e-30,1.1339e-14,8.9534e-33,4.3127e-189,2.7544e-14,3.8145e-24,112.6,4.3453e-147,1.189e-25,7.6081,1.721e-23,1.2869e-40,7.1721e-12
28047,1.931e-30,7.5906e-80,4.4411e-14,4.1143e-08,9.7327e-129,4.2903e-15,3.6652e-10,5.1679e-139,2.3772e-44,16.727,1.1611e-106,7.8863e-48,5.7842e-25,1.1825e-16
24008,2.7555e-32,3.7493e-56,3.2332e-17,8.3915e-09,0.0059628,9.5826e-17,2.8745e-11,1.6198e-143,3.9549e-172,15.083,2.7792e-17,3.9278,1.6164e-42,3.3297e-15
1.2795e-12,10448,8.2278e-121,1.3261e-28,0.00016401,5.329e-104,3.1601e-20,4.5891e-11,98.601,2.3974e-42,1.7247e-11,5.4178e-17,1.4461e-32,1.9713e-27,1.1752e-14
9.568e-13,3.2207e-15,2.4754e-101,5.2994e-52,6.6397e-27,1.4906e-22,244.16,2.628e-24,0.0041035,9.028e-234,2.4705e-36,4.529e-105,7.0319,1.2184e-41,0
5.4821e-15,6.8045e-17,22.389,10.015,1157.7,6.1153e-05,1.8436e-17,2.7873e-11,4.0442e-65,43.669,6.4276e-69,1.5598e-53,9.3168e-13,2.803e-39,0.96459
6.7957e-29,5.5491e-13,4531.2,4.4485e-30,1.677e-07,1.428e-05,3.8348e-19,3.5772e-12,4.1707e-145,53.379,2.7318e-11,3.5397e-05,4.6697e-150,4.1296e-51,2.6689e-14
8.8569e-29,2.2102e-36,3.6161e-13,2952.8,7.452e-17,1.4136e-109,249.91,1.7622e-10,0.00045839,1.4496e-169,5.0789e-24,0,3.9378,2.9948e-51,1.9621e-19
1.1899e-12,3.7832e-30,1.5073e-59,2.5421e-34,1214.6,7.9538e-93,2.0148e-20,4.1917e-21,103.1,3.0427e-118,2.8161e-20,1.5526e-58,7.901e-30,2.0372e-108,1.5497e-11
8585.6,6.9165,7.6309e-44,1.6285e-16,5.5018e-18,4.2778e-61,7.9459e-21,1.7129e-08,2.4501e-89,42.995,1.9035e-10,8.0382,9.0516e-35,5.0816e-41,0.97427
1.6068e-12,4.5614e-15,2.584e-77,1.436e-30,2.1888e-42,2.3302e-151,410.03,7.1725e-23,3.6262e-76,2.7791e-45,1.1771e-10,1.4321e-293,9.1783e-15,2.3993,1.1578e-13
1.2257e-12,2.747e-30,1.6168e-57,1.4282e-235,6.4286e-33,8.4656e-272,2.5945e-71,156.38,7.3376e-89,7.2411e-99,6.4334e-33,9.8881,3.9601,4.5376e-45,3.5946e-10
9.3095e-13,2.9838e-20,1.5111e-104,1900.5,1.0023e-08,754.8,1.7112e-27,1.5488e-33,7.5658e-136,2.6899e-115,2.1612e-48,7.9691,7.564e-74,1.5161e-45,4.118e-51
22220,1.9988e-13,1.6345e-89,1.9398e-28,3.9639e-08,561.48,1.7274e-29,3.2641e-10,0,2.3802e-108,1.9839e-31,7.9652,2.2674e-22,1.8543e-45,1.6257e-11
9.8895e-16,5.0647e-13,4135.7,0,1.194e-17,3.0279e-115,1.9846e-18,1.6583e-32,82.001,3.7463e-57,1.61e-19,1.272e-79,4.6286,3.2694e-47,7.3046e-15
1.3947e-12,11389,8.3806e-48,2.0849e-18,1088.5,5.0713e-58,8.8557e-97,2.157e-21,2.7581e-159,1.8261e-46,2.5195e-17,7.7449,2.9863e-32,3.345e-115,8.7881e-196
23241,23.367,6.097e-92,2123.9,0.014616,5.8311e-115,0.72152,6.0725e-31,0,5.4333e-249,8.7237e-36,7.6414,9.1034e-25,2.7287e-10,1.9409e-19
1.0795e-28,3.5944e-40,4.4072e-13,6.0119e-34,1799.4,0.99498,1.379e-27,3.962e-21,2.8458e-205,4.718e-103,2.5214e-35,7.6412,1.0878e-22,4.9925e-42,5.9015e-22
6.1394e-13,2.0798e-20,3.7424e-13,7.491e-106,1.2001e-29,3.4455e-130,412.87,3.7765e-22,75.706,0.040846,6.1008e-23,4.8079e-91,0,1.8543e-34,1.3485e-12
8.3333e-13,5.9086e-13,5903.7,1.2452e-191,995.59,2.6662e-111,8.1033e-69,2.9591e-11,4.7771e-65,1.2155e-90,2.6102e-64,2.124e-222,1.5674e-65,1.9772,3.7877e-21
8.2683e-30,2.6351e-37,1.1598e-77,1.6879e-14,137.83,1.2864e-60,262.54,3.7127e-11,78.792,1.0118e-141,2.0723e-29,9.5501,3.9035e-28,8.2614e-08,2.5802e-11
8.377e-29,6.8403e-13,1.196e-13,1.2234e-13,1.1932e-26,6.0378e-31,1.3604e-65,3.666e-23,111.56,1.4576e-179,1.8528e-22,2.9765e-163,3.9231,2.9663e-07,4.6265e-231
4.514e-13,6.1475e-13,4.1224e-18,3.6767e-17,1.0314e-29,3.6844e-14,449.68,2.939e-48,2.318e-285,1.7251e-75,1.1745e-25,1.2621e-120,2.6316e-32,2.8991e-39,0.95645
1.5555e-13,4.8266e-13,3992.1,15.09,1.7444e-07,4.917e-06,6.5197e-38,3.5328e-05,5.5286e-158,46.17,1.0941e-30,3.1076e-05,1.216e-137,1.9687,6.4261e-241
9.5877e-29,9.7814e-30,5.514e-73,9.578e-67,9.9878e-14,2.9753e-59,1.0855e-40,203.89,77.634,3.3662e-108,4.5787e-124,7.7882e-129,3.4884e-29,4.1251e-07,1.1124e-10
9.4924e-13,7751.2,7.313e-101,2.3527e-94,8.6815e-08,9.808e-118,1.0725e-130,1.6269e-09,0.00010453,56.385,1.4864e-26,6.4218e-101,2.3026e-05,6.3426e-27,3.096e-14
23368,9.9621e-16,9.7978e-48,4.6978e-29,8.4232e-17,25.195,7.9085e-21,3.3807e-24,1.0793e-140,32.493,5.6874e-30,1.2294e-143,3.8786,7.2577e-66,1.4305e-12
5.9399e-29,6.1162e-30,2.476e-13,1.6423e-16,2.1101e-20,505.46,8.8188e-17,168.7,0,8.2982e-263,8.8013e-26,9.0811,6.1503e-55,4.1814e-28,0
1.3779e-12,7.3051e-30,1.2531e-127,2.4821e-46,1.2211e-31,3.4367e-14,1.6725e-33,224.93,6.4851e-129,8.4824e-122,9.6091e-12,5.6647e-149,2.1059e-32,2.9007e-33,0.95773
2.6197e-30,4.3312e-29,3.6655e-72,1.7691e-13,6.794e-33,3.5831e-131,6.0958e-30,180.58,68.691,0,1.239e-120,4.1437e-70,1.0684e-28,2.7855e-06,0.92639
6.5517e-15,4.7539e-15,3.6223e-13,4.9675e-107,3.4314e-24,2.9063e-180,1.7409e-17,7.9197e-15,1.8274e-80,8.0855e-113,28.203,2.2625e-61,1.1276e-25,1.2867e-79,0.94543
1.2098e-12,9878.7,1.4234e-47,4.0754e-117,0.00025583,753.95,3.4034e-153,3.3886e-21,9.5919e-215,4.3191e-71,1.016e-26,5.8042e-272,1.3947e-27,1.1167e-49,0.61605
1.3865e-12,7.6912e-20,2.8687e-48,2830.5,1150.3,3.8562e-88,7.2492e-70,3.9502e-07,2.7694e-91,30.041,1.6841e-43,2.4808e-53,1.2992e-23,9.6538e-40,5.6622e-188
1.6706e-30,4.632e-29,1.4017e-29,3.5602e-32,2.0499e-40,3.5884e-99,2.7635e-14,225.66,0.00015661,0.019952,6.2927e-31,8.8701e-76,3.1816e-34,1.889,3.9606e-16
1.004e-12,7.2546e-13,2.2122e-70,4.1218e-45,2.2992e-43,1.703e-20,2.2348e-33,4.9159e-37,3.9962e-187,4.5299e-266,2.489e-31,0,7.035,1.9046,2.7529e-14
18516,7.4411e-12,5419,3.6707e-117,7.574e-25,8.9696e-210,2.0554e-18,9.243e-31,5.5856e-07,5.2005e-146,1.1457e-10,0,3.9488,2.9662e-96,7.4717e-14
6.0197e-29,4.9155e-13,2.4183e-69,1.4142e-51,1003.4,0.0001308,253.24,9.8648e-34,91.888,3.088e-135,8.1593e-69,4.4729e-72,3.7066e-22,3.8145e-52,2.4951e-18
9.7575e-13,5.6591e-32,3983.8,3579.1,1.0519e-72,1.4634e-94,1.9941e-69,7.5798e-20,3.0606e-125,7.5205e-06,1.9607e-08,6.5832e-44,6.4717e-98,6.5517e-35,5.4135e-19
3.396e-13,4.292e-22,7.7061e-96,1.6316e-62,1.0068e-13,1.518e-37,2.1038e-32,210.04,1.1108e-111,4.5559e-74,18.31,2.4426e-106,2.395e-15,7.8524e-56,1.6524e-14
16844,7962.3,1.647e-43,4.3593e-45,7.2477e-10,2.7271e-09,361.89,2.115e-31,1.0461e-84,1.1518e-113,3.5806e-17,8.7392e-82,3.2635e-16,4.8342e-37,3.7015e-131
1.763e-12,1.3456e-23,7197.8,9.8186e-18,2.2727e-05,2.4061e-06,1.0833e-15,5.9812e-21,2.8459e-205,4.7182e-103,0,0.001146,2.2781e-16,4.3865e-42,0.95537
1.0693e-28,8.7317e-13,9.303e-70,3565,7.093e-08,4.9019e-176,6.6757e-14,126.44,1.7272e-61,7.9856e-98,3.2304e-30,8.1057e-87,2.5693e-37,3.6809e-56,4.7514e-48
1.4594e-12,2.4527e-51,1.3326e-168,2979.3,2.121e-13,1.1396e-98,241.62,127.56,3.4837e-05,5.9256e-50,3.0902e-26,2.1739e-135,5.0701e-37,2.3464e-41,2.1007e-14
1.0819e-28,8.8341e-13,7213.6,2.3619e-117,0.00025275,2.7591e-92,4.529e-19,1.1513e-25,8.1475e-67,8.5162e-52,7.1817e-74,0,3.8036,1.2671e-91,3.0368e-110
5.333e-45,4.3547e-29,3.5559e-13,5.6492e-114,2.0762e-31,6.5446e-108,1.635e-14,7.1581e-38,4.9859e-83,1.095e-66,4.395e-90,14.081,3.8014,6.6714e-43,3.035e-110
1.2773e-45,1.043e-29,8.5166e-14,3.2633e-15,7.2333e-31,4.3147e-131,1.4641e-14,5.3175e-25,1.038e-207,2.852e-15,1.474e-52,14.101,1.64e-93,3.8063e-56,0.94548
2.0065e-12,4.4059e-20,3.3905e-16,2.0449e-19,1.6912e-23,1.0394e-26,1.1709e-68,6.6599e-52,128,1.9231e-42,2.7314e-35,2.5922e-161,1.5957e-24,4.9172e-27,2.4928e-259
1.2449e-12,10166,2.4588e-109,1.1161e-28,976.61,639.57,3.1125e-17,1.7093e-11,1.6302e-158,3.0794e-43,2.8573e-11,1.2462e-143,2.2586e-32,5.8223e-34,1.8759e-143
1.7577e-29,1.72e-29,1.0392e-29,9.0271e-138,5.7921e-14,0,6.0794e-33,1.7587e-29,8.0362e-132,8.0892e-19,2.8855e-43,7.3528e-16,4.7471e-47,3.5249,0.94539
1.0841e-12,8852.5,4213.3,2.6575e-129,4.6235e-14,682.38,9.9655e-15,3.7983e-22,5.0554e-63,4.0102e-53,4.2281e-08,8.3313e-129,6.5901e-251,2.8004e-33,1.8192e-12
1.0696e-28,8.7336e-13,9.3693e-75,6.0265e-43,1.2769e-30,891.45,1.616e-23,2.841e-12,8.0677e-146,7.6232e-33,2.9383e-20,2.7738e-17,3.9376,1.04e-28,5.0198e-14
14.473,371.42,5029.5,3.92e-13,7.3666e-08,1.5863e-170,7.8001e-14,2.6143e-23,1.0022e-69,40.197,5.571e-33,7.6412,9.9272e-38,3.627e-08,2.0053e-14
20247,8.4585e-08,2.7406e-80,4.9476,1004.9,5.2901e-115,7.2936e-14,3.4196e-24,1.8192e-93,6.3595e-53,17.424,4.5548,0,1.2545e-34,1.6895e-12
1.3909e-12,3.1705e-16,5679,1875.2,3.8699e-17,0,9.1519e-62,9.4474e-39,3.7713e-83,5.083e-108,17.815,1.1548e-130,9.6669e-83,1.6813e-39,2.541e-12
16147,11700,4.1194e-58,6.0772e-130,3.5636e-14,1.5263e-08,6.1326e-62,127.44,7.8369e-155,1.2482e-163,9.2046e-24,2.6986e-87,1.2519e-16,3.8505e-54,6.0314e-08
3.9039e-30,3.1878e-14,4.2445e-13,1.0349e-47,1.5056e-31,2.5071e-126,1.5722e-17,216.77,2.8876e-191,34.047,6.1471e-33,1.041e-60,1.924e-92,2.6321e-81,2.5784e-27
1.0787e-13,6.6151e-13,1.2145e-64,1.1271e-46,3.4459e-14,1.3603e-17,366.78,8.6614e-25,3.0215e-138,1.4546e-31,5.6697e-26,7.9856,6.9187e-35,8.6683e-50,0.97581
2.0381e-13,2.0345e-34,832.12,3.4731e-15,983.07,4.7805e-06,2.2929e-62,1.8453e-32,1.0963e-182,1.1764e-232,23.244,1.8648e-69,4.9643e-74,1.9251,7.6774e-16
3.6993e-13,7.12e-13,6006.9,4.0588e-47,8.8351e-05,500.93,6.0928e-75,1.2232e-23,2.1799e-59,5.6125e-106,5.6662e-31,3.1196e-299,9.1664e-29,5.0641e-39,0.95891
17246,2.795e-13,9.1809e-91,1.6278e-60,3.3579e-17,0,4.3174e-47,177.13,1.4609e-88,0,6.1468e-43,1.9101e-80,3.9606,4.7643e-58,1.6387e-09
8.862e-16,2.2743e-14,3.0797e-13,2516.5,2.0359e-07,1.0346e-175,4.1811e-24,1.0407e-07,1.0022e-69,40.197,5.571e-33,7.6412,1.3086e-191,2.166e-136,2.0053e-14
28770,3.5967e-30,3.096e-74,1.4373e-174,8.5043e-17,2.8201e-76,5.9086e-23,3.406e-22,62.193,2.2647e-54,3.088e-15,1.706e-45,0.00033711,7.3817e-45,6.5252e-13
1.7832e-14,6.3054e-13,4.1262e-63,2574.6,9.213e-09,9.5788e-114,307.96,7.2046e-07,3.9228e-88,1.3562e-141,1.1834e-22,4.7156e-17,1.2782e-88,1.9723,3.1354e-14
1.9097e-14,1.1711e-13,2.1501e-65,1.9954e-47,6.1004e-15,2.4081e-18,1.6493e-14,4.0063e-41,69.266,1.0988e-31,20.229,9.2761,8.8166e-35,1.0069e-49,2.7667e-15
5.8595e-29,1.9724e-31,2.1732e-31,6.5267e-162,5.9314e-43,1.0517e-40,1.4954e-14,122.11,2.91e-07,1.4001e-145,2.4711e-36,4.6259e-66,7.0336,1.2187e-41,1.4805e-14
1.751e-12,14298,4000.5,1.9135e-32,0.00015275,2.5517e-133,1.0715e-22,2.1575e-08,2.8819e-09,2.6931e-40,1.4437e-38,9.8902e-164,3.9558e-25,1.5009e-25,2.3441e-252
1.7133e-12,13990,2.6567e-59,4.4306e-14,4.1045e-08,9.7095e-129,4.2801e-15,6.0571e-11,5.1557e-139,2.3716e-44,16.687,2.6588e-87,2.2616e-46,2.7917e-26,1.0282e-16
9.1378e-16,8.8144e-13,7197.5,5.606e-13,1.0535e-07,2.2685e-170,5.4762e-14,3.7386e-23,1.4332e-69,1.3625e-154,5.571e-33,7.6412,4.9961e-39,3.627e-08,1.3341e-12
1.764e-12,3.627e-14,7208,4.9117e-29,9.4746e-09,3.0345e-116,1.7473e-23,8.7514e-21,1.2118e-130,1.5239e-180,5.6412e-08,3.1334e-119,7.1862e-37,1.9057,2.2786e-13
7.6238e-29,2.1349e-29,3.5676e-13,1.376e-14,1460.9,0,2.2336e-60,179.95,2.8849e-127,4.6113e-103,2.8103e-33,2.1665e-90,5.4398e-15,1.241e-26,2.4385e-10
9.799e-13,8001.5,8.5838e-59,5.5213e-27,1.1698e-14,2.5606e-13,9.0656e-24,184.49,1.5237e-142,1.3917e-32,3.686e-20,2.7738e-17,3.9376,7.8915e-44,6.1441e-52
1.0809e-28,4.8987e-42,4.4133e-13,3603.7,6.9739e-09,2.1268e-146,1.5747e-31,0.24779,1.1069e-103,5.0839e-40,4.8637e-26,7.6088,2.3865e-15,9.4047e-78,3.194e-07
1.0647e-28,8.6936e-13,7098.9,5.3137e-13,4.1539e-05,9.0502e-75,1.6138e-19,2.098e-31,63.881,1.6209e-160,7.2336e-31,5.2046e-05,1.2891e-43,1.3938e-07,4.3382e-15
1.0274e-46,2.8486e-45,8.6198e-46,2.1894e-48,1.2606e-56,2.2068e-115,1.6995e-30,1.3877e-14,113.32,0.020039,6.32e-31,8.9085e-76,3.2052e-34,1.8972,3.9777e-16
28538,0.0047063,1.5005e-53,6.5071e-13,9.2265e-08,0.0001257,8.8417e-14,126.52,7.0296e-59,2.979e-198,5.1356e-08,1.4696e-86,2.571e-37,1.6291e-51,3.3809e-21
18683,13537,7.9735e-33,5.6548e-14,0.00067517,1.9889e-07,2.4273e-50,1.1585e-08,7.8463e-140,6.3672e-163,1.9219e-23,1.0432e-58,6.4659e-09,4.0694e-54,3.9874e-08
20463,8.792e-14,4759.2,63.924,3.9738e-17,1.6072e-195,2.7991e-17,1.3006e-39,1.654e-125,4.7133e-122,16.717,5.294e-131,6.4016e-21,3.5998e-33,4.3542e-18
4.1636e-13,6.8003e-13,5807.2,9.2258e-98,0.00046691,1.0236e-81,267.01,1.169e-21,8.1427e-67,1.7883e-50,2.9685e-74,2.1109e-15,3.8014,6.6714e-43,3.035e-110
6.1743e-14,7.273e-13,5944.2,9.6692e-17,6.8057e-18,4.9092e-13,246.66,1.5135e-08,1.7715e-06,1.8284e-286,1.0406e-10,3.9782e-16,1.2345e-79,1.9708,2.0246e-13
8.1553e-29,2.9388e-32,9.2903e-30,5.8071e-46,8.8157e-37,4.5738e-14,5.7475e-40,4.8738e-27,93.369,3.8948e-50,2.5759e-26,8.1314,9.1566e-35,6.525e-39,0.98556
25169,74.102,5.3311e-44,4.1334e-29,1.674e-08,2.2009e-61,2.514e-27,4.1136e-23,1.5709e-135,1.3762e-09,3.5506e-15,6.8501,2.6935e-16,1.9046,1.3921e-14
21327,7771.1,5.7221e-93,2428.2,8.0063e-05,1.5185e-05,2.6468e-204,5.6289e-23,2.9185e-169,0,2.9809e-31,2.2812e-87,5.8122e-25,1.4821e-41,2.6005e-12
1.1018e-46,3.0551e-45,6.4365e-46,3.1978e-49,1.2552e-56,5.0949e-121,1.6922e-30,1.3818e-14,1.2613e-30,1.2217e-18,3.8532e-47,14.104,3.1816e-34,1.889,6.7283e-11
28357,2.8861e-19,7.0017e-80,8.0555e-38,1.9678e-10,3.0774e-06,7.8622e-73,7.7475e-22,0.0074468,1.6383e-233,4.4833e-36,8.2189e-105,4.0119,1.2186e-41,3.7918e-09
14690,6.9719e-06,2.2163e-59,6.5738e-16,1097.3,9.5416e-09,1.8589e-50,1.3154e-08,3.5921e-132,8.6042e-72,1.0729e-27,8.438,8.6492e-16,1.9559,6.9183e-22
1.3313e-12,1.9407e-14,7.6216e-95,6.311e-50,1359.5,4.4505e-115,6.1361e-14,3.236e-22,62.291,2.0213e-54,18.175,2.6482e-90,0,3.6395e-07,1.8531e-12
1.4061e-12,1.0607e-29,5741,0.61487,1065.5,8.0167e-61,6.2381e-78,3.4173e-07,1.1392e-122,0.0064068,9.4398e-31,1.2159e-53,2.5017e-15,1.5773e-49,0.97746
9.4933e-13,8.5869e-20,4.4783e-117,1.4408e-110,5.3164e-24,4.1619e-168,242.25,4.2545e-11,0.12075,56.391,1.4865e-26,6.4224e-101,2.2654e-05,8.832e-50,3.0963e-14
1.0376e-12,2.1874e-13,1.9831e-56,1.3121e-235,5.7052e-24,7.5904e-122,2.9434e-73,6.3195e-37,1.4684e-115,35.919,5.9108e-33,10.678,3.9226,4.5392e-45,2.0968e-28
22131,1.1659e-05,1.8337e-48,1977.9,7.061e-09,1.1459e-13,1.1278e-55,63.638,63.857,5.0167e-119,8.3018e-31,2.3427e-100,2.3252e-32,2.997e-45,2.7845e-14
1.1536e-12,4.1688e-16,3.351e-71,2354.9,4.5271e-09,0.00016957,2.8266e-14,3.0388e-22,75.881,6.1266e-137,18.726,1.6733e-113,1.1784e-35,1.6178e-52,1.4918e-14
1.7559e-12,2.1952e-46,1.8896e-90,3584.5,2.2214e-11,2.811e-76,4.1163e-16,3.1835e-30,61.991,1.8039e-56,2.0344e-15,1.7005e-45,0.00033602,8.1494e-45,6.5782e-13
1.7644e-12,4.5317e-15,6.5982e-59,2.2078e-30,2.2557e-21,900.48,4.1612e-17,6.2688e-21,0,2.4443e-09,9.8174e-21,1.3351e-44,1.2175e-14,1.9046,1.3921e-14
0.20877,0.49148,3884,2938.1,7.8068e-13,0,2.648e-19,9.5364e-13,9.534e-05,2.6902e-131,1.9691e-27,8.1695,1.2609e-46,1.5037e-53,9.8283e-08
1.756e-12,7.486e-32,7.3625e-64,3.513e-45,6.3296e-33,1.8933e-15,5.9428e-37,1.6256e-38,8.1107e-157,56.043,6.0217e-30,4.4047e-144,3.8783,7.2572e-66,2.0972e-14
1.2694e-12,4.1268e-18,8.5639e-95,2591.3,3.0969e-14,1.7494e-175,6.1784e-24,8.4884e-08,71.616,2.8955e-54,1.1549e-30,8.577,3.1252e-190,5.8317e-119,8.6342e-282
24235,4.6499e-36,3.5482e-44,8.5889e-127,7.568e-08,1.2561e-103,4.7178e-14,7.5719e-32,4.5467e-183,8.8338e-71,15.211,8.9842e-41,2.1041e-37,2.2707e-40,0.95711
21504,9385.3,0.080982,7.9419e-107,1005.9,4.3019e-09,8.4203e-151,8.0338e-21,1.0485e-213,2.2389e-115,6.3358e-33,5.6987e-141,2.8403e-21,4.7063e-33,1.7054e-12
7.6492e-29,6.246e-13,5100.3,1.5708e-60,7.8815e-18,6.3562e-07,2.5416e-16,155.48,7.8502e-84,3.2801e-51,1.39e-06,0,3.9478,4.5599e-45,1.9953e-10
2.1231e-13,4.7567e-13,3.0131e-193,3.9198e-38,4.6523e-15,1.7294e-22,249.46,2.9461e-21,6.1747e-05,1.2512e-42,23.08,2.6033e-107,3.9505,4.0121e-32,0
17228,5.4417e-05,3.5655e-47,2.179e-14,5.318e-05,720.37,9.7191e-43,4.4517e-07,8.3935e-62,6.1703e-52,2.2007e-30,2.325e-65,4.5841e-33,1.8881e-40,0.95657
1.0765e-12,7.3072e-20,3.7601e-206,4.0964e-14,1.1295e-29,574.27,6.7171e-26,5.7756e-21,1.7474e-58,3.4487e-41,26.566,2.9965e-107,1.0708e-23,3.9157e-32,0
