0.16271,0.088256,3.7681,0.12575,0.11031,0.38177,7.6792,0.17621,0.37851,0.45051,12.475,0.19485,0.79855,0.58188,0.47537
1.3418,0.053118,0.3208,0.1027,0.14468,6.6842,0.13495,0.37229,0.14296,0.19588,0.15325,12.629,0.67234,0.46893,0.59359
0.06597,0.059841,0.063027,0.061546,0.085934,0.062117,0.062378,9.5874,0.10469,11.011,0.44384,0.085605,15.331,0.44899,0.28118
0.26545,2.4796,0.28917,0.17634,5.7842,0.59349,0.23502,0.12819,0.19393,1.1153,0.87079,13.587,0.12044,0.25074,0.26532
0.18953,0.094276,3.7173,0.3231,0.21673,0.16157,8.1366,0.14927,0.4037,0.45045,0.17337,13.128,0.79486,0.30234,0.39294
0.16852,0.078045,0.094604,0.073578,6.2009,6.407,0.41089,9.4113,0.36788,0.21102,0.33024,0.16019,0.95206,0.71902,0.19685
0.24495,0.20818,3.865,0.16074,0.098271,6.7085,0.29484,0.13462,0.10123,0.21466,0.12617,0.38257,14.202,0.21989,0.25495
0.073378,0.073186,0.073192,0.084601,0.23703,0.080128,0.077785,8.3716,0.27147,0.15301,0.11366,0.28513,0.22888,18.133,16.896
1.6858,0.064675,0.079418,0.12938,0.092244,0.19095,0.378,0.53578,0.27876,0.50066,12.809,0.098862,0.40491,0.32809,0.27681
0.068996,0.056607,0.30687,4.4427,0.12912,0.085593,0.12076,0.061183,10.494,0.10626,0.40204,0.43071,0.33227,0.17071,18.047
0.15176,0.055822,3.635,0.20996,0.06194,0.13524,0.11793,0.27204,9.7732,0.095263,13.003,0.70492,0.327,1.0177,0.77266
1.1943,0.12018,0.073327,4.4024,0.2482,0.12717,0.098375,0.074015,0.19841,0.26039,0.22444,0.29024,16.274,0.76597,0.54328
0.074645,0.067891,0.068834,0.068354,0.067573,0.62693,8.3884,9.1057,0.096104,0.34429,0.96718,13.711,0.27234,0.56395,0.1446
1.7308,0.10531,0.15889,0.2255,0.093942,0.076229,0.21057,0.22224,0.65152,0.18817,0.46747,0.1568,0.67083,15.646,0.44363
1.3214,0.074966,0.089288,0.079157,0.085418,0.15562,0.28429,0.40933,0.2301,0.40405,12.245,0.47074,14.396,0.37265,0.4408
0.24273,2.5047,0.17003,0.14968,5.3917,0.142,0.18468,0.31257,0.089633,0.52675,0.5602,0.92866,0.46487,1.0274,17.547
0.061394,0.043345,0.059127,0.043383,0.048759,1.2509,8.6556,0.25208,0.263,0.25366,12.291,0.12365,14.294,0.12457,0.059904
1.2667,0.10512,0.1366,0.10795,0.14748,0.11778,0.29124,0.20445,0.19422,0.08121,13.145,12.972,0.33025,0.55924,0.12351
0.088359,0.080998,0.36994,5.0919,0.15265,0.19489,7.694,0.26866,0.17509,0.18289,0.35055,0.48443,0.52078,15.597,0.32228
1.7031,0.06356,0.077899,0.12965,0.092194,0.19211,0.38136,0.5418,0.2811,0.51749,0.31205,13.645,0.43806,0.36267,0.31276
0.058234,0.057927,0.057798,0.065867,0.19062,0.089411,0.063632,13.495,0.22903,0.12571,0.5028,13.044,0.18399,0.72905,0.82063
0.068858,0.067858,0.068033,0.11158,0.076485,0.91543,0.077884,9.3559,10.321,11.595,0.47757,0.31319,0.15952,0.86134,0.33278
0.27012,2.3505,0.1309,4.9437,0.24383,0.14308,0.30955,0.19485,0.2595,0.36427,0.12584,12.87,0.13107,0.52369,0.61157
0.211,2.2501,0.18363,0.39564,0.16191,0.52868,8.6185,0.10628,0.11705,0.84855,0.24824,13.778,0.32218,0.42697,1.3113
0.24034,3.3934,0.1429,0.28026,0.092432,0.091461,0.20511,0.32858,0.33898,0.089444,0.57778,0.78295,0.36461,0.25458,16.753
1.6046,0.10948,0.074836,0.28592,0.048698,0.12778,0.33635,0.16432,0.49572,12.44,0.14806,0.24211,0.23764,0.22389,0.13105
0.27446,3.0841,0.17408,0.11428,0.2892,0.11922,0.24959,10.367,1.0826,0.14772,0.52708,0.35512,0.34841,0.27244,0.1896
0.13368,0.14842,3.4614,0.2984,0.14432,7.4609,0.11304,0.13256,0.25935,0.14326,0.46681,0.36008,0.73363,0.13783,16.296
0.048537,0.047266,0.047323,0.08079,0.58317,0.10162,0.082804,0.095982,0.086699,12.119,11.905,0.13472,0.6115,0.28926,17.583
0.11776,0.11009,0.36905,4.3453,0.21669,0.14564,0.19218,0.14412,0.21323,13.263,0.2032,0.24286,0.16833,0.82836,16.084
0.051715,0.044807,0.047353,0.37761,5.3576,0.090642,0.19335,0.046598,1.0879,0.24307,12.898,0.35946,15.874,0.33614,0.16105
0.029571,0.028,0.028227,0.028118,0.028327,0.14859,0.031052,0.028752,0.028647,0.036088,11.869,0.23741,0.075723,17.402,17.134
1.2156,0.26705,0.17136,0.059184,0.091003,0.064593,8.3753,0.062815,0.16185,0.047369,0.13789,0.10736,0.21398,15.316,0.77871
0.029125,0.02904,0.029052,0.029046,0.029057,0.035539,0.029312,0.029092,0.029079,0.029404,0.10892,0.02997,0.030966,23.033,17.132
0.076873,0.076613,0.080417,0.076993,0.076994,0.07704,0.085346,0.076911,0.077059,0.23087,0.18317,0.079538,16.213,15.102,17.225
0.21736,0.063801,6.0392,0.064361,0.12832,0.065747,0.25043,0.0859,0.24283,0.16613,0.31477,0.092603,0.60609,0.10218,0.15328
0.055206,0.054151,0.054307,0.074704,0.37441,0.074176,0.065608,0.06033,15.072,0.057352,12.135,0.82449,0.16849,0.47462,0.05588
0.08441,0.084408,0.084409,0.084468,0.08531,0.09742,0.27798,0.11196,0.10231,0.085126,12.82,14.391,0.15215,15.651,0.53854
0.059186,0.050901,0.052335,0.41221,0.10551,7.0198,0.14185,0.05349,10.278,11.647,0.4366,0.27097,0.15658,0.86276,0.60323
0.25101,0.050405,3.3444,0.052131,6.2748,0.059708,0.21814,0.16721,0.48528,0.13078,0.26773,0.38901,0.41715,0.17273,16.463
0.037252,0.0353,0.064938,0.54726,0.048703,0.097167,0.11709,0.054522,0.092225,10.918,0.12149,0.038573,15.96,15.974,0.73885
1.7143,0.11121,0.087863,0.27968,0.12396,0.29194,0.11928,0.13807,0.64245,0.41983,0.41455,0.68232,0.57864,0.33195,16.983
0.05836,0.051429,0.052125,0.42091,5.9436,0.11266,8.4085,0.11659,0.2611,0.2291,0.39628,13.058,0.2146,0.099826,0.10424
0.06063,0.060399,0.068942,0.19824,0.068544,0.061409,0.061769,12.818,0.22323,12.09,0.2433,0.41478,0.097869,0.09954,1.3316
0.16294,0.047084,0.062285,0.071405,7.9105,0.13994,8.6228,0.062827,0.067636,0.12038,0.10183,0.09332,0.36158,0.11905,0.71761
0.2308,3.3134,0.13288,0.16581,0.28442,0.18167,0.3251,0.1754,0.24695,11.562,0.21285,0.24125,0.098847,0.14059,0.34974
1.6817,0.12851,0.20223,0.067362,0.13224,0.16357,0.25928,0.52375,0.64919,0.23346,0.67932,0.87507,14.975,0.91493,0.27393
1.2043,0.10315,0.077738,0.077733,0.11622,0.17228,0.64178,8.6439,0.17278,0.059765,0.35642,0.14569,0.19022,0.14752,18.308
1.2807,0.12612,0.16151,0.21249,5.7785,0.14117,0.11465,0.256,9.9212,0.3509,0.076176,0.40697,0.28094,0.11763,0.12057
0.16356,0.17139,3.4173,0.12737,6.2665,0.10866,0.11935,8.8639,0.20758,0.17166,0.29698,0.31947,0.12504,0.32916,0.075071
0.15262,0.066751,0.08059,0.071693,6.0263,7.0866,0.2041,0.23921,9.8857,0.38692,0.33085,0.16448,0.18014,0.1779,0.17899
0.12543,0.046503,3.5017,0.095411,0.20671,0.38438,0.15601,9.2951,0.10519,0.045679,0.15409,0.32592,0.39541,0.35252,17.197
0.080744,0.073178,0.38494,5.3813,7.5314,0.14728,0.16382,0.13601,0.11119,0.27943,0.18851,0.38554,0.21856,0.21324,0.39255
0.045911,0.045891,0.045884,0.047297,0.068188,0.046357,0.045899,0.046204,0.046686,12.279,0.4433,13.142,0.068069,0.055416,17.221
2.0404,0.15024,0.073674,0.059938,0.10775,0.25595,0.41972,0.63071,0.42276,0.11051,0.55287,0.94989,0.19332,0.45176,0.9599
1.303,0.098767,0.096584,0.071664,5.6906,0.16665,0.10178,0.22621,0.54426,0.14437,0.075818,0.48267,14.388,0.21062,0.70501
0.027794,0.026542,0.026323,0.026308,0.027217,0.14682,0.030635,0.026374,0.026464,0.031327,0.026562,0.028728,21.448,0.11897,17.025
0.085695,0.075613,0.36714,5.0783,5.6212,0.090991,0.18428,0.60504,0.27942,10.927,0.2051,0.83793,1.152,0.11929,0.12971
0.22215,2.4228,0.12975,0.14287,0.12179,6.7304,0.1448,0.23481,0.31043,0.45321,0.93749,0.36736,15.279,0.93855,0.63815
1.4039,0.060322,0.15018,0.26391,0.061899,0.38768,0.3189,0.1604,13.144,0.044636,0.38985,0.10121,0.090989,0.048674,0.7323
0.19454,0.081403,5.1482,0.13842,0.41386,0.096853,0.21394,0.17245,0.46641,0.39065,0.22341,12.612,0.11148,0.44572,0.91931
0.048055,0.042521,0.040801,0.40291,0.040247,6.985,0.16218,0.3172,0.32911,0.11811,12.274,14.253,0.17512,1.3935,0.13903
0.070725,0.063717,0.35111,4.921,5.7494,0.41849,0.28654,8.8825,0.22266,0.30724,0.07964,0.45026,0.41503,0.10614,0.12555
0.049877,0.050151,0.048888,0.049364,0.048932,0.15453,0.054103,13.124,0.75184,0.49962,0.15851,0.12091,0.13597,16.132,0.18647
0.14563,0.077545,3.6864,0.27447,5.8318,0.27373,0.25093,0.35078,0.49778,10.859,0.54208,0.22391,0.56535,0.69807,0.83349
0.036789,0.036633,0.036588,0.036597,0.036592,0.055126,0.036997,0.036585,0.03668,0.037225,0.12776,0.038138,0.036822,28.036,0.13745
0.033581,0.029764,0.029069,0.029248,0.032335,0.38675,0.046045,0.031693,0.03032,0.0417,18.199,0.11016,0.17235,0.36796,16.915
0.19873,0.10279,0.062779,4.9963,5.5137,0.15671,0.09852,0.29902,0.65303,0.49786,0.14881,13.428,0.23083,0.18658,0.050167
0.046442,0.046124,0.04601,0.068605,0.4028,0.053927,0.046206,0.051079,0.05885,16.684,0.58578,13.312,0.2333,0.077231,0.69438
0.38548,3.1141,0.14788,0.33339,0.18268,7.8326,0.40305,0.25578,0.25273,0.14228,0.18214,0.38625,0.28851,0.52228,0.1415
0.07446,0.066374,0.065448,0.067224,0.064536,0.065171,0.13581,9.1593,0.10548,11.434,0.27355,0.25049,0.36958,16.697,0.72232
0.16068,0.074363,3.7183,0.35941,0.12309,0.08094,0.15394,0.0691,10.181,0.24798,0.3403,0.15906,0.3858,0.21806,16.747
0.10779,2.5048,0.090934,0.24409,0.28533,6.9304,0.31154,0.094673,0.25156,0.53633,0.37368,0.16063,0.6083,0.55249,16.348
0.1826,0.057586,4.8304,0.21383,0.087623,0.19433,0.069905,0.35193,10.89,0.085342,0.075756,0.23186,0.3553,0.2197,0.12624
0.049283,0.043787,0.041842,0.43318,6.2886,0.19143,0.057446,1.008,0.28778,10.915,0.6108,13.336,0.26728,0.11437,0.23259
1.2515,0.10125,0.075599,0.23314,0.17518,0.3459,0.2675,0.4069,0.53552,11.315,0.42607,0.082551,15.009,0.3135,0.33057
1.301,0.069783,0.053877,0.11576,5.4602,0.19604,0.29408,0.089449,0.22447,0.51974,0.12052,0.12687,0.28338,0.18405,16.663
0.035283,0.033279,0.033153,0.032249,0.034329,0.29207,0.04268,0.044757,14.862,0.27398,0.051409,0.18042,0.79098,0.20751,16.993
0.047139,0.038759,0.043853,0.039144,0.039345,0.84639,0.059822,0.06282,10.853,0.26806,12.871,0.11406,14.123,0.50929,0.21695
0.13248,0.045483,0.04864,4.7495,0.34739,6.7042,0.21529,0.21021,0.14185,11.713,0.55438,0.4615,0.25004,0.21322,0.052706
0.17148,2.4096,0.16496,0.57697,0.13443,0.076537,8.4516,0.25464,0.30688,0.32491,11.984,0.25413,0.56847,0.17996,0.23904
0.16513,0.051037,0.061859,0.12362,8.4411,0.14615,0.35481,0.18631,0.13265,10.756,0.1175,0.28345,0.063389,0.091635,0.25567
0.053353,0.047015,0.051921,0.046614,0.047488,0.58997,8.1365,0.26562,0.092285,0.16146,0.13286,14.545,14.256,0.069162,0.22105
0.1776,2.3347,0.11984,0.079012,0.44255,0.29562,0.74491,8.7282,0.33238,0.43202,0.087735,0.3255,0.37427,0.33875,18.392
0.037352,0.036903,0.03682,0.037054,0.037213,0.080408,0.039258,0.10411,0.040699,0.038872,0.12916,19.886,0.050133,0.19307,16.898
0.037663,0.03754,0.037534,0.037551,0.045987,6.9778,0.13312,0.13181,0.11489,0.20784,0.53844,0.43862,15.226,0.10283,17.095
0.03198,0.031947,0.033235,0.053737,0.032225,0.067318,0.033627,0.076765,0.44838,0.065725,0.057568,13.304,15.837,0.1517,17.111
0.070886,0.070462,0.12872,0.073882,0.073925,0.071996,8.022,0.14811,0.26609,0.15879,0.22463,0.07956,0.26154,16.236,17.654
0.045886,0.044239,0.044377,0.045263,0.16681,0.10316,0.044437,9.6054,0.20269,0.19014,0.18926,0.094408,13.803,0.96635,18.079
0.036474,0.036062,0.035915,0.06457,0.48818,0.044303,8.1082,0.42022,10.893,0.2086,0.43474,13.175,0.040487,0.092328,0.98008
0.04717,0.039036,0.14962,1.0532,0.093413,0.059352,7.9025,0.12544,0.2018,11.584,0.46629,0.073151,15.052,0.36655,0.81291
0.054989,0.052913,0.14414,0.12865,0.08191,0.059817,0.069978,0.055836,0.06857,0.058454,13.651,13.591,0.9373,0.2452,16.435
0.026867,0.028459,0.027157,0.027022,0.026818,0.096674,0.030686,0.026675,14.611,0.11465,0.25368,14.006,1.0854,1.3633,0.33662
0.12678,0.039948,0.042186,0.039299,0.057873,7.0552,0.4588,0.30944,0.20764,0.08661,0.36715,13.566,0.37159,16.264,0.32043
0.15723,0.069125,3.528,0.080303,0.2683,0.089455,0.19817,13.091,0.59837,0.21514,0.34095,0.25822,0.64371,0.58045,0.074009
0.13261,2.455,0.12214,0.12035,0.32108,7.0195,0.55115,0.40157,10.05,0.14427,0.99053,0.89838,0.10926,0.93263,0.62801
0.16916,0.050573,0.07279,0.11571,0.061603,7.304,0.41623,0.16447,0.084997,10.67,0.82931,14.159,0.4839,0.70433,0.069334
0.031492,0.031476,0.031477,0.031486,0.032687,0.031489,0.03152,0.031496,0.031487,0.058368,0.031651,0.031818,0.032537,0.031518,30.031
0.063923,0.063526,0.063552,0.063591,0.063679,0.09636,0.064359,16.061,0.23657,0.11532,0.34214,0.23467,0.15215,0.12434,0.089162
1.1669,0.075783,0.17435,0.089991,0.10116,0.16778,7.9976,0.061052,0.14829,0.092376,0.095436,0.15836,15.768,0.10338,1.0623
0.38565,2.3317,0.058177,0.064207,0.59588,7.0374,0.14183,0.12633,0.18115,0.34566,12.139,0.95928,0.11308,0.4094,1.0405
0.098793,0.084707,0.38971,5.2617,0.14106,0.30239,0.16353,0.18194,0.14315,10.937,0.14018,12.807,0.61937,1.4223,0.16321
0.158,0.071965,3.4291,0.137,0.18356,0.14588,7.6789,0.12483,0.58894,0.21828,0.41874,0.33886,0.29127,0.64277,18.737
0.09354,0.058369,0.057921,0.060664,0.057558,0.065319,0.072947,0.061326,0.39994,16.737,0.18794,0.2352,14.376,0.23178,0.57098
0.03197,0.031905,0.033849,0.064796,0.032028,0.56762,0.12277,0.087449,10.423,0.30096,0.053936,0.16883,14.898,0.0882,17.461
0.047027,0.046753,0.046823,0.048615,0.046755,0.088397,0.051127,0.1196,18.039,0.26728,0.04724,0.20042,0.25061,0.31031,0.73894
1.7057,0.2997,0.063609,0.14889,0.058991,0.31083,0.28971,9.0658,0.34302,0.1741,0.088212,0.43911,0.40355,0.077633,0.11233
0.055548,0.047967,0.04785,0.05108,0.047959,0.57159,7.8565,0.10101,0.14575,0.20362,13.109,0.18207,0.18641,0.11735,17.391
0.12381,0.049004,0.04401,0.059238,5.4104,0.12738,0.047544,0.089727,0.11376,12.165,0.059298,0.33801,0.16551,0.20453,17.581
0.1218,0.11699,0.061197,0.077151,5.9491,7.2052,0.061952,0.1007,0.2093,0.058111,0.15634,0.33473,0.17136,0.27083,16.227
0.17445,0.049377,0.048296,0.066439,8.4362,0.048498,0.21417,0.11236,0.072989,0.21537,0.69215,0.54246,14.026,0.066852,0.55473
0.09487,0.055366,0.047709,0.53778,8.4078,0.075917,0.26889,0.068805,0.15226,0.05526,0.35316,13.106,0.048353,0.34255,0.14171
0.27307,3.2716,0.08416,0.093598,6.0285,0.20883,0.35952,0.14637,0.12184,0.43395,0.12921,0.48261,0.6593,0.63432,0.2492
0.1702,0.043943,0.085121,0.080166,0.12672,10.042,0.20203,0.090164,0.082513,0.17748,0.29943,13.175,0.73998,0.71884,0.26866
1.3506,0.062916,0.23274,0.23863,5.3345,0.23107,0.1017,0.14604,0.37004,0.25518,0.20154,13.177,0.27404,0.072333,0.13957
0.17151,0.058285,4.4115,0.07501,0.24736,0.15985,0.10354,0.13394,0.11351,0.094808,0.2051,0.10081,17.866,0.52498,0.38799
0.047331,0.039166,0.32804,4.9557,0.2229,9.4742,0.04303,0.31581,0.33472,0.078441,0.42453,0.13402,0.26944,0.53613,0.29176
0.082352,0.040696,0.047294,0.53172,0.090183,9.9119,0.077825,0.14444,0.1494,11.328,0.1151,0.26494,0.099374,0.1049,0.52572
0.053471,0.05167,0.05174,0.05187,0.17693,0.05216,0.056496,13.05,1.0173,0.17504,0.090847,0.21569,0.29078,0.060035,17.461
0.11694,0.041769,0.046878,0.065557,5.9178,7.1938,7.6032,0.1346,0.26625,0.089136,0.20853,0.42218,0.23016,0.35027,0.23636
0.081595,0.085969,0.36825,4.99,0.4088,0.15645,8.0004,0.52723,0.23977,1.0085,12.033,0.26487,0.40903,0.20098,0.12272
0.1253,0.042148,0.049155,0.073589,6.0871,0.14348,0.029284,0.13908,0.10399,0.088974,0.077622,0.10401,14.776,0.44,16.693
0.036301,0.041426,0.34816,5.4434,0.061744,0.2981,0.22257,11.762,0.39464,0.056176,0.33756,0.037201,0.16623,0.10712,0.22535
0.072127,0.056775,0.052623,0.42305,6.1098,0.092264,0.19413,0.073045,0.14257,0.11602,0.072938,13.577,14.594,0.12814,0.13995
0.033188,0.03298,0.041388,0.17608,0.037387,0.038119,0.045925,0.039597,0.042309,0.038173,0.075157,0.034607,26.028,0.24942,0.070811
0.064021,0.064132,0.084684,0.064335,0.063965,0.064045,0.069247,9.8838,0.14827,0.48401,0.12634,0.10191,14.6,15.658,0.24558
0.032153,0.02929,0.12627,0.076009,0.071758,0.058308,0.035335,0.71404,10.643,0.035283,0.34508,14.43,0.03703,0.45578,16.176
0.049143,0.048678,0.048616,0.048734,0.087656,0.049673,11.713,0.12378,0.33413,11.101,0.11992,0.082925,0.095432,0.21333,0.28631
0.18168,0.059541,4.35,0.15278,7.0105,0.062989,0.17295,0.11882,0.24027,0.28616,0.16662,0.059035,0.17222,0.27624,0.40728
0.033305,0.028305,0.042139,0.029426,0.51588,0.03715,8.7444,0.20141,10.126,0.030429,0.12223,0.054758,0.10914,0.049322,16.321
0.13153,0.14312,3.6115,0.065888,0.084155,0.12871,0.15994,0.053446,0.15447,0.10689,11.94,0.57172,0.15107,16.68,0.36842
1.1791,0.19963,0.13735,4.8221,0.1453,6.9138,0.41898,0.14781,0.27448,0.24647,0.069388,0.42925,0.65353,0.44287,0.49209
0.041525,2.3333,0.13571,4.9414,0.13746,0.14512,0.26912,0.098138,0.29465,10.892,0.36318,0.36692,0.4311,0.3721,0.3561
0.12256,0.033908,0.042652,0.04858,5.8348,0.053327,0.20648,0.038112,11.191,0.17033,0.062408,0.21826,0.068855,14.713,1.2102
0.049081,0.043125,0.33309,5.0104,0.16314,0.11242,0.044221,0.39912,0.21965,0.27237,0.043852,13.224,14.493,0.16267,0.32905
0.12524,0.070154,0.050738,0.0753,5.5639,0.161,0.41853,10.055,0.20854,0.24461,0.22308,13.188,0.12076,0.074178,0.082319
0.028815,0.028896,0.028763,0.030893,0.028902,0.070328,0.02983,0.030363,0.030914,14.572,15.12,0.095869,0.04834,0.60165,0.53406
0.047944,0.047905,0.047916,0.049988,0.081114,0.048202,11.815,0.14089,0.24214,0.20906,0.37533,13.039,0.18767,0.14348,0.054951
0.040302,0.027212,0.49511,7.9946,0.38323,0.035507,0.19938,0.050518,0.14559,0.18808,0.32589,0.048524,0.15278,0.18301,0.26914
0.12248,0.028937,0.034423,0.038326,6.036,0.1401,0.082043,0.29261,0.28336,0.041128,0.36569,14.042,0.2576,15.233,0.28369
1.2448,0.072492,0.17262,0.1739,0.13794,0.16079,7.9409,0.070943,0.15528,0.4507,0.0709,0.050952,0.25165,0.13892,17.015
1.4942,0.089205,0.072945,0.067044,6.927,0.08225,0.45535,0.080745,0.31596,0.1031,0.24386,0.54898,0.29406,0.65159,0.06746
0.047891,0.040157,0.040963,0.41962,0.060613,7.3112,8.1673,0.092802,0.54337,0.21002,11.933,0.13926,0.1054,0.042215,0.62564
0.14468,0.053908,0.065313,0.081492,7.0623,8.5434,0.095004,0.096979,0.22493,0.044398,0.16056,0.36917,0.17644,0.29384,0.17739
1.7376,0.097364,3.2185,0.10052,0.31657,0.34493,0.24348,0.057686,0.33697,0.10557,0.75871,0.14893,0.2405,0.079953,0.27643
0.0565,0.056196,0.070397,0.056665,0.05667,0.056533,0.056203,0.056676,0.056982,20.051,0.14812,0.28995,0.54501,0.11402,0.057958
0.040266,0.037748,0.039211,0.067178,0.041055,0.6312,0.050192,0.037936,11.386,10.508,12.592,0.42184,0.16895,0.04634,0.049243
0.1226,0.048162,0.04182,0.062511,5.3357,0.045078,0.18308,0.098646,0.044762,0.24218,18.671,0.34288,0.22735,0.17158,0.11718
0.031016,0.029873,0.029682,0.066571,0.081675,0.58335,8.3322,0.038604,0.14954,0.3857,0.051381,12.957,0.11337,0.48032,17.913
0.1492,0.13661,3.6822,0.18442,0.14613,0.10996,0.10105,0.096625,0.15954,0.073343,0.098224,12.893,15.306,0.41413,0.21826
0.049253,0.048565,0.048618,0.048652,0.095985,0.052903,0.051376,0.091286,0.049193,16.28,0.064918,0.32621,0.11932,0.19217,17.572
0.042575,0.041865,0.063795,0.42534,0.067105,0.064982,8.6242,0.11735,10.447,0.17819,0.15169,0.10146,13.982,0.12035,0.26635
0.19866,0.07931,3.2559,0.21633,6.1259,0.36237,0.47974,0.43397,10.651,0.28199,0.4449,0.53618,0.49357,0.16922,0.32702
1.221,0.07813,0.18058,4.9673,0.30021,0.086667,0.18677,8.5589,0.21992,0.40937,0.19765,0.20824,0.18508,0.22718,0.24516
0.037884,0.03767,0.037686,0.037715,0.052213,0.038198,0.057739,0.15466,0.038404,0.040128,13.668,0.046418,14.144,15.916,0.42731
0.2099,0.086342,5.0842,0.090956,0.14611,0.48326,0.36264,0.38706,0.14072,0.19064,12.075,0.28893,0.4417,0.36527,0.12417
0.046039,0.037755,0.038606,0.039115,0.5889,0.11457,9.9449,11.302,0.093184,0.4018,0.10516,0.14929,0.081826,0.16227,0.047844
0.047503,0.047291,0.047383,0.062936,0.17254,0.04851,0.055142,0.047663,11.233,0.30658,12.295,0.1018,0.15908,0.35772,16.573
1.2081,0.097242,0.16649,0.35868,0.23283,0.22163,0.099142,0.68907,10.329,0.07548,12.634,0.1175,0.38157,0.061025,0.087759
1.2931,0.21357,0.1217,0.20612,0.11754,0.34364,0.19029,0.2,0.28131,0.18921,0.56662,13.743,0.30568,15.45,0.14671
1.3409,0.073825,0.24242,0.22679,5.2929,0.177,0.22252,0.21934,0.21134,0.23388,0.53001,0.52043,0.40709,15.733,0.17574
0.057819,0.049238,0.34052,5.0045,0.10991,0.077662,0.06133,0.28034,0.27305,0.31118,0.21257,0.41603,0.2696,15.885,16.292
0.036057,0.035629,0.035656,0.051233,0.28541,0.040167,10.715,0.19442,0.30509,0.49142,0.21634,0.27692,16.767,0.1512,1.5006
1.5726,2.7172,0.17255,0.16542,0.26444,0.21271,0.16876,0.44129,0.12388,0.59768,0.53464,0.62273,0.76896,0.45878,0.50264
1.419,0.076522,0.17978,5.8589,0.33439,0.075422,0.19231,0.051105,0.20032,0.0657,0.169,0.17865,0.14711,0.19599,0.21312
0.034172,0.033729,0.033769,0.03377,0.033865,0.068295,0.034111,0.034336,0.033926,0.14362,17.552,0.18305,0.1189,16.97,0.062288
0.12226,0.040334,0.10221,0.050089,0.059126,6.6443,0.18877,0.062774,0.20682,12.78,0.36085,0.07007,0.077068,15.052,1.1089
0.046583,0.046234,0.046235,0.060951,0.048215,0.047943,0.073768,0.046596,0.081186,0.05653,22.045,0.22603,0.052597,0.084231,0.061037
0.22145,3.429,0.21336,0.34563,0.20289,0.12519,0.089433,0.23812,0.28636,0.30251,11.965,0.22291,0.65149,0.14519,0.20263
1.2429,0.093036,0.055245,0.069662,0.18801,0.19365,0.63643,0.12286,10.973,0.073159,0.14037,0.16497,0.35997,14.714,0.77591
0.13845,0.040948,0.041923,0.063007,0.048915,7.857,0.10571,0.039953,0.19866,0.094731,11.708,0.076213,14.054,0.18019,0.57564
0.16365,0.037724,0.057682,0.065058,8.1319,0.21235,0.078099,0.099311,0.1239,0.28157,0.055195,0.40186,0.13715,0.043136,17.528
0.04131,0.03284,0.29128,4.434,0.16773,0.17069,0.040978,0.083547,11.623,0.098666,0.98849,12.685,0.59823,0.1406,0.49129
0.05824,0.051842,0.053033,0.053486,0.46409,0.059326,7.4098,8.5624,0.11982,13.303,0.14432,0.12856,0.2718,0.12307,0.18581
0.067392,0.050037,0.34715,5.1518,0.057944,0.26967,7.6178,0.064201,0.5063,0.67824,0.065914,0.13959,0.079894,0.14343,16.385
0.19134,0.04097,0.057787,0.061293,10.001,0.044977,0.30821,0.10155,0.054267,0.164,0.15806,0.20531,0.040015,0.18057,0.21889
0.17408,0.048529,0.074817,0.094014,0.06792,9.7929,8.1588,0.34611,0.22772,0.23418,0.090962,0.15982,0.075326,0.18978,0.2389
0.034438,0.040439,0.28897,4.4449,0.058086,0.32859,0.27353,9.7785,0.69506,0.64752,0.041351,0.049141,0.12409,0.030322,16.971
0.13062,0.055881,0.063205,0.052415,0.071856,7.5758,0.26909,12.448,0.056423,0.058758,0.14447,0.24211,0.18346,0.076777,0.12802
0.044412,0.033875,0.40777,6.3992,0.29553,0.054767,0.14208,0.069864,10.862,0.22656,0.19579,0.065751,0.18912,0.2137,0.24373
0.19847,2.1887,0.11575,0.27824,0.11505,0.17057,0.090041,0.14627,11.194,0.40826,0.88802,13.82,1.3671,0.1062,1.4438
0.11641,0.037164,0.041296,0.077683,0.051159,6.5269,0.06641,9.8492,0.39835,0.067417,12.633,0.15829,0.12613,0.32752,0.37505
0.20885,2.376,0.11906,0.13116,0.14715,0.50271,0.17732,9.1684,10.535,0.33086,0.93592,0.2041,0.41688,0.59098,0.14632
0.14712,0.060395,0.059584,0.065496,0.069689,6.9388,7.9586,9.5079,0.20483,0.66247,0.11631,0.50703,0.15405,0.11754,0.53233
0.057544,0.054852,0.054992,0.056258,0.24074,0.061815,0.36852,13.307,0.52289,0.37518,0.081137,0.12627,14.54,0.61355,1.1618
0.05282,0.060522,0.050878,0.051772,0.051057,0.052429,0.053237,0.051515,0.10266,0.050865,18.634,0.12499,13.951,0.39035,0.72833
1.3336,0.10971,0.48634,0.086488,0.1749,0.36158,0.13701,0.26676,0.24021,10.891,0.29056,12.935,0.16326,0.94747,1.3684
0.055668,0.054529,0.10067,0.08924,0.55186,0.061972,0.079997,0.098392,11.636,10.691,0.0804,0.30145,0.15935,0.081336,16.501
0.13206,0.046799,0.069186,0.066565,0.044456,6.859,8.4336,0.17892,0.68158,11.249,0.34662,0.17079,0.18169,0.6811,0.51202
0.065446,0.058372,0.31744,4.4723,0.27796,0.15825,0.15051,9.4156,10.713,0.081458,0.060945,0.06141,0.16434,0.11123,0.7434
0.10633,0.22877,3.5581,0.21881,5.6576,0.20752,0.060919,0.40714,0.39798,0.056563,0.35073,14.039,0.45523,0.55855,0.78616
0.13239,0.053507,0.055232,0.062363,5.5782,0.0829,0.16077,13.343,0.058143,0.38441,0.67503,0.28124,0.16394,0.10525,0.049245
0.058379,0.051519,0.051997,0.4144,5.8371,0.24975,0.34622,0.48789,10.611,0.26739,0.062508,0.41238,14.691,0.35083,0.12199
0.13281,0.12529,0.058973,0.09307,5.8228,0.18927,0.19011,9.886,0.4129,0.30712,0.1706,1.1602,13.854,0.6752,1.2422
0.061117,0.054362,0.058648,0.41133,5.7433,0.24286,7.9473,0.15378,0.071907,0.14943,0.21624,0.17348,15.56,0.59474,0.33309
1.1893,0.087661,0.12305,0.066645,0.09736,0.18988,0.60767,0.11322,10.139,12.05,0.18044,0.21061,0.44079,0.26907,0.48693
0.13329,0.13484,3.4564,0.12227,0.29182,7.3433,0.44846,0.74914,9.9555,0.61612,0.055907,0.082709,0.17813,0.57353,0.56537
0.029144,0.029196,0.031299,0.066469,0.037988,0.032618,0.031176,0.11247,0.036478,0.030302,11.656,0.03617,16.591,0.057805,16.862
1.2376,0.18965,0.090072,0.056489,0.41215,6.4796,0.10663,0.078407,0.11673,11.657,0.51346,0.048547,0.33408,1.1007,0.57317
1.4572,0.094451,0.09321,0.081097,0.14703,0.45889,9.9907,0.053703,0.31088,0.082907,0.12003,0.26907,0.19103,0.3896,0.26879
0.032863,0.032404,0.032179,0.067577,0.58412,0.06294,9.6527,0.043314,13.063,0.34298,0.14607,0.22749,0.35198,0.22545,0.37954
0.073845,0.068684,0.067751,0.44836,6.1605,0.19366,0.10181,0.11817,0.16514,0.099587,0.16522,13.119,0.11039,0.15462,17.307
0.058651,0.053673,0.31105,4.4554,0.22216,0.059776,0.19346,0.60447,0.14885,12.583,0.1189,0.16797,0.15684,15.402,0.62378
0.038897,0.038886,0.038881,0.039704,0.050341,0.03946,0.2389,11.09,13.039,0.29094,0.090704,0.16779,0.49219,0.70572,0.28006
0.18026,0.096168,3.6188,0.1209,0.20568,0.22459,0.48558,9.145,0.33908,0.40059,12.685,0.80338,0.72757,0.19871,0.43731
1.2472,0.060686,0.067423,0.1918,5.576,0.22038,0.072256,0.24139,0.35141,0.074341,12.904,0.06484,0.12451,0.53782,0.33895
0.14691,0.14453,4.1126,0.18042,0.16684,8.8329,0.35264,0.69604,0.076111,0.39465,0.17819,0.21164,0.31307,0.62412,0.15338
0.16676,0.038579,0.052704,0.057639,8.5063,0.046285,0.27045,0.081667,0.040788,0.14689,0.11224,0.18723,0.044031,14.773,0.472
0.03722,0.036547,0.036541,0.036577,0.084141,0.036709,0.24771,0.2747,0.044602,0.20602,0.050432,20.234,0.22003,15.144,0.23165
0.036291,0.040604,0.30418,4.6893,0.12163,0.24848,0.1368,9.6967,0.54586,10.827,0.53624,0.25943,0.070992,0.37352,0.47603
1.3153,0.25287,0.080521,0.21239,0.081171,0.28448,0.27133,0.45771,0.25694,0.50752,12.086,0.21418,0.32428,15.04,0.40026
0.15989,0.069693,3.5591,0.11151,0.23985,0.10141,0.085315,0.089887,0.060571,0.0767,0.46367,0.1413,14.973,0.23367,17.227
1.2181,0.11209,0.05442,4.8736,0.077181,0.3299,0.084656,0.053453,0.070852,0.4044,0.52701,0.17389,0.089944,15.002,0.20036
0.1339,0.04333,0.051602,0.070561,5.8158,0.092422,0.24967,10.065,0.046677,0.24006,0.30244,0.27654,0.13644,14.638,0.33677
0.16411,0.048376,0.050244,0.057625,0.073197,10.11,0.051148,0.27402,0.16346,0.043162,0.044496,0.26902,0.12139,15.106,0.4495
1.3021,0.085713,0.10907,0.1224,0.093823,6.3619,0.31688,0.22709,0.11118,0.30576,0.34871,0.053757,14.94,0.15168,0.47924
1.1998,0.070395,0.090692,0.21918,0.11768,0.29742,0.38873,0.21748,10.918,0.062092,0.066181,0.058952,14.238,0.3111,0.64629
1.3044,0.089371,0.066381,0.0746,0.33851,6.5304,0.16571,0.12319,0.43791,0.64253,0.37502,0.72907,0.77401,15.747,0.41089
0.036056,0.045795,0.36055,5.6465,0.09551,0.11398,9.9578,0.17339,0.11835,0.34302,0.30401,0.18731,0.31651,0.3466,0.62371
0.14887,0.069464,3.7591,0.37214,0.137,0.065951,7.5743,0.45802,0.22649,11.401,0.20743,0.35905,0.14933,1.4011,0.52314
0.13324,0.047528,0.044485,0.097948,5.7812,0.14876,7.6069,0.13724,0.17398,0.047173,0.28023,0.35103,0.1839,0.22261,18.451
0.12514,0.12693,0.06923,0.11454,6.0641,7.0887,0.24929,0.13271,0.10234,0.082713,11.864,0.55337,0.37024,0.81097,0.1952
0.060322,0.05232,0.36058,5.1609,0.088856,0.055033,0.053089,0.077428,0.23082,0.19033,11.812,0.22303,0.10136,15.477,0.3689
0.063618,0.051004,0.3133,4.6225,0.049759,0.11898,0.052919,0.063861,10.734,0.17653,0.19569,0.91434,0.1329,15.812,0.25585
0.047794,0.046731,0.046835,0.046693,0.046897,0.13639,0.047274,0.047681,0.050217,0.047162,0.047129,0.047529,21.809,15.365,0.13868
0.22875,3.351,0.2672,0.094628,0.15813,0.16878,0.13844,0.065371,0.197,0.25876,0.87589,0.24313,14.624,1.1059,0.53495
0.13623,0.077658,3.472,0.48784,0.073489,0.18895,0.41079,9.6858,0.32065,0.048416,0.71206,13.287,0.2411,0.06808,0.24325
0.07584,0.039509,0.046678,0.4359,0.10353,8.1897,0.35427,0.68514,13.174,0.64528,0.078639,0.087368,0.25645,0.12739,0.21394
0.049013,0.039065,0.29605,4.4646,0.24858,0.10808,0.11443,8.6096,0.055472,0.091683,0.26505,0.091247,0.080598,17.816,0.95863
0.12587,0.031299,0.032512,0.04326,0.056222,7.3293,7.5813,0.17084,0.3368,0.12781,0.085402,13.939,0.22972,0.33401,0.63025
0.058325,0.047249,0.29229,4.3516,0.23778,0.12194,0.37312,0.089481,10.501,0.1199,13.401,0.23265,0.67203,0.09889,0.38166
0.12326,0.037541,0.054047,0.046645,5.3135,0.24839,0.093112,10.271,10.017,0.1046,0.10134,0.34155,0.10521,0.049814,1.4667
0.13929,0.051844,3.5873,4.6742,0.25619,0.23706,0.13915,0.62205,0.29265,0.32692,0.22687,0.24615,0.42208,15.674,0.46346
0.049224,0.049114,0.049129,0.049161,0.056141,0.04942,0.058522,12.942,0.3024,0.083519,13.018,0.7165,0.051409,0.88134,1.1349
0.16556,0.064048,0.11472,0.072846,0.069349,10.164,0.068679,0.082261,0.16411,0.062898,0.20342,0.36789,13.869,0.059975,0.043702
0.050009,0.042113,0.043612,0.044345,0.043018,0.55932,7.749,0.18141,0.23251,12.215,0.17699,0.34269,0.35474,0.26816,17.118
0.054978,0.047325,0.3372,4.979,0.188,0.10212,0.10467,0.19283,0.080732,0.20874,12.158,0.30294,0.24827,0.27168,16.856
0.16219,0.17111,4.9726,0.056134,0.33694,0.27982,0.15183,0.13196,0.16202,11.376,0.084578,0.34169,0.17861,0.055229,0.16718
1.1684,0.097007,0.13172,0.11513,0.19359,0.09714,0.26101,9.1775,0.29673,12.298,0.16798,0.18765,0.33465,0.2138,0.16849
1.3089,0.17864,0.15442,0.22294,0.098941,0.20056,0.29395,0.50871,0.40907,0.3606,0.32548,0.092731,14.372,15.906,0.81071
1.1532,0.039128,0.19156,4.7611,0.11373,0.44674,0.093331,0.11052,10.391,1.1523,0.052227,0.12573,0.5174,0.11164,0.48234
0.052131,0.048344,0.046742,0.088544,0.04952,0.87364,7.7965,0.18472,0.27196,0.43026,11.817,0.14146,0.073506,17.798,0.08262
0.093119,0.093116,0.41342,4.4436,0.41219,7.8289,0.19483,0.22713,0.22687,0.38301,0.7399,12.811,0.52583,0.098538,0.099223
0.14826,0.053811,0.057235,0.064636,0.08629,6.3489,0.2998,0.26298,0.065504,12.712,0.99794,0.30664,0.092613,0.16286,16.944
0.21437,2.3921,0.10189,0.17178,0.20152,0.25891,0.16172,0.17034,10.229,0.34859,0.31126,0.40547,15.432,0.27786,0.21391
1.296,0.32794,0.153,0.44828,0.082927,6.7794,7.8378,0.086374,0.40747,0.3727,0.28581,0.52858,0.28983,0.15864,0.73551
0.048743,0.037761,0.43322,6.8042,0.22613,0.22828,0.059927,0.087673,0.041689,0.11689,0.3327,12.692,0.66235,0.31879,0.336
0.055565,0.04041,0.040384,0.046828,0.040794,0.82376,11.766,0.22986,0.22881,0.18988,0.064117,0.22759,0.23437,0.19081,16.292
0.035202,0.035194,0.035553,0.041348,0.035516,0.10617,0.036699,0.17861,0.035355,0.036421,0.03604,24.033,0.09886,0.11955,0.14588
1.2754,0.081274,0.17092,0.53059,0.15347,0.54315,7.85,0.19011,0.15535,0.16026,12.089,0.25299,0.1013,0.10849,0.35195
1.1494,0.076882,0.33391,4.6269,0.16908,0.12751,8.7075,0.15384,0.38331,0.11401,0.37584,0.36647,0.38287,0.43603,0.46224
0.11255,0.037253,0.083514,0.049162,0.03714,6.3429,0.033229,0.17822,0.16666,0.11325,18.698,0.2406,0.40353,0.084404,1.1353
0.13205,0.056911,0.043245,0.054217,0.10847,7.0933,0.39141,0.13586,0.082551,0.089801,12.783,0.10093,0.22576,0.42324,16.907
0.1917,0.062251,0.052315,0.059822,0.082783,11.995,0.23929,0.19782,0.071286,0.074233,0.067888,0.36746,0.097676,0.2367,0.15374
0.15387,0.0918,0.08139,0.088353,6.5025,0.26304,0.24275,0.4228,0.2177,0.46599,11.917,0.13448,0.23826,15.304,0.13206
0.027501,0.026894,0.053987,0.49065,0.046334,0.12057,0.043703,9.9351,0.076083,0.16144,0.17819,12.971,14.782,0.058038,0.037055
0.22916,3.3222,0.31953,0.44865,0.21354,0.10565,0.098187,0.33076,0.19253,0.30033,0.7158,0.71929,0.47229,16.231,0.92412
0.15842,0.079875,3.8077,0.062974,5.6337,0.1045,0.69456,0.27446,0.099808,0.29841,0.14303,0.33812,0.18533,15.159,0.29555
0.046553,0.033696,0.035256,0.040956,0.039583,0.5202,7.6141,0.20049,0.10705,0.22091,0.12841,0.21805,0.20596,23.534,0.57965
1.1694,0.030618,0.10844,4.9303,0.25636,0.16671,0.29418,0.29997,0.31717,10.913,0.263,0.10005,0.34954,0.30072,0.26523
0.040837,0.033168,0.30951,4.7353,0.24876,0.034703,0.14299,0.064126,0.20984,0.087562,0.20856,0.24657,14.681,0.48658,17.368
0.15421,0.063583,0.086682,0.056711,0.084743,6.4487,0.44274,0.18377,0.10035,0.12798,0.14985,0.12573,0.092458,17.768,16.784
0.14504,0.040037,3.72,0.18999,0.045962,0.061727,0.085516,0.038355,0.094153,0.18139,0.043719,0.49912,14.202,15.946,0.37731
0.12638,0.063182,0.04713,0.053492,6.5714,0.081194,0.065384,0.23662,0.18382,0.33472,0.13073,0.14908,0.15172,14.572,16.408
1.7195,0.063748,0.073601,0.33803,0.083313,6.6588,0.35688,0.21405,0.56436,0.19923,0.1592,0.054799,0.37065,0.25552,0.19997
0.28083,2.7967,0.39861,0.12074,0.13884,0.60757,10.036,0.14184,0.29502,0.14417,0.15054,0.094696,0.28082,0.33595,0.72095
0.042338,0.039225,0.039447,0.039853,0.21631,0.04677,0.043926,0.050829,0.058041,0.87747,0.063185,14.345,14.535,16.166,0.044993
1.1914,0.070474,0.10903,0.092755,0.12373,0.11429,8.4042,0.098913,0.17935,11.387,0.10714,0.29139,0.10507,0.81051,0.28608
1.2351,0.085866,0.10595,4.9396,0.19589,0.31207,0.21933,0.23989,0.17045,0.086484,0.070613,12.769,0.37793,0.20238,0.45776
0.035583,0.035087,0.052364,0.3259,0.039788,0.040383,0.052744,10.286,0.063264,0.095506,11.698,0.42388,0.63025,15.523,0.61257
0.043196,0.033836,0.40764,6.4164,0.19037,0.057394,0.041658,0.063425,0.15636,0.18647,0.16181,0.49319,0.12819,16.794,0.26264
0.089644,0.21131,3.4598,0.23196,0.12391,7.2945,0.18442,0.24571,0.21244,11.125,1.0144,0.11631,0.88576,0.37177,0.35838
0.13312,2.3039,0.12883,4.7792,0.19595,0.47115,0.27535,0.086447,0.25637,0.18128,0.097059,0.42279,1.1788,0.13988,17.277
0.048223,0.040855,0.046449,0.44816,5.9317,0.35685,0.06552,0.33939,10.652,0.067343,0.38871,13.174,0.16295,0.18732,1.3774
1.2679,0.072413,0.05606,0.30132,0.52348,6.6897,0.14283,0.18943,10.128,0.32518,0.060639,0.25127,0.17593,0.090101,0.15786
0.18988,0.074385,5.0259,0.10278,0.1692,0.113,0.11466,0.099411,0.11453,0.1039,0.076425,0.37717,0.38329,0.49206,16.761
0.04704,0.035875,0.42838,6.7112,0.046367,0.19299,0.076237,0.1713,0.37469,10.965,0.19014,0.17421,0.22949,0.18392,0.13703
0.044039,0.032747,0.52269,4.5022,0.26859,7.2259,0.28135,0.25251,0.18984,0.44752,0.20409,0.39382,14.722,0.29319,0.47383
1.1978,0.070586,0.064503,0.10164,0.48816,6.8553,0.070159,9.4625,0.32376,0.51413,0.2866,0.15021,0.62998,0.49197,0.86712
0.28995,3.2962,0.12335,0.15789,0.074714,0.15672,0.15584,0.17329,0.16291,0.59258,0.37781,13.872,0.21505,0.16902,0.18063
0.045703,0.044854,0.044809,0.082929,0.5112,7.1002,0.1165,0.16562,0.30174,0.046135,0.31586,14.148,0.17731,0.37126,16.646
0.040735,0.032619,0.31098,4.7656,0.062358,0.13449,0.15805,0.10861,0.06257,0.1669,0.26687,13.903,0.53086,0.10383,16.819
0.055229,0.056526,0.22971,0.052581,0.051993,0.05589,0.057524,0.063153,0.066701,12.044,11.888,0.49848,0.16739,16.602,0.5867
1.2195,0.1526,0.13905,0.24502,0.083781,0.31604,0.3557,0.16534,0.29055,0.50392,0.59915,14.134,0.26986,0.68717,17.102
0.15474,0.091507,3.3606,0.091475,0.88154,0.12957,0.44114,0.071735,0.41502,12.04,0.1967,0.072253,0.48907,16.166,0.7127
0.049781,0.049551,0.049667,0.049486,0.049626,0.07309,0.049492,0.050442,0.21443,16.793,0.11626,0.22448,0.23792,15.355,0.30911
0.047832,0.039679,0.040168,0.040518,0.56484,0.047779,0.08461,0.05698,11.836,10.609,0.34478,0.063058,0.10956,15.073,0.056826
0.1334,0.13909,3.6784,0.11243,0.049289,0.41479,0.052225,0.060642,0.15682,0.056452,0.19766,13.642,0.5923,0.14731,16.67
1.2955,0.042816,0.15079,0.18895,0.14781,0.46629,0.1545,9.0321,0.090349,0.33477,0.6019,0.055914,0.2407,15.028,0.11699
0.039356,0.030886,0.42502,6.7724,0.31269,0.065806,0.32735,0.05051,0.037155,0.13652,0.15558,0.13192,13.866,0.33208,0.42457
0.029278,0.029066,0.036866,0.16168,0.066929,0.56323,8.5087,9.2286,0.099209,0.41185,0.17869,0.28217,0.39892,15.352,0.21453
0.04484,0.044758,0.044754,0.047109,0.082455,0.58866,8.1357,0.053331,0.28828,0.12299,0.079103,14.458,0.18521,15.459,0.1164
0.06455,0.055611,0.055911,0.056916,0.63111,0.088756,8.5518,9.1841,9.9311,0.060113,0.066963,0.17862,0.058121,0.17009,1.2796
0.16642,0.04855,0.04794,0.054141,0.073381,10.128,0.22767,0.1587,0.16558,0.10875,0.10108,0.29211,0.13022,0.25328,16.124
1.241,0.28178,0.095579,0.31691,0.15689,0.42225,0.30141,0.37282,0.54302,0.18062,12.177,0.17285,0.16302,0.19458,17.26
0.035224,0.035204,0.036168,0.051787,0.035747,0.035211,14.025,0.10297,0.18791,0.38734,0.35064,0.2363,0.4011,0.40497,0.67658
0.054761,0.045713,0.36623,4.6054,0.15095,7.3575,0.31519,0.16171,0.14364,0.17098,0.17386,0.3639,0.093442,15.369,0.60245
0.26573,3.3707,0.13833,0.14883,0.12594,0.31649,0.10864,0.19882,10.147,0.17585,0.49735,0.46869,0.50695,0.1133,0.21603
1.2074,0.05652,0.2382,4.6344,0.11,0.03796,0.042673,0.11203,0.35046,0.15051,0.30153,0.076349,0.39631,0.56731,17.087
1.3282,0.09618,0.064434,0.045159,0.087943,0.37105,0.26154,0.41211,0.28078,10.804,0.21837,0.47114,0.88808,0.52646,16.328
0.054306,0.041357,0.30601,4.7366,5.7709,0.089864,0.1818,0.27986,0.08469,0.31058,0.28632,0.099547,0.26927,15.939,0.078335
0.048716,0.051089,0.043492,0.07279,0.04402,0.045783,0.043716,9.2886,0.2664,0.18952,12.336,0.49349,1.2415,0.34068,17.817
0.032805,0.033739,0.032131,0.032197,0.032396,0.11618,0.12081,0.032785,0.034641,0.035249,17.96,13.908,0.53696,0.58626,0.89235
0.03506,0.026089,0.027648,0.026824,0.47939,0.027146,0.069015,0.076171,10.508,11.512,0.56257,13.772,0.13106,0.2405,0.43447
0.12415,0.054354,0.051559,0.082969,5.8402,0.039058,7.7646,0.30166,0.23562,0.088584,13.123,0.66101,0.082666,0.80643,0.042633
0.048722,0.043296,0.048401,0.44264,0.046012,7.6145,0.062737,0.084163,0.27992,0.16404,11.703,0.26369,0.44714,15.822,0.04775
0.065504,0.046729,0.046561,0.51393,6.1959,0.34879,0.40608,0.19796,0.4421,0.4341,12.701,12.837,0.083074,0.68244,0.33874
0.086038,0.047605,0.076415,0.042309,0.46144,6.9627,0.10904,0.22171,0.18196,0.25847,0.070164,14.433,14.398,0.27347,0.42915
0.044844,0.037959,0.038665,0.039088,0.49596,0.12385,8.3149,9.4481,0.085665,0.27276,0.10342,0.1361,14.329,0.16851,0.23355
0.034742,0.039833,0.34454,5.4144,0.059882,0.29105,0.22046,0.25731,0.32833,0.076284,16.233,0.088179,0.067193,0.070719,0.28712
0.062745,0.042009,0.046035,0.39259,0.082458,6.9523,0.31539,0.41392,10.842,0.38246,0.14328,13.281,0.40524,0.66996,0.056355
0.12956,0.05649,0.063723,0.0801,0.34969,0.075555,8.4701,0.41388,10.396,0.13903,0.080375,0.44801,0.1595,15.525,0.71665
0.14379,0.034997,0.046563,0.051858,7.1639,0.05595,0.24622,0.041425,12.603,0.19387,0.090217,0.23896,0.07536,0.10314,0.13857
0.12026,0.047336,0.050364,0.04954,0.058905,6.4464,0.14324,0.14339,0.057616,0.052415,0.04873,0.11514,17.054,14.968,0.29142
0.13647,0.13217,3.392,0.055803,0.35473,7.3249,0.3734,0.14759,0.53111,0.21875,0.16499,0.26901,0.3227,15.867,0.087014
0.19395,2.2145,0.10014,4.6245,1.1587,0.21182,0.22966,0.13978,0.085636,0.14883,13.283,1.8765,0.57743,0.41048,0.32974
0.048764,0.038278,0.42035,6.5462,0.081319,0.15173,0.20095,0.10239,0.040355,0.15057,0.42241,0.13396,0.31089,0.34116,17.353
0.039395,0.039362,0.040725,0.061399,0.051737,0.040822,0.0398,0.073663,0.039727,10.765,0.4849,0.086571,16.134,0.3014,17.239
0.30141,2.4327,3.3348,0.13954,0.20788,0.11087,0.23684,0.46618,0.43493,11.717,1.564,0.29648,0.16521,0.53035,1.1392
1.1904,0.068826,0.15737,0.56544,0.054721,0.13661,0.41744,9.7715,0.51246,0.38247,0.66677,13.223,0.30387,0.3141,0.068973
0.113,0.032568,0.06257,0.062697,0.070039,6.3662,0.25821,9.567,0.18705,0.10716,0.22644,0.42742,0.09796,0.0915,18.116
0.26097,4.0525,0.093736,0.10644,0.089337,0.23886,0.14504,0.12104,0.29172,0.29224,0.40717,0.29948,0.96508,0.61294,1.0643
0.26298,2.796,0.17727,5.8081,0.80789,0.14411,0.6521,0.094461,0.53567,0.12096,0.48897,0.36923,0.17896,0.30988,0.10264
0.037905,0.041222,0.033163,0.40102,5.9085,0.18715,0.11497,0.37799,0.099612,11.116,0.49294,0.1163,15.285,0.1888,0.33196
0.23385,2.5338,0.09634,0.081325,0.17656,0.22588,0.26154,9.0456,0.068821,0.3858,0.37318,0.22378,0.27445,15.058,0.15724
1.1041,0.054725,0.086779,4.7148,0.061259,0.2075,0.32314,0.23677,0.19845,0.37768,13.481,0.5539,0.33232,0.28469,0.26072
0.11797,0.049742,0.05167,0.066458,5.8807,7.1324,0.089921,0.10141,0.2099,0.059919,0.052807,0.34783,14.343,0.85574,0.57047
0.1299,0.045325,0.05401,0.066832,6.0669,0.073337,0.040737,0.16533,0.13661,0.050178,0.10687,0.19125,14.168,16.322,0.24852
1.2337,0.24084,0.061571,0.31367,0.28329,6.5854,0.1172,0.05902,0.087585,0.29419,0.55396,0.69588,0.46249,0.59532,17.454
1.1616,0.08817,0.16039,0.20015,0.21857,0.10184,8.3283,0.062592,10.621,0.15059,0.37938,0.22762,0.4306,0.2898,0.1187
0.059107,0.038115,0.042195,0.39299,0.079112,7.0334,0.31656,0.41544,11.116,0.34806,0.13476,0.28601,0.35959,0.94546,15.819
0.032643,0.031467,0.031833,0.031402,0.031438,0.10324,0.034811,0.11613,0.032261,0.033961,0.037871,19.606,15.066,0.045232,0.61361
0.051045,0.044071,0.044924,0.41194,0.085534,0.11757,0.12619,0.13152,0.13733,12.171,12.606,0.074431,14.367,0.28032,0.6734
0.25549,3.4318,3.3432,0.142,0.12813,0.21051,0.19331,0.17894,0.55055,0.31081,0.4258,0.31447,0.98751,0.63174,1.0831
0.050323,0.043513,0.30347,4.2614,0.15267,6.5972,0.47224,0.11764,0.050638,0.20747,14.289,0.28818,0.54246,0.30027,0.94746
0.13733,0.047607,0.07171,0.065241,0.046531,7.2155,8.4143,0.42852,0.17409,0.096732,0.10739,0.18721,0.19489,14.92,0.43905
0.056226,0.042782,0.61703,4.4833,6.1867,0.12622,7.7578,0.16295,0.075369,0.1569,0.095477,0.44666,0.40597,0.23245,0.50789
0.061501,0.055631,0.33981,4.9252,0.20011,0.15252,0.057135,0.18413,0.24908,0.30356,0.16544,13.896,0.20977,15.219,0.32303
0.047139,0.03416,0.042404,0.032642,0.031792,0.9349,0.091025,0.045154,14.822,0.88237,0.2597,1.6361,14.566,0.29775,0.27658
0.039387,0.051152,0.2937,4.4034,0.096877,0.10791,8.9332,0.11234,0.13819,10.914,0.11716,0.3234,0.38214,0.34309,0.33195
1.2339,0.081694,0.07886,0.12308,0.47784,7.0699,0.061843,0.07285,0.31309,0.097738,12.273,0.63715,0.087967,0.08263,0.67938
0.064292,0.057204,0.34023,4.8725,0.31771,0.085735,0.059817,8.9102,0.24903,0.22951,0.10752,0.083746,14.933,0.90455,0.3389
1.2327,0.36849,0.15161,0.18058,0.25041,0.35375,0.29254,0.52148,10.291,0.082087,0.29065,0.20796,0.22245,0.23307,16.894
0.056796,0.053685,0.053457,0.084498,0.13336,1.2602,0.079487,0.076588,0.083816,0.12092,12.51,14.263,14.721,0.48783,0.39013
0.039346,0.031164,0.31242,4.8141,0.20041,6.9357,7.7919,0.12083,0.13993,0.40847,0.37325,0.26029,0.4264,0.43151,0.70431
0.067398,0.054169,0.32127,4.7914,5.8119,0.14522,0.17051,0.26695,0.15286,0.35194,0.77406,0.086614,14.573,0.40741,0.063469
0.051964,0.069385,0.050379,0.053185,0.057859,0.82528,11.581,0.25287,0.32867,0.27947,12.431,0.20054,0.068164,0.35101,0.22718
0.043445,0.043229,0.043375,0.05447,0.22235,0.047943,0.28964,0.049071,15.06,0.20799,0.13097,0.13516,0.1245,15.431,1.0868
0.18266,0.059682,0.058178,4.5178,0.066775,0.15414,0.5667,0.19136,9.9501,12.212,0.98546,0.98504,0.61028,0.94376,2.3617
0.042354,0.045382,0.31297,4.7326,0.52385,0.23399,0.16632,0.22081,0.1706,11.24,0.38899,0.22747,15.106,0.33757,0.4863
1.2354,0.10507,0.21368,0.16639,0.55385,0.83176,0.33436,9.1747,10.4,0.33414,0.30221,0.51935,0.1665,0.28713,1.7183
0.035016,0.034672,0.048027,0.26121,0.042844,0.042042,0.042763,9.5325,0.20408,0.38755,0.44562,14.184,0.13135,1.3888,16.359
0.14618,0.072306,3.7044,0.043229,0.11398,0.21836,0.38597,9.0302,0.58865,0.26151,0.58032,0.28898,0.55075,15.532,0.60311
0.19479,0.062397,5.0781,0.14835,0.059396,0.08453,0.73403,0.31744,0.073829,0.27759,0.13359,0.46662,0.05187,15.12,0.32316
0.047069,0.040278,0.041173,0.04263,0.52136,0.057665,8.6409,9.1964,0.25362,0.11946,0.25382,0.26752,0.39892,0.27757,16.252
0.071229,0.062457,0.065939,0.56225,5.7747,6.7751,0.27188,0.35453,0.47876,0.31166,0.4299,0.64913,0.96947,16.703,0.098375
0.072052,0.054502,0.05434,0.37365,5.3127,7.8786,0.23165,0.26936,0.081173,10.834,0.78911,0.48486,1.2907,1.0152,0.45626
0.56798,2.2736,0.13517,0.17282,0.30793,0.20342,0.14309,0.21272,0.12724,0.3424,0.41898,14.031,0.20641,0.38345,17.111
0.12654,0.039231,0.048938,0.070275,5.3981,0.11774,8.8043,0.25168,0.46228,11.303,0.078244,0.28189,0.44754,0.062078,0.47036
0.3359,0.056937,0.082624,4.3029,0.15081,0.16236,7.8807,0.05838,0.19276,0.081705,0.72255,0.13834,16.131,0.12736,1.0873
0.15969,0.073692,0.08384,0.11759,0.091586,6.8543,0.25585,9.3809,0.4317,0.3411,0.83,14.017,0.35187,0.49886,0.37337
0.11309,0.037611,0.05847,0.038228,0.045349,6.4355,0.33155,10.645,0.18822,0.12663,0.080213,0.4273,0.088218,14.634,0.4599
1.1597,0.15712,0.12594,0.22396,0.11445,0.28565,0.32151,0.13917,0.2555,0.45734,0.54677,13.383,16.318,0.11983,0.99878
0.051082,0.050524,0.050289,0.083679,0.51506,0.057608,8.1674,0.089511,11.047,0.16485,11.855,0.13072,0.31528,0.56405,0.13264
0.049328,0.040055,0.32919,4.9675,0.21763,0.26023,8.0803,0.05846,0.070511,1.3927,0.92174,12.756,0.50745,0.045885,0.69289
0.082205,0.069535,0.064406,0.44275,6.252,6.9079,0.26518,0.12247,0.17298,0.35623,0.25915,12.949,0.12209,0.27156,0.20596
1.1747,0.1115,0.090215,0.06796,0.14294,0.15622,0.11703,9.8699,0.22889,0.28726,0.55386,0.055195,14.419,0.78159,0.84044
0.14067,0.060331,0.046936,0.074102,6.0638,0.23035,0.098099,0.20998,9.6631,0.072809,0.25701,0.54419,0.38191,0.54309,17.766
0.1248,0.035025,0.045622,0.035358,0.089138,7.1432,8.3521,0.17913,0.1049,0.094015,0.31863,0.32956,0.39176,0.72467,16.252
0.035124,0.023832,0.024483,0.024842,0.58608,0.032955,0.1049,0.086185,13.061,13.753,0.63812,0.02417,0.15083,0.19188,0.16607
0.19792,0.075755,4.9347,4.6985,0.1405,0.32271,0.17136,0.55095,0.83605,0.35324,0.30045,0.36858,0.29846,0.3751,0.27927
0.042977,0.059942,0.048618,0.49653,5.9688,0.17822,8.1852,0.1152,0.082839,0.1477,0.071034,0.43525,0.047698,15.552,0.13884
0.2394,0.1041,0.07499,0.22699,6.2633,0.2236,0.38466,0.36858,0.48478,0.82938,12.112,0.51338,0.93397,1.1675,16.385
0.069954,0.042675,0.045278,0.33299,0.038,6.3728,0.13811,10.286,0.11264,0.042102,0.25691,0.24268,14.466,0.38299,0.36286
0.1669,0.046066,4.0425,0.095104,0.18994,0.49459,10.432,0.11969,0.28305,0.16012,0.20237,0.356,0.28289,0.19698,0.368
