0.14776,2.2627,0.16793,0.069255,5.9772,0.44941,0.2222,0.18574,10.593,0.080098,0.23435,0.10183,0.70536,0.19786,0.78781
1.2899,0.13971,0.18988,0.091095,0.23402,0.17064,0.065146,8.7702,0.6443,0.12603,0.5422,0.12904,14.847,0.22585,0.44955
0.046815,0.037499,0.29048,0.042659,0.067252,0.047052,0.036916,9.1161,0.10108,11.922,0.73676,0.44426,14.764,0.52496,0.54782
0.061923,0.23962,0.067385,0.065616,0.10287,7.1759,8.2068,0.11125,0.083005,0.07255,0.10782,0.18053,0.070659,15.522,1.1653
0.048309,0.042634,0.33994,0.068146,0.05707,9.7431,0.2352,0.2131,10.565,0.04971,0.61865,0.096406,0.7149,0.29277,0.046335
1.6806,0.081151,0.078307,4.6116,0.33128,0.23144,0.05537,0.27359,0.12778,0.1725,0.42399,0.23303,0.51433,0.89855,0.71681
1.1802,0.12252,0.32671,0.05951,0.40041,7.3966,0.24517,0.059783,0.18727,0.16626,0.043765,0.97518,14.07,0.53504,0.852
0.15023,0.066253,0.097491,4.9314,0.061786,0.098613,0.23213,0.073784,10.356,10.974,0.42363,0.071883,0.15493,0.32621,0.35872
0.063724,0.22795,0.061656,0.058696,0.10518,6.7223,7.8437,0.53547,0.33817,0.35293,13.59,0.18513,0.14902,0.11391,0.072261
0.047808,0.047558,0.053715,0.048593,0.047966,0.12982,7.8516,8.5957,0.18621,0.46509,13.952,0.91408,0.74951,0.96866,0.82104
0.023669,0.03003,0.028027,0.023333,0.023585,0.023393,0.023273,0.023641,18.016,0.20653,0.060663,0.23552,0.55879,0.22659,0.34875
0.041537,0.10065,0.041058,0.041339,7.0692,8.5655,0.058182,0.14322,0.04927,0.26532,0.085139,0.24135,0.29369,0.42973,0.40711
0.11061,0.058301,0.072724,0.12066,5.2964,0.049815,9.0257,0.099887,0.40047,0.27234,12.208,0.34995,0.039914,0.050574,0.65283
0.12592,0.052044,3.3843,0.13629,0.04259,0.18719,0.053458,9.7709,0.062373,0.14527,0.40208,0.17156,0.06495,15.79,0.077405
0.030917,0.029035,0.028901,0.028539,0.17509,0.028546,0.14223,0.033223,0.03404,16.943,0.041829,0.22401,0.58634,0.1104,16.013
1.2553,0.2069,0.13387,0.069055,0.11035,6.987,0.085268,0.23083,0.14703,0.20354,0.066741,0.32899,0.15129,15.681,0.48127
0.020163,0.032825,0.27162,0.060465,0.13762,0.063224,0.030041,0.086707,10.174,0.4727,18.148,0.32309,0.09004,0.32692,0.072773
0.040131,0.036507,0.038288,0.12208,0.047555,0.035917,0.085241,0.03599,0.036622,11.186,0.3879,0.5557,0.051162,16.979,17.061
0.037742,0.036125,0.10884,0.036082,0.040602,0.036073,14.03,0.33439,0.11185,0.039966,0.31149,0.073332,0.15314,0.43563,0.080635
1.5221,2.7433,0.15068,0.21231,0.062289,0.060085,0.068661,0.15977,0.11244,0.20213,0.05056,0.3795,0.18133,0.58398,0.39057
0.1271,0.042993,0.065808,4.5583,0.37914,0.054977,0.25011,0.2433,0.044054,12.306,0.19222,0.17053,14.302,0.055749,0.20024
0.036277,0.043449,0.036178,0.035694,0.036058,0.19732,10.71,0.65009,11.641,0.14456,0.33367,0.29313,0.84077,0.29914,0.064493
0.16938,0.040023,0.042438,6.0463,0.062263,0.052917,0.35862,10.519,0.13923,0.42283,0.082096,0.085528,0.095141,0.069861,0.15868
0.032807,0.14398,0.030768,0.042426,5.7699,7.3414,0.28116,0.22226,0.3234,0.037152,0.16069,0.17486,0.12248,15.275,0.64011
0.12896,0.065201,3.3446,0.071916,0.11722,0.13746,0.053111,0.23019,0.057135,11.164,0.082412,14.941,0.50109,0.1437,0.45761
0.13386,0.062871,0.071477,4.7625,5.9351,0.28218,0.14985,0.10968,0.18029,0.21921,0.070045,0.46015,14.309,0.40206,0.17746
0.16554,0.071188,0.065338,0.047538,7.57,0.092525,0.091392,10.473,0.18345,0.092585,0.032796,0.38223,0.040486,0.2946,0.30148
1.2779,0.11882,0.13389,0.094431,0.15551,0.21742,0.16813,0.085167,0.28081,0.31455,0.29161,0.43645,14.431,15.535,0.29145
1.3664,0.071693,0.067025,0.038433,0.11749,8.966,0.068863,0.11001,0.2185,0.085362,0.28707,0.32136,0.21687,0.76508,0.80832
0.14176,0.072019,0.075902,4.7934,0.12474,0.040419,8.0197,0.17578,0.099944,0.14537,0.15528,0.26172,14.716,0.23731,0.11963
0.14561,0.061944,0.084094,0.10373,6.2101,0.27874,8.0653,0.14419,9.7303,0.36014,0.17695,0.3598,0.36286,0.25518,0.52091
0.1554,3.0259,0.088088,0.081402,0.17579,7.9743,0.1403,0.045739,0.1401,0.10561,0.15244,0.20296,0.66646,0.17801,0.09104
0.13118,0.11983,0.072823,0.071613,5.6985,0.71674,0.64359,9.1822,10.669,0.21301,0.34459,0.15297,0.12615,0.16268,0.061034
0.041012,0.039669,0.040442,0.039296,0.17244,0.041436,0.039452,0.043521,10.249,0.12642,0.24415,0.087791,0.39235,17.094,16.655
0.14549,2.9203,0.15633,0.061218,0.12533,0.12294,0.30862,11.029,0.18974,0.30643,0.12923,0.28654,0.18531,0.15609,0.10389
0.040234,0.041896,0.042,0.040249,0.040409,0.045726,0.044192,13.585,0.26396,0.20173,0.041979,0.053338,0.070985,0.050818,16.003
0.1172,0.052375,3.2698,0.10381,0.069587,0.1491,0.11951,0.15179,0.14775,11.394,0.16462,0.045562,16.14,0.43146,0.40696
0.14003,2.2898,0.20482,0.13922,0.18168,0.4741,7.918,0.23467,0.16268,12.145,0.067102,0.10332,0.34083,0.074551,0.081059
0.042655,0.038153,0.038172,0.037674,0.46473,0.047506,0.046724,9.4533,0.23723,0.11729,17.794,0.061576,0.11271,0.053666,0.070893
0.14436,3.1298,0.12179,0.043129,0.10323,0.041288,0.26033,0.041465,0.23718,12.509,0.4571,0.51519,0.31455,0.045665,0.091536
0.07196,0.032153,0.032009,0.15273,0.033513,12.019,0.076915,0.076657,0.55082,0.083355,0.28555,0.30455,0.21617,0.30509,0.18632
0.12273,2.4515,0.13,0.089631,0.10962,0.14436,0.15659,0.15744,0.22519,0.091283,13.052,0.081659,0.12844,0.10572,15.876
0.046201,0.13499,0.048927,0.044895,0.043279,0.051944,0.0461,9.8568,0.11191,0.090408,0.25844,13.795,0.35324,15.241,0.068623
0.042956,0.039683,0.16713,0.039687,0.042789,0.040533,0.35445,0.041377,14.272,0.13635,0.2876,0.18102,15.933,0.10844,0.10587
0.023136,0.02464,0.023383,0.023171,0.023142,0.024048,0.023101,0.023103,0.023149,0.02327,0.10857,0.095102,0.030627,0.026672,30.023
0.13628,0.044067,3.582,0.03914,0.058946,0.048369,0.20766,9.0333,0.17777,0.25269,0.066275,0.13964,0.49306,0.3061,17.271
0.11285,0.055908,0.055999,0.03996,5.4611,0.088976,0.12321,10.335,0.27615,0.34628,0.056652,0.031311,0.28455,0.22664,16.114
0.051026,0.043763,0.24902,0.046499,0.048977,9.5572,0.26841,0.30575,0.14796,0.05778,0.13841,0.077689,15.843,0.043711,0.53525
0.11424,0.073371,0.064956,4.5135,0.082369,0.042346,0.030698,0.11148,0.18282,0.14421,0.32209,0.24073,16.223,0.042071,16.34
0.047453,0.0773,0.045955,0.047434,0.048382,0.048071,0.070677,0.046391,10.974,0.12569,12.706,0.27081,0.49629,15.376,0.30018
0.12648,0.063054,0.068824,4.4396,6.0694,0.10659,0.18464,0.37451,0.44814,0.18819,0.24697,13.846,0.14593,0.37009,0.47891
0.036818,0.081171,0.035696,0.038087,0.041268,0.036051,0.035917,0.035784,0.03598,12.668,0.042626,0.092197,14.243,15.429,0.09342
0.032759,0.030351,0.12419,0.034032,0.033193,0.035205,0.036742,8.4975,10.207,0.25536,0.063047,0.10571,16.318,2.4298,0.033366
0.22727,3.3826,0.062816,0.20035,0.070111,0.1032,0.089541,0.16586,0.088797,0.050654,11.925,0.15998,0.14021,0.53029,0.10992
0.032577,0.030225,0.13752,0.029311,0.029843,0.04184,0.030615,0.031883,0.030462,0.034233,0.029317,13.953,15.582,0.6786,16.589
1.2553,0.17931,0.16673,4.5591,0.27078,0.15017,0.37762,0.21782,0.51695,0.069518,12.604,0.065968,0.73181,0.26461,0.64935
0.1246,2.2326,0.086156,0.15513,0.051044,6.4181,0.060308,0.098656,0.29256,12.869,0.61065,0.42931,0.97459,0.24151,0.43506
0.042907,0.20768,0.039184,0.044779,0.038233,0.039016,0.036138,10.07,0.18213,0.10966,0.15124,0.11446,14.433,15.319,0.46026
0.037097,0.046946,4.9563,4.6116,0.10487,0.086573,0.088627,0.12475,0.16682,0.18076,0.25781,0.25175,0.070812,0.34863,0.33612
2.0349,0.11019,0.10975,0.073486,0.10652,0.10616,0.10197,0.045522,0.26096,0.13044,0.13814,0.098294,0.29399,0.62745,0.89049
0.034471,0.033353,0.096474,0.036159,0.036375,0.04012,0.06096,0.033757,0.035561,11.371,0.29884,0.35039,15.893,0.35061,16.625
0.030791,0.12507,0.021459,4.4078,0.13991,0.15838,0.028527,0.25367,0.056862,0.051268,12.439,0.17075,0.62457,0.13334,18.49
0.13916,2.5963,0.089863,0.19632,0.16745,0.037077,0.15648,0.047694,0.37037,10.919,0.040789,0.1211,0.25713,0.18457,16.168
0.12348,0.032457,3.596,0.047079,0.090754,0.084116,0.063105,0.12846,0.083789,0.18062,12.188,0.63961,15.128,0.93468,0.25099
0.12503,0.050849,0.052058,4.2931,0.096237,6.7668,0.18906,0.087901,0.036322,0.043951,13.902,0.4203,0.23757,0.093152,0.41381
0.12239,2.2036,0.35661,0.24803,0.22202,7.4388,0.095383,9.0597,0.35425,0.14268,0.96579,0.050556,0.26331,0.17711,0.13367
0.03604,0.078438,0.041707,0.037122,0.036646,0.034699,11.171,0.046226,0.050206,12.136,0.37921,0.28377,0.42559,0.12205,0.66185
0.038253,0.038226,0.038222,0.041057,0.038201,0.038965,0.038328,0.038241,10.261,12.351,0.32412,0.13938,0.080199,0.54321,16.414
0.12945,2.578,0.13609,0.39947,0.05605,6.4692,0.21331,0.14594,0.030248,0.080866,0.20279,0.21906,0.041502,15.373,0.54377
0.11362,0.072349,0.063739,4.4234,0.072875,0.085802,0.039564,0.088047,0.15718,0.45616,0.26208,0.17973,0.048072,16.758,17.488
0.024292,0.04841,0.025191,0.051058,0.025068,9.2758,0.40805,0.11176,0.23678,12.731,0.033735,0.3349,0.40759,0.033979,0.64263
0.038017,0.037064,0.037,0.037504,0.10796,0.043423,7.7612,0.13654,0.37282,11.273,0.19209,14.8,0.71324,0.037008,0.63606
0.041344,0.038574,0.039108,0.16329,0.043534,0.042645,10.852,10.165,0.71274,0.065656,0.25429,0.45347,0.48042,0.47162,0.56025
1.644,0.10207,0.067595,0.077573,0.14634,0.2389,0.14554,0.11851,0.23122,0.17795,0.10138,0.30793,16.012,0.43903,0.48397
0.16746,0.072736,3.6301,0.10313,0.081232,0.078574,0.21261,0.14781,0.18552,0.10099,0.11315,0.078648,0.20299,16.375,16.391
0.12985,2.4565,0.058977,0.045237,0.083005,0.084323,0.21505,9.2271,0.12364,0.18609,0.047882,0.15349,0.43202,15.377,0.49216
0.035063,0.032875,0.031918,0.036115,0.25654,0.033117,0.035098,12.849,0.15201,0.29241,0.059953,14.346,0.42685,0.33609,1.1973
0.14285,2.4209,0.057777,0.093572,0.095463,0.087923,0.090869,0.33823,0.06999,0.064043,12.187,14.069,0.35416,0.38405,0.28173
0.059833,0.24475,0.088875,0.068206,0.093016,7.5034,0.081708,0.30271,0.14168,0.16091,0.11986,0.11093,14.533,15.419,0.62963
0.043927,0.032139,0.54901,0.052022,0.050039,0.035946,7.8632,0.23736,0.10959,0.1508,12.853,13.983,0.15496,0.1454,0.97793
0.032319,0.032038,0.040455,0.032172,0.032133,0.043573,0.032491,0.047013,0.032677,0.046627,13.65,0.15967,14.382,15.677,0.082406
0.022705,0.024012,0.022801,0.029874,0.022743,7.2302,0.088005,0.11058,0.35153,0.12859,12.778,0.032089,1.0149,0.18702,16.486
0.040629,0.040601,0.04061,0.040607,0.043265,0.040617,0.040638,0.040752,0.040841,0.061681,0.040933,24.04,0.11076,0.23994,0.17639
0.14367,0.039179,3.8385,0.052266,0.12175,0.16642,0.095422,0.26284,0.12004,0.095859,0.19811,0.28134,14.022,15.495,0.19458
0.034325,0.032518,0.032527,0.13273,0.035455,0.19244,0.039382,10.482,0.070095,0.05541,11.957,0.23833,0.077236,14.818,0.57821
0.16115,0.041234,4.7785,0.044815,0.10344,0.10402,0.04908,0.33887,0.089562,0.093097,0.10375,0.13674,15.875,0.04836,0.16426
0.030928,0.061946,0.030481,0.033904,0.035474,0.13421,0.034839,0.03216,0.034804,16.817,0.11112,0.12255,0.23138,15.226,0.77589
0.15725,2.4135,0.047676,0.044879,0.18111,0.087965,0.066647,8.5879,0.19699,0.070819,0.27384,0.2769,15.542,0.82556,0.83194
0.15964,0.03274,5.0168,0.3034,0.10755,0.082561,0.061092,0.080279,0.06805,0.099937,12.136,0.20722,0.33672,0.090634,0.32147
0.17677,0.071267,0.065433,6.7623,5.4343,0.10855,0.10367,0.062674,0.22501,0.081501,0.17839,0.04785,0.2532,0.11026,0.19698
0.14419,2.3901,0.30176,4.68,0.20951,0.07661,0.32286,9.0721,0.21784,0.095396,0.10773,0.13601,0.32092,0.22227,0.95225
0.15926,2.2957,0.12691,4.3198,0.16456,7.7194,0.091163,0.17923,0.15272,0.1146,0.15431,0.20312,0.66498,0.1741,0.086652
0.13742,2.525,0.040815,0.23917,0.09551,0.18725,0.10234,0.13794,0.10167,0.080772,0.060583,0.10936,14.332,15.59,0.044278
0.12664,0.027826,3.8138,0.27552,5.4652,0.14373,0.17904,0.057793,0.17947,0.059175,12.116,0.37296,0.1504,0.14792,0.35206
0.043726,0.040926,0.041969,0.16132,0.043285,0.043546,0.04387,0.044869,11.322,0.16781,0.19198,0.094384,14.14,15.702,0.062212
0.12047,0.060037,3.2688,0.078071,0.077651,6.5719,0.26564,0.045619,0.15533,12.821,0.61769,0.33872,1.0268,0.18019,0.33506
0.046637,0.046556,0.046558,0.051201,0.046603,0.053801,11.817,0.27468,0.060482,0.069121,0.1776,0.062188,0.081353,15.196,0.33673
0.13256,2.3156,0.12381,0.18501,0.050273,6.4258,0.045547,0.13736,0.1691,0.21503,0.48976,0.27007,16.29,0.58581,0.58347
0.12974,2.3097,0.24478,4.6084,0.079437,0.118,0.068885,0.055199,0.14897,0.089034,13.006,0.45807,0.26422,0.39161,0.47458
1.4422,0.10921,4.2825,0.26422,0.53714,0.057583,0.1006,0.084905,0.3616,0.15712,0.13917,0.14054,0.38151,0.17461,0.43707
0.12524,0.043652,3.5538,0.15424,0.046202,6.8045,0.11197,0.13149,0.24448,0.37156,0.31374,0.49946,0.088501,0.12073,17.345
0.041575,0.041533,0.041536,0.044236,0.041687,0.04153,0.050781,0.041726,12.461,0.056919,0.35193,17.395,0.16805,0.66165,0.6756
0.035392,0.033695,0.034288,0.16896,0.22154,0.032981,0.033335,0.032932,0.037391,0.047044,0.041182,20.278,0.31482,15.05,0.16413
0.14285,0.043329,0.074478,5.0058,0.039597,0.089255,0.066909,0.1801,0.13474,0.080149,0.099214,0.23504,14.359,15.571,0.087712
0.032301,0.032053,0.032114,0.049796,0.031996,0.033027,7.5864,0.19551,0.12871,0.057781,0.21207,13.892,15.923,0.57681,1.0507
0.15746,2.2156,0.12751,0.28008,0.092807,0.085801,0.065065,0.12367,0.13009,11.937,0.064811,0.12548,15.419,0.41729,0.42027
0.12502,0.045174,0.061889,4.9996,0.039208,0.046553,7.8189,0.11361,0.057017,0.13091,0.40198,0.38754,0.048127,15.367,1.0235
0.040194,0.030803,0.034881,0.53293,0.038109,9.6383,0.18909,0.2576,0.04473,0.084483,0.18433,14.318,0.16804,0.19904,0.40119
0.029528,0.028666,0.02844,0.08341,0.028608,8.8268,0.13658,10.892,0.33937,0.040274,0.25824,0.31458,0.64508,0.044651,0.42895
0.17687,3.3725,0.15563,0.061485,0.074019,0.13834,0.12399,0.40209,0.056031,0.49025,0.085171,13.247,0.1005,0.20875,0.059696
0.19795,3.2104,0.080183,0.076029,0.18938,0.078591,0.058098,0.058466,0.085926,0.23888,0.19849,0.125,15.723,0.12802,0.29406
0.12717,2.5814,0.067355,0.054819,0.12421,6.4494,0.3049,0.10082,0.16582,0.055013,0.10351,0.33736,0.25342,0.16096,16.509
0.030115,0.027876,0.028303,0.15451,0.028587,0.030188,0.028192,8.4359,0.069749,0.062219,0.40306,0.10903,17.065,1.0369,16.253
0.03185,0.030192,0.030733,0.031516,0.14107,0.05551,0.03581,0.19892,14.986,0.20867,0.076576,0.16508,0.2175,0.40618,16.709
0.025381,0.025261,0.025118,0.025109,0.047541,0.025338,0.031751,0.037058,0.02638,0.067525,18.556,0.46401,0.36823,0.034932,16.18
0.027149,0.067489,0.026076,0.028815,0.025566,0.041054,0.025703,0.30284,0.027933,20.016,0.025793,0.096986,0.55884,0.14876,0.065264
0.03309,0.032585,0.032841,0.073325,6.537,0.053629,0.048004,0.15383,0.13138,0.37689,0.22642,12.851,0.28396,15.137,0.11953
0.13361,0.062867,0.05863,5.5856,0.16431,0.040168,0.20639,0.029283,12.924,0.054183,0.17126,0.07297,0.39032,0.29832,0.10447
0.050726,0.055651,0.051625,0.050869,0.05179,0.17235,0.060599,0.056947,0.05448,0.054968,0.059352,14.786,14.586,15.645,0.45549
0.17305,3.4213,3.2138,0.097912,0.11507,0.12668,0.045879,0.28211,0.096791,0.21605,0.48045,0.32726,0.17001,0.38941,0.11188
0.029541,0.028629,0.0294,0.076884,0.028789,0.02904,0.029666,0.028715,10.419,0.34124,12.359,0.28975,15.443,0.36261,0.78298
0.11251,0.076789,0.054566,4.6111,0.094232,9.8405,0.18329,0.088637,0.029074,0.12307,0.036047,0.14987,0.47094,0.31052,0.21948
0.18932,0.075478,3.7504,0.048261,0.13315,0.18556,7.5326,0.086792,0.040809,0.16177,0.15472,0.12098,0.27336,15.942,0.072656
0.12742,2.3382,0.061926,0.080287,5.4264,0.46592,0.088986,0.2545,0.095978,0.30392,0.043972,0.19001,0.20206,0.30837,18.391
0.033833,0.032554,0.032232,0.032726,0.16207,0.032248,0.037382,0.034866,10.443,0.11206,0.2646,13.095,0.057611,16.998,1.2782
0.12603,0.055767,0.058219,4.8244,0.044671,0.037386,0.099114,0.17255,10.267,0.37144,0.21238,0.42929,0.33433,0.23831,16.866
0.030062,0.029696,0.041465,0.032677,0.029687,0.029621,0.030133,0.030539,0.030159,0.080985,0.030616,19.008,15.943,0.19362,0.18232
0.11463,0.04802,3.3379,0.12753,6.2142,0.12843,0.076465,0.060892,0.14716,0.19057,0.12317,0.31045,0.040163,0.033788,16.751
0.12411,0.062397,3.6677,0.27452,0.19596,0.06027,0.056553,1.1051,9.8831,11.426,0.08287,0.16887,0.095094,0.031548,0.25678
0.04359,0.040466,0.043221,0.20914,0.04131,0.044214,11.183,0.083519,0.11145,0.23918,0.15942,0.10258,15.763,0.12584,0.534
0.028019,0.027128,0.027243,0.027724,0.069165,0.027767,0.029105,0.090224,0.18052,0.029671,12.701,14.111,0.60815,0.81232,17.059
0.12607,0.067446,3.3982,0.12682,0.11963,0.043516,8.8184,0.17929,0.10427,0.14875,0.039244,0.27476,14.063,0.23257,0.12989
0.11605,0.053703,0.089002,4.5589,5.6986,7.1739,0.22367,0.57995,0.11663,0.36196,0.050167,0.22338,0.18743,0.071135,0.079952
0.032165,0.032163,0.032225,0.032164,0.032172,0.032165,0.032168,0.032164,0.032168,0.032171,0.032316,0.035108,0.053845,28.032,0.16444
0.036879,0.035946,0.034389,0.033843,0.27853,0.039561,0.035889,0.03329,10.785,0.03995,0.13349,13.335,15.069,0.59311,0.74537
0.12616,0.059286,0.063057,4.8957,0.10366,0.03245,0.070043,8.9622,0.17348,0.59127,0.11991,0.19897,0.18637,15.761,0.16573
0.12491,2.4116,0.057768,0.033916,0.089165,0.040683,0.041048,0.23156,9.9405,0.38962,0.071329,0.085008,0.28601,16.347,0.50658
0.12201,0.053681,3.3284,4.388,0.19586,0.57391,0.046739,0.093118,0.14335,0.1705,0.047561,15.168,0.073294,0.25452,0.30021
0.1158,2.3062,0.15449,4.9434,0.059761,0.058524,0.10574,0.3799,0.059039,0.07347,0.030723,0.18298,0.12266,15.152,0.60262
0.027027,0.057279,0.02274,0.022465,0.023941,0.02425,0.02499,0.022313,0.022101,14.226,0.14234,16.914,0.11148,0.06559,0.20678
0.16649,0.037356,3.6454,0.083737,0.12136,0.042512,0.071491,0.077555,0.11739,0.12529,11.841,14.143,0.3523,0.05283,0.22322
1.5412,0.12362,0.14623,0.071366,0.42009,0.20194,0.17802,10.554,0.32998,0.42086,0.10117,0.43895,0.10637,0.5622,0.95753
0.030638,0.030572,0.033564,0.030561,0.030674,7.2652,0.037633,0.17806,0.098927,0.11068,12.768,0.27181,0.20771,15.393,0.1877
0.048111,0.042477,0.041475,0.044073,0.41936,0.04116,0.046312,0.051445,10.07,12.336,0.12212,13.355,0.71825,1.1908,0.35371
0.14136,0.040928,3.6221,4.7286,0.045283,0.38525,7.5641,0.55688,0.86499,0.22514,0.35421,0.033261,0.37739,0.15969,0.078415
0.040844,0.033606,0.033637,0.034214,0.64232,6.9463,0.20544,8.7294,0.09789,0.29758,13.366,0.41845,0.50526,0.48191,0.29673
0.028836,0.028773,0.032282,0.038041,0.028985,0.11132,0.074711,0.029685,0.029969,0.030235,18.517,0.064381,14.118,0.17277,0.23237
0.027958,0.17473,0.034294,0.042947,0.027077,0.028732,0.036078,12.75,0.11308,12.111,0.20945,0.10953,0.1715,0.098097,0.37294
0.03739,0.036864,0.036842,0.036942,0.068356,0.036615,0.036641,0.03738,0.036593,0.14411,0.06016,0.042405,21.907,0.1703,16.259
0.16194,0.081975,3.6526,0.19548,0.06943,0.18411,0.073141,9.2269,0.1778,11.115,0.075239,0.11637,0.1157,0.22087,0.17157
0.15917,0.072964,0.10156,6.7723,0.058228,0.12864,0.059331,0.15397,0.099433,0.28337,0.041749,0.098955,0.50127,14.971,0.0831
0.028189,0.026831,0.10603,0.028865,0.028812,0.02846,0.026779,0.028314,9.964,0.14506,0.15219,0.22761,15.372,0.36639,17.682
0.13599,2.5833,0.068571,0.13,7.7152,0.044214,0.17674,0.15877,0.11747,0.12618,0.25062,0.49295,0.50304,0.050889,0.2714
0.13689,0.035218,0.10093,0.074074,5.449,0.067779,7.9112,0.33681,0.74427,0.3309,0.46898,14.913,0.73715,0.068006,0.15529
0.14724,0.051912,0.071621,5.9766,0.042793,0.051107,9.3551,0.1298,0.061801,0.14992,0.47392,0.45639,0.050145,0.045054,0.13467
0.034207,0.03153,0.17176,0.0316,0.032128,0.032158,0.035493,0.037647,0.035591,0.055515,22.023,0.2406,0.15319,0.13815,0.087942
0.044357,0.032173,0.028891,0.03443,0.90672,6.6755,0.28605,0.06948,0.078465,10.843,0.054588,0.10485,16.313,0.57913,0.065689
0.1207,2.3042,0.12877,0.037236,0.10166,7.4037,0.19006,0.39949,0.15521,0.16999,0.13674,13.094,0.15995,0.21108,0.5195
0.14033,0.045644,3.8141,0.034214,0.042152,0.084994,0.18809,0.088103,9.6303,0.27633,0.044885,0.043284,0.24205,0.3321,16.733
0.10531,0.043496,0.054381,0.13959,5.4238,0.096241,0.041349,0.052646,0.15541,11.54,0.30639,14.717,0.041319,0.049739,0.24255
0.12919,2.2767,0.076313,4.925,5.561,0.18171,0.51511,0.23741,0.1476,0.3056,0.18579,1.5553,0.57541,0.050359,0.1588
0.11647,0.028078,0.039068,0.052016,5.7752,0.10235,7.971,0.3738,0.19242,11.758,0.33584,0.039227,0.29228,0.58392,0.16909
0.11373,0.051812,0.03453,4.7,0.077023,0.04023,0.024449,0.033199,0.061526,0.22413,12.29,0.44732,15.258,0.62073,0.91768
1.7005,0.1196,0.13114,0.069997,0.034464,0.23948,0.1572,0.30266,0.27246,0.43973,0.28093,0.44483,0.19963,15.434,0.14519
0.10862,0.039105,0.063101,0.038019,5.7304,0.10665,0.32323,8.8462,0.058643,0.15997,13.345,0.22432,0.30236,0.2707,0.077651
0.12404,0.033108,3.6934,4.578,0.065376,0.037824,0.10145,0.046429,0.094073,0.27614,0.029912,0.037852,0.39904,0.30663,16.415
0.030172,0.029311,0.029106,0.029702,0.10628,0.69018,7.9375,0.078351,0.037069,0.16091,0.19966,0.23376,0.16064,16.11,17.72
0.13462,0.05611,3.32,0.070705,0.081622,0.14114,0.055607,0.045915,0.083686,0.11796,13.388,0.054628,0.20364,16.039,0.2241
0.03223,0.03202,0.032036,0.031961,0.051559,7.1046,0.039332,0.049909,10.562,0.41296,0.40519,0.5744,0.45708,0.83055,16.685
0.14854,2.4743,0.062176,0.20044,0.14231,0.096382,0.093135,9.2749,0.39497,0.46469,0.41984,13.138,0.22282,0.62161,0.23045
1.177,0.053318,0.17915,0.073566,0.17426,0.080767,0.19683,0.092741,14.863,0.50866,0.29445,0.1879,0.38364,0.19184,0.071075
0.030587,0.024975,0.020993,0.02442,0.52985,9.4504,0.29779,0.18449,0.25316,0.031224,13.567,0.14847,0.052264,0.23783,0.18185
0.12667,0.062005,3.4408,4.7656,0.11542,0.22626,0.063212,0.069079,0.099749,0.09402,12.606,0.45498,0.26108,0.38825,0.086587
0.12193,2.3994,0.16256,0.02874,0.080934,0.25954,7.8548,0.16372,0.029357,0.082715,12.678,0.65699,0.88554,0.075698,0.073234
0.19287,4.0091,0.050546,0.13245,0.11412,0.067531,0.15023,0.055833,0.062648,0.042169,0.05091,0.18943,0.28516,0.24934,0.1715
0.021996,0.05022,0.15874,0.021306,0.025993,0.021207,11.829,0.17016,0.47053,0.11972,0.14785,0.08861,0.0662,0.047527,16.101
0.029613,0.038167,3.6264,0.03888,0.094762,0.067325,0.086285,0.042395,0.41657,0.40409,0.069981,13.811,0.17287,15.617,0.085527
0.035434,0.026379,0.37265,0.12482,0.035232,6.8897,0.0325,0.29796,9.9714,0.18878,0.45631,0.22394,15.692,0.17882,0.49763
0.13148,2.562,0.055849,0.044658,0.21937,0.050247,0.076537,8.8327,0.24967,0.27746,0.034661,0.26368,0.07921,0.40336,16.282
0.036811,0.036121,0.036124,0.036172,0.10679,0.083312,0.037186,0.03921,0.052757,0.036791,14.01,13.202,0.53449,15.244,0.38328
0.1204,2.2754,3.4294,0.12342,0.21886,0.11821,0.043764,0.060715,0.08126,0.33362,13.242,0.47948,0.23726,0.4127,0.45949
0.12242,2.4737,0.056743,0.15313,0.15576,0.19416,0.038072,8.7997,0.084479,11.353,0.63158,0.41059,0.080183,0.29685,0.22714
0.13376,0.062621,0.058068,0.08346,6.2676,0.07542,0.11154,0.042824,0.11244,10.807,0.087422,0.24028,0.21929,0.092151,16.99
0.19436,0.11906,5.0144,0.13165,5.5155,0.059919,0.12452,0.17917,0.061083,0.15045,0.18748,0.42668,0.53235,0.081672,0.4036
0.14598,2.4758,0.058372,0.20795,5.8294,0.42484,0.14979,0.091211,0.10193,0.079647,11.967,0.20265,0.82941,0.33947,0.56522
0.11078,0.046299,3.3731,0.028391,0.037171,0.026175,0.2043,0.067895,11.064,0.32856,0.32895,13.37,0.484,0.13162,0.16475
0.14524,0.072752,0.071833,0.073321,6.1914,0.10733,7.7485,0.041438,0.24491,0.15186,0.076747,0.41806,0.068896,0.55052,16.818
0.13672,0.053442,0.070657,4.9398,0.047242,0.06798,7.724,0.27566,0.053285,0.25823,12.443,0.79958,0.41542,0.24934,0.53594
0.039402,0.03882,0.066979,0.038819,0.039054,0.058464,8.4316,0.19704,0.087982,0.26372,0.26498,13.236,0.24715,0.17212,17.474
0.12456,0.064635,3.7533,0.067388,0.16382,9.4089,0.050016,0.23955,0.092318,0.29693,0.37561,0.35515,0.157,0.28074,0.26722
0.12543,2.5244,0.032504,0.086117,0.092712,0.10555,0.37201,0.032511,0.19412,0.13898,12.268,0.19916,0.28106,15.279,0.59404
0.12253,0.044604,0.070333,0.033241,6.2194,0.20204,0.040251,0.054113,0.044815,0.13459,0.05201,0.12612,0.044787,15.739,16.429
0.11647,0.055583,3.4936,0.21385,0.067537,0.15082,0.21321,0.29063,10.888,0.41925,0.19058,0.27197,14.227,0.057925,0.17441
0.030967,0.029079,0.030359,0.029814,0.15908,0.0302,0.03182,0.035806,0.030825,0.029476,0.036927,13.569,0.29753,17.262,16.533
1.1701,0.087064,0.079173,0.10788,0.078014,0.099092,0.19331,0.14126,10.91,0.39741,0.31758,0.18386,0.39045,16.36,0.5404
0.040337,0.038509,0.1222,0.045264,0.042774,0.046353,0.052249,0.04447,0.27745,15.801,0.039986,0.15277,16.032,0.11745,0.064184
0.036154,0.034477,0.03585,0.14848,0.15313,0.034231,0.035873,0.052715,0.040042,11.651,0.32755,13.101,15.741,0.34113,0.74782
0.15922,3.3399,0.068353,0.1037,0.16718,0.12343,0.067846,0.054165,0.19021,0.065139,0.25083,0.057764,0.065287,0.50799,16.704
0.15228,0.03879,4.9887,0.090083,0.028065,0.048182,0.049135,0.17905,0.14289,0.14426,0.10368,0.18059,0.067409,15.618,0.26713
0.13476,2.4524,0.1077,0.043574,0.18252,0.15099,0.11584,0.058181,0.087191,0.077309,0.17388,13.653,14.534,0.65712,0.70708
0.11901,2.2508,0.060218,0.084445,0.12267,0.098346,0.061738,0.092079,0.13462,0.060759,0.19024,0.043678,15.422,0.036393,17.504
0.1246,2.3009,0.14464,0.10588,0.098231,0.06221,0.12453,0.095782,9.9773,0.36904,13.375,0.48375,0.31599,0.33791,0.20211
0.032745,0.029838,0.031982,0.16234,0.084925,0.03089,0.029019,9.3343,0.032434,0.28915,12.313,0.3363,15.357,0.88963,0.88905
0.16188,0.086953,0.10492,0.079496,6.352,6.5677,0.18127,0.17984,0.19482,0.26078,0.39386,0.45146,0.21751,0.25961,16.706
0.11296,0.045947,0.10069,4.8507,0.022872,0.051368,0.30356,0.15029,0.15258,11.05,0.094025,0.024918,0.066018,16.08,0.15841
1.3227,0.11978,0.11789,0.15644,0.12831,0.1571,7.5951,0.25589,0.13926,0.28124,0.4077,0.27733,0.4511,16.229,0.66815
0.030152,0.030105,0.030091,0.030139,0.033083,0.05549,0.030176,9.053,0.16674,0.037642,0.13305,0.29949,0.24221,15.752,18.19
0.034915,0.23728,0.028996,0.027634,0.028564,0.027359,8.3086,0.17145,10.619,0.31899,0.21951,13.183,0.035739,0.24499,0.14399
0.02646,0.02622,0.034853,0.026848,0.037538,0.026384,0.026759,0.090797,0.058263,16.667,12.226,0.27809,0.23698,0.032299,0.23564
0.12757,0.06813,3.6058,4.6897,0.33813,0.042269,0.17226,0.096532,0.31036,0.69728,0.22103,0.27201,0.41698,15.404,0.15082
0.037861,0.031293,0.03402,0.37423,0.042699,6.592,0.11251,0.30629,0.057634,11.848,0.057034,14.223,0.25728,0.051598,0.24783
0.1572,0.077952,0.077579,0.078627,7.4637,0.13058,9.3465,0.038358,0.25394,0.17225,0.073961,0.47076,0.056592,0.98271,0.21736
0.12239,2.2891,0.062053,0.2466,0.096638,0.1197,0.15025,0.039214,10.425,0.26353,0.076905,0.047429,0.15135,0.096716,17.675
0.11613,0.055138,0.10849,4.6726,0.11371,0.10875,0.12159,8.7388,0.26954,0.13278,13.269,0.12742,1.1991,0.32995,0.32567
0.10966,0.047785,3.2072,0.079499,0.078525,0.16691,0.070851,0.034872,0.12078,0.054115,13.917,0.45886,0.27103,0.07242,16.945
0.032587,0.030977,0.096281,0.032571,0.033696,0.031841,0.034534,16.018,0.2549,0.62772,0.23599,0.046629,0.36247,0.41755,0.067473
0.029809,0.029587,0.042851,8.026,0.045437,0.2324,0.039561,0.10181,0.3345,0.1569,0.11763,0.32193,0.10062,0.044884,0.24827
0.041968,0.038089,0.038502,0.038553,0.33486,7.2915,0.1468,0.10141,10.396,0.66731,0.53902,0.62241,0.53233,15.361,0.38913
0.12311,0.059329,0.064545,4.6392,0.1515,0.03699,0.038972,0.14889,0.064299,0.13501,17.981,0.22933,0.56739,0.48515,0.39531
0.12219,0.032017,0.075399,0.066059,5.8267,0.04183,0.083629,0.11293,0.11853,0.11169,12.682,0.31555,14.947,0.042268,0.72498
0.12481,0.056125,0.051005,0.074188,5.8706,0.23542,0.18136,0.052537,0.072871,10.915,13.227,0.39957,0.58318,0.15117,0.79021
0.026562,0.026051,0.054567,0.026324,0.026265,0.026067,7.699,0.11749,0.14143,0.057229,0.054997,0.14275,15.594,0.19929,17.542
0.10535,0.047588,0.094076,4.3729,0.074238,0.094883,0.1955,0.1213,0.027343,0.29137,13.416,0.027968,0.48971,16.133,0.57417
0.0473,0.036608,0.036868,0.040366,0.94139,6.7361,0.082165,0.27587,10.137,0.28406,0.191,14.51,0.28288,0.45969,0.078693
0.11663,0.03697,3.4131,0.028752,0.075675,0.080954,0.2293,8.9542,0.25937,0.28773,13.32,0.49055,1.1125,0.23313,0.04267
0.12847,0.043741,3.9047,0.035491,0.15702,6.3783,0.05124,0.14902,0.14468,0.10204,0.030387,0.29613,0.23325,15.339,0.22207
0.15267,0.065582,0.04078,6.6153,0.094855,0.091068,0.029344,0.03795,0.081184,0.16251,0.078564,0.090954,0.1585,0.23672,16.912
0.12644,0.060692,3.5879,0.15676,0.041058,0.15186,11.287,0.11198,0.34042,0.15805,0.11833,0.32138,0.10125,0.069328,0.2631
0.12425,0.063273,3.2304,0.069649,0.13293,6.4558,0.077318,0.23453,0.12671,0.15255,0.10622,15.762,0.60736,0.3552,0.16442
0.033296,0.02632,0.31054,0.1601,0.028138,7.2145,0.19333,0.02854,0.13019,10.95,0.15185,0.40896,0.27984,0.43225,17.496
0.12224,0.038641,0.03689,4.9395,0.11607,0.092837,0.04895,8.6729,0.17241,0.45463,0.12178,0.088567,0.53903,0.52502,17.18
0.025433,0.024126,0.024024,0.024932,0.11657,6.9911,0.20663,0.27654,9.7868,0.061641,13.354,0.65642,0.23578,0.47598,0.29302
0.12603,2.473,3.4985,0.13947,0.1637,0.031881,0.11195,0.092059,0.18079,0.29981,0.048587,0.10003,0.056998,15.095,0.48165
0.11677,0.043064,0.071546,0.031591,5.8578,0.22735,0.077715,0.095856,0.09158,0.08254,0.10631,0.090686,15.629,0.070313,16.387
0.12263,0.053664,3.5881,0.074116,0.055918,0.048196,0.18076,8.7711,0.34923,0.17701,0.21156,0.10371,15.348,0.034903,0.14344
0.047459,0.044972,0.045106,0.2319,6.3171,0.058872,0.057785,0.073823,0.15653,0.078766,0.097466,0.23377,14.492,15.303,0.094019
0.15707,2.9692,0.059042,5.4502,0.054858,0.046397,0.086055,0.25899,0.070413,0.36491,0.38278,0.31915,0.11545,0.43788,0.39005
0.12681,0.062962,0.068526,4.8731,0.050226,0.20853,0.070199,0.24709,10.528,0.061639,0.39631,0.054239,0.39213,15.134,0.40971
0.1322,0.041992,0.045192,0.040326,0.049597,0.04881,0.047248,13.396,0.26325,0.338,0.14733,0.34687,0.06727,15.386,0.15875
0.1572,3.0555,0.042176,0.10599,0.039464,0.076161,0.081249,0.06275,11.782,0.19499,0.1191,0.35807,0.58528,0.1365,0.36859
0.12266,2.3362,0.092627,4.8158,0.13284,0.21223,0.2304,0.58962,0.29693,0.24291,0.30758,0.2515,0.30797,0.032637,16.627
0.10597,0.047567,0.045767,4.5502,0.030969,0.029874,0.049849,0.025004,0.26145,0.10255,0.81487,19.743,0.31161,0.21905,0.0224
0.042817,0.12776,0.043589,0.040181,0.04302,7.3499,0.068219,0.04962,0.12022,0.11551,0.21507,13.625,0.74083,15.541,0.75834
0.11124,0.042933,3.373,0.089049,0.055785,0.046564,0.052829,0.07487,0.036278,0.11311,0.055423,13.948,15.366,0.6218,1.0265
0.13607,0.06511,0.062341,0.086906,6.2683,0.25818,0.10885,8.7836,0.53053,11.139,0.18823,0.089741,0.057538,0.11892,0.090348
0.037694,0.031451,0.030955,0.034091,0.47113,6.8064,0.072721,0.073131,0.26292,0.13947,0.1769,0.067907,0.060302,16.156,17.702
0.035167,0.033652,0.11515,0.033992,0.033323,0.033249,0.034568,0.037911,0.038718,0.041957,12.035,0.056293,15.729,0.10935,17.468
0.12396,2.4352,3.4428,0.13863,0.16272,0.031722,0.1128,0.21275,0.20744,0.2878,0.04068,0.082874,14.52,0.50524,0.76285
0.12559,2.4595,0.036618,0.036462,0.092788,0.064409,0.095221,0.20125,0.40878,0.40143,0.054267,13.507,0.13879,15.676,0.16976
0.038087,0.036649,0.10872,0.039778,0.038331,0.036682,0.037013,0.04072,0.038614,0.042269,18.204,0.36928,0.55144,15.809,0.16862
0.12059,0.06549,0.062032,0.07084,5.4191,6.5874,0.049619,0.088734,0.13661,0.083826,0.10546,15.395,0.50466,0.61624,0.39566
0.025272,0.023715,0.023743,0.13834,0.024221,0.024148,10.935,0.063684,0.25907,0.2368,13.785,0.51938,0.41501,0.068931,0.074452
1.4319,0.096725,0.14422,0.16685,7.226,0.27333,0.11105,0.09188,0.15297,0.16719,0.48738,0.25878,0.34165,0.45156,0.18622
0.028188,0.1391,0.052447,0.025881,6.0636,0.026844,0.27588,0.13968,0.22301,11.087,0.066065,0.041005,0.079229,16.054,0.12051
0.12625,0.032783,0.114,5.0246,0.046963,0.11972,0.066297,0.18075,0.07775,0.12573,0.0722,12.905,14.73,0.43638,0.66134
0.11722,0.042418,0.063249,4.6194,0.16131,7.1976,0.11316,0.27309,0.041701,0.25876,0.08996,0.3994,14.517,0.42487,0.052542
0.11701,0.045154,0.045356,4.6537,0.1711,7.2368,0.12219,0.41232,9.896,0.23539,0.36513,0.23972,0.27009,0.18649,0.60936
0.13072,0.052834,0.083179,4.6057,0.14785,6.5144,0.32661,0.19041,0.39712,12.375,0.074414,0.32227,0.13602,0.21594,0.52804
0.13542,0.067874,0.060301,4.7577,0.060012,0.029121,0.031153,9.15,0.09904,11.35,0.63919,0.41819,0.12189,0.34265,0.23122
0.033646,0.032988,0.031668,0.031943,0.25404,7.4078,0.069895,0.10979,0.11225,0.046338,0.29469,13.241,14.664,0.89741,0.78306
0.15749,0.034356,3.3354,4.7124,0.23591,0.029558,0.1011,0.050445,0.15853,0.13416,0.11865,0.051983,15.326,0.54125,0.40697
0.11145,0.042831,3.3878,0.065595,0.10725,0.13092,0.22667,0.08107,0.27608,11.696,0.034172,0.07736,0.099019,0.32826,17.577
1.7196,0.1077,0.090964,0.1712,0.21646,0.19768,0.11301,0.34403,0.23055,0.26687,0.11121,13.142,0.73123,2.5274,0.13826
0.031978,0.026853,0.028441,0.36193,0.034021,0.033415,0.27015,12.788,0.098225,0.25443,0.14705,0.14534,15.655,0.16087,0.32872
0.10887,0.067545,0.051977,0.066864,5.3235,0.1744,0.22808,0.088956,10.356,0.348,0.33976,0.35613,16.218,0.05326,0.15394
0.13055,0.066481,0.13788,0.078759,6.2652,0.202,0.13939,0.070064,0.069712,0.054605,12.465,0.3617,0.59379,15.122,0.064787
0.17971,0.081536,6.0044,0.11137,0.0326,0.029086,0.037254,0.088959,0.073032,0.29138,0.15962,0.35513,0.16447,0.34838,0.046821
0.030883,0.1212,0.052911,0.027577,0.029688,0.028322,8.5043,0.091161,9.6584,0.10485,0.3507,0.52191,15.302,0.46826,0.64424
0.043265,0.041525,0.13058,0.18193,0.043877,0.043755,0.045555,0.05152,15.146,10.902,0.050807,0.074111,0.088553,0.55321,0.24172
0.026227,0.025725,0.045446,0.025874,0.026614,0.026798,0.27403,0.028511,0.035193,0.36365,14.052,0.1872,0.079525,14.838,16.809
0.038975,0.038155,0.06969,0.039288,0.038378,0.038277,0.12814,0.038852,0.038154,11.85,12.229,0.57388,15.257,0.87928,0.14842
0.16501,3.3678,0.10771,0.053986,0.15941,0.16935,0.1659,0.040325,0.045685,0.053042,0.32214,0.13682,0.15169,15.376,0.12497
0.1122,2.27,0.20228,0.14421,6.1669,0.39604,0.26144,0.24112,0.39196,0.30916,0.2627,0.40677,0.43635,15.396,0.33919
0.022166,0.022076,0.02579,0.022216,0.038063,0.076013,0.024096,0.023445,0.15066,0.17367,0.02489,0.024921,26.017,0.096308,0.47465
1.7256,0.1292,0.14199,0.14918,0.38225,0.25938,0.052084,0.41883,0.20442,10.912,0.57198,0.2735,0.69226,0.52054,0.41242
0.1385,0.05566,0.050008,0.072703,7.3339,0.11323,0.027468,0.066527,0.23112,13.618,0.12019,0.26496,0.4454,0.20696,0.17651
0.092669,0.13397,3.3756,0.065297,5.7143,0.031586,0.055712,0.43102,0.034676,0.18337,0.20642,0.25113,15.646,0.4428,0.32415
0.12447,0.069548,3.3684,0.067515,0.12157,0.070587,8.5229,0.12128,0.041757,0.37072,0.37243,0.50929,0.37222,0.36315,17.043
0.046121,0.045799,0.045777,0.045936,0.068351,0.045943,0.045929,0.04632,0.046346,11.478,12.002,14.785,0.26528,0.08158,0.83997
0.025869,0.024259,0.096729,0.025203,0.024433,10.039,0.055671,0.16885,0.088003,0.20079,0.090797,0.073892,0.12599,0.19869,16.538
1.6842,0.051105,0.17329,0.14097,0.14394,0.08723,0.15331,0.059782,0.21303,0.53028,12.654,0.4069,0.20234,0.40531,0.41764
0.026931,0.04209,0.029036,0.027155,0.033074,0.11675,7.577,0.063959,1.1199,10.887,14.073,0.85596,0.069079,0.8882,0.79619
0.112,0.037374,3.3967,0.079069,0.04269,0.034063,0.039568,0.069538,0.063088,0.15107,0.07774,14.679,0.55458,0.20464,16.688
0.10615,2.2143,0.19121,0.13942,0.074965,0.091757,0.031099,0.069652,0.038203,12.545,0.23547,0.37814,0.40654,15.437,0.30184
0.026374,0.026073,0.026039,0.051231,0.026524,0.18231,8.2919,9.2165,0.059577,11.33,0.73851,0.44142,0.23577,0.46149,0.36785
0.14963,0.079155,0.07769,0.092733,7.7722,0.093857,0.062013,0.16097,0.091363,0.065811,0.1723,15.138,0.2818,0.041072,0.56978
0.027371,0.025349,0.10264,0.029869,0.026886,0.026072,8.1558,0.27616,0.4143,0.31215,12.385,0.45898,15.29,0.49786,0.83008
0.20451,2.2682,0.060604,0.060353,5.6573,0.33059,0.11751,0.21287,0.21819,0.070066,0.055532,0.41263,15.864,1.0967,0.86921
0.12429,2.4785,0.055245,0.084377,0.080241,0.10903,0.24116,0.22907,0.097561,0.10072,11.847,0.19607,15.033,0.21307,0.045814
0.029136,0.03605,0.028859,0.029114,0.02933,0.037527,0.029861,0.029272,0.029434,0.029184,0.035356,0.030196,16.429,14.95,16.95
0.10774,0.046442,0.093396,4.5177,5.4951,0.16964,0.071074,0.16837,0.38088,0.27601,13.622,0.10894,0.17259,0.17678,0.27406
0.11425,0.049459,0.051164,0.063794,5.5731,0.11346,0.25496,0.14455,10.528,11.828,0.15419,0.26817,0.51917,0.27757,0.78773
0.03115,0.024678,0.31801,0.029289,0.083538,0.02663,8.4994,0.082971,10.373,0.32366,0.22745,0.122,0.030298,0.3835,16.452
0.039823,0.035093,0.03947,0.28845,0.080326,7.0402,0.048069,0.03885,0.066465,0.24116,12.336,0.39109,15.287,0.49728,0.92283
0.12811,0.046795,3.4788,0.050275,0.079386,0.083486,0.25982,0.21373,0.039368,10.997,13.345,0.4709,1.0664,0.044109,0.22344
0.025417,0.035694,0.0254,0.025192,0.025277,0.025016,0.037689,9.7428,0.1047,0.28494,0.1918,12.796,0.18903,0.14385,17.713
0.12074,0.048693,0.10602,4.4392,6.2916,0.24612,0.20083,0.19227,0.36459,0.79375,0.041532,0.44344,0.18851,15.248,0.18489
0.12605,2.3999,0.55403,0.082173,0.069821,0.10919,0.053832,0.057161,9.6783,0.33441,0.28086,0.44743,15.439,0.36701,0.54022
0.11688,0.058974,0.032583,0.062893,5.4908,0.14035,0.42483,0.04015,0.3967,10.877,0.087678,0.057789,16.574,0.36412,0.12042
0.063025,0.037899,0.043183,1.1563,0.06505,6.3929,0.084348,10.012,0.27107,0.26,0.090475,0.09245,14.503,0.44559,0.073863
1.4361,0.10014,0.10315,0.089997,0.23397,0.19157,0.058579,0.2246,0.13384,0.29382,0.32501,0.27945,0.19729,0.31643,21.724
0.035345,0.033924,0.033972,0.034188,0.11218,0.037495,0.041292,0.03788,0.17967,0.035666,0.035981,0.03697,22.074,14.879,0.39859
0.11412,0.069634,0.048968,4.6052,0.042524,0.054333,0.048359,0.1115,0.11491,12.098,0.4992,0.32525,0.39148,0.27288,16.602
0.13608,0.050271,0.040681,0.068983,7.7475,0.12343,0.27724,0.12659,11.372,0.083618,0.033486,0.060503,0.27747,0.1297,0.22233
0.045089,0.031875,0.74901,0.055784,0.048222,0.047925,8.3318,8.787,0.041578,0.35174,0.0323,0.52536,15.023,0.28549,0.40427
0.044709,0.19198,0.051083,0.04584,0.059781,0.059466,0.058846,0.047959,0.055583,0.046363,12.901,13.712,15.019,0.10366,0.38404
0.14551,0.086787,0.073725,0.05487,5.8913,0.15985,0.055661,0.096607,0.076929,0.23917,0.067039,0.088625,21.057,0.27983,0.14557
0.034113,0.034029,0.033881,0.052969,0.042286,0.10875,0.035897,0.034919,0.034357,12.193,0.083722,13.951,0.61508,0.11645,16.288
1.722,0.078648,0.077217,0.060725,0.048763,0.18619,7.5485,0.16857,0.17232,0.21548,0.15588,0.25688,0.44902,0.42685,0.74482
0.04232,0.040832,0.042949,0.15237,0.043565,6.6095,0.05162,0.11154,0.18912,0.088606,0.17326,0.23379,15.519,0.11691,17.674
0.029505,0.028999,0.051124,0.029203,0.029194,0.029812,0.029138,0.028888,0.029541,0.029025,0.12629,0.031893,0.030549,23.558,16.291
0.042981,0.03747,0.036968,0.038311,0.44716,0.035124,8.7378,0.12477,0.4566,0.27629,0.16137,12.878,0.26133,15.987,0.33801
0.11647,2.1867,0.19087,0.16887,0.046906,0.14812,7.5716,0.080612,11.628,0.17707,0.22725,0.53077,0.25679,0.074259,1.0187
0.12203,0.062346,0.059555,0.067131,5.8501,0.16895,0.37267,8.6817,0.052138,0.050023,0.20282,14.549,0.24781,0.50877,0.51902
0.11738,0.05846,0.060337,0.031534,5.631,0.094279,0.044132,0.049009,0.057996,0.15539,18.223,0.37197,0.46919,0.24852,0.24926
0.12236,0.05404,3.3308,0.18389,5.6435,0.13488,0.085357,0.18849,0.13536,0.10907,0.10731,0.29484,0.15109,17.298,0.10632
0.042351,0.076401,0.04258,0.041196,0.042355,9.8514,0.081002,0.2348,0.15402,0.14801,0.28185,0.18802,0.38457,16.148,0.29518
0.029026,0.052482,0.029292,0.028505,0.029746,7.7507,10.735,0.32485,0.06842,0.27591,0.22621,0.34096,0.18471,0.27581,0.033448
0.12566,2.4829,0.11773,0.17285,0.12968,0.19207,0.2088,0.47793,0.26387,0.22644,0.09199,0.089341,0.29518,15.74,16.579
0.1203,0.04359,0.043621,0.056491,5.7434,0.10673,8.2974,0.13853,0.17207,0.047809,0.30182,0.058483,0.26761,15.931,0.38775
0.1136,0.051266,0.056036,0.068561,5.6548,0.065798,0.076067,0.18632,0.13857,0.15677,0.040335,13.939,0.03686,0.2072,17.64
0.047765,0.039436,0.28365,0.052123,0.060966,6.3715,7.9309,10.119,0.046068,0.59268,0.52509,0.52037,0.81674,1.1392,0.72914
0.026999,0.066923,0.025967,0.025456,0.035177,0.1802,0.02957,0.027466,0.034082,0.033286,15.786,16.765,0.051885,0.13373,0.18489
0.11355,0.054035,3.3452,0.0378,0.059937,0.055365,0.054294,0.034562,0.15187,0.050298,0.051992,0.066235,15.758,0.19279,17.162
0.15774,0.057565,4.6561,0.039721,0.044427,0.1028,0.2292,0.10892,11.354,0.3655,0.026908,0.056019,0.13411,0.11883,0.17576
0.12205,0.053866,0.06384,0.064179,5.6355,0.1074,0.070446,0.20789,10.284,0.065676,0.084527,14.417,0.06768,0.85765,0.39152
0.13416,2.1775,0.067355,0.16252,0.12764,0.1678,0.14049,10.434,0.19625,0.061404,11.958,0.31013,0.72335,0.14124,0.29574
0.023225,0.10985,0.027007,0.019699,0.095456,6.3813,0.087791,0.26466,0.046481,10.814,14.377,0.36201,0.61325,0.30355,0.37177
0.11893,0.056244,0.066077,0.082141,5.7377,0.13937,0.24963,0.03408,10.54,0.25871,0.32275,0.44196,0.27695,0.14461,17.279
0.039636,0.030128,0.30235,0.030361,0.036994,0.053166,8.6487,0.087884,0.051394,11.205,0.25481,0.46196,0.36829,15.511,0.41044
0.12171,0.055523,0.036666,5.029,0.075204,0.039597,0.04351,0.027305,0.40274,0.091632,0.047965,12.701,0.44266,0.057849,17.167
0.12094,0.056232,0.037459,5.0689,0.11422,0.54926,7.4314,0.032607,0.097392,0.18004,0.097268,0.17901,0.17604,0.19793,16.928
0.11029,0.062163,0.025178,0.078123,5.6785,0.090101,0.30229,0.062898,9.9396,0.1673,13.472,0.46897,0.38322,0.25596,0.064668
0.11812,0.05358,0.037069,4.8279,0.12872,0.15312,0.03655,9.1106,0.239,0.16994,0.031272,13.476,0.21239,0.37601,0.32206
0.15144,0.064832,0.069164,6.355,0.037581,0.14293,0.041844,0.036957,0.067438,0.051331,0.23431,0.058527,15.857,0.030046,0.2277
0.045881,0.031915,0.58122,0.049953,0.043585,6.9532,0.03452,8.7584,0.069235,0.27684,0.16697,14.444,0.32709,0.19579,0.4056
0.038317,0.03691,0.036978,0.037353,0.17528,0.037742,0.037094,11.33,12.52,0.55696,0.55167,3.0398,0.51169,0.95864,1.4623
0.038491,0.03423,0.032167,0.4825,0.045556,0.033422,0.030245,0.03929,0.039708,0.041421,0.04251,20.12,0.035704,0.18521,16.353
0.11253,0.089345,0.050762,0.056587,6.1194,0.076385,0.15958,0.10165,0.11089,0.24486,0.083065,12.927,15.104,0.34164,0.35173
1.2855,0.20192,0.094557,4.4027,0.38062,0.31888,0.40485,0.59907,0.52068,0.60191,0.49043,0.77202,0.61752,16.075,1.0794
0.14793,0.061861,0.069454,6.0462,0.03884,0.056423,0.26508,0.041501,0.03792,13.156,0.26733,0.070929,0.076058,0.12954,0.29474
0.12625,2.4671,0.055373,0.039012,0.049222,0.046393,0.089721,0.17742,10.295,0.31124,0.40481,13.191,0.10202,0.31399,0.21563
0.1765,0.051982,0.076655,0.093696,9.987,0.34818,0.12857,0.11738,0.039512,0.14633,0.11258,0.15469,0.040774,0.042786,0.075305
0.12465,0.062194,0.060652,0.077143,5.9532,0.0659,7.7372,0.15878,0.29231,0.26284,0.10361,0.29535,15.284,0.083489,0.26186
0.13709,0.049781,4.1956,0.049503,0.042839,0.030983,0.036689,0.072738,0.069441,0.13922,0.15914,17.234,0.45418,0.22522,0.44619
0.038128,0.035458,0.03547,0.036219,0.17337,0.035398,8.375,9.3198,0.39696,0.3569,0.35212,0.074126,0.42372,0.31379,16.654
0.12525,0.038383,3.5113,0.077488,0.12571,0.081786,0.057695,8.5881,0.033606,0.31551,0.20931,14.709,0.24389,0.10644,0.47748
0.13042,2.5593,0.15034,0.078609,0.1728,0.16145,10.827,0.35441,0.098797,0.30992,0.16133,0.37883,0.22438,0.035936,0.76841
0.13263,0.04694,3.6611,0.051326,0.080903,0.085162,0.27232,0.22387,0.081896,11.576,0.17524,0.093488,0.61904,15.334,0.24037
0.11478,0.050928,0.067232,0.072774,5.4332,0.21743,0.056937,0.051442,0.11157,0.073025,14.138,0.49868,0.30493,0.059653,16.313
0.11394,0.071486,3.4292,0.1281,0.065103,0.16394,0.092377,1.9331,10.686,0.28655,0.30296,0.40934,0.089385,15.628,0.63788
0.12421,0.067593,0.08819,4.669,0.051892,7.344,0.25681,0.087197,0.082821,0.57814,0.39143,0.36187,0.38977,15.116,0.059611
0.13315,2.3844,3.5428,0.18872,0.088608,0.057381,0.090933,0.2116,0.12681,0.46627,0.14556,0.27302,0.10516,0.3439,16.819
0.041311,0.04058,0.040588,0.04069,0.096463,0.041746,0.041442,0.040887,14.961,0.17541,0.29489,0.20778,0.42524,15.69,0.072594
0.1191,2.5458,0.095043,0.040959,0.10009,0.022043,0.039442,0.020381,0.12867,0.32996,0.21333,13.257,0.23588,0.19071,16.28
0.11184,0.092438,0.059829,0.04672,5.4222,0.12489,0.039003,9.3203,0.046716,0.093037,0.21764,0.56486,15.848,0.26335,0.40247
0.053026,0.052844,0.060366,0.16681,0.055615,0.16602,0.053144,0.055338,11.435,0.1834,12.378,0.26252,0.08858,0.38076,16.089
0.1615,0.049145,0.076203,0.040674,8.4335,0.080647,0.060573,0.075282,0.092741,0.091454,0.049047,0.21525,0.066935,15.079,0.10572
0.11073,2.1644,0.16768,0.049257,0.030582,0.041122,0.03403,0.21892,0.093093,10.812,14.28,0.46003,0.74011,0.40891,0.17684
1.2533,0.067236,0.18766,0.17899,0.28843,0.27895,0.24204,0.16206,0.35851,0.20126,12.279,0.96314,0.71657,15.877,0.98998
0.12722,0.038088,0.069591,0.16741,6.207,0.13746,0.080153,9.1147,0.19673,0.043126,0.44532,0.05211,0.27974,15.226,0.15243
0.044627,0.29242,0.041708,0.03603,0.043289,0.061183,10.541,0.13046,0.18834,0.3787,0.19965,15.809,0.26916,0.23118,0.086668
0.18554,0.079644,0.083836,0.10056,5.9945,0.30927,0.58985,0.32197,10.73,0.24562,0.15532,0.34702,0.63601,14.99,0.26855
0.13719,0.06276,0.048842,0.088266,5.6989,0.049662,0.041494,0.14366,0.13682,0.03888,12.155,14.701,0.19236,0.34372,0.30459
0.11321,0.047286,3.1885,0.063074,0.066842,6.4113,0.10157,10.565,0.11204,0.39539,0.30671,0.87075,0.61975,0.29393,1.6059
0.16615,0.064893,3.5558,0.10376,0.045387,6.682,0.13917,0.073067,0.17217,0.044908,0.2287,0.16652,15.196,0.38239,0.15517
0.033574,0.028967,0.032797,0.38633,0.03098,6.424,0.093163,10.092,0.1359,0.55099,0.078197,0.60328,0.19217,15.783,0.19953
0.17457,0.09197,5.9762,0.068742,0.53627,0.40402,0.47111,0.34001,0.64468,0.31349,0.58944,0.91448,0.073842,0.71464,0.21462
0.18384,0.054511,5.9912,0.16272,0.2276,0.15762,0.10391,0.66731,0.65454,0.031297,0.12251,0.18394,0.19033,0.26744,1.4577
0.10557,0.043302,0.045635,4.3335,0.039651,6.4,0.043997,0.2189,0.44608,0.1538,0.27693,0.15519,0.10076,0.11877,19.562
0.14555,0.04912,0.059627,0.02921,8.2461,0.062781,0.077828,0.14533,0.081479,0.13804,0.078769,0.32476,0.16856,0.057558,16.946
0.13585,0.06142,4.5372,0.16259,0.11522,0.045078,0.065361,10.496,0.15181,0.032542,0.16413,0.04887,0.37593,0.14028,0.096894
0.15512,0.063802,5.0144,0.12817,0.078577,0.026352,0.040317,0.20175,0.12339,0.17787,0.043822,0.029668,0.15315,0.15012,16.562
0.11555,0.053498,0.034671,4.7948,0.075615,0.038167,0.030308,0.029879,9.8098,0.3746,0.23053,0.43251,15.285,0.43079,0.90456
2.0243,0.21239,0.23374,0.28633,0.5581,0.49168,0.38579,0.22497,0.53142,0.59867,0.41894,0.69131,0.14827,0.90162,1.5475
