1.6587e-69,3.6903e-70,1.6495e-72,1.2748e-67,1.5044e-67,0.046226,10.737,51590,19270,12597,3459.3,36525,1.0806e-06,0.00015129,0
2.4445e-53,7.3912e-59,1.4331e-56,1.6818e-58,1.8397e+12,0.11313,1.3762e+08,6.7125e+08,3.6326e+10,0.00032314,4.2629e+06,1.7946e+06,11.912,2.222e+06,389.3
3.6897e+12,1.0276e+10,74.446,6.4481e+08,2.1056e+05,0,645.83,3.0026e+05,2.2142e+08,1.606e+06,122.13,2.151e+05,70439,2.1436e+12,3.8745e+05
3.7676e+12,7.433e+09,0,1.1003e+05,7.4801e+07,1.983e+08,0,5.7042e+08,1.9783e+12,0,15.138,19877,1.5993e+06,4580.7,533.25
90490,4.8075e+09,2.3067e+07,1.979e+12,9.5411e+06,0.0061271,6.4511e+05,2.8697e+08,3.7763e+08,8.3239e+08,7.7898e+08,0.0055425,2.537e+07,8760.1,647.86
9.2291e-59,3.7532e-55,6.7261e-53,2.6151e-57,0,0,7.7025e-61,4.7987e-56,3.8938e-62,9.3649e-57,6.0098e+12,0,3.1621e+12,0,105.7
31.713,0.00013888,6.1308e+05,10.381,3.7298e+12,1.5587e+06,0,6.0295e+05,4.9862e+08,1145.8,0,0,2.1765e+06,2.1756e+12,4.4974e+05
4.0457e+05,1.5264,3.6202e+10,8.4438e+05,7.769e+05,8.2984e+12,0,5.1996e+09,1.1616e+08,3486.2,207.13,1.354e+09,2331.3,0,4.2161e+05
3.1775e-58,2.2603e+07,204.16,4.4347e+12,4.1654e+08,0,4683.2,4.1839e+09,4.2207e+06,4.5796e+05,1.0647e+09,2.117e+12,2623,0,4.1078e+05
1.7162e+12,7.6998e+07,0,1.0708e+05,7.5703e+07,45.534,1418.1,27559,6.6472e+12,0,2221.4,1.2061e+09,8.533e+06,734.87,329.59
3.5491e+12,3.192e+10,4.4259e+07,1.1901e+07,7.5194e+08,110,25672,7.6134e+08,5.1437e+06,2.1726e+08,1.3682e+09,1.8274e+12,276.57,3.2613e-06,3.9164e+05
0.27637,6.7881e-07,1.6433e-06,6.2157e-05,5.4909e+05,40.473,1.522,8.9511e+07,1.9335e+12,0,6.1973e+08,0,1.8069e+08,0,965.43
2.5572e+09,3.201e+12,1.6105e+09,0,1.1401e+09,2.719e+08,9.3601,1.008e+09,1.179e+08,0,3.2921e+07,50.343,31640,0,4.2332e-06
3188.4,28.677,0.022653,0.85685,1.0384e+10,1.423e+06,28957,1.7029e+12,3.6014e+07,0,6.051e+08,0,2.4397e+08,0,975.81
2.12e-10,1.354e-07,1.2727e-12,0.027161,6.6876e-08,8.49,2.9653e-09,1512.3,5.1536e+07,0,16923,0,4804,2.1885e+12,1343.5
0.047983,0.010675,4.7715e-05,3.6875,4.3518,1.2218e-07,4090.2,1.9733e+07,7.3709e+06,4.8183e+06,1.3232e+06,172.03,0.00022616,0.031662,0
0.85091,814.53,15.646,2.0332e+12,25147,1.2499e+09,1.6663e+08,2.6205e+05,4.623e+10,4.7566e+08,0,0.39565,1.8768e+06,0,3.993e+05
12.269,5.7264e+09,7.1094e+06,2.1258e+12,1.2809e+07,1.984e+06,1.402e+05,2.371e+09,3764.6,29.84,4.5458e-20,1.8241e+12,1.5074e+06,0,2348.7
47641,2.0378,2.7417e+12,3.1868e+07,2.7882e+07,4.8597e+05,5.8992e+08,555.19,5.6301e+12,0.37811,6.4311e+07,0,8.87e+08,0,12.419
2406.4,6.1532,2.6806e+07,113.91,0.00031274,1.2571,11549,1.8874e+12,4.742e+12,5093.9,4.3584e+07,0.45028,8.7122e+07,3.7441e+08,4.1369e+05
1.4208e+09,1.004e+06,4.3183e+07,3.8302e+12,0,1.5471e+07,3.7076e+08,2.3299e+08,14.794,2.2819e+05,3.6575e+08,3.0979e+06,8330,0.12337,4.6902e+05
0.2089,0.00019495,0.00013812,2.1291e+05,46.703,10.092,0.79825,103.74,4.6756,2.1605e+12,0,96792,2.1284e+12,516.87,28633
2.1002e-71,3.8558e-68,1.3208e-64,9.7266,3208.4,0.69474,1.1579e+09,65273,42294,0.58489,2.0058e+12,81132,4191.5,259.02,3.8727e+05
4.8126e-61,9.6502e-57,6.9618e+08,1.2874e+05,1.0974e+05,0,0,2.383e+06,0,1.7955e+12,3.8039e+08,3.7645e+07,2.9959,2.2175e+12,3443.8
3129.2,0,24.462,8.432e+09,82946,0,6.1017e+06,1.1601e+06,2.4613e+12,2.6719e+05,0,1.5554e+06,1.8723e+07,5.4837e+05,3.8781e+05
1.4504e+13,6.3106e+08,0,2.3945e+06,2.5214e+06,109.34,1.3337e+09,1.9502e+09,3.8977e+08,7.5024e+07,1.241e+09,4790.9,596.97,0.02511,168.61
3.1148e-61,2.1141e-55,2.6802e-58,8.3091e-59,1.6791e+10,11657,0.064355,51.273,7.1375e+10,14390,0.00056465,1.6053e+11,1.0612e+05,1.0383e+08,3.8567e+05
0.020715,8.1095e-05,0.0001648,3.338e-17,4.0036e-07,3.4868e-06,9.9698e-12,64.449,0.00048276,2.5163e+06,7.0561,0.00021458,1.8724e+12,5.8192e+08,1.4904e+06
4.8907e+10,0,2.1426e+12,1.0055e+08,5.8356e+09,2.5365e+09,46.02,1.004e+08,127.81,8.5008e+05,4.0111e+06,4.1741e-05,2.7713e+12,1.8484e+09,3.969e+05
4.4884e+09,3.8074e+12,6.207e+09,1.4675e+08,8.0144e+08,113.95,26594,64877,6.7317e+09,2.3597e+08,6.5876e+09,2.0599e+12,311.75,0,4.1202e+05
1.291e+10,2.6725e+12,9.2127e+09,1.2123e+07,2.611e+06,3.3793e+05,3.1218e+06,71.589,5.9787e+06,1.4618e+09,183.61,1094.1,1.864e+12,686.72,0
6979.7,1.9382,92.563,2.9704e-18,0.067991,0,1.1464,0,7.3289e+07,5014.9,2122.6,0.0057372,1.7488e+08,1.4546e+13,447.5
56.494,1.0775e+05,134.99,0.0024971,0.14303,1.7964e+08,2.0276e+05,3.7222e+05,302.38,0,3.5869e+12,6.1812e+06,1.5328e+08,22058,565.71
2.1461e+12,3.0626e+10,1946.3,2.9651e+08,3.8745e+07,71606,108.93,1.624e-10,0,68500,5.133e+08,3.1158e+08,1.9347e+12,8739.6,7.3694e+05
7.0443e-61,3.1716e-64,52258,4.4338,1.9803e+12,3.6998e+07,5.5248e+09,47448,224.94,67.062,6.0354e+07,0.21109,2.9721e+08,1.027e+07,2.4025e+06
1.7178e-65,5.5578e-66,1.9411e-68,1.5002e-63,1.7704e-63,543.99,2.078e+05,9.7155e+08,1876.7,9.2697e+07,2.5456e+07,0.004741,5406,1676.1,0
2.5054e-12,1.4774e-19,0.0012389,2.2584e-07,6.9252e-08,3.2885e-08,9.4738e-07,7.6193e-20,5.1231e-08,9.5083e-08,12553,1.6023e-06,1.2286e+08,1.8039e+12,9.4153e+05
1.8017e-53,8.0484e-58,5.3362e-56,4.1323e-57,5.923e-60,0,3.7317e-57,3.3834e-56,4.4697e-53,1.4881e-62,4.1718e-62,4.7284e-57,7.1572e-57,9.6629e+12,4.1776e+05
3.0111e-68,1.5317e-71,2.2051e-71,6.7865e-72,8.1502e-74,1.8496e-72,0.0024712,1.959,1.5096,8.4978e+07,8993.8,8285.6,4.5197e+12,0,4.767e+05
6.4457e-07,9.2809e-12,0.041221,3.1562e-05,255.15,2.2127e+10,252.19,1.8242e+12,6.0498e+12,31806,0,2.153e+08,7.7693e+07,2.5623e+06,2954.1
816.94,1.7788e+12,1.5809e+09,9.4012e+06,0.19102,0,0,3.0655e+07,3.7548e+07,1.4482e+08,2437.6,1.0652e+09,5.6755e+12,30.047,0
2.3633e+09,91.569,3.1727e+06,111.51,9.5114e+05,7.7914e-07,24.183,207.2,4.892e+06,2071.3,2.472e+12,6.6544e+06,0.099272,1.891e+12,39.591
4.237e-53,5.1722e-55,1.3146e-55,4.0989e+12,3.8846e+08,0,4309.6,0,6.3681e+06,3.8862e+05,9.2347e+08,1.8361e+12,1.3152e+09,0.32866,11451
1.3366e-53,3.0162e-56,2.1888e-55,0,3.3119e-57,9.0488e-56,2.5303e-63,6.1803e-57,1.3142e-56,1.2653e-57,7.0966e-57,1.7564e+12,38.901,3.6444e+08,1.0586e+06
3.0395e-57,2.1621e+08,5.0378e+12,2.1251e+07,8.1146e+08,2.4061e+05,0,62896,3.0085e+12,1311.5,5.8755e+07,0,1.1151e+08,0,4935.3
1.1907e+08,1.4476e+05,2.9712e+12,6.9192e+09,0,1.5137e+05,1.4881e+09,41266,3.1044e+12,1059.1,1.5056e+08,0.070031,9.0486e+07,5.8844e+09,587.46
6.9844e-118,5.558e-122,5.0573e-53,3.5975e+12,6.6901e+08,3.7879e+08,2.1051e+08,2504.1,55752,3.4519e+08,1.1537e+08,57102,4.7874e+06,3.3342e-11,1.7424e+06
1.8028e-127,1.2824e-62,3.9728e-65,1.0959e-57,7.8523e+07,21.308,0,12391,2.0432e+08,0,0,3.9545e+12,3.7222e+07,1.7946e+12,3150.3
1.779e-56,5.5448e-53,4.0868e+12,7.5575e+08,0,0,65.586,2.5516e+07,0,857.7,8.5695e+08,8.4808e+07,198.74,6.3126e+08,1650.5
26.899,0.034173,3.6479e+07,3.6061e+12,1.2077e+10,3.035e+09,1.5376e+07,1.4081e+08,8.048e+08,1.6391e+09,1.5899e+09,0,4.36e+07,15639,19063
4.9263e-59,2.01e-56,7.1377e-58,4.5817e-61,1.5159e-62,1.8921e-53,0,3.6639e-59,1.4266e-53,4.0462e-59,0,4.9187e+12,6.7519e+06,9.3482e-06,5.2272e+05
6.5499e-131,4.6592e-66,2.3734e-62,4.1106e-59,3.0683e+06,2.8905,3.3563e+12,1.7162e+08,0,2.6886e+09,1119.2,2.9545e+08,9.0895e+07,1.2294e+10,1298.5
2.7743e-08,59.462,71894,0.38374,2.4457e+07,19059,1.9917e+12,1.1467e+08,5.0894e+08,1.5912e+08,652.97,2870.8,2.3011e+12,871.22,174.04
148.28,1.6554e+09,3.4399e+12,1.2228e+07,1.8895e+08,1.6833e+08,347.76,2.0527e+09,1.8307e+10,9.1966e+09,18.436,24902,4744.2,1.8487e+06,6.1777e+05
6.3176e-58,2.6475e-53,1.9017e+12,5.5545e+07,3.9113e+05,1.8511e+12,0,0,1.3259e+09,2.8866e+05,60245,0,13751,0,6.4982e+05
1.6178e-59,2.0085e-53,6.5548e-56,9.8355e-58,1.6206e+12,5.6718e+08,0.001053,1.7532e+08,1.6758e+08,0,6.0444e+08,3092.6,41748,1.7276e+12,5000
1.4578e+05,1.6274e+12,1.8029e+09,5.8192e+07,9.2164e+07,1.8353e+06,0.00042639,9.8975e+08,1.3779e+09,4.0965e+09,8.212,9405.8,1.1801e+08,2.1398e+12,170.61
3.0881e-120,2.1967e-55,6.001e-57,1.3049e-59,2.15e+10,34663,0.00068027,2.1887e+12,2.4988e+08,0,1.0369e+09,2.2838e+05,1.8378e+08,2.7632e+12,9.2922e+05
4.3964e-63,1.0026e-65,343.32,3.7357e-05,2.7692e+10,5.1973e+05,1.0874e+13,2.5727e+05,719.42,363.63,3.1723e+08,1.4569,1.7019e+09,2.3377e+08,3.8521e+05
1.5808e-52,1.1245e+13,2.0458e+10,6.0179e+05,3.8722e+05,259.09,5.0245e+05,2.3732e+08,0,3.0452e+05,0,6.0598e+06,2.8268e+06,1.4627e+06,9721.3
99635,2.1227e+07,1.7161e+12,2.7217e+08,9.2896e+07,3.4268e+06,0.0003219,18.965,1.6395e+05,5.9127e+08,586.17,8145,1.6693e+06,1592.7,3.838e+05
1.7132e-55,1.2186e+10,5.712e+07,2.1828e+12,3.1713e+08,2.5179e+06,2.134e+08,8.5846e+09,0.45734,4.6812e+08,4.2708e+07,13.833,6.8716e+08,3.6e+12,4387.9
108.61,2.8392e+08,2.1983,3.4367e+12,9.1287e+08,0,1.524e+08,5.5037e+08,2.1894e+12,2.7626e+06,1.7121e-09,1.6133e+08,0,10.553,146.47
26.826,0.00038625,1.7155e+06,1313.5,2.0578e+12,2.3829e+09,25118,3.3637e+08,6.0802e+12,31966,0,36278,7.7516e+07,3.1567e+07,2953.8
6.8621e-61,1.6979e-63,53790,0.0058531,4.3388e+12,4.105e+08,0,94830,265.18,440.53,1.1693e+08,0.53702,6.2731e+08,2.0011e+12,4.7356
1.2024e-127,1.9633e-125,1.6237e-60,1.155e+05,22.744,1.0634e+05,1.8624e+12,0,3.3538e+05,6.7548e+07,0.2266,3.888e+12,7.5523e+07,3734.6,3.156
0.6399,33.479,0.030316,0,1.2593e+06,9.9089e+05,8.2474e+09,6.5648e+12,1.4826e+09,7.2635e+07,3.3003e+08,0,4281.9,0,4.1515e+05
9.9968e-55,7.1111e+10,1.0947e+05,2.042e+06,1.5596e+07,25532,4.8027e+05,9.1917e+12,1.7237e+08,2.8252e+05,0.05002,6.7205e+10,1.3519e+06,4.6956e+07,4.4453e+05
2.1835e-59,9.4057e-68,1.0104e-61,1.7719e+06,0,1.6023e+09,0.61168,9133.7,4083.1,1.949e+12,5763.7,54505,2.6343e+06,1.2039e+07,1.6873e+06
1.9621e+05,1.8838e+12,6.643e+10,0,5.2988e+05,0,1.4188e+08,1.7751e+07,4.7159e+06,3.1555e-12,1.999e+07,4.828e+12,3.0289e+08,0,1063.7
3.7139e-08,1.6264e-13,0.00075173,40.583,1.3152e+09,72840,1.217e-05,217.31,0.082713,0.40007,0,3.2505e+05,1.997e+12,2.3462e+12,6.0818e+05
2.7909e-72,2.7885e-64,3.2876e-57,2.4927e-53,1.9788e-60,1.4353e-57,0,0,1.0536e-59,1.8448e+12,1.6125e+10,70.09,2.1004e+12,9753.9,7.6894e+05
0.038966,1.2632e+09,7.7265e+05,3.9053e+05,2.6252e+12,1.1696e+08,1.5623e-05,1.9048e+08,2.5717e+05,2.5604e+09,4.4635e-05,12977,1.6408e+08,2.0081e+07,7.2456e+05
3.3589e+06,12.673,2.2111e+12,5.5648e+07,5.0656e+09,0,0,1.4423e+07,2.9963e+07,9.4605e+09,4.8537e+07,2.1865e+12,2282.6,3.5855e+09,83.455
2.8859e-58,1.7337e-56,1.0298e-59,5.7665e-59,2.9756e-58,1.6871e-60,2.2541e+09,1.7868e+12,2.0049e+12,4583.3,34209,5.9235e+07,2.0811e+05,0,6.3863e+05
5.1408e-66,2.6601e-71,1.3791e-62,1.7065e-60,1.4466e+05,8.074,0.15181,17.224,19.555,66.031,0.00011263,1.7998e+12,2.4419e+12,0,4.2769e+05
1.6988e-57,0,1.2084e+08,3416.2,14576,54951,4.5755e+12,2.4727e+09,1.0347e+09,10.43,0,6688,0.88793,6878.1,4.2426e+05
1.5173e-07,7.3339e+08,2.0616e+12,3.5299e+07,4.8209e+08,0,0,36132,3.6251e+09,3.0761e+07,70689,0,8.7823e+06,266.15,939.93
0.1572,75.785,1.3411e+06,7.144,2.6742e-06,48.001,1.5177e+12,32080,3.1711e+05,35577,552.85,2.2813e+08,1.3237e+09,3.1985e+08,1.9771e+06
0.025288,6.0661e-06,2.9052e-09,25065,0.00029605,1.8549e-06,2.8187e+07,1717,7.6618e+07,0.18549,56916,8.5395e+12,0,6.6154e+08,9.6637e+05
2.4572e-05,0.0027717,1.4749e+09,2.7666e+05,2.2058,0,0,6575.5,3.7922e+12,5.1543e+08,1.8789e+08,0,1.1048e+08,118.15,2642.4
8.4918e-12,5.0773e-09,332.69,3.0912e-05,5.018e+09,94206,1.9554e+12,0.16132,2.0148e+12,5422.5,9.109e+06,1.0045,27.845,6.6649,5530.5
9.0576e-53,6.4431e+12,2522.5,2.0311e+07,1.0071e+08,1.149e+08,0.23518,1.6904e+09,1.6382e+08,4.2592e+07,5.0469e+08,10918,5.8085e+05,1.1248e+08,1.4377e+06
6.7774e-71,4.5134e-63,3.5291e-65,380.43,1.4118e+09,75815,5.3459e+05,2.179e+12,1.0767e+06,2.9e+07,10516,1.1348e+06,1.5626e+07,2.0848e+06,3.539e+05
868.73,0,0.0019122,0.52098,2.28e+07,2.3343e+12,3.1892e+09,0,2.1578e+06,4.106e+05,0.011168,1.5679,1.6236e+07,4.3466e+07,3.7722e+05
6.8862e+07,259.81,8.9037e+12,2.0744e+08,1.8504e+08,4.6992e+09,7.4758,5.2517e+09,1.1733e+08,2967,0,0,2350.3,0,4.1884e+05
8.596e-53,6.1146e+12,4.4482e+06,1.2589e+07,0,1.068e+08,3.7392e+05,1.3685e+09,1.6251e+07,1.9382e+09,5.0142e+08,137.88,7.5621e+08,3.0831e+07,9.4596e+05
4.0115e+06,177.52,55386,0,2.3474e+12,4.4263,530.59,2.4776e+09,6.9695e+09,5.1461e+09,2.062e+08,3712.5,2.452e+05,2.3445e+08,3.6166e+05
1.6238e+08,3.7371e+06,8.5901e+05,0,3.6404e+12,2.0592e+07,0,6.0782e+05,7.767e+08,4.0907e+07,1.7383e+08,0,2.4313e+07,1.1554e+09,2619.3
2.2925e-59,2.4064e-53,1.7151e+12,5.3256e+08,8.0487e+07,1.2946e+08,3.4983e+06,11515,7.9482e+07,1.8805e+07,2.5682e+09,5.0768e+07,1.6503e+05,2.9911e+08,1.0535e+06
7.35e-53,5.2284e+12,3.3579e+06,4.4232e+07,1.0037e+08,3.8141e+08,0,1.1114e+09,8.42e+06,1.7322e+09,4.557e+08,2.1443,1.295e+08,2.5225e+12,1105.9
9.6363e-53,1.7674e-56,7.0416e+12,6.1933e+09,1.3723e+09,4725.7,3.927e+08,9.6079e+07,1.1578e+05,19.547,2.3633e+08,107.57,309.82,1.069e-11,4.0709e+05
1.1161e+13,2.0471e+09,2745.6,1633.7,3.1557e+06,522.14,5.3291e+08,1.5942e+09,2.8375e+05,9.9971e+08,5.1981e+06,7.0995e-09,124.67,6.3107e-07,5.0082e+05
4.5658e-65,6.1429e-61,2.5327e-65,4.7447e-57,6.8489e-62,1.0123e-60,4.1033e-60,3.7877e+08,5.0662e+12,2.091e+05,80.279,6.3088e+08,4.0655e+05,2.5431e+07,5.4796e+05
9.9679e-64,5.0552e-58,3.5376e-60,4.2337e+07,0,2612.2,1.8347e+12,1.0164e+09,0,8.6519e+07,0,6.9223e+06,31389,2.0105e+06,454.36
1.4284e-56,1.6837e-53,0,7.0983e-58,1.2785e-61,5.3991e-58,3.5179e-55,6.5986e-57,1.4671e-60,4.5058e-59,2.7973e-61,1.7471e+12,21.506,0.58538,493.39
6.0776e+07,825.99,1.1139e+05,3.2767,0,0.0014102,2.7348,116.74,0,1.3643e+13,0,7.7957e+06,3.1368e+06,1.623e+06,10240
1.1021e+10,0,1.988e+05,6.646e+06,4.5337e+12,0,3.4995e+09,12.378,4.5436e+06,8.4154e+05,0.020999,3.2742,3.301e+07,9.0763e+07,5.451e+05
6.4247e-62,1.1674e-65,4694.2,1.6153e+06,17.387,9.9402e+08,0.057098,1.2875e+13,1.091,4.2926e+05,6.9628e+08,156,1.1959e+06,9.0291e-18,0
8.2744e+05,10.165,33.663,2.0097e+12,1.6976e-05,5.4764e+08,2.3893e+09,1.1577e+07,49869,2.2501e+08,2021.6,0.24942,0.1229,1.0157e+07,2.2694e+06
2.034e+09,21.823,45.605,91215,16.801,3.2891e+12,2.2267e+07,1.0877e-07,0,1.2083e+10,61.582,3.257e+12,1.7723e+07,3.2456e+05,758.56
4545.2,2.1215e+12,7.5372e+07,1.9179e+05,2.5859e+08,6.8798e+06,1.9909e+09,2.3322e+09,3703,29.352,7.5399e+06,1.784e+12,4.9115e+08,0,2345.2
2.4765e+06,2.1397e+09,10537,2186.6,1.1452e+06,2.068e+05,4.9575e-07,4.5056e+05,1.5425e+09,8.7051e+12,3.9356e+08,0.022691,5.1789e+08,2.1624e+08,10347
5.7122e-62,2.5448e-70,2.6432e-64,4635.5,0,2549.1,0.0084829,0.075184,0.041305,0.074243,2.8341e-05,1.963e+12,1.558e+08,1.8502e+06,1.6546e+06
1.4908e-123,1.0604e-58,5.298e-53,1.6959e-58,3.7929e+12,6.2072e+08,1.8145,33583,5.136e+09,1.594e+05,13858,2.1847e+12,4.886e+05,968.71,338.26
9.5462,6.1876e-05,852.44,0.0012345,0,2.9318e+05,7.2445e-06,74.764,0.022386,2.9048e+11,2.4206e+07,7.6619e-05,2.6752e+07,1.4773e+06,7.718e+05
1.0257e+08,7.4924e+12,0.52419,2.6899e+07,5.7934e+06,7.3963e+05,4.7754e+07,6.6841e+08,4.8762e+10,4.5882e+07,7.2686e+08,2793.6,3.871e+06,0.0059672,3.8852e+05
4.688e-55,3.3347e+10,1.1605e+07,6.3649e+07,1.233e+07,0,2.5335e+07,3.1232e+12,9.9469e+09,9.2887e+05,4740,1.308e+08,1.0446,1.5593e+08,3162.3
4.7971e+08,0.017378,1.3133e+07,3960.1,58566,23547,800.9,1.1573e+05,1.2986e+05,5537.6,0.0035569,1.2524e+13,7.8137e+06,0,148.37
4.9656e+06,5762.1,2.8482e+08,4.0362e+12,0,1.7093,5.3285e+08,4.2266e+08,5.6362e+09,0,2.4788e+06,3.4766e+05,2.2635e+09,5.4555e-19,1.3518e+06
1438.9,0.11966,0.0032251,0.87869,3.8455e+07,3.9371e+12,5.0558e+06,0,3.393e+06,6.4564e+05,1.6246e+08,2.497,7928.3,6.888e+07,4.7352e+05
6.713e-53,2.5356e-56,6.6625e-56,0,1.532e-60,8.3989e-61,2.394e-57,4.9596e-56,5.6148e+12,1.2108e+08,4.7287e+08,0,3.0634e+06,0.048221,99.888
2.0892e-05,3.0795e-10,26.016,1.5943e+05,0.012688,9.2035,0,0.00088347,0,9.6551e+12,57.87,306.87,1.2845e+07,10182,8.1526e+05
1.8162e+12,3732.5,795.56,3.4419e+08,1.1541e+07,0,578.35,1.3928e+05,1.3047e+09,8.1787e+07,2.712e+09,2.337e+12,7.7865e+05,63610,4.2739e+05
2.5035e-53,1.7808e+12,5e+07,3.3136e+08,0,1.515e+06,2.3175e+10,130.63,5.9457e+07,5.8142e+06,11065,0,0.030856,1.0353e+07,8.0594e+05
2.4668,2.3644e+10,1.323e+08,0.00016306,0.78008,7848.7,6.8157e+12,1.0405e+09,8.9478e+07,0,154.29,0,1751.4,1.0395e+09,3.6629e+05
8.0876e-118,2.9352e-120,6.3648e-121,1.7213e-121,1.2645e-123,2.3623e-128,7.0137e-53,2.1446e-57,2.3261e-58,3.3272e-65,4.2755e-55,1.688e-55,6.4213e+12,0,3.5901e+05
1.7916,14952,2.7697e+06,1.3938e+11,2.135e+08,0,4.8395e+05,1.6694e+12,4.6908e+05,6.2805,3.9618e+08,5.9208e+09,1.6485e+06,3.2036e+12,4.9619e+05
6.4195e+09,1.2225e+05,4.542e+07,1.7998e+05,2.0558e+12,9.612e+07,0,1.4647e+09,2.8921e+07,9.4388e+09,1.0995e+09,2.7407e+12,2837,3.2549e+09,0
7.5052e+12,1.3765e+09,7.0615e+08,1.6257e+09,0.053527,367.82,2.6182e+09,1.1481e+09,2.0435e+05,7.1997e+08,3.394e+06,5.1125e-09,47.998,0,4.1123e+05
109.56,0.0024738,0.32557,6.5958e+09,388.18,360.98,0,1.2291e+07,4.7589e+05,1.1052e+13,5452.1,1.9429e+06,9.259e+08,0,164.43
1.0192e-63,72.5,4584.1,1.4333e+06,0.051654,2.6172e-08,3752.7,0.51706,1.8014e+09,4.3916e+05,2.4105e+12,1.6825e+10,0,74.252,8.5466e+05
1.0138e-128,1.1363e-120,6.8843e-118,5.3031e-53,8.4872e-57,2.4918e-53,1.0878e+13,4.1877e+08,1.0372e+10,3.9659e+08,91.013,2.5557e+07,1.2055e+07,5.5377e+07,3.2516
6.6585e-59,3.6962e-67,4.4225e-56,1.2922e-61,1.9438e-52,5.2646e-63,1.2832e-57,4.7064e-64,1.4337e+13,1.1001e+09,0,0,3.7722e+06,1.3164e+06,0
1.5259e+07,237.81,1.9809e+12,4.5691e+07,4.1165e+07,1.0454e+09,1.6631,1.1684e+09,2.6923e+12,2892.3,0,1.6503e+07,2297.1,0,4.1407e+05
4.0205e+12,5.7487e+10,5.2846e+10,1.0991e+09,8.0583e+06,0,0,1.9426e+08,718.55,0.23383,3.8277e+10,0,7.6818e+08,0,9.385e+05
5.2627e-185,3.7435e-120,2.2676e-117,1.7468e-52,2.7956e-56,6.9632e-57,1.2901e+13,5.1034e+08,1.2303e+10,1.454e+06,103.14,4.4339e+07,1.4152e+07,6.5013e+07,3.5231
3.1407e-66,1.5976e-69,2.3471e-69,7.0822e-70,0,4.1736e-72,0.2539,201.27,0.00047517,4.6549e+07,1931.9,4520.8,2.4661e+12,7.6662,3.5181e+05
13.892,2.4866e+07,0.63019,377.63,1.5193e+13,6.9964e+08,3.1243e+05,0,0,3.4136e+05,0,0,1.249e+06,1.039e+08,2397.6
8.0368e-55,9.3259e-58,3.9757e-53,5.367e-58,0,8.0485e-57,6.9886e-57,5.3749e-57,7.3899e-56,4.039e-59,0,4.306e+12,2.1103e+09,5.0863e-19,1.3052e+06
4.834e-61,2.5032e-53,8.0348e-56,2.9267e-59,8.0877e-69,1.5844e-53,2.3658e-57,6.6561e-58,5.1544e-62,4.8025e-58,4.9467e-66,6.245e+12,1.134e+09,8005.6,0
1.4693e-56,0,7.226e-59,1.6538e-64,1.2974e-64,2.0859e-53,2.3831e-56,1.3082e-59,2.5062e-56,0,9.5653e-58,1.8099e+12,1.7177e+12,1.8995e+09,208.99
3.3809e-74,0,3.7731e-71,2.847e-06,0.20744,4.0879e-06,0.010208,37.321,2.0873e-05,2.7048e+12,12292,1.538e+06,1.6316e+07,2.3919e+06,9.1813e+05
2.1165e-117,1.981e-119,1.2192e-127,1.811e-52,1.2882e+13,0,3.2429e+08,1.6716e+09,0,8964.4,2.7006e+09,3.9706e+09,2.8744e+08,0,0
2.1392e-69,0.00015217,0.20031,47445,1.8457e+12,79469,1.2473e+07,9.6111e+07,2.3282e+12,2.6483e+06,2610.7,6.8916e+08,2.1202e+08,3.1911e+10,2246.7
1.0051e-59,2.4467e-63,2.9682e-57,2.1743e-52,1.6756e-57,3.6171e-58,0,0,1.0504e-56,1.5932e+13,14184,4.1886e+05,2.8167e+06,9.2673e+07,109.81
5.7203e-58,4.0691e+07,2.8785e+05,1.7559e+09,0,41225,145.08,3.9529e+12,2.8623e+09,1.5544e+09,3.4329e+08,74.942,5.1773e+08,2.6155e+07,1.2804e+06
9.1462e-65,1.209e-56,1.913e-59,1.3524e-60,1.3716e-67,6.6664e-61,9.6241e+08,71.661,1.2214e+06,753.61,4.5545e+12,2.6098e+12,5.662e+05,5.5865e+09,5078.3
2.8937e-65,6.4113e-66,2.8738e-68,2.2209e-63,2.621e-63,805.36,1.8706e+05,8.9882e+08,3.407e+08,2.1782e+08,5.9083e+07,8.6899e+05,8.1811e-07,0,0
1.6337e+12,2.7857e+10,30.146,2.3021e+08,4.1704e+08,1.5999e+12,296.65,7.2027e+05,866.01,2.2914e+08,1.4933e+09,0,5.3262e+07,2619.2,9.4102e+05
4814.8,4.7873e+07,1.0854e+13,1.0913e+09,3.294e+07,4.2192e+06,0,2.7e+06,3.4478e+07,9133.1,0.46957,0.02724,1.4381e+07,5.1635e+08,6.1672e+05
8.4907e-65,1.468e-62,8.4048e-65,2.192e-58,4.3982e-62,1.7329e-58,5.7045e+07,0,1.7681e+12,6.4737e+07,1.0911e+06,3.4993e+12,6.9811e+07,3999.9,8.2371e+05
2.2254e-05,39364,9.3149e+07,1.7547e+12,0,1.2081e+08,44.593,4.2481e+05,2.1086e+12,5.6684e+08,0.64484,9.3189e+05,1.0475e+05,8.1454e+06,1104.5
1.4726e-79,1.6651e-72,5.8725e-74,1.6879e-64,4.2705e-56,6.242e-53,2.0074e-62,4.326e-58,1.1984e-57,4.7398e+12,1.6709e+07,0,158.51,0,1.2446e+06
2.1316e-61,1.7184e-58,1.31e+07,1.907e+12,0,3.0243e+09,6223.6,47.948,2.0727e+06,4.865e+06,2.1314e+09,51643,1.1346e+06,3.574e+06,1.8202e+06
3.8724e+05,7.179e+07,5.8578e+12,2221.9,3.0929e+08,3.1823e+07,1.5335e-16,1.1179e+07,4.7466e+07,1.9673e+09,92.77,27373,5.61e+06,5352.5,2561.9
1.0757e+05,37.29,1.7749e+10,843.63,1.9373e+05,0,106.16,4.6031e+12,3.3889e+06,2.4921e+08,6.9572e+09,1.8887e+12,1.2735e+06,3.3529,29.06
9.2923e+06,1688.4,2270.8,2.3106e+09,0,5.7475e+12,316.82,4.4589e+09,0.52648,2.0359e+05,2470.4,5.4667e+06,6.8831e+05,4.3026e-18,0
37750,1.6239e+09,1.6844e+12,0,3.5475e+06,1.122e+08,4169.8,0.0071267,3294.2,865.23,62631,0.23618,4.697e+12,4.6724e+09,5575.1
7.2983e-59,4.9955e-53,3.5621e+12,7.3481e+08,765.63,0,1263.7,1.38e+05,5.9798e-06,90097,2.0311e+10,4.1658e+12,3.1892e+08,1.6009e+05,0
840.72,12.462,0.71453,1.1814e-07,1.5426e+07,7.3309e+09,0.31235,5.5321e+12,4.2925e+10,7.476e+07,1.3214e+09,0.058771,4115,0,25346
946.39,1.674e+12,7.1957e+09,3.9043e+05,15356,1.2908e+08,47.648,4.543e+05,2.253e+12,0.026487,0.00067936,1.6094e+08,81586,2.9664e+09,232.91
7.9748e-60,3.0873e-55,3.06e-59,1.5272e-60,3.5216e-59,2.2045e-53,3.3337e-56,8.2702e-58,1.0776e-59,2.137e+12,7.1167e+06,3.185e+12,6.2949e+08,1.406,3.5577e+05
2.5092e+10,91206,1.629e+05,11244,0,2.1871e+07,7.0837e+06,6.9873e+12,5.6001e+08,0,2787.1,3.4446e+07,0.0092287,1.736e+08,1.0149e+06
0.0096757,14526,353.16,1.1881e+08,5.7423e+12,3.5159e+09,0,1.084e+07,4.4257e+07,1.565e+08,4.9497e+10,0,2.3986e+08,0,2437.5
4.1985e+09,1.7271e+06,3.0599e+06,1.1895e+06,13955,8125.6,2.3851e+06,3.9627e+12,0,5.3941e+07,5.9698e+08,10.129,2.2128e+06,0,4.8067e+05
4158.8,9.3332e+06,1.9308e+05,47.594,1468.7,0,0.34439,7478.8,1.0615e+13,5.5142e+07,3.4191e+09,684.96,4.6286e+06,2652,4.7786e+05
2.1967e+10,1.3483e+06,3.3326e+08,1.7814e+06,7.5462e+12,1.6707e+08,7332.8,4.3706e+07,2.7602e+06,5.179e+06,0,5.438e+05,4.4426e+09,6.8325e+08,41502
4.537e+08,3.1015e+06,0,2.7736e+12,1.068e+05,0,7.2427e+08,5.5585e+09,4.5589e+12,10379,0,2.6506e+06,1.2357e+09,0,0
6.412e-61,5.8229e-65,8.6632e-56,6.1964e+09,8206.7,274.91,0.0040844,2.3317e+05,7.7149e+12,6.2724e+08,3.6974e+08,1.2376e+05,6.5037e+07,0,4403.8
3656.7,0.013932,7.0948e+10,10.978,18781,0,691.78,7.0516e+12,1517.8,23942,5.1958e+05,13843,8.0363e+07,1.1633e+05,2239.1
2.6482e+09,4.1427e+05,5.5716e+05,4.4188e+12,0,7.898e+07,4.3127e+08,2.6515e+08,4.2377e+09,2.8666e+05,4.5091e+08,4.268e+06,378.2,0.1521,8.178e+05
7.9536e-125,1.4452e-128,5.8113e-60,4.1404e-55,1.4292e-60,9.295e-53,1.4869e-62,0,1.8694e-57,3.4945e-60,5.6683e-57,1.6586e-63,1.0311e-59,7.7115e+12,0.0006594
2.1827e-52,1.5526e+13,6.8158e+07,3.7862e+08,9.4416e+07,99557,312.91,1.1882e+05,0,3.8891e+05,1.3784e+09,4.1888e+05,3.1581e+06,1.2851e+05,9801.9
1.3285e-57,1.0205e-64,2.3419e-60,7.3871e-65,1.6882e-63,1.2359e-61,6.0861e-65,2.4962e-62,1.7254e-60,1.9204e-62,1.3418e-61,1.1596e+08,16.87,3.6211e+12,1.1457e+06
1.964e+12,1.8862e+10,7.611e+09,9.931e+07,0,0,6.4517e+07,1.9358e+05,5197.2,4.0692e-07,58.025,2.4596e+07,1.047e+05,2.2273e+12,0
7.5519e-57,5.372e+08,158.96,97.081,1.0021,2.4334e+05,645.04,81900,1.9493e+12,44.39,3.65e+08,8.1068e-16,6.5589e+08,2.5514e+07,1.4101e+06
2.1638e-60,4.0596e-64,1.8662e-64,6.0331e-56,1.1757e-65,6.1108e-64,3.4672e-62,2.6541e-61,9.5248e-61,4.4045e+09,5.1364e+12,4.9394e+08,32.149,0,711.8
2.0597e-71,2.3289e-64,8.2137e-66,23.384,7.0658e+09,5.3742e+12,3.4237e+05,948.07,1.5078e+07,8.7308e+05,4.5314e+06,0,0,0,8.7538e+05
2.3827e+12,6.5807e+08,7.1019e+10,197.94,0,1.3004e+07,675.55,0,1.8439e+06,1.392e+10,1.4034e+05,1063.4,5.148e+05,21447,2982.7
1.3892e-57,1.0772e-61,1.0057e+08,2.0407e+12,3.8485e+08,2.179e+08,2.3398e+09,1514,33708,2.0949e+08,6.9774e+07,34525,2.8945e+06,2.0159e-11,1.3548e+06
0.00040633,1.3089e-09,78.528,4.41e+06,0,4078,14.774,3.8516e+09,2.8354e+05,0.016611,5.3053e+12,2.417e+07,7.5726e+06,1.4619e+08,8.5904e+05
3.1136,3.2097e+07,26820,5.4794e+12,6.4641e+07,2.8224e+08,7.1068e+08,0.00011756,5.9295e+07,76.982,5.9846e+06,1.6419e+05,30.994,2.4605,1963.6
8.1385e+06,0.34316,9.118e+09,0.00021401,2859.4,2.016e+12,5282.1,1008,1.4589e+08,8.8368e+09,1254.8,3.8683e+05,4.2423e+12,0,0
9.7422e-09,93.378,4925.7,5.7502e-07,2.9665,0.0024141,1.2749e+06,39.949,16.796,8.0234e-16,3.2124e-05,7.7596e+12,0,1.0167e+09,3.6645e+05
1.2434e+08,9.0828e+12,0.63546,3.2609e+07,2.4985e+06,8.96e+05,5.785e+07,8.0973e+08,666.24,4.7725e+07,7.5606e+08,2905.8,4.0266e+06,0.006207,3.9625e+05
6.2783e+12,1.5879e+09,6.9831e+05,9.8292e+07,9.2183e+07,2162.7,1.3295e+08,0,0,1.7024e+05,1.8618e+09,0,5.5543e+05,6.4303e+08,9.9743e+05
0.32682,0.00011503,70240,1.027e+10,0,1.6288e+07,33.518,1.4076e+12,1.6898e+06,3.9188e+06,2.3034e+09,2.6048e+05,1.49e+05,3.1461e+06,1.5291e+06
6.607e-70,3.3485e-62,1.377e-55,1.2632e-53,2.3874e-58,7.9398e-61,1.4558e-57,4.8638e-62,4.0163e-53,1.0856e-58,4.5865e-57,0,1.1203e-61,7.688e+12,4.0433e+05
1.088e+09,0.098048,3.847e+06,43739,16425,37989,4.2929,8501.4,1749.4,1.4707e-15,1.6782e+12,2.5736e+12,1.7764e+08,0,34372
1.3606e-123,2.8559e-129,9.7067e-59,6.9048e+06,8.2769,724.08,7038.6,0,223.7,577.01,2.3128e+12,0,2.7763e+06,3.364e-12,1.3364e+06
3768.3,7.7443e-06,1.6507e-06,3.9126e+08,0.0017507,7.6134e-05,0,21289,2.0564e+12,8.7439e+07,2.8995e+09,2.0447e+12,7.415e+05,63492,4.2041e+05
6.1945e+05,150.79,1.8292e+08,1.34e+13,1.0327e+08,2.2292e+07,0,9.6637e+09,6.7972e+08,1.0714e+07,1.2234e+09,3.7454e+05,2.6237e+06,8.6323e+07,105.98
1.0881e-73,1.2303e-66,7.368e-68,0.13565,1.0458e+07,7.6051e+09,4.4539e+12,2.5962e+09,1.2677e+07,7.6668e+05,3.9792e+06,0,6.3447,6.7342e+07,8.2329e+05
9.9461e-133,2.2128e-133,1.5323e-67,1.7852e-64,1.8485e-73,13.454,1.682e+06,7.1575e+09,2.6735e+09,1.7476e+09,4.7993e+08,1.4158,2885.6,9313.6,0
1.55e-65,1.1026,0.014147,18302,0.13766,0.98545,2.2347,0,2.4586e+08,3.5302e+12,8.1583e+07,271.47,3.4204e+12,0,4140.6
1.8702e+12,6.5635e+05,8.9481e+10,7.0636e+08,0,1.8258e+12,6.0168,8.8094e+08,1.4808e+07,4.4364e+09,0,7.6854e+06,22171,0,35157
2806,2.2,0,2.8483e+09,0.82118,0.15396,4.1604e+12,2.2912e+08,1.7765e+12,17637,3.9989e+09,1.5493e+06,5.1278e+09,9.8162e+08,100.25
8.5197e-56,3.218e-59,8.0756e-59,4.6682e-53,1.0531e-60,8.1545e-66,1.0254e-55,3.6791e-56,4.1651e+12,9.9392e+08,2.7192e+08,0,2.3913e+06,0.03973,1.0323e+06
1.201e-59,1.5802e-68,3.2064e-61,1.1142e-71,9.7771e-56,2.7809e-53,6.3274e-68,1.1028e-55,2.72e-55,6.2211e-58,1.0146e-64,8.2553e-58,8.1341e-63,3.0032e+12,3.6807e+05
1.4067e+10,5.3133e+06,6.0847e+06,7.0953e+12,6.9184e+07,88493,2.1595e+08,5.2212e+09,0,1.7919e+08,7.0214e+08,0,7.7796e+05,0.071305,121.47
1.4006e+10,34759,1.2348e+07,4.452e+05,0,1.345e+13,3.6962e+07,1.0183e+10,2.6428e+07,4468.1,1154.7,4.3317e+05,1.3912e+07,1.361e+08,122.04
7.4446e-121,1.0484e-118,6.7695e-120,8.4896e-124,8.9956e-123,5.6638e-124,2.261e-124,2.8787e-127,5.4837e-123,1.8292e-125,1.5949e-122,1.4086e-53,4.1052e-53,7.3433e+12,1.3963e+06
1.7111e-56,3.0057e-61,1.2274e+09,29045,9.2091e+12,4.9001e+08,1903.1,1.1259e+09,1.021e+08,3.7418e+10,1591.7,6.2397e+06,3733.8,3.1763e+09,14943
2.17e-05,2.0799e+05,2.2767e+12,7.8241e+06,67.745,6.5955e+05,0,3.0906e+08,2.6577e+07,5.416e+08,47.225,1.8371e+12,3378.7,1.1119e+09,3.7885e+05
2.3966e+06,2.0707e+09,1.4617e+05,897.77,1.1208e+06,508.16,0.0013913,6.4895e+05,1.3305e+09,8.0141e+12,3.6232e+08,7.2061,619.23,1.9615e+08,3.8265e+05
3.7379e-53,0,1.6309e-55,1.2964e-57,3.0553e+12,2.4699e+09,3.4132e+05,3.6876e+08,125.82,8.3612e+05,3.9225e+06,4.1091e-05,2.7281e+12,1.8196e+09,3.9384e+05
0.0010749,16195,394.2,0.27985,9.3503e+09,1.5371e+12,35949,1.1155e+09,4193.7,8.7093e+06,2.2158e+06,4.2618e+11,0,978.52,553.46
3.8565e+12,1.0017e+09,2.1132e+09,2.4881,4.5239e+07,0,24791,59567,3.1962e+10,2.3754e+08,6.6314e+09,1.8002e+12,1.2138e+06,0,576.1
4.8999e+08,1.9674e+05,5.9877e+12,5.1513e+07,7.4719e+05,4.3851e+08,0,1.2966e+09,9.7319e+06,2.0014e+09,5.2652e+08,0,1.4963e+08,2.9146e+12,770.49
1.3214e-68,1.4811e-60,4.6319e-58,3.208e-53,5.726e-57,2.8656e-53,8.7889e+12,73664,3.9738e+10,3.6247e+08,9.0907,2.091e+08,1.3208e+07,4.9849e+07,3.0183
3.8641e-118,2.7487e-53,4.129e-65,4.0062e-66,1.9553e+12,0,7.8569e+07,9.7259e+08,3.7981e+08,662.23,63787,0,4.0696e+07,0.0047455,1.6885e+06
4.0241e+08,41131,4.536e+06,1.1959e-08,1.4577e+06,766.07,0,1.9539e+05,1.2072e+06,120.77,18783,40.522,3.2531e+12,1.3048e+09,150.59
1.4282e+10,1.637e+12,3.6586e+09,0,1.2112e+06,1.7284e+12,4.2443e+07,1.9151e+05,4.4438e+06,9.5896e+07,3.521e+08,1.4013e+10,1.9111e+06,3.2551e+09,1234.2
3.4088e-53,2.6607e-57,2.4679e+12,8.3337e+05,4.6218e+08,1.1607e+08,1.4363e+08,2.1986e+07,38258,2.11e+08,7.9086e+07,142.04,2.5293e+06,0.67106,1.4423e+06
1.3962e-59,7.0398e-56,5.1497e+09,166.9,55924,0,13.822,5.3885e+12,3.7357e+06,2.6521e+08,106.14,52020,4.7757e+05,1.3833,7.8047e+05
4.0084e+12,9.5227e+10,3.7363e+09,0,3.4749e+08,3.0898e+09,5.145e-13,1.417e+05,4.3094e+10,7.5054e+07,0.0030002,0,3.2434e+07,0,4554
68.809,1.2873e+13,37.529,3.1261e+08,9.4412e+07,82239,337.65,3.9501e+08,0,3.2474e+05,1.151e+09,3.4977e+05,2.6371e+06,1.0367e+05,8956.9
5.2529e+07,5.2164e+12,7.416e+10,3.358e+09,0,4.9567e+09,9.8012e+08,3.6455e+07,8.6546e+07,4.2567e+06,8.6695e+06,4.6711e+05,7.8564e+05,2.8461,9125.1
0.00012892,13.385,1512.2,1.2679e+09,1539.9,0,1.4085e-05,1.4927e+05,0,3.6262,0,0.50798,2.3508e+12,3.346e+12,13477
1.3679e+07,83.339,4.9638e+05,1.8034e+12,13994,1.2251e+08,9.8932e+08,1.0739e+06,1.476e+09,9.6e+08,14.851,25608,2.0246e+12,1.5555e+05,1.2471
7.9293e-17,9.6784e-10,2.4088e-11,4.6571e+05,1.0759e+13,0,89.653,1.2614e+09,0,1.535e+07,0,4261.5,156.25,0,978.26
0.00079364,7.3911,1.6769e+06,9.5656e+09,8.5849e+12,4.589e+08,1.2248e-13,0,7.9387e+06,2.741e+09,1.8879e+05,0,1.3027e+07,3.9283e+08,5.7163e+05
9.5266e-58,8.007e-66,9.0432e-56,3.3825e-53,3.7617e-58,9.9843e-64,4.4319e-64,6.9269e-64,2.7053e+12,2.0758e+08,1.4226e+08,34.891,4.1545e+12,1.0262e+05,747.48
1.6033,1.8084e+10,1.4819e+08,80499,1.8221e+06,7977.8,8.395e+12,9.8144e+08,1.0737e+08,4.0864,187.89,2.8774e+08,0,5.4784e+06,4.0394e+05
9.1787e-54,1.1461e-57,0,0,1.4884e-58,3.6381e-65,1.8164e-64,0,6.7167e-73,9.727e-57,3.6316e-57,3.3039e-64,2.3986e-53,4.7043e+12,5.0063e+05
1.2495e+06,8.7738e+09,1.6284e+12,7.2321e+07,934.14,0,4.5356e+07,5.8565e+05,3.1874e+05,6.4367e+07,2.7232e+08,4.0361e+09,83549,2.1989e+12,4.1825e+05
3.7675e+05,0,6.6662,0.67724,1.1586e+07,2.5345e-05,219.31,3403.9,0,29.056,6.2655e-12,0.00042042,4.9586e+12,2.1645e+07,8.3167e+05
5.713e-76,6.4597e-69,4.9758e-72,0.00048565,37439,3.5614e+09,1.9518e+12,1.1377e+09,1.5234e+10,3.4313e+05,1.4138e+06,0,3.2485,3.5972e+07,5.6764e+05
0.086369,1.769e+12,1.2698e+05,2.2519e+08,3.7727e+08,54.871,3.5029e+07,6.0757e+09,0.32368,3.8737,5.974e+08,10.647,1.4219e+07,2.2896e+12,4.2769e+05
4.1581e+05,1.6133e+10,8.6223e+12,1.3683,0,0,3.7787e+08,0,1.7455e+09,3043.4,2.9314e+05,0,1.8703e+08,0.021809,11618
0.0028357,0,1.7262e-06,1.0024e-07,2133.1,0,2.3399,1.3941e+12,3.3066e+07,0.050067,18.194,0.028959,114.52,1.9798e+12,840.63
23175,0,6.1691e-07,2.1667,0.021241,18142,0.0064741,0.023411,90513,29.991,1.914e+12,4954.3,1.8733e+06,1.1687e+08,2.2511e+06
4.5466e-59,9.5431e-65,3.3544e-54,2.4038e+11,2.8814e+05,2.5208e+07,13082,450.49,7.3224e+06,2.0356e+07,0,0,3.0622e+05,3.6695e-13,2.3095e+06
0.36353,694.68,2.0628e+05,0.86989,0.17771,0,1.3853,0.00097608,5.6841,27.757,8.1833e+12,678.19,3.3399e+06,4.9094e+07,4.1187e+05
1.3434e-55,2.7898e-59,4.0356e-53,0,1.2905e-65,1.6177e-57,0,9.842e-61,6.7356e-64,3.2561e+12,2754.1,85606,6.5654e+05,1.8942e+07,2.289e+06
2.1978e-57,1.5634e+08,9.742e+09,0,307.1,0.00014274,2.8617e+07,1.9705e+12,1.3674e+06,5.8484e+08,3.5275e+09,1.6994e+10,0,6.488e-06,8.5896e+05
1.3457e-08,4563.4,229.37,0.09336,3.0861e+08,50241,376.5,0.45191,9131.3,7145.4,2.5156e+06,6.0013e+12,0,0.012531,1.2724e+06
886.58,0.0042287,3.9338,9.5429e+08,8.5431,61998,0,1.2731e+06,7.8091e+05,3.8013e+12,0,50788,9.3223e+08,1.8466e+12,2491.1
9.8651e-70,1.4825e-63,7.4637e-65,158.3,7.091e+06,3490.6,8.903,0.026467,200.7,167.19,53919,3.7691e+12,0,0.70933,1.7394e+06
2.0577e-58,3.7741e-62,1.5037e+07,13225,2.183e+12,8.9238e+05,1.1252e+08,4.0829e+05,3.017e+08,5.8454,6.886e+07,31.251,252.46,1.6992e+12,3.5729e+05
1.1802,2.2471e+06,0.53603,1.0949e+13,8.2414e-06,651.82,4.6461e+08,0,5.4741e+05,1.0186e+07,4.6163e+08,9.3295e+10,1.131e+09,2.2232e+09,10878
6.0554e+09,2.6797e+05,8.3607e+07,0,5.3204e+06,1.8058e+06,5.6259e-05,8.7389e+06,2.4583e+07,2.5563e+12,1.8662e+08,3386.5,2.3354e+05,2.233e+08,3.5295e+05
2.3566e+07,1.2976,3.8704e+10,9.2839e+12,0,1.2936e+10,2.9218e+05,4.321e+07,7.9889e+07,5.6014e+10,8.5474e+07,9.42e+10,6181.3,60.418,0
1.3197e-59,2.3979e-63,9.6423e+05,6.87e+10,2.3714e+05,7.3717e+12,1246.4,6.2045e+07,1.5753e+08,2.9447e+05,4.7765e+08,139.77,8.6889e+05,4.351e+05,0.00071785
6.2958e+07,2.6284e+09,35.961,9338,3.7447e+05,0.17639,1.936e+06,28.587,4.3961e+05,3.2455,1.7542e+12,5.0122e+08,2.1857e+07,509.77,190.21
6.1435e-126,4.3701e-61,1.0341e-57,1.9479e-53,3.1005e-56,6.6946e-59,3.1751e-63,1.5254e+12,1.7749e+12,4.7715e+08,0.49757,0,88116,4.6465e+10,995.35
6.0803e-62,4325.2,5.8736e+07,1.6451,1.015e+13,4.6493e+05,4.2699e-06,1.0375e+06,1.8019e+09,847.63,3.7973e+07,7.8724e+07,7.246e+07,1.7272e+07,4.5786e+05
1.6717e+12,1.308e+08,3.4766e+10,7.5054e+05,3.3826e+08,1.0426e+08,5138.2,1.9458e+07,33860,1.9535e+08,7.0022e+07,3078.9,2.2705e+06,1.9552e+08,1.3694e+06
1.0871e-55,7.7329e+09,1.9987e+06,2.1821e+05,2.1112e+06,1.0642,3.4984e+05,1.5742e+12,3.2987e+06,18808,1.5382e-10,1.0321e+10,1.8755e+12,2.9141e+07,122.42
0.00080357,13.302,1.5051e-06,2.1872e+10,5048.8,1.181,6.607e+12,0,2.0571e+06,30656,2.0426e+09,0,8.5025e+07,66748,9.0365e+05
7.5843e+07,7.0731e+12,2.2649e+10,2.846e+08,0,4.2194e+08,3.3794e+05,3.8862e+07,1.0722e+08,600.88,1.2732e+05,1.7275e+06,1.7513e+08,3.3927,31661
1.5375e-60,1.0937e+05,14.595,1.4844,2.3328e+07,3.425e-05,401.22,0.8009,0,136.52,5.0302e-11,5.1962e-05,9.9266e+12,107.47,923.37
2.1209e+12,0,7.1874e+09,8.7236e+07,4.7902e+05,0,106.28,1.6248e+07,3.3446e+06,579.03,1.7807e+07,3.6378e+12,2.4804e+08,0,38195
0.12673,1.8482e+05,1.1527e+10,4.3743,6.0891e+05,6685.8,5.7353e+12,3.3325e+09,5.1621e+07,2.1395e+09,100.89,25474,6.1009e+06,8808.5,2671.7
616.77,22824,3.5461e+06,1.6885e+12,1.8159e+10,3.4391e+05,0.0033881,2.3663,910.25,3.1193e+05,0,3.7053e+12,6.6025e+07,931.6,48822
2.2941e+08,1.7632e+10,2.5311e+07,1271.6,1270.9,0.081908,1314.1,47.635,36858,0.031089,2.0901e+06,1.9465e+10,4.5396e+07,4.6897e+10,2.9472e+06
8.3114e-58,4.9694e-55,3.83e+10,3558.6,4.3594e+05,80545,0,0.0028906,9.4773e+12,13700,5.7076e+06,15234,35.769,4.3019e+09,21073
5.2972e-56,1.6263e-59,3.9013e+09,126.44,42367,0,3.0143e+05,4.1536e+12,2.8796e+06,2.0443e+08,2.4764,259.83,3.8988e+06,1.1114,2.0118e+06
1.1849e-57,8.4284e+07,5.3293e+09,1.6663e+12,50037,0.017044,4.3626e+09,6.0763e+06,407.48,1.7912e+08,1.4313e+07,3.2463e+10,0,0,8.1129e+05
1.2205e-69,2.4316e-74,8.7599e-05,21914,1.0322e+07,467.27,11246,0,362.26,934.4,3.7453e+12,0,693.03,30.985,1.6851e+06
1.104e+05,2.193e+07,2.387,0.19348,9.574e+09,1.8668e+12,0,14671,2.3177e+12,4.1276e+08,1690.7,51690,5.6211e+05,2.1043,10203
0.0012599,8.6552e-09,3.004e+05,1.7066e+09,6.4759e+12,5.8774e+09,4.0924e+06,2.0901e+08,4.7144e+08,0.2239,0.30588,0,9.6076e+06,39.305,4.8419e+05
1.0005e+11,1.9001e+07,5.0446e+12,5.7977e+09,8.8888e+08,3974.9,0,72.109,2.1665e+05,0.40426,1.7147e+06,0,255.4,7.0336e+08,3.7895e+05
1.0105e-52,1.753e-56,8.7361e-57,7.5146e+12,3.3533e+08,7.6769e+06,2278.3,164.61,1.0971e+10,4.5394e+10,3444.3,38620,2812.9,1.8536e+09,1.1949e+06
5.0529e+09,4.3657e+12,3.0818e+08,2.1639e+06,2.0355e+08,1.073e+06,0,1.3265e+09,2.7195e+12,3.9701e+09,6.6227e+08,13.172,3.7368e+06,6.5923e+05,1011.3
0.0004385,0.34162,1.4926e+09,47237,81303,0,152.54,1.4262e+12,9.9211e+05,6.4312e+07,28.171,13807,1.3148e+12,8.9107e+08,7.8258e+05
8.6342e-08,11.752,5.4135e-05,2318.1,1.2744,0.61545,4.9846e-12,0.52615,2.5763e-08,1.7316e+12,1.1232e+08,269.54,1.7261e+08,0.025524,2.413
1383.7,0.0033627,6.3908,0,9.6356e+09,4026.7,2.5762e+12,2.2062e+09,4.0836e+08,965.11,316.29,0,1.824e+06,1.7468e+12,4.0233e+05
5566.1,1.0114,78.736,0,1.4268e+09,3.1414e+12,173.16,3.4463e+09,8.9851e+09,1.2409e+05,1505.7,3.3319e+06,4.1952e+05,2.6224e-18,31.78
3.5165e-123,3.916e-126,2.6711e-58,1.9001e+07,0,1.7013e+07,1.4438e+13,6.8038e+08,2.6448e+06,5.1796e+08,1.7867,2.7211e+07,1.0071e+08,2.2171e+09,4.7036
84.72,2.5237e-06,5.5572e+07,6.7208e+09,1.6865e+05,1.6648e+12,49215,7.7463e+06,2.246e+07,7.3291e+09,251.5,2.0168e+12,0,0,3.8508e+05
0.0043625,1.2075e-07,0.2446,77.796,0.0059398,2.6991e-05,2.3328e+07,0.0010897,4.7473e+07,0,3.5967e+12,11038,0.92926,4.9665e+08,4.6408e+05
7.5361e-186,9.4807e-184,8.0002e-119,5.6908e-54,1.1917e-57,5.244e-54,1.5781e+12,0,3.0706e+05,4.4238e+05,1.3682e-13,2.3168e+12,4.1586e+09,2684.2,5.8815e+05
4.2866e+08,2.2466e+12,2.2777e+08,8.3218e+07,0,1.9267e+09,2.5177e+08,52395,54903,7.0476e+05,4.4698e-08,3.0148e+05,2.1219e+12,1.2882e+08,7.1263e+05
219.68,2.1092e+09,2.0266e+12,0,6.441e+05,9.8045e+05,1.154e+08,1.4438e+07,3.8357e+06,5.9848e+09,913.37,4.3226e+12,1.9502e+06,0,1002.4
3.2281e+07,0.021357,1.3653e+05,2.186e-07,0.0010458,10.522,9.1373e+09,8.594e+12,1.0438e+08,0,181.51,0,1.0825e+08,1.4059e+09,10981
3.2575e-08,0.00061231,840.86,0.0089966,0.039115,0.073436,0.0027347,2.4147e+05,0,3.3531e+12,1.3055e+09,0,1.4853e+08,4.9437,3718.9
2.271e-53,1.2824e-57,1.0058e-55,7.995e-58,1.8842e+12,1.5232e+09,2.7162e+05,2.2006e+08,802.26,5.1553e+05,2.4185e+06,2.5335e-05,1.8281e+12,1.1678e+09,35447
2.9522e+05,1.0407e+10,2.4988e+12,9.2764e+07,0,395.48,14296,0.054719,1581.5,4.9944e+06,3.4194e+08,6.2758e+08,1.591e+12,636.16,81.045
4171.6,0.8233,4.596e+06,1.5463e+13,1.2716e+08,2.2433e+07,1.5636e+07,0,7.4356e+08,8.8449e+08,14327,3929.3,2.8442e+06,9.3578e+07,0
3.3429e+07,4068.8,0.0019197,1060.6,35291,2771.1,4897.8,1.4296e+11,1.3038e+06,30.515,7613,1.4049,1.316e+05,9.2302,3.3001e+06
2.1762e+05,2.4517e+10,7.3461e+12,4.2014e+09,1.4528e+08,7.8444e+07,2.6733e+09,2.9476e+08,4.7558e+06,126.56,9.4564e+06,1.492e+05,502.13,7.0126,7.9303e+05
1.2743e-121,9.0644e-57,1.231e-52,8.9072e+12,7.2103e+08,4.4352e+05,3.7963e-06,9.224e+05,1.602e+09,4.9283e+10,3.8848e+07,8.1619e+07,7.4539e+07,1.1729e+07,4.6301e+05
8.4763e-74,1.8684e-71,2.9359e-67,8.6898e-56,6.1814e+09,1.0116e+06,0.0029571,3.0993e+12,2.1018e+12,4.1282e+05,23264,0,1.5978e+09,0,345.48
1.3811e-05,16.327,7.5336e-05,0.00019537,2116.1,0.54698,4.4961e-12,0.47459,2.3239e-08,1.5619e+12,8.1425e+07,242.72,1.5544e+08,0.027536,381.51
1.2677e-58,3.0708e-62,8.1432e-62,2.8098e-62,3.3745e-64,2.2427e-66,1.0085e+07,1456.5,7.4234e+06,5.3107e+12,5.6464e+08,1691.8,2.4899e+06,0,5.2144e+05
0.095373,9.2608e-06,0.00040439,28282,0.0017964,0.012711,0.089021,0,6.9472e-08,1.7169e+08,4.1539e+12,1.8989e+07,93131,2.4663e+12,1002.6
2.6053e-56,4.8586e-65,0,2.0089e-72,2.2224e-64,4.1552e-53,3.0591e-58,1.1253e-60,0,3.1231e+12,49.375,2.3586e+12,1.3544e+07,2.4803e+05,663.13
4.1263e+09,8.7303e+12,2796.2,2.9572e+09,3.5385e+05,9.6627e+08,2.4484e+09,1.8791e+10,3.7813e+07,1182.6,0,1.8707e+06,197.75,6149.7,3302.8
1.0309e+08,1.5771e+06,0.00010731,20622,1297.4,24778,0.17862,22353,203.7,10835,2.4761e+12,3327.4,5.2632e+12,1.3282e+07,15294
15385,3.07,0.15409,1.3154e+09,4532.6,1.1485e+05,5.8642e+07,1.4624e+12,1.175e+09,2.2554e+06,9002.4,1.5191e+12,3.4016e+09,0,5386
5.0046e+09,61481,2.3287e+07,5.5052e+05,91821,1.8237e+12,3.1074e+09,1.1346e+07,49349,2.1899e+08,2000.2,0.24678,1.6918e+05,1.0055e+07,2.258e+06
3.4738e-56,0,1.7084e-58,8.996e-67,3.0668e-64,4.9308e-53,6.2093e-56,2.9965e-59,1.9433e-56,0,3.5822e-60,4.1275e+12,26.605,82009,3051
4.0271e-67,4.1599e-61,1.2697e-58,5.6616e-64,1.9861e-62,0,1.0378e+07,0.0022281,8.0851e+12,5.7561e+08,2.6363e+09,0,3.5172e+06,6.0937e+08,4.1845e+05
8.5854e+09,0,41720,8439.3,8.3212e-06,7.355e+05,0,0,68563,23532,3.7473e+05,6.5505e+09,3.5336e+05,27.483,1.2327e+06
0.098612,6649.3,163.01,0.11573,1.0582e+10,1.7375e+12,2.8013e+09,1.3562e+09,5098.7,1.0589e+07,2.694e+06,5.1816e+11,0,4.4856e+06,766.17
3216.2,1.7423e+07,4.2523e+09,1.501e+05,0,2.3398e+12,13934,1.2768e+07,3.6599e+06,4.2263e+06,3.0727e+08,6.445e+08,1.4232e+12,571.23,76.797
0.0012288,11798,1.8704e+11,27.571,55750,0.0048938,1750.5,1.0213e+13,2.2876e+07,3.5693e+10,5447.2,6.9429e+05,2.1464e+06,0.034681,2921.7
1.3523e+07,1382.2,1.5243e+05,43.037,49144,30.574,0,4106.2,1259.1,3.7557,0.0091798,2.6696,6.5103e+12,0,206.38
4.9833e+05,13.528,2277.8,591.21,7.2922e+08,5.5576e+12,0,31609,1.2458e+09,2.8234e+08,3.8375e+09,4.5515e+07,0,6.3161e+06,4.595e+05
1.06e-64,2.0755e-62,1.1782e-64,3.0728e-58,6.3118e-62,2.43e-58,7.9994e+07,0,2.4793e+12,0.76794,1.5118e+06,3.6093e+12,2.5224e+08,4527.9,55068
6.0812,1.0885e+07,0.27586,0,6.599e+12,3.0085e+08,1.357e+05,0,1.1642e+08,2.0702e+09,4.8234e+08,163.93,2.1872e+06,4.7907e+07,9.9846e+05
9.6533e+11,7.7103e+07,0,0,1.3891e+06,8.8229e+11,0.00017585,0,3.1814e+07,2869.3,5.8633e+06,0,3.9769e+07,6.7917e+07,695.64
4.301e+06,0.23681,7.0635e+09,1.7075e+12,0,1.7204e+09,53172,7.8634e+06,1.4538e+07,3.7864e+10,136.88,2.3512e+12,1.1154e+08,5.5687e-06,4.5744e+05
5.6389e-53,4.4013e-57,4.0823e+12,1.3639e+06,7.6453e+08,1.92e+08,2.3759e+08,3.6369e+07,56777,3.4902e+08,1.3082e+08,234.96,9346.4,1.108,1.1102e+06
4.8394e-20,1.8746e-05,2.9785e-11,6.5505e-10,1.0286e-08,0.0017742,1.9044e-21,1.7336e+07,1.8617e+12,8.314e+06,1.2798e+08,7.184e+07,1.2857e+12,5.6023e+10,3.3399e+05
3.2055e-08,7.9718,3.672e-05,1572.4,0.86442,0.41747,3.3811e-12,0.34472,1.7468e-08,1.174e+12,7.6152e+07,3654.1,1.1704e+08,2.4655e+08,2.0153
1.4091e-57,2.8453e-53,2.0525e+12,17332,68232,1.9426e+08,6335.9,59279,9.9504e+05,224.71,4.3041e+08,0.29495,113.93,5.5265e+06,2.1176e+06
2.1476e+12,3.4293e+07,3.2949e+09,7.9838e+07,9.0605e+06,0,14028,3.885e+09,3.615e+07,0,3.1452e+09,89600,37.739,0,1.0035e+06
3.3942e-53,2.4145e+12,4.24e+09,357.42,1.368e+08,6.4077e+08,6.991e-17,14701,3.3156e+08,83134,9.9076e+05,7.5942e+08,2.5883e+06,754.03,3.5377e+05
8.8708e+08,90670,2.7907e+06,2.1061e-08,2.9316e+06,1460.7,92439,1.216e+06,3.4747e+06,257.87,0,1.7407,4.6388e+12,3863.9,548.31
64.415,5070.2,1.8762e+06,7.2899e+12,5.4879e-06,1.9422e+06,2.0104e+08,0,0,5.6337e+06,3.1133e+08,2.0137e+05,1.3519e+09,1.5028e+09,3.5298e+05
4.2563,0.0017509,0.021068,0.0013077,3.2771e-08,10589,5.1039,9.1518e+06,0,124.58,1378.7,3.1869e+12,1.6153e+06,0,4.1068e+05
15013,1.6243,5.8912e+06,1.1551e+13,8.6991e-06,5.5986e+06,3.188e+08,1.3911e+05,0,49.983,1.6642e+09,1.8783e+05,2.1622e+06,1.1443e+09,4.404e+05
0.6251,3.0003e-05,0.015384,9677.9,2.214e+07,2.4893e+06,1.2104e+05,14.586,396.28,29.448,72.843,0.044676,0.057016,4.6155e+12,1964.6
39962,5.23e+09,1.2444e+13,6.0771e+08,0,8.9132e+08,7.4574e+05,4.7994e+08,0,9.79e+08,1.7906e-05,1.638e+06,3.0159e+06,1.4618e+06,1548
5.7968e-11,4.8379e-07,8.9615e-05,4.5097,0.0075941,0,0,70.146,1.8606e-05,3.5208e+12,4.9236e+08,69717,1.876e+06,3.6546e+12,0
1.892e-55,5.2822e-59,1.3912e+10,3.0303e+06,3.749e+06,1.0138e+06,3.9639e+05,3.8391e+12,7.4676e+06,1.3723e+09,3.8104e-10,0,1.4176e+12,4.0235e+07,0
1.726e-183,3.3364e-188,5.2741e-192,1.2387e-118,2.8802e-125,1.8561e-124,2.282e-124,0,7.3288e-119,5.4535e-125,3.6062e-131,2.7696e-53,2.7378e-64,1.9702e+12,1.7774e+06
85306,8.198e+07,5767.4,35.107,3592.1,988.22,0,2530.5,5.0028e+07,72280,1.0551e+13,1.6094e+06,27050,4.461e+05,831.89
3726.9,5.3466e+08,0.00044312,1405,5241.7,6659.4,2879,14609,798.3,42462,9.7037e+12,13202,8.8069e+09,0,3.9355e+05
2.0737e+12,3.8033e+08,3.1523e+08,4.5149e+08,610.89,102.15,349.64,9788,53513,1.8854e+08,8.888e+05,0.013173,5.7318e+12,0,5529.4
1.7225e+08,1183.4,20696,3787.9,2.1292e+12,1.7555e+12,0.33114,1.9588e+05,5.1393e+08,6.6999e+08,0.3396,0,1.0692e+07,4.2352e+08,5.2535e+05
1.7915e+06,34.116,7.0822e+08,16766,3.6294e+12,1.5518e+08,7364.7,3.9413e+08,4.5358e+07,1.4803e+10,467.28,3.8933e+12,4061.1,0,0
2.2375e-58,9.6384e-67,9.9656e-61,1.8114e+07,0,1.0694e+10,0.023318,61897,27670,1.0267e+13,30598,2.8936e+05,1.3985e+07,6.3914e+07,3.7384e+05
1.7847e-185,4.0827e-182,3.0269e-117,1.3304e-120,2.2443e-52,2.123e-56,7.0237e-65,6.4776e-60,0,1.7538e-62,4.6548e-56,0,1.2431e-62,1.6751e+13,0
1.7608e+12,10786,1.1273e+10,292.68,5.6534e+05,2.4322e+12,3.3343e+08,1.3373e+09,6.0672e+08,8.4301e+08,4.2801e+06,5.3551e-09,74.224,5.499e+08,5.4016e+05
10696,3.7417e+05,2.0285e+09,5.2434e+05,23.459,2316,0,1.9946e+12,1.5048e+06,62992,1.2625e+05,3.8261e+12,2.419e+08,0,38345
3.1158e+12,5.1698e+09,0,1.1949e+07,0,13.089,63.868,0,2.4052e-07,3.4831e+09,1.3004e+09,118.31,45151,11.822,4.4682e+05
8.9429e-56,6.3614e+09,2.1303e+06,1.8615e+12,213.71,1.6036e+12,1.6902e-09,2.76e+08,8.3989e+07,5.6662e+08,3.4275e+08,1.1364e+05,4.3281e+06,0,31071
5.022e-64,1.0957e-56,5.1469e-62,1.1302e-58,9.4987e+08,2.1582e+12,30.456,2.1099e+05,2.7231e+12,1.7196e+05,0.94941,45.784,2.8545e+06,7577,4.4204e+05
2.1508e+05,4.1023e+08,5.1392e+05,9.5066,4029.3,6.8645e+11,9.6944e+08,6.6277e+08,1.1337e+06,0,2.2093e+07,1.218e+06,3.5038e+07,5042.2,34.664
4.8356e+07,8388.8,4180.7,1.1844,3.3523e+12,3.2954e+06,1010.7,73.025,4.8669e+09,3956.7,1324,13594,1010.4,8.0129e+08,1.1684e+06
3.6796e-13,2.4798e-07,2.011e+08,728.89,241.98,21169,4.4855e+06,0,8091.2,92100,8.9051e+12,0,7.2264e+07,730.3,4424.3
1.1746e-66,1.5921e-64,13.354,3.3407e+09,1.5736e+12,7.1234e+07,1.7144e+09,0,1.3625e+05,1.4098e+08,3.316e+05,0,348.51,15.582,1.195e+06
4.0505e+08,1.2555e+07,35257,0,2100.8,3.0893e+05,1731.7,1.7023e-08,4.322e+06,7527.4,6.4969e+12,0,3.0347e+07,0,2965.5
5463.4,2.3893e-12,198.04,1.5802e+09,12.656,1.54e+12,5.0305e+06,2.6214e+08,1.1445e+09,41401,62135,21643,2.3899e+05,2.7777e-06,1.56e+06
1.7513e-08,8.6283e-07,0.046179,2.5022e+06,0.14726,78.663,0,4712.4,0.15142,0,0.62056,9.4984e+12,7.7349e+08,5.3035e-13,3.8795e+05
30.125,3.2285e-07,0.014503,4435.4,4.0196e-05,1.5052e+06,16969,313.99,1308.2,0,1.5319e-05,0.040653,2.0885e+06,1.0948e+13,0
1074.4,1.3702e+09,4.8281e+06,37613,5.7595,5.376e+05,860.34,2.4929,2678.8,282.97,1.9414e+12,59924,1.1175e-07,0,1.7037e+06
6.6655e+11,1.841e+08,1.9868e+10,11656,0,3.6385e+06,0,0.0029121,4.2713e+05,3.8945e+09,3.695e+07,0,1.186e+12,1.1025e+09,177.6
1.2311e+08,1.0381e+10,8.1713e+07,2.1215,4097.9,33076,5.5626e+05,1.0693e+13,1.9356e+08,1.0362e+09,4.7755e+06,0,3.1039,6.1519e-07,4.6136e+05
1.3427e-64,2.3215e-62,2.3926e-64,1.1833e-57,5.6835e-64,9.0345e-58,0,7.6092e-63,1.3411e-52,4.9094e-57,8.0151e-66,9.7628e+12,6.5858e+07,1.0784e+10,10.971
1.3446e-12,6.3691e-10,3.2104e-08,2.2163e-13,2.0512e-14,6.3401e-12,2.3382e-11,1.7453e-13,7.1415e-19,5.195e-16,0,1.6289e+12,0,4.7107e+09,2.04e+06
1.1185e-57,3.9924e-53,1.5363e-55,1.4825e-57,9.6636e-60,1.1289e-61,4.462e-64,1.358e-64,2.9259e-62,2.7625e-60,3.2774e+12,4305.6,2.2287e+12,60.081,40688
47027,6.1546e+09,1.4644e+13,7.1615e+08,0,1.0074e+09,465.65,5.3697e+08,6695,1.1509e+09,1.3093,1.821e+06,3.5454e+06,1.6549e+07,1574.3
3.9937e-56,1.479e-61,2.8518e+09,0.00036359,0,0,0,9.6057e+05,2.3317e+12,6.1489e+08,7.1365e+07,2.0446e+12,99780,3.5091e+09,59.601
5.5372e+08,2109.7,5.433e+11,1.8999e-06,1.5328e+05,2.4677e+05,3.1064e+07,5.1472e+07,106.57,1681.1,36483,9.8897e+11,2.9433e+07,39225,487.59
1.7515e+07,1.783,1.4388e+10,3.5346e+05,1.7275e+12,0,4.803,6.762e+08,2.4836e+12,3.2424e+10,0.016319,1.4739e+07,0,0.013144,4.251e+05
5.2499e-53,3.7344e+12,2.1087e+06,6.1899e+08,0,1.0887e+08,2.9957e+07,2.6978e+09,1.1938e+07,0.40744,7.5247e+08,95.143,8.627e+08,0,7.5494e+05
554.09,2.0261e+12,6.8375e+05,1.8535e+07,1.8176e+07,23249,2.2764e+06,1.4411e+09,1.4918e+05,26.493,1.816e+08,0,6.8087e+08,306.88,1.5039e+06
8.6255e-61,0,2.5389e-63,68195,0.01736,2.1759,0,120.38,0.0017555,5.3905e+07,66934,1.4122e+13,1.1536e+09,1.097e-13,181.53
3.5497e-65,5.1111e-70,2.2701e-60,1.7381e-63,1.1672e-53,1.3502e-56,1.4169e-61,1.8955e-57,3.4451e-53,6.3491e+12,0,14620,3.4115e+07,5.3279e+07,1878.1
5.6567e+05,1.1237e+08,12.231,0.9914,4.9057e+10,9.007e+12,0,60759,4.3164e+07,4.8894e+08,1.2799e+05,60674,6.5981e+05,2.4701,28789
2493.5,0.015192,90.483,3.2873e+08,0.35217,22329,1.8032e+05,195.74,0,1.6569e+05,0.0025686,2990.6,8.5511e+12,1.6711e+05,1.273
421.85,1.9484,82874,6.775e+09,23386,1.521e+12,134.39,8.4771e+06,3.2591e+05,57005,9.2465e+07,27.057,1.6862e+05,2.4662e+12,0.00068867
3.9826e-121,5.6087e-119,3.6215e-120,4.5671e-124,4.8124e-123,3.03e-124,1.2096e-124,1.54e-127,2.9814e-123,9.7867e-126,8.5331e-123,7.5361e-54,2.6909e-53,4.4761e+12,1.8214e+06
0.013838,168.2,1.048e-05,0.00056763,9.9312e-10,3.1058e+05,2.8627e+08,0.034038,1.6063e+13,2.9123e+10,2494.7,61142,2940.9,0,26171
1.2003e-56,1.4053e-53,0,6.3476e-59,1.0583e-61,4.4691e-58,2.9119e-55,5.4619e-57,1.2144e-60,3.7296e-59,2.3155e-61,1.4462e+12,17.802,30701,1238.5
401.69,5.5288e+09,6.5146e+06,0,5.5782e+05,11857,1.5081e+12,70885,3.0446e+07,9.0997e+07,13827,0,57.65,7.4922e+06,1.3113e+06
5.4151e+07,0.11128,0.02372,5.6224e+12,2.2085e-05,7.5629e-06,54256,1.5333e+08,3.9353e+09,2.4699e+08,55.032,0,5.2904e+05,44583,3.5229e+05
894.01,6.4649e-05,6.5366e+05,1.0201,1.3669e+07,0,0.044016,4458.3,1341.1,81232,0.0112,3.2035,7.6152e+12,0,1.0439e+06
1.1795e-73,7.303e-77,4.166e-71,1.3547e-66,6.3959e-73,1.0356e-66,0.34089,6.5074e-07,10935,0.40031,6.5355e-10,7.853e+12,5.4514e+07,0,5.3515
7.5256e-05,1.469e-08,0.0045162,2.5647,0.0016127,292.46,4.7069e-06,0,3.804e+07,169.88,1.5838e+12,6.0091e+07,1.0755e+12,5.5665e+08,2163.8
1.7692e-55,1.4102e-52,1.0755e+13,2.5326e+09,1.1964e+08,0,29748,0,7.1818e+06,3.05e+08,0,5.273,5.758e+06,0,1406.2
1.9628e+12,21954,1.2567e+10,326.28,6.3024e+05,600.43,8.5299e+07,3.1794e+08,2.2055e+12,8.1756e+08,3.9983e+06,5.1933e-09,1.0961e+05,4.8551e-07,4.2615e+05
6.8932e-06,1.9245e-09,0.84016,4.1706e+12,1.0915e+09,4.95e+06,6760.2,0,7.4313e+06,1.4414e+09,0,0,1.6805e+12,4.2739e+07,0
3.8915e+07,4566.6,1.0083e+05,2.0041e+10,582.86,2.04e+12,5.7495e+09,8.008e+06,0,6.2774e+08,1.6522e+07,1.7786e+10,0.0081978,4.5015e-06,8.9965e+05
1.0565e+13,1.3256e+11,10.77,2.1386e+09,1.4156e+08,4.012e+06,17481,3.6587e+09,2.0082e+07,1.0832e+09,2.6316e+08,18999,3.0825e+06,0,13159
3.0548e+10,5.8013e+06,1.5402e+12,7.2868e+07,2.666e+08,1158.8,0,0,62805,0.11786,4.9989e+05,0,1.5143e+12,7.0342e+08,3.7897e+05
8.8486e+12,1.0423e+11,0.75515,1.9329e+09,3.0373e+06,1.0892e+06,49548,9.9404e+08,806.09,5.7743e+07,9.1476e+08,3453.2,30231,0.0080102,15015
0.0056627,9.647e+08,1.688e+12,4.775e+05,3.0565e+08,1.9828e+12,5.7153e+09,7.868e+09,6.1775e+07,59.55,70879,6.3655e+05,9.8708,1.6358e+06,2339.8
6.1856e+12,5.239e+09,4.3944e+09,0,1.7345e+09,2.3057e+08,101.4,1.7043e+05,52940,5.9693e+07,1.363e+09,0,3.4042e+07,4.5594e-13,64.851
1.5258e+12,6.6386e+07,20927,1192.3,5098.9,6.0526e+07,1.6399e+10,2.8369e+08,81.773,8.7566e+08,1.5951e+08,16.949,2.2403e+12,2.858e+06,124.39
2.3826e-21,5.9224e-12,9.9643e-10,4.2554,0.00899,1.1944e-07,1.7929e-11,0.00059666,0,44216,4.0363e-08,2.1038e+12,1.6337e+07,1.907e+12,346.55
5.8826e-57,3.9486e-60,5.7546e-53,4.1788e+12,8.2866e+07,0,0,2.2837e+09,3.3834e+08,2.1646e+06,5.5089e+08,1.1177e+05,2.7906e+06,2.0343e+12,9.6196
7.6941e-58,5.4731e+07,2.9519e+09,9.6172e+11,1.4745e+09,2.2308e+05,173.12,0,1.3605e+12,3.6573e+08,0.38139,0,1.4619e+09,3.6819e+10,10370
665.8,8.888,0.0082263,1.7719e+10,1.7232e+05,2.1892e+05,23.256,4.8759e+05,98006,1.3781e+06,1.2441e+13,17763,7.0995e+09,0,7891.2
1.1136e-66,7.5526e-70,1.4337e-70,1.2588e-71,3.282e-64,9.6925e-75,7.3595e-67,2.0402e-72,28.664,0.0023539,5.2444e-05,2.0852e+12,2.7532e+12,0,627.23
20287,2.3911,1.6232e+07,29.175,3854.2,0,0.00031924,3894.7,1171.6,19409,0.0092512,0.0011596,6.2859e+12,0,9.4841e+05
2.0829e+08,59.533,0,0,3.1611e+12,2.8725e+12,0.021848,1.3218e+09,1.1197e+08,6.5595e+08,1.9794e+07,4.3558e-08,27517,7.3657e+06,1269.6
0.029354,1.4877e+06,189.93,3.5451e+09,4.4673e+06,202.19,1.0045e+06,7.0182,5.7917e+09,0.032594,0,0.0024541,13.493,1.9815e+10,1.6845e+06
4.9314e+12,1.7897e+10,3.8809e+09,1.0496e+09,7.71e+06,2140.5,0,1.8384e+08,1.9939e+07,2.1307e+10,4.1109e+10,1.3836e+10,0,2.5347e+09,5.5375e+05
0.01015,98.292,0.3821,0.00038076,0.028084,0,86302,5.3262,7.8262e+12,60494,1.3763e+09,0,1.7228e+09,6524.3,7.9232e+05
