1.2455e-05,0,0.86275,0.87686,0.85579,0.012157,0.003326,0.84862,0.88111,11.781
0.016288,0,0,0,0.024178,0.83325,2.2416e-06,0.85478,0.87185,14.935
0.83776,0.81688,0.00095781,0.025666,0.85899,0,0.858,0.86503,0.86215,9.9748
0.026724,0.013157,0.84231,0,0.84814,0.86544,0,0,0.031074,14.911
0,0.84443,0.85779,0.0025429,0.00033686,0,0.868,0.84103,6.3976e-05,13.281
0.00014932,0,3.4328e-06,0.90196,0.0087743,0.81604,1.7786e-05,0.85633,0.86291,13.477
0.90539,0.85905,0.82418,0.8192,0.84962,0.84264,0.8598,0.86402,0.83258,5.0489
0.86812,0.0033355,0.85478,0,0.00031613,0.85032,0.84707,0.011614,0,13.384
0.85138,0,0.84772,0.028331,0.8685,0.85238,0.85221,3.1137e-06,0.8679,9.8533
0.0012233,0.84954,0.83515,0.84498,0.87905,0.85791,0.006172,0,0.0053009,11.587
0.022352,0.85837,0.86057,0.00018977,0,0.010398,0.84491,0,0.86217,13.29
0.0012233,0.85837,0.83258,0.84491,0,0.010398,0.0053607,0,0.0053009,14.963
0.84334,0.80699,0,0.86337,0.86114,0,0,0.85345,0.84848,10.083
0,0,0,0.019578,0.8308,0.005461,0.8648,0.046437,0.86186,14.894
0.84733,0.015421,0.87515,0,0,0.85538,0.83957,0,0.9082,11.68
1.5422e-05,0.84373,0.021747,0.0042658,0,1.894e-05,0.86797,0.87673,0.01405,14.968
1.2455e-05,0.0010369,0,0.0064578,0.87536,0.83587,0.003326,0.85655,0.88113,13.411
0.83821,0.85636,0.83615,0.81681,0.85565,0,0,3.2496e-06,0.90222,10.04
0.84275,0,0,0.025666,0.0047859,0.83085,0.025306,0,8.6727e-05,16.685
0.00067348,0.0079385,0.84733,0.00018977,0,0.022149,0.8522,0.82762,0.85297,13.286
0.84618,0.86534,0.8542,0,0,0.83175,0.0040147,0.8576,0.87904,9.954
0.0074529,0.85744,0,0.015563,0.83266,0.010661,0.85819,0.013154,0.8679,13.235
0.85894,0.85672,0.89271,0.034239,0.85013,0.011125,0,0,0.065162,13.176
0,0.0023043,0.85178,0.85371,0.86698,0,0.8571,0.87312,0.86733,9.8936
0,0.13531,0.84736,0.83429,0,0.82735,0.86388,0.85913,0.87033,9.7083
0.021798,0.87013,0.84741,0.0017605,0.030983,0.042963,0.0010978,0.84004,0.010929,14.878
0.014997,0,0.00014825,0.84491,0.88313,5.1529e-05,0.86953,0.82366,0.0044041,13.305
0,0.8715,0.004655,0.00098156,2.4185e-05,0.84311,0.87767,0.8403,0.0013609,13.411
0.83774,0.87052,0.85892,0.030034,0.86796,0.83446,0.85664,0.0081627,0.86625,8.2031
0.85005,0.0050738,0.87642,0.030407,0.82198,0,0.84962,0.87989,0.87091,9.9939
0,0,0.82315,0,0.82621,0.83074,0.87329,0.86317,0.80539,10.107
0.85733,0.86243,0.00015695,0.8505,0.89376,0,0.8598,0.0016538,0.86824,10.24
7.2887e-05,0.81833,0,0.00017051,0,0.82258,0,0.0121,0.87565,15.083
0.83167,0.84973,0.87617,0.84503,0.85416,0,0.86062,0.80642,0.902,6.7548
0,0.012763,0.00023869,0.84896,0.87699,0.82247,0.86218,0.023229,0,13.27
0.11394,0.83319,0.0085693,0.020625,0.0073861,0.83202,0.85821,6.0393e-07,0,14.76
0,0.012566,0.87117,0.83991,0.87641,0.87697,0.8733,0.86255,0.86743,8.2029
0.064449,0,0.86162,0,0.83579,0.00034555,0.85725,0,0.87271,13.207
0.82999,0,0,0,0.0065243,0.82386,0.80863,0.87344,0.85989,11.813
0.85527,0.81935,0.84586,0,9.7252e-06,0.83607,0.868,0,0.87027,10.117
0.86475,0.0085083,0.84469,0.019651,0.86228,0.887,0.86049,0,0.0087352,11.568
0.82384,0.85843,0.0035331,0.86939,0,0.0032164,0.87267,0,0.90464,11.997
0.022126,0.0047677,0.86076,0.87058,0.84694,0.85462,0,0,0.8679,11.543
0.83859,0.83507,0.86988,0.83135,0.87316,0.85956,0.00081841,0.022902,0.84345,8.3467
0.87975,0,0.86162,0,0.78992,0.00034555,0.85725,0,0.86769,11.756
0.86475,0.81369,0.84469,0.87516,0.86238,0.85156,0.01489,0,4.9194e-05,10.067
0,0.82195,0.84452,0.84708,0.0082454,0,0.86141,0,0.85812,11.903
0.0090545,0.83651,0.84249,0.83466,0.85377,0,0.013658,0.8397,0,11.794
0,0.79509,0,0.84129,0.85387,0,0.8455,0,0.90272,11.845
0.0028425,0.84917,0.83154,0.86351,0.85659,2.4743e-08,0.88445,0.83189,0.86678,8.2874
0.00018813,0,0.81214,0,0.89757,0.00085038,0.86141,0.014906,0,15.084
0.85543,0.033334,0.035496,0.83289,0,0,0,0.010078,0.025237,16.637
0.87975,0,0.86162,0.80998,0.78992,0.00048872,0.88391,0,0.85952,10.175
0.82384,0.85843,0.85261,0.83462,0,0.80086,0.87106,0.84604,9.1244e-05,8.5255
0.86252,0.82191,0.84469,0.87516,0.89748,0.0039107,0.01489,0,0.00012661,11.789
0.85822,0.85292,0.86158,0,0.016882,0.029828,0.86145,0.80928,0.84996,9.9094
0,0.84946,0.83515,0.84499,0.87905,0.031773,0.006172,0.84002,0.8446,9.8828
0.86379,0,0.84257,0.84946,0.012963,0,0,4.0241e-08,0.88618,13.28
0.10636,0.8307,0.00043705,0.020625,3.5954e-05,0.84015,0.7957,0.88084,0.86548,11.58
0.0036204,0.0075627,0.86434,0,0.019597,0.0010344,0.0079825,0.00014081,0.017865,18.366
0.8631,0.003228,0.82864,0.005758,0.027425,0,0.010501,0.87357,0.0020585,15.016
0.8331,0.86507,0,0.83896,0.84284,0.00087806,0.02096,0,0.86083,11.63
0.86308,0.82191,0.84469,0.055991,0.89748,0.0039107,0.01489,0.86802,0.00012661,11.726
0.00056147,0.82761,0.89528,0.0046407,0.8765,0.0074744,0.0024137,0.01046,0.0022776,15.141
0.83851,0.82767,0.017402,0.022857,0.84327,0.010963,0,0.0089391,0.85373,13.262
0.00018813,0.82681,0.84521,0,0.89757,0.8523,0.86111,0.80247,0.87283,8.4315
0.00018813,0,0.81214,0,0.91506,0.00085038,0.0088485,0.014906,0,17.093
0.8624,0.0011674,0,0.86196,0.84881,0.84378,0.87068,0.05607,0.83237,9.8333
0.0026017,0.83319,0.0085693,0.020625,0.0074798,0,0.85654,6.0393e-07,0,16.654
0.8603,0.0041539,0,0.86977,0.87281,0.038973,0,0.00018485,0.83939,13.253
0.009182,0.80769,0.84249,0.83448,0.85625,0,0,0,0.018863,13.356
0,0.80699,0,0.82656,0.86114,0,0,0,0.86439,13.543
0.86854,0,0,0.00035851,0.85628,0.83125,0.82293,0.84326,0.85855,10.112
0.0068274,0.0091425,0.86809,0.82474,0.10775,0.83386,0.0043533,0,0,14.841
0.00018813,0.86697,0,0.81413,0.86249,0.82447,0.86141,0.81489,0.87283,8.3979
0.83265,0.85641,0,0.83895,0.00027175,0,0.92104,0.0054497,0.00056578,13.646
0.86389,0.85984,0.00013784,0,0.84121,0.82921,0.86739,5.8167e-09,0.89399,9.9645
0.88236,0.0029836,0.019833,0.022999,0,0.82952,0.0078813,0,0.92926,15.369
0.00075354,0.0047677,0.86076,0.010019,0.84694,0.85471,0,3.6097e-08,0.87058,13.249
0.83282,0.82189,0.84457,0,0,0.017569,0.86131,0.0014446,0.0050249,13.307
0.01929,0.86,0.84989,0.0069538,0.84536,0.023519,0,0,0.87029,13.229
0.82634,0.033334,0.023655,0,0.84431,0.012315,0.026991,0,0.026377,16.582
0,0.82131,0,0.81113,0.82621,0.83074,0.86265,0.79546,0.0016405,10.282
0.84317,0.0045705,0.021498,0.00015804,0.86145,0.84378,0,0.053153,2.5822e-05,14.892
0.00028128,0.85152,0.0063597,0.86758,0.89736,0.013198,0.85532,0.026488,0.021917,13.254
0.83835,0.8496,0,0.84833,0.85387,0.82921,0.86732,0.83818,0.87294,6.6485
0,0.82797,0.86302,0.022857,0.88074,0.010963,0.0034352,0.83143,0.86767,11.642
0,0.8821,0.0065659,0.82035,0,0.0074346,0.86062,0.022663,0.82983,13.405
0.85968,0.82597,0.86821,0,0.87533,0.82861,0.86023,0.84418,0.0084758,8.2638
0.023992,0.84952,0.85402,0.83533,0.92872,0.88742,0.0031675,0.84348,0.010996,10.124
0.82697,0.0085083,0.84469,0.019651,0.86153,0.0065554,0.86049,0,0.0087352,13.271
0.85968,0,0.90382,0.8638,0.85083,0.82861,0.82837,0.05377,0.020476,9.9187
0.87489,0.82761,0.81735,0.022715,0.88456,0.89799,0.0036277,0.00030565,0.001939,11.726
0.90111,0.0029836,0.063495,0.8639,0.032123,0,0,0.87305,0.87874,13.384
0.010972,0.84783,0.85267,0.0013762,2.9112e-05,0.012705,0.025232,0,0.0020173,16.599
0.0011105,0.83878,0.83006,0.8487,0,0.88961,0.86049,0,0.84834,10.14
0,0.13541,0.84775,0.83429,0,0.82858,0.86382,0.85913,0,11.467
0.029745,0,0.82553,0.83904,0.84381,0.00087806,0,0.0020941,0.86083,13.316
0.83766,0.86602,0.017361,0.87966,0.86261,0.044366,0.87516,0.05717,0,11.444
0.81183,0.024126,0.0018052,0.84708,0,0.83302,0.86142,0.0087312,0.0050249,13.388
0.92954,0.010438,0.87951,0.01458,0.00010033,0.026061,0.88672,0.01641,0.025723,15.266
0.0074529,0.0045522,0.00010164,0.84369,0.76858,0.00053761,0.02583,0.84803,0.8677,13.521
0.88312,0.85718,0.1487,0.022857,0.8418,0.83699,4.7648e-06,0.0099973,0.85711,11.276
0.02624,0.8526,0.82562,0.83249,0.84381,0.84422,0.021918,0.0020941,0.86083,10.254
0,0.86698,0.046698,0.051449,0.88456,0.82532,0,0.00030565,0.001939,14.928
0.86782,0.011936,0.015324,0.014513,0,0.010454,0,0.065392,0.9245,16.764
0.026309,0.012763,0.00023869,0.84896,0.87699,0.82247,0,0.0009399,0,14.998
0.88321,0,0.88629,0.83904,0.85688,0.00087806,0,0.088509,0.86083,11.505
0,0,0,0.0038849,0.0026919,0.84415,0.069018,0,0.82538,17.041
0,0.0090482,0.8677,0.0445,0.10775,0.85739,0.87445,0,0.87233,12.999
0,0.85397,0.83324,0.83533,0,0.0018904,0,0,0.8991,13.475
0.0081395,0.033435,0.85351,0,0,0.82856,0,0.023076,0.86332,15.266
0.83835,0.84989,0.018602,0.024193,0.85413,0.82921,0.85572,0.91246,0.049982,9.9162
0.86155,0.027392,0,0.014848,0,0,0.88677,0.98797,0.87784,13.84
0.85968,0.010853,0.84347,0,0.87532,0.86985,0.82837,0.8448,0.020241,9.9042
0,0.83667,0.84115,0.87037,0.0001253,0.86472,0,0,0.00013458,13.286
0.84289,0.82792,0.84646,0.81,0.84386,0.89674,0.0036285,0.8608,0,8.5541
0.87216,0.82131,0,0.82658,0.0047492,0.83074,0.8816,0.81702,0.0016405,10.132
0.87062,0.82672,0.91826,0.0041605,0,0.84419,0.83731,0.82787,0,10.184
0.90111,0.0029263,0.067519,0.86607,0.97867,0,0,0.87305,0.87874,12.25
0,0.84957,0.85402,0.83533,0,0.82856,0,0.87193,0.89991,10.052
0.84341,0.84245,0.74601,0.81976,0,0,0.8299,0.84462,0.83564,8.7627
0.0081283,0.034871,0.85351,0,0,0.016805,0,0.023076,0.87763,17.127
0.00019168,0,0,0.028285,0.89807,0.83074,0.8614,0.015295,0.80539,13.406
0.85968,0.010853,0.84368,0,0.89836,0.91446,1.5163e-05,0.8448,0.86616,10.056
0.85183,0.84241,0.0082165,0.036772,0,0.00011029,0.01108,0,0.84124,14.896
0.85472,0.84995,0,0.0054689,0.027425,0.79377,0.85893,0.83627,0.00067795,11.775
0.021763,0.86194,0.82972,0.87171,0.85417,0.84047,0.84492,0,0.8679,8.2283
0.8453,0.85535,0.82932,0.84464,0,0.0068935,0.024378,0,0,13.304
0.018408,0.85989,0.82932,0.85088,0.86342,0,0.024766,0.012085,0.86971,11.795
0.85208,0.8425,0.85267,0.0013762,0,0,0.025232,1.1612e-06,0.0020173,14.985
0.00038587,0,0,0.026902,0.043353,0.84143,0.85582,0.84041,0.0038901,15.133
0,0.87029,0,0.85827,0.87532,0.82936,0.012138,0.83491,0.82947,9.9583
0.053684,0.83316,0,0.80506,0,0.018464,0.047046,0.85913,0.89415,13.355
0.83265,0.85641,0.0029022,0.83938,0.00028216,0.014441,0,0.050971,0.00055578,15.099
0.84065,0.81401,0.021688,0.87488,0.83933,0.82207,0.025536,0.013635,0.01421,11.782
0.8328,0.82597,0.86821,0,0.87533,0.82861,0.86023,0,0.02045,9.9621
0.012494,0.0078282,0.0089206,0.85449,0.014358,0.0074558,0,0.012058,0.78854,17.044
0.0067182,0.0045746,0.85861,0.025993,0,0.83181,0,0.87768,0.85433,13.357
0.83851,0.82767,0,0.022857,0.84327,0.010963,0.88658,0.0083356,0.86691,11.604
0,0.84216,0.011275,0,0.89764,0.82921,0.86739,5.8167e-09,0,13.385
0.86155,0.83382,0,0.00030563,1.0595e-06,0.0064764,0.88677,0.87021,0.83618,11.731
0.83488,0.82805,0.011219,0.84066,0.91359,0.8523,0.86141,0,0.87283,8.3873
0.85822,0,0.84272,0.83491,0.016882,0.029828,0.86145,0.86804,0.84971,9.8535
0.85195,0.85987,0.84761,0.85051,0.030983,0,0.0010978,0,0.83214,11.567
0.9041,0.024739,0.82446,0.90027,0.81805,0.00069277,0.86953,0.82366,0.0044041,10.125
0.86155,0.83442,0.83953,0.00030563,1.0595e-06,0,0.88677,0.87021,0.012919,11.739
0.00017341,0.74263,0.037082,0,0.86301,0.8277,0,0,0.87029,13.871
0.85187,0.85523,0.84677,0.85058,0.017079,0.013078,0.0010978,0.86542,0,11.534
0.80952,0.0012949,0.82864,0.0057969,0.8637,0.016132,0.014818,0.090533,0.043618,14.869
0.84014,0.0029557,0,0.018919,0.84181,0.86528,0.0010415,0.0080609,0.84456,13.747
0.0028425,0.84917,0.026348,0.86351,0.85893,2.5287e-08,0.014358,0.83141,0.86678,11.575
0.84138,0.8496,0,0.84833,0.85387,0.022475,0.86732,0.83818,0.87294,8.7105
0.0067182,0.88314,0.88425,0.86979,0,0.87322,0.0010415,0.87768,0.021049,12.016
0.82571,0.82681,0.79099,7.2331e-05,0.84674,0.86525,0.0036129,0.87232,0.87283,8.4684
0.85233,0.85976,0.8476,0.024861,0.86495,0.013093,0.0010978,0.86542,0.89634,9.87
0,0.023863,0,0.84728,0.87532,0.82936,0.82623,0.83482,0.82947,9.9758
0.82858,0.0068041,0.037791,0.0089605,0.00059964,0.79247,0.87395,0.0038475,0.89637,13.459
0.0023885,0.83667,0.84115,0.87013,0.0001253,0.84106,0,0,0.83426,11.631
0.86155,0.023995,0,0.027412,0.88676,0,0.8871,0,0.89461,13.438
0,0,0.00059114,0.81274,0,0,0.86785,0.88632,3.2732e-05,15.092
0.0091294,0,0.00031682,0.0042658,0,1.894e-05,0.86797,0.88257,3.1951e-05,16.947
0.00027937,0.83424,0.85779,0.0025429,0.96052,0.00066377,0.86826,0.84283,6.3976e-05,12.64
0.03202,0.83347,0,0.020625,0.87691,0,0.86877,0.025446,0,15.036
0.86379,0.86164,0.86143,0.014547,0.012963,0,0,0,0.88643,13.383
0,0.80888,0.020194,0.84553,0.001402,0.033338,0.81863,0,0.00080918,15.054
0,0.001856,0,0,0,0,0.026734,0.023076,0.83213,18.376
0.85775,0,0.028125,0.027239,0.82621,0.83074,0.84252,0,0.80539,11.799
0.0035836,0.0075627,0.0083008,0.82846,0.019597,0.0010428,0.0076197,0.86194,0.017865,16.617
0,0.88019,0.90645,0,0.00443,0.86501,0.027412,0.011783,0.83182,13.422
0.019053,0,0.84989,0.0069581,0.84536,0.023519,0,0,0.87029,14.918
0.064089,0,0.74514,0.83544,0.90799,0.0039746,0.0079681,0.0064917,0.00046335,15.572
0.81208,0.82195,0,0.84708,0,0,0.0008909,0,0.85735,13.389
0.047025,0.013466,0.81608,0,0,0.84909,0.8547,0.04863,0.020241,14.9
0.95097,0.84579,0.82446,0.039963,0.81805,0.00059783,0.90954,0.82366,0.0019577,10.398
0.0067182,0,0.85433,0,0,0.8743,0.0010415,0.855,0.021049,15.336
0,0.0015388,0.0089206,0.85449,0.014358,0.82304,0.88825,0.012058,0.87397,13.352
0.83766,0,0.017361,0.87966,0.8117,0.86069,0.84266,0.05717,0,11.582
0.85527,0.81935,0.84586,0.023561,9.7252e-06,0.83607,0.86776,0.89794,0.87027,8.4512
0.88317,0.82597,0.84767,0.88931,0.87533,0.82861,0.86023,0,0.02045,8.3022
0.040166,0.037191,0.88499,0,0.85644,0.023519,0.91221,0.85089,0.0069298,13.26
0.87142,0.87666,3.0864e-07,0.86643,0,0.82681,0.85225,0.045296,0.8943,9.9224
0.8631,0,0.82889,0.042633,0.027425,0,0.010501,0.043915,0.84019,15.02
0,0,0.85402,0.83533,0,0.010832,0,0.87193,0.88925,13.673
0.86312,0.79216,0.050694,0,0.00059964,0.79247,0.038797,0.0038475,0,15.15
0.84317,0.02428,0.021646,0,0,0.84416,0.85826,0.053153,2.5822e-05,15.458
0.024787,0.0029557,0,0.018919,0.87584,0.86528,0,0.0079259,0.017436,17.032
0,0,0,0.85055,0.87381,0.00034555,0.85725,0,0.86833,13.263
0.85427,0.0068041,0.037791,0.85238,0,0.79247,0,0.0038475,0.89637,13.508
0,0.83321,0.83737,0.016621,0.88363,0.013198,0.85537,6.8769e-06,0.0051603,13.301
0.045431,0.010896,0.79772,0.83904,0.81362,0.82693,0.84355,0.0066554,0,11.844
0.00018813,0.82681,0.84521,0,0,0.8523,0.86084,0.80247,0.86592,10.061
0,0.85641,0.0029022,0.83938,0.00028216,0.85216,0.0012432,0.050971,0.00055578,15.647
0.86547,0.87243,0.84468,0.82655,0.02166,0.85196,0.85153,0,0,10.925
0.81392,0.8213,0.84452,0.84708,0,0.87671,0.02721,0,0.017286,11.656
0.0007378,0.84984,0.86076,0.010019,0.84694,0.85471,0,3.6097e-08,0.87058,11.568
0.83392,0.85985,0.0040193,0.024861,0.86495,0.013093,0.0010978,0.86542,0.89614,11.671
0.83298,0.0067106,0.84102,0.85458,0.009201,0.82817,0.0096075,0,0.020558,13.281
0.8328,0.82597,0.86821,0,0.0035104,0.82861,0.86023,0,0.02045,12.044
0.83731,0.042039,0.00014825,0.87796,5.056e-05,0.80418,0.033662,0.86435,0.011088,13.668
0.85968,0.010853,0.89452,0.85544,0.89836,0.91446,1.529e-05,0.8448,0.85504,8.5844
0.037686,0.86534,0,0.83478,0,0.83175,0.00023936,0.8576,0.87904,11.613
0.85498,0.024739,0.00014825,0.84598,5.0462e-05,0.83709,0.86806,0.86711,0.011088,11.793
0.8589,0,0.84772,0.023622,0.86914,0.87329,0.017761,2.8503e-05,0.87327,11.746
0.00018813,0.82681,0,0,0.89757,0.8523,0.86111,0.80247,0.87297,10.194
0.81101,0.82195,0.84452,0.84708,0.029608,0,0.86141,0,0.85735,9.9826
0.0035915,0,0,0.034061,0.92247,0.00084633,0.021481,0.77829,0.87784,15.288
0,0.85989,0.82899,0.018342,0.86342,0.0069088,0.84647,0,0.86999,11.578
0.84611,0,0.8542,0,0.002966,0.83175,0.0040147,0.8576,0.87904,11.665
0.0069546,0.86587,0.85861,0.025989,0,0.83181,0,0.87768,0.85433,11.729
0,0.0053316,0.89921,0.006872,0.021212,0.95748,0.014717,0,0,17.18
0.80708,0.85987,0.84761,0.85051,0.030983,0,0.0010978,0.89536,0.83214,10.03
0,0.8584,0.8533,0.019488,0.81488,0.011777,0.84705,0.86141,0.86972,10.14
0,0.80699,0.85278,0.82656,0.87384,0,0.86052,0,0.86439,10.165
0.86155,0,0.025209,0.78011,1.0595e-06,0,0.88677,0.87021,0,13.859
0.008302,0.86399,0.044489,0.0094123,0.84105,0.012335,0,0.0091365,0.78667,15.303
0.91084,0.84048,0.84862,0.81048,0.73378,0.85072,0.01524,0.87202,0.85987,7.227
0.045431,0.91872,0.79772,0.83904,0.86454,0,0.87604,0.0066554,0,11.893
0.83835,0.84989,0.018602,0.00063193,0.85413,0.82921,0.85596,0.014523,0.049982,11.513
0.85153,0.010828,0,0.8661,0.9357,0,0.85872,0.84789,0.87194,10.095
0.86943,0,0.83587,0.85486,0.015765,0.89309,0.038869,0.89959,0.00063352,11.755
0.88321,0.0033527,0.88604,0.80216,0.85688,0.00087806,0,0.91816,0.022696,11.911
0.009182,0,0.84179,0.83448,0.85625,0,0.00048487,0.89512,0.019507,13.304
0.00018941,0.85452,0.81214,0,0.89757,0.81858,0.86141,0.014906,0.010662,11.748
0.79117,0,0.0013094,0.83904,0.0039786,0.84544,0.86093,0.0065931,0.86083,11.763
0.03202,0.023083,0,0.014515,0,0.026309,0.86877,0.025446,0,18.351
0.86475,0.81369,0.84476,0.83356,0.86238,0.85156,0.8991,0.84931,9.0982e-05,6.793
0,0.84427,0.0065659,0.82174,0,0.81235,0.82853,2.3208e-06,0.86977,11.809
0.88234,0.0050293,1.019e-06,0.84754,0.8796,0.8038,0.0098086,0.86435,0.011088,11.715
0.86906,0.0016274,0,0.029021,0.84547,0.021193,0.87633,0.10323,0,14.922
0.83539,0.0045705,0.022735,0.85656,0.86207,0.84378,0,0.047556,0.86108,11.5
0,0.86018,0,0.85827,0.87729,0.82932,0.012138,0,0.82947,11.681
0.82975,0.033334,0.035496,0,0.00060308,0,0.87466,0.010078,0.025237,16.571
0.83797,0.012566,0.94646,0.83991,0.87641,0.85223,0.87302,0.86268,0.86743,6.8422
0.82711,0,0.018401,0,0.84617,0.0088965,0.024825,0.0089385,0.86995,14.943
0.0091294,0,0.00031682,0.0042658,0.93132,1.894e-05,0.86824,0.88257,0.0069422,15.447
0.83315,0.82681,0.84521,0,0.89757,0.014588,0.85986,0.80247,0.87283,8.4268
0.85187,0.85523,0.8476,0.8737,0.84535,0.013071,0.0010978,0.84308,0.84985,8.2067
0.017255,0.81383,0.83271,0.82943,0.83568,0.85462,0,0.91901,0.8679,8.476
0,0.85015,0.85402,0.83533,0,0,0.8342,0.88307,0.89991,10.055
0.85329,0.82796,0.8548,0.84066,0.91359,0.8523,0.86141,0,0.87303,6.6814
0,0.84081,0.86833,0.87037,0.0001253,0.86516,0.81876,0,0.00013458,11.644
0.79426,0.85729,0.85923,0,0,0,0.0089677,0.84604,0.88105,12.047
0.81183,0.84242,0.84452,0.84718,0,0,0.86141,0.0014704,0.016855,11.641
0,0.13541,0.84775,0.85069,0.87182,0.82858,0.8515,0.85913,0,9.6594
0.85822,0.0026079,0,0.83491,0.016882,0.81247,0.86141,0.83216,0.84971,10.043
0.88163,0,0.82562,0.83904,0.81118,0.82693,0.8434,0.0065931,0.86083,8.4028
0.0067182,0.88314,0.0066812,0.86591,0,0.86527,0.03305,0.87359,0,13.703
0.020945,0.017473,0.019416,0.84504,0,0.82342,0.83632,0.027472,0.00080695,15.225
0.83493,0.85945,0,0.0057739,0.86228,0,0.8456,0.015787,0.0087834,13.28
