1.1267e+06,44564,1481.3,0,1253.9,5.6834e+06,0,2.9819e+06,0,1.2668e-09
1.4087e-124,1.0021e-59,1.5461e-62,1.6864e-57,0,6.1676e-57,1.0743e+09,1.0556e+09,0.00019326,1.515e-08
1.1538e-65,3.1313e-61,2.6017e-65,1.0521e-58,7.3385e-54,0,1.0059e-61,4.6721e-57,0,7.4371e+05
2.0232e+07,8.002e+05,26598,0,22802,8.4593e+07,0.031987,4.7598e+07,0,2.8581e-10
6.7191e+12,0,15756,0,1.944e+05,0,0.3059,1.8883e+12,0,2387
1.2544e+06,3.5671e+10,3.3015e+07,2.5712e+05,157.53,1.2074e+11,0,5.8334e+10,0,175.31
1.8309e-65,1.3024,0.085183,7832.1,6.6655e+12,1.9584e+12,0,0.001393,0.0074807,10913
1.5831e+12,0,0.40918,23120,0,0,6.6481,3.0398e+06,0,9.1263e+05
2.3321e-61,8.765e-63,8.8868e-64,3.496e-56,2.5388e-59,5.9586e-54,4.9339e+11,0,0.031468,0
2.2111e-54,2.1195e-61,0,0,1.5738e+11,0,0.17988,1888.4,83265,3.481e+05
3.5199e-54,4.541e-65,7.3065e-58,1.9388e-63,2.5766e+11,1.9191e+11,0.00011862,59050,13200,0.10917
2.8142e-53,2.0018e+12,0,22843,3574.5,4.633e+07,9.0275e+08,4.9429e+12,0,0
3.169e+11,0,2.8389e+07,1.286e+05,0,8.8074e+05,2.0631e+06,3.1993e+06,2.6228e+05,1813.7
1.1856e-18,0.029908,6.5515e-06,2523.4,2.0942e+12,1.6226e+12,0.00070975,43.249,0.0034942,2299.5
3.8774e+10,1.5336e+09,5.0974e+07,0,4.2121e+07,1.9736e+05,0,146.94,0,193.98
1.0126e-14,0,3.4206e-06,0,2.4795e+11,1.0858e+11,0,8215.5,3.5501e+05,1103
4404.9,0,7.916e+08,0.021404,0,2.2397e+05,1586.8,3.6784e+12,0.31467,4.2474e+05
9.3068e-11,6.5139e-05,1.3213e-07,0.023245,1726.6,0,1.5703,0,0.42753,1.1163e+06
1.2605e+11,4.9855e+09,7.9872e+05,0,0,2.8429e+05,0,3.9081e+10,0,1.3597
9848.3,7.5574e+07,0,1.6979e+12,0.0013174,3.1487e+08,5.5246e+07,1.6772e+12,8.0944,2853.4
4.1415e+06,1.638e+05,5461.4,0,4583.4,2.0889e+07,2.6131e+11,1.063e+06,0,0
0.040464,1004.2,0,5.8721e+06,1.8271e+12,3.3552e+08,5.8868e+07,1.7871e+12,7.2773,2801.3
2.5404e+06,6.8216e+12,1.9519e+08,0,4.115e+08,370.02,0,3.3236e+09,0.0032474,1.4313e+06
1.582e-61,5.684e-67,3.7599e-54,0,0,0,0,2.6757e+11,3981.8,0.0037988
1.6132e+12,23.564,1.6699e+05,0,2.589e+08,0,0.0051123,5.2785e+09,0,1.8414e+06
3.9699e-58,2.8239e+07,0,4595.6,0,8.781e-17,3.3125e+12,3.0745e+12,0,0
1.6969e+12,0.019168,6.4767e+05,1.9662e+08,5.8172e+08,0,2.1546e+08,1.8874e+12,5.3964,6731.3
0.49624,0.0011251,0.00049967,7038,1.179e+07,0,5.1217e+11,2.0464e+06,0,0
4.9077e+12,0,2.5451e+05,0,7.7917e+05,1.0026e+07,0.057696,0,0,1.6722e+06
30167,13.392,9.144e+08,7.6541e+12,0,24675,0,6.3769e+06,9.344e-15,8.9865e+05
5.3333e+12,0.7756,3.3061e+05,0,0,0,3.6721e+07,0,4.7157e-14,1.2057e+06
4.641e-60,0,3.3013e+05,7.4593e+08,1.5976e+12,4.7722e+12,0,4.2551e+08,16.429,11407
1.0953e+13,3.3299e+07,2.5838,6.0219e+08,0.8862,967.64,0,79395,0,671.71
3.6494e-129,2.5959e-64,6.386e-68,3.1566e-70,1.7872e-53,9.9803e-58,4.1959e-59,1.2943e+12,21707,9138.4
3.5134e-53,2.4992e+12,0,4.0672e+08,5.4518e+06,0,8.001e+07,2.3986e+12,2.8519e+07,0
7.4936e-183,5.3305e-118,1.9853e-126,3.7923e-53,5.8236e-58,2.7188e+12,0.63692,2.4e+12,1.1788e+06,429.01
0.43382,3.8764e-09,0,0,1.3635e+06,2.6986e+06,3.1464e-05,1.1385e+07,1.1266e+13,4.009e+05
4.9668e+12,0,0,1.7601e-09,0.00275,5.6337e+09,9.1204e+08,4.4138e+07,2.7284e+06,3.5461e+05
1.2953e+13,3.938e+07,3.0557,8.8238,8.7045e+09,857.96,0,2.6102e-06,0,3.0515
7.8519e-62,5585.3,0,0,0.0026592,20461,5.887e+12,0,4428.9,1.6885e+06
1.6816e+05,3.3917e+12,1.1062e+09,0,3.9305e+09,3.5605e+09,17.387,0,0,4.9931e+05
1.033e-54,2.3774e-58,9.7377e-58,7.2176e-62,1.9603e-61,3.1401e-60,6.6717e-65,2.4326e-55,1.7283e+11,0
0.11629,8.547e+07,1.4821e+12,1882,1.0589e+05,4.9728e+12,7.1503e+08,0.001738,15763,794.13
17295,3.1886e+07,1.2162e+13,6.4391e+08,0.0057382,2.4159e+09,0,9237.6,0,1612.8
1.1173e+09,9.085e+05,8.409e+12,1.69e+06,0,27180,0,7.0241e+06,0,9.4315e+05
8.3548e+06,1.7673e+12,0,13032,2.0579e+09,2.43e+07,0,0,0,7.6851e+05
1.6236e+13,5.2061e+07,3.8305,9.2215e+08,1.3141,3.7823e+08,0,1.1886e+05,0,0
1.2011e+10,2.2255e+12,0,0.22083,0,0,0,2.6935e+05,8.6126e-10,1.1191e+06
4.0953e+07,19946,2.2213e+12,2.3557e+06,5.5721,0,0,2.8605e-06,88.083,1.9996e+06
79.586,0,0.0058134,0,1.4691e+07,3.8588e+12,0.31355,3.1764e+07,24610,2.1299e+06
6.4919e+08,2.5676e+07,8.7678e+05,0,624.73,3.112e+09,0,36062,0,2.0307e-08
1.7714e+05,3.2229e+08,1.8603e+12,0,0,8.6776e+08,0,2.0787e+12,0,3.7984e+05
1.8215e+05,1.63e+13,0,0,6.3456e+07,7091,65.582,0,18.812,297.46
65.597,5.9611e+07,9.3776e+12,0,2.1446e+06,4.337e+09,275.04,3.0817e+08,0,4.1996e+05
4.3832e-63,311.79,0.0014153,1.784e+08,1.8481e+05,0,1.0064e+13,0.0026733,8.1258e+06,3.9544e+05
5.2287e-64,4.9776e-56,3.5415e+09,0,16662,1.5215e+12,5.2174e+07,989.61,0.089524,2.4069e+06
3.2372e-73,1.2045e-62,0,3.197e-69,857.68,9.8919e-09,7.4919e-09,1.553e+08,3.1444e+12,1.6653e+06
56936,0.0035856,36.26,0.87566,1.056e+13,1.4981e+10,1.5379e+05,5944.3,0,3620.8
2.0661,2.011e-06,10119,1.3034e-13,2.7865e+12,1.7409e+12,0,1.6752e-06,0,3.5525e+05
6769.4,0,5.1783e+07,1.6475e+12,4.8043e+08,82721,1.0816e+09,3.3298e+06,4.463e+06,3.5525e+05
2.5859e-62,1.7024e-65,3.119e-53,1.912e-57,4.0427e-56,9.2179e-63,2.4176e+12,3.063e-13,0.079804,2.3704e+06
2.1162e-75,7.874e-65,0,2.09e-71,5.6069,5343.6,4.9749e-08,1.0312e+09,4.9912e+12,2.1134e+06
1.0983e+05,5.3374e+07,0,1.281e+12,0,2844.7,4.0579e+07,714.48,3.1882,535.71
1.5597e-58,3.5895e-62,1.4702e-61,1.0897e-65,1.1825e-54,2.9499e-63,7.1178e-65,2.5952e-55,1.8438e+11,0
1.0337e+13,0,2125.6,4.0728e-06,0.037888,1.331e+08,12.328,0,0,1.048e+06
4.1056e-55,1.475e-60,0,0,0,0,0,2.9315e+10,436.26,0.0012574
4.9881e+08,0,0,204.36,0,1.7336e+12,10.465,3.3176e+07,0,8.3721e+05
2.3455e-121,6.3664e-134,1.6684e-56,2.8724e-62,7.4672e-53,0,5.4719e+12,0.024279,2.1474e+09,7.8418e+05
7.344e-57,5.2241e+08,0,1.6258e+12,8.0204e+05,6.1712e+12,0,0,10765,4437.3
3.617e+12,74.004,1132.4,1.8113e+07,1.2177e+06,0,167.55,0,5.2475e+08,9.5318e+05
9.1861e-53,1.6127e-60,3.5853e-56,3.5785e-59,1.621e-54,3.9957e-56,1.8261e-70,2.0527e-60,9.0117e+12,1.0408e+06
13068,7.7889e+12,58166,4.7756e+08,0,2.8165e+06,380.67,0,2.6447e-07,8.4541e+05
3.0992e+09,61568,5.0066e+12,1.4763e+06,0,1442.6,209.7,0.0059024,0,7.1135e+05
4.0465e-60,1.8299e-68,2.8788e+05,0.078001,1.9414e+12,2.7933e+09,40685,9.5349e-08,5.9486e-09,1.2662e+06
1.9153e+12,3.2949e+06,6.5936e+08,8.4309e+05,4.0063e+07,83409,0,1.3368e+06,0.00018105,3.6759e+05
7.7887e-59,1.9005e-52,1.3536e+13,1.3269e+06,1.3995e+10,0,26443,0.0036051,11772,0
2.5234e+07,12290,1.3996e+12,1.4842e+06,5.969e+05,0,0,1.8012e-06,55.566,1.5882e+06
0.63224,1.3269e+13,1.4267e+09,0,5.0377e+05,4.2642e+05,1110.7,3.158e+08,0,268.98
1.9895e+06,1.081e+05,2451,0,3415.9,7.2481e+06,4.989e+11,1.8299e+06,0,0
1.5388e-57,3.5376e-60,3.3141e-53,2.389e-60,5.2766e-65,7.8739e-60,2.3948e+12,0.0026844,0,8.7616e+05
1.2566e+05,1.1577e+13,113.18,1.7317e+09,3.0539e-08,5052.2,0.00010976,2.4419e+07,0.0027799,272.56
1.7689e+12,5.5895e+06,25.544,0,1.1678e+10,2.1686e+09,0,0,285,1.3976e+06
2.4981e+12,1.3935e+09,3.6648e+05,28095,0.0096022,5.3834e+07,0,6.8634e+12,0,26005
1.4359e+12,6.5559e+10,0,4.3169e+09,2.8187e+09,3.7555e+05,95.891,0,0,578.01
1.8441e+05,0,3.1356e+09,2.5065e+12,4.5323e+09,7.0645e+05,1.6481e+06,2.928e+05,0.0034516,0
4.5653e-58,2.4969e-62,1.2244e-62,1.9694e-52,4.1938e-60,1.3542e-55,7.9302e-58,0,1.486e+13,0
37.832,0.10381,1.1209e+06,2.9427e+12,3.9534e+09,10395,5723.9,6.5716e+07,2.5528e-10,5.3865e+05
1.4363e+13,0.007058,1.7839e+09,2.8826e+06,7.7525e+06,1.7613e+10,44.28,1.4648e+08,5.0014e-05,24.318
6.4164e+05,232.47,1.0761e+13,5.6227e+08,4.8608e+07,38947,240.84,8.9412e+06,0,0
4.3495e+06,162.6,6.3355e-05,1.3098e+12,0.00031956,1.3741e+09,0,5.8575,180.58,1.1173e+06
530.14,1.9401e+09,5.5074e+05,2.3989e+05,0,9.6865e+12,0,29093,2.3972e+06,3.5049e+05
2.1013e-63,6.2802e-56,4.469e+09,0,18691,1.9195e+12,6.4706e+07,1248.3,0.11488,1.8767e+06
0.087157,5401.8,0.00090317,0.043264,0,16167,3.3705e+12,1818.7,3.4386e+05,50.333
1.2149e-56,8.642e+08,2.169e+05,1.4868e+12,3.5023,1.7179e+12,29.647,1.4131e+06,6.9804,526.4
3.5762e-124,2.5439e-59,1.5909e-62,0,0,1.6347e-62,1.9964e+06,7.2204e-09,4.9727e+12,4.0179e+05
4.6661e+11,6.6969e+05,4.2782e+08,0,3.5351e+08,1.6565e+06,0,1155.8,3.0253e-06,561.97
8.6055e+07,38203,2.2759e+12,0,1.7348e+06,11897,0,1.9495e+06,8.2205e+08,6.0916e+05
1.6735e+12,1.3315e+07,2.6352e+09,3738,0,1.5525e+12,5.7792e+07,6.1231e+07,7.1306e+07,15398
1.5517e-52,1.1038e+13,6.932,0,1.8802e+05,2.5084,2.1202e+08,218.53,12.949,5.1094e+05
6.1569e+05,357.63,0,2.6174,0.01736,0,2.9872e-05,0,0.19999,3.6448e+06
0.44277,8.7743e+12,1.8464e+06,0.0086085,3.0928e+05,3852.8,0,17010,3.9404e+06,4.3259e+05
475.88,0.0014962,9.2628e+07,3.6719e+12,2.4724e+09,3.2603e+09,20692,1.2731e-11,180.53,1.6772
6.4951e-189,4.6202e-124,1.3867e-127,0,0,3.4014e-59,0,3.7486e-53,2.6716e+12,1.1418e+06
5.8799e+08,4.0342e+07,2.3257e+05,773.98,6.9831e+05,4.0461e+11,1.0273e+06,0.031778,5781.9,5526.3
2.0235e-53,1.4394e+12,3.9211e+08,9.524e-15,27624,7.5423e+07,2.6795e+06,1.438e+07,1.6098,9129
6.9415e+06,1.6343e+12,1.6308,35.42,2.2047e+09,1.662e+09,2.0727,0,2.5683,3.4211e+05
7.4321e+08,6.2817e+05,1.401e+05,4.6226e+12,0,5.8512e+09,0,4.7276e+07,1.9522e-13,3.6553e+05
3.9704e+12,7477.5,0.041502,0,0,9.8934e+07,17.117,2.1892e+06,564.38,2.2204e+06
5.1051e+12,9.761e+07,4.626e+06,0,8463.9,4.4596e+09,4.8965e+09,0,1.2629e-26,7.8183e+05
4.2448e+12,18.243,3.9833e+09,1.5978e-09,0.0024965,5.1143e+09,8.2795e+08,4.0069e+07,2.4768e+06,26.013
2.1746e-10,4.5261,5.3099e-12,0,5.5506e+05,2.1654e+09,0,195.98,6.9826e+12,48.99
3.0913e-53,2.199e+12,8457,1.0102e+08,0,6.0591e+12,4.1184,0,24410,929.53
6.7759e-53,4.82e+12,1.0143e+06,0.010518,1.699e+05,2116.5,0,9344.1,2.6382e+06,3.2065e+05
5.894e-53,0,1.0362e-61,2.2076e-59,9.2642e-56,6.0464e-65,7.9648e-57,1.057e-60,4.6405e+12,7.4686e+05
4.4615e-53,2.6603e-56,5.732e-57,7.2178e-59,3.413e+12,0,0,766.41,1.1137e-05,1.3698e+06
1.0029e-56,0,4.5e-53,0,1.2141e-63,1.5405e-56,3.1664e-58,3.4363e+12,3.6003,1.3058e+06
2.271e+07,668.56,6.4907e+12,3.4379e+08,0.0030637,1.2899e+09,0,4932.1,0,8.4794e+05
0.00044349,2.9185e+06,8.6028,0,4045.9,0.00080817,4.5127e-13,3.1784e+12,8.2095e-24,9.4117e+05
6.6164e-58,3.5595e-62,1.0503e-62,2.8471e-52,6.0631e-60,0,1.0887e-57,4.2111e-71,2.0401e+13,0
18.813,1.9945e-10,2.06e+12,0,534.13,1.854e+12,7.4639e-10,1.3212e+06,6.762e+10,5.126e+05
4202.8,1.0831,5.9694e+08,2.4921,0,29265,1.3941e+12,263.32,1.5683,23206
4.9792e+09,1.9693e+08,6.7248e+06,0,3853.5,37859,0,36188,0.0088163,2.0343e-08
2.28e-64,3.6749e-70,5.7042e-59,1.1816e-52,7.8876e-56,7.8092e-63,6.2357e-61,8.8585e+12,7343.5,0
1.0149e+06,2.0033e+12,0,0,6.9307e+05,1.9388e+12,389.32,0,1.9797e-05,3.9815e+05
9.3949e+07,0,0.2203,5.3131e+12,9.6678e+07,0,0,1.5179e+12,0,2140.2
2.0487e-58,4.4951e-62,0,1.3476e-65,1.4623e-54,3.6481e-63,8.8025e-65,3.2095e-55,2.2802e+11,70845
2.6675e+07,2.2786e-05,4.3445e+12,0,0.0002862,1.4535e+07,0.05937,1.612e+07,0,1.8674
4.86e-126,6.8209e-118,4.8528e-53,1.4554e-57,1.1212e-54,1.1456e-56,4.7484e+12,881.53,1.5019e-15,0.28009
1.9532e-53,1.0895e-56,2.466e-60,1.0806e-56,0,1.5245e+12,0,3.9576e+12,0,19747
2.7931e+06,9.8767e+12,0,0,182.08,0,8.5932e+05,2.7365e+07,10820,0
5.1288e-58,2.8051e-62,1.5523e-62,2.2139e-52,4.7146e-60,1.5223e-55,3.4505e-64,0,1.664e+13,2456
799.74,2.5351e+07,0.00036889,1.4261e+12,1.6112e+09,1.3607e+09,0,0,0,6.8349e+05
4.0267e-05,3.4472,11190,0,1.1061e+10,6.9815e+12,0,6.618e+05,1.2427e+10,52.088
6.657e+12,3.2717e+08,3.0812e+08,3.8338e+08,3.0906e+07,2.2156e+07,0.034697,3.4454e+05,0,4.1882e+05
7.6584e+12,9.3867e+08,793.25,0,5.3786e+09,1.2732e+10,11113,2.8918e-11,0,2.4846
3.4711e+12,1.0686e+07,0.81888,1.9714e+08,0.22721,4.9794e+12,0,1.2831e+05,3.5799e-05,0
7.3091e-53,0,0,5.8614e-59,5.2085e+12,78679,4.197e+07,1.1504e-06,1.7286e+07,1.7118e+06
3.5897e-59,2.5535e+06,1.5609e+05,4.7656e-05,3.6683e+12,1.6634e+08,2.1598e+07,0,0,1.0452e+06
1.2144e+09,0,4.5229,8.5896e+12,1.4587e+08,0,1.3554e+10,589.03,3.334,414.93
57.956,1.5563e+08,4041.2,6.2295e+12,3.7509e+08,7.3555e+08,0,3.0948e+09,0.0030238,1.4165e+06
18.756,3.7478e-08,2.054e+12,0,532.57,1.8486e+12,0,1146.4,0.0016639,48156
8.0556e+08,1.4088e+05,0,2.5933e+06,6.9837e+05,22769,3.792e+12,0.00086506,1.159e+09,1.1971e+06
1.4128e-10,2.9404,3.4496e-12,0,3.606e+05,1.4068e+09,0.031228,127.32,4.5364e+12,0.039221
8.9657e+08,0.00024336,0,8.265e+12,93228,4.4494e+08,0,18.482,3.3604e+09,5.2054e+05
18.771,1.5942e+09,0,1.2878e+12,5.1392e+05,2.3039e+12,0.1039,0,5456.3,7.8984e+05
1.6404e-57,0,2.7893e-53,1.1621e-58,5.8412e-56,3.393e-60,1.3448e-56,3.2479e-60,2.3063e+12,0
1.011e-52,7.1914e+12,23219,3.3037e+08,1.4292e+05,2.9175e+08,0,0,8.074,4.2917e+05
5.7801e-130,1.1007e-122,2.9458e-118,2.1212e-53,7.2066e-56,1.6899e+12,5.1992e+05,3.3476e+07,27401,3.418e+05
7.3738e+12,3.8017e+09,1.6229e+06,0,0,2254.6,0,1.5271e+08,1.8276e+06,8.5631e+05
2.6813e-59,8.4518e-64,8.1728e-53,2.7644e-61,5.821e+12,2.0378e+09,718.13,1092.6,6.8615,0
1.4989e+12,1.8324e+06,8.4047e+09,0,546.74,2.3327e+12,0.674,59201,1.6166e-05,4.889e+05
7.6135e+07,9.8032,0.45109,6.4799e+09,6.3169e+12,0,179.8,0,2.2191e+09,3.5271e+05
0.059658,2.1095e+05,0,0,0.00035129,3.6445e-17,0.017889,7.313e+12,7974.2,0
6.4685e-61,46013,0,1.7624e+09,0.0051747,0,1.2462e-05,7.2103e+12,8.5492,6.8247e+05
698.05,6.7309e-06,2.2805e+05,3.1382e+09,6.1876e+12,0,0,0,851.9,8.3627e+05
4.9507e+09,9.3153e+06,0,3.7897e+12,3.6168e+06,7.8748e-30,1.0967e+09,467.95,0.0030527,9.4093e+05
7.8611e-72,7.1437e-66,2.7307e-59,6.9086e-58,4.7895e-61,1.0243e-52,7.8645e-68,7.3329e+12,0,3.3885e+05
2.266e+06,1716.4,0,5.8369e+12,1.5333e+10,21203,0,2.3545e+06,4077,7.0486e+05
3.9791e-77,0,2.3691e-63,1.0828e-57,7.725e+07,4.4664e+12,2.2742e+07,0.0069557,2.2076e+09,3.4214e+05
4.4084e-63,313.59,1.2027e+05,0,0,2.9478e+07,8.7501e+12,4968.8,3.3614e+05,3407.2
3909.9,0,0.15772,3.6235e+06,16.479,7.7429e+09,1.1576e+05,1.0701e+13,15.305,10897
5.3791e-18,0.13891,3.0429e-05,11720,9.7267e+12,5.5217e+08,0,0,0.0046603,8.3018e+05
6.5073e-57,4.6289e+08,0.0002907,1.3974e+12,40332,4.0559e+12,1.9883e+08,200.4,0,4.9479e+05
8.1988e+12,4.2271e+09,1.8045e+06,2.4698e+05,5.8851e+09,1.3034e+10,0.02867,16832,2.3683e+06,3.4643e+05
1.9453e-06,31.641,0.0055843,1.293e-05,2.1672e+12,1.2102e+08,5.0879e+06,1.4788e+08,37611,14439
2.3741e-57,1.6213e-62,9.7102e-61,9.3022e-64,9.4e-66,2.8889e-53,3.6746e-57,4.8766e-61,2.1409e+12,5.0729e+05
337.22,4.9512e+06,1.5149e+12,0.32099,2703.3,2092.2,0.30699,0,9.4702e-15,2369.6
1.2719e-117,1.0861e-119,1.0797e-52,5.1456e-66,1.0184e-59,0,2.36e-58,7.3291e-72,3.7599e-64,2.7763e+06
1.6782e-70,1.3067e-58,0,4.4304e-65,5.8195e-65,2.005e-53,1.4336e+12,4.1759e+06,0.3505,1.2969e+06
1.2366e-59,1.2015e-62,0,4.5846e-53,1.3027e-55,1.6716e-61,8.2115e-57,3.7148e+12,3733,132.33
9.7029e+07,0,1.6498e+12,3.147e+07,0,3306.5,1.1601e+06,1.2947e+12,0,338.68
1.0778e+09,5.3888e+12,5.0976e+08,1.1282e+06,5.7263e+09,6.5315e+09,0.031401,1080.2,0,2.1508
1.3284e+08,0,7.0594e+12,2.7317e+07,1.2052e+10,8.0948e+05,3.4845e+09,8.1046e+05,0.009554,0
3676.1,0.17728,5.8261e-13,0,0.0012483,8.0271e-06,2.8456e+12,0,3.1437e+10,3.6622e+05
8.6542e-63,6.9264e-59,5.0378e+06,282.27,17.042,4.9692e+12,0,9.6924e+06,0,1.2308e+06
2.1476e-53,1.5277e+12,3.4647,0,0,4.1974e+12,2.2034e+08,213.62,17166,331.73
1.0656e-60,75804,0,0,0,74.678,9.6961,2.6164e+12,8.7333,515.18
2.598e-57,5.9857e-68,0,1.9587e-52,1.4037e-58,0,1.4058e+13,0,2603.9,4749.8
30.808,0.0016371,1.8185e+06,7.448,3103.7,0.20846,6.2983e+12,2.3566e+06,1.4327e-11,0
3.4607e+05,1.8238e+12,0,0.014026,6.9954e+06,0,0,1.9481e+06,1.6569,1.4723e+06
8.2345e-60,1.5562e-52,5.7985e-61,1.7973e-60,1.718e-60,1.1081e+13,7.9392e+07,685.41,1.284e+06,5.0475e+05
7.3394e+12,0,0.24213,0,5.5303e+06,1.8898,5.0596e+07,0,0,1.3925e+06
8.4062e+05,0.0089784,8.5125e+08,1.1189e+13,4.0622e+06,0,0,0,1501.3,26807
3.283e+07,1795.6,0.031277,1.4019e+13,2.9854e+05,9.6396e+09,5.9766e+07,0,0,0
1.2008e-62,9.7173e-59,7.0668e+06,387.35,23.903,6.9695e+12,0,7763.9,0,1.4556e+06
1.9553e-57,1.3909e+08,6.1335e+12,0,1.0547e+05,1816.4,2.4988,121.53,1.7365e+07,3.8166e+05
2.6194e-53,1.8632e+12,15478,0,31744,3.6518e+12,3.7481e+09,218.56,5.3243e-09,5.1096e+05
1.0717e-55,3.2206e-53,2.5629e+12,1.3506e+08,0,8.2279e+09,0,3.561e+06,0,9.4722e+05
1.0799e-57,1.6103e-52,0,1.0371e-60,2.5813e-58,2.5857e-62,1.1546e+13,1.5223e-11,0,37.647
5.2686e-64,37.477,0.19924,2.458e+07,25464,0,7.1846e+12,0.0018992,0.12725,3.3172e+05
5.5637e-53,4.751e-55,4.7229e+12,0.22509,3.5392e+06,0,1.0335e+07,1.0777e-09,16.466,4.0045e+05
4.2694e+07,32.283,1.5579e+13,85640,29.358,3.1356e+09,0,11971,0,1812.6
2.1382e+06,7.5607e+12,0,0,252.07,24055,7.0629e+05,2.0951e+07,0,0
9.1842e+12,4.1245e+09,970.43,1617.3,21177,1.5382e+10,12931,3.3648e-11,0,2.68
4.6899e+07,0,0,0.29726,3.9975e+12,75457,2.8311e+09,2.8167e+06,0,784.23
1.4662e+10,1887.8,86.868,1.2504e+12,0,2.1238e+12,1.2528e+08,0,2.3933e+09,3.9252e+05
53158,4.4331e+08,1.8013e-19,9.9507e+12,0.0077207,3.8039e+08,3.1907e+08,0,12.063,3483.3
44.636,5.0406e+06,0,1.2371e+13,3.2369e+10,44932,0,4.1416e+06,8638.7,826.27
2.1691e-53,1.543e+12,4.0985e+08,4.738e+05,0,1.7796e+12,0.00064195,1.3951e+07,1.8766e-10,3.0946
43817,4.0367e+12,39.467,6.0384e+08,1.0649e-08,3.2785e+12,0.00013851,3.0422e+07,0.0034632,304.22
3.0924e+06,3.5164e+12,0,0.027069,2247.8,3.5363e+09,0,25.82,3.3835,2.1047e+06
3.8035e-59,1.7682e-52,6.5916e-61,1.1134e-58,2.9131e-57,1.2714e+13,1.729e+10,28.12,1.5754e+06,894.05
5.9283e+12,0,0,30483,9.9959e+09,4.5989e+06,2.7301e+07,6.507e+05,0.014934,222.11
2.6242e+06,8269.7,0,5.047e+12,6.5684e+09,0,1.4969e+09,621.27,0.0035964,1.0698e+06
625.08,2.2876e+09,6.6549e+05,2.8273e+05,0,1.1426e+13,0,34316,2.8277e+06,0
4.7062e-122,3.3477e-57,2.3814e+08,1526.8,113.95,1.2107e+09,7.1648e+12,0.031273,2.8249e+09,8.9931e+05
7.8811e+07,0,9.637,0.84588,2.891e-07,3.0033e+12,8.3212e-05,4.2585e+12,0,23308
7.1411e-118,5.0797e-53,1.3013e-56,1.326e-57,0,3.7676e+12,7.4675,5.415e+05,0,163.71
4.8161,2.0144e-12,31849,4.9734e+11,0.48954,3.4229e+08,3.3669e+08,9.4755e+11,58.161,5.0463e+05
3.7709e-55,2.6824e+10,5.4778e-05,1.2321e+06,9.103e+12,3.4176e+08,0,0,11.199,13.509
0.13436,7.3486e-06,2.6389e-05,58977,0.12676,52.88,2.0212e-07,0,1.1524e+13,0
2.0518e-188,1.476e-192,5.1798e-183,3.6994e-118,1.2569e-120,2.9473e-53,9.0678e-60,2.0988e+12,1809,3.7898e+05
7.0879e-75,0,4.2201e-61,2.245e-53,1.5974e+12,1.3e+09,9.395e+06,72289,4.1735e+06,3.4307e+05
2.5815e-53,1.4796e-66,7.0824e-63,4.8274e-58,3.61e-61,5.6942e-66,1.8528e+12,1.3905e+12,0,229.59
1.3266e+08,0,0.49409,7.209e+12,1.3091e+08,0,1090.7,451.16,2.4059,2641.1
2.0961e+12,0,0,0,580.86,1.9169e+12,33.583,3.0653e+07,0.0040727,8.3273e+05
3230.1,3.7565e+12,0,0.011521,0.35307,4.7989e+05,3219.7,0,0,1.0576e+06
1.9466e-18,7.2428e-08,0,2.0347e-14,21.428,14837,2.7094e+12,0,0.88636,1.7984e+06
1.0408e-77,0,6.1969e-64,1.2456e-57,8.8729e+07,5.1301e+12,7.2136e+09,0.0085585,2.7163e+09,912.42
5.3553e-132,9.625e-126,0,6.8569e-61,3.094e-53,2.2015e+12,4.4941,1784.8,0,0
1.4204e-60,0,1.0104e+05,5.3751e+12,3.1219e+08,4.4425e+09,3.2105e+07,2.4703e+05,1.4262e+07,34.701
1.6988e-56,0,5.0906e-61,1.2146e-52,2.0626e-57,0,1.8912e-55,8.3249e-63,9.6252e+12,416.04
1.3074e+13,2.5097e+09,0,4.945e+05,0,2.9796,3.202e+08,3.7674e+08,2.9007e+06,4.1109e+05
28832,2.2917e+08,0,0,35.752,1.8074e+12,7.9639e+06,0.010261,0.45235,1.4733e+06
8.1191e+06,0,4.9629e+05,0.00015153,5.6008e+12,2.127e+08,3.2969e+07,0,1502.6,1.2913e+06
54434,2.9017e+12,2.2623,62.647,3.9057e+09,2.9397e+09,8.4613e+08,254.01,3.9567e+05,0
1.3409e+06,0,129.13,1.8719e+09,0,4.3553e+09,7.7717e+06,5.7754e+12,0,7887.9
1.0774e+06,0,0,1.4748e+09,0,2.6746e+09,1.232e+06,4.7097e+12,8.0265,7334
1.843e-59,1.311e+06,80136,78.669,1.6824e+12,7.3335e+07,1.0131e+07,0,0,7.0779e+05
1.6121e-65,1.1467,1.3716e-07,0.00039142,0,1.612e-08,4.2326e+12,66683,0,3.5029e+05
1.391e-52,5.5565e-64,3.8161e-62,2.8096e-59,2.368e-56,3.1238e-65,1.0164e+13,4.7195e+06,11296,11484
6.5431e+07,0,5.0589e+11,1.2123e+08,1.5162e+06,3.6818e+08,0,9.6944e+11,6.1767e+07,1.0149e+06
5.7219e-80,2.129e-69,0,5.9547e-76,0.0001516,0.089013,8.4303e-13,3.5668e+12,3804.4,1.634e+06
1.0997e+11,4.3495e+09,6.9683e+05,0,0,2.0482e+05,0,3.4088e+10,2.7685e-05,51.753
2.1015e+12,6.4693e+06,0.49576,6.7034e+05,0.13566,2.8689e+12,0,75148,2.0913e-05,16.319
1.412e+06,115.77,2.0687e-05,4.2771e+11,1.0277e+06,4.0844,0,4.4701e+05,55.615,1.4707e+06
1.6131e-57,1.1475e+08,2.9424e+12,8.935e+07,6.9576e+10,1.2168e+06,8.9586e+07,749.92,1.2777e-15,58.528
15.949,3.262e+05,5.3872e+10,0,2.0156e+05,9.9055e+12,0.15482,4.2036e+07,0,0
2.8292e+06,2.1393,8.4672e+12,4.5507e+08,0.086036,5.8298e+09,4.5019e-07,6546.2,0,1812.8
3.1313,0,4.7029e-07,0.00072771,0,11211,6.4525,0.22479,4.4706e-05,2.1013e+06
1.5237e-53,1.0839e+12,0,0,5.1603e+05,5.977e+12,0,79476,0.0027584,6.3179e+05
3.094e-117,2.2008e-52,3.6596e-70,1.7649e-58,1.5684e+13,3.8027e+06,56.873,0.0042416,9.3089e-11,35065
9.9009e+12,44554,7.4749e+08,3.0648e+05,0,2943.6,0,1.9629e+05,0,3.5225e+05
4.0589e-67,3.2485e-63,236.27,3.6632e+06,12.406,3.6173e+12,0,3.8692e+06,0,1.0497e+06
9.2045e+07,818.61,3.5514e+10,7.2921e-08,0,8.7043e+12,0,5606.8,0,3618.6
2.239e-60,1.5927e+05,0,268.71,7.7892e+12,6854,0,5720.1,0,0
4.0954e+08,0,0.96035,2.9674e+12,5.049e+07,0,4.347e+09,9.263e+11,1.2848e-07,1671.8
0.10063,2.0532e+05,9.3844,0,0.92737,0.66483,0.017705,5.0576e+12,0,3.5601e+05
4.5826e-70,3.5682e-58,0,1.2048e-64,1.5891e-64,3.061e-53,3.7228e-61,2.1928e+12,0,1.2681e+06
1.8657e-73,1.2333e-70,9.4686e-06,4.3352,0.013735,2074.9,0,1.6259e+12,5.1439e-13,1.6385e+06
