0.0076323,0.0031614,0.019944,0.049205,0.12972,0.18727,0.096971,0.10494,0.11359,0.12295,0.65389,0.30178,0.32664,0.35356,0.38272
0.0016683,0.004024,0.010517,0.027481,0.071811,0.032196,0.034861,0.037722,0.04083,0.044195,0.047836,0.30178,0.78858,0.35355,0.38269
0.13672,0.056632,0.061298,0.066348,0.071815,0.077732,0.08414,0.091069,0.098572,0.62186,0.27881,0.30178,0.32664,0.35355,0.38269
0.0097165,0.023458,0.061298,0.027483,0.029747,0.032198,0.034851,0.037722,0.23798,0.10669,0.11548,0.125,0.78858,0.35355,0.38269
0.0097165,0.0040247,0.0043563,0.027483,0.012322,0.077732,0.034851,0.21986,0.098572,0.10669,0.11548,0.125,0.1353,0.14645,0.92389
0.13608,0.056365,0.06101,0.17034,0.096644,0.1046,0.11322,0.12255,0.13265,0.57698,0.27881,0.30178,0.32664,0.35355,0.38277
0.13672,0.056632,0.061302,0.066349,0.071815,0.077732,0.084137,0.091069,0.098572,0.10669,0.11549,0.125,0.78858,0.35355,0.38269
0.056618,0.13669,0.061385,0.066349,0.071815,0.077732,0.084138,0.091069,0.098573,0.10669,0.11549,0.125,0.78858,0.35355,0.38269
0.056632,0.023458,0.14799,0.066349,0.071815,0.077733,0.084137,0.091069,0.57452,0.25758,0.27881,0.30178,0.32664,0.35355,0.38269
0.056631,0.02346,0.14799,0.066349,0.071815,0.077732,0.084137,0.09107,0.098573,0.10669,0.11548,0.125,0.1353,0.14645,0.92389
0.055947,0.023829,0.14681,0.065821,0.18423,0.1044,0.113,0.12241,0.53341,0.25758,0.2788,0.30178,0.32664,0.35355,0.3827
0.023458,0.056632,0.025391,0.16018,0.41857,0.18766,0.20312,0.21986,0.23798,0.25758,0.27881,0.30178,0.32664,0.35355,0.38269
0.056632,0.13672,0.061298,0.066349,0.071815,0.077732,0.084137,0.09107,0.098573,0.10669,0.11548,0.125,0.1353,0.85355,0.38269
0.023432,0.009764,0.010532,0.066349,0.029747,0.18766,0.084137,0.091069,0.098573,0.10669,0.11549,0.125,0.78858,0.35355,0.38269
0.13672,0.056632,0.061298,0.066348,0.071815,0.077732,0.08414,0.091069,0.098573,0.10669,0.11548,0.72855,0.32664,0.35355,0.38269
0.023457,0.0097162,0.061296,0.027482,0.029753,0.032198,0.20312,0.091069,0.098573,0.62186,0.27881,0.30178,0.32664,0.35355,0.38269
0.0097164,0.023457,0.010517,0.011383,0.012321,0.013337,0.014435,0.091068,0.23797,0.1067,0.11548,0.125,0.1353,0.85355,0.38269
0.13672,0.056632,0.35727,0.16018,0.17338,0.18766,0.20312,0.21986,0.23798,0.25758,0.27881,0.30178,0.32664,0.35355,0.38269
0.0097165,0.023458,0.061298,0.027483,0.17338,0.077732,0.084137,0.09107,0.098573,0.10669,0.11548,0.125,0.1353,0.14645,0.92388
0.05663,0.13672,0.061312,0.066349,0.071815,0.45306,0.20312,0.21986,0.23798,0.25758,0.27881,0.30178,0.32664,0.35355,0.38268
0.056632,0.023458,0.14799,0.066349,0.071815,0.077732,0.084137,0.09107,0.098573,0.10669,0.11549,0.125,0.1353,0.85355,0.38269
0.20308,0.08412,0.26706,0.14327,0.15508,0.16785,0.18169,0.19665,0.21294,0.379,0.27881,0.30178,0.32664,0.35355,0.38274
0.023329,0.0096631,0.010459,0.011321,0.012254,0.013757,0.014436,0.015625,0.016912,0.10669,0.27881,0.72855,0.32664,0.35355,0.38269
0.0097165,0.0040247,0.025391,0.011384,0.012322,0.013337,0.014436,0.015625,0.016912,0.018306,0.11548,0.051777,0.056043,0.35355,0.92388
0.22257,0.092191,0.18312,0.28918,0.17338,0.18766,0.20312,0.21986,0.23798,0.25759,0.2788,0.30178,0.32664,0.35355,0.38269
0.023971,0.057626,0.025852,0.16309,0.17355,0.10254,0.11139,0.49585,0.23798,0.25758,0.27881,0.30178,0.32664,0.35355,0.38269
0.023458,0.0097165,0.010517,0.066348,0.17338,0.077732,0.084139,0.091069,0.098573,0.10669,0.11549,0.125,0.1353,0.85355,0.38269
0.056632,0.023458,0.02539,0.027482,0.17338,0.077732,0.084138,0.091069,0.098573,0.10669,0.6731,0.30178,0.32664,0.35355,0.38269
0.020289,0.0084039,0.053017,0.13854,0.062114,0.067232,0.072771,0.078767,0.49691,0.40469,0.27881,0.30178,0.32664,0.35355,0.38268
0.018311,0.044207,0.11476,0.16144,0.084407,0.43798,0.20312,0.21986,0.23798,0.25758,0.27881,0.30178,0.32664,0.35355,0.38269
0.056632,0.023458,0.14799,0.066348,0.071818,0.077732,0.084137,0.53079,0.23798,0.25758,0.27881,0.30178,0.32664,0.35355,0.38269
0.21638,0.089629,0.097016,0.33307,0.17338,0.18766,0.20313,0.21986,0.23798,0.25758,0.27881,0.30178,0.32664,0.35355,0.38268
0.056632,0.023458,0.025391,0.16018,0.071815,0.45306,0.20312,0.21986,0.23798,0.25758,0.27881,0.30178,0.32664,0.35355,0.38269
0.056632,0.13672,0.061298,0.066349,0.41857,0.18766,0.20312,0.21986,0.23798,0.25758,0.27881,0.30178,0.32664,0.35355,0.38268
0.056632,0.13672,0.061298,0.066349,0.071815,0.077732,0.084137,0.091069,0.098573,0.10669,0.6731,0.30178,0.32664,0.35355,0.38268
0.023658,0.010404,0.061106,0.027482,0.029746,0.032197,0.03485,0.037721,0.040837,0.044194,0.047835,0.051777,0.32664,0.14645,0.92388
0.048913,0.11809,0.30857,0.13835,0.27307,0.18766,0.20312,0.21986,0.23798,0.25758,0.27881,0.30178,0.32664,0.35355,0.38269
0.056631,0.023457,0.14798,0.066348,0.071821,0.45306,0.20312,0.21986,0.23798,0.25758,0.27881,0.30178,0.32664,0.35355,0.38269
0.056632,0.023458,0.025391,0.16018,0.071815,0.077733,0.084137,0.091069,0.098572,0.10669,0.11548,0.125,0.1353,0.85355,0.38268
0.01686,0.040703,0.022554,0.11949,0.053572,0.057987,0.27396,0.48173,0.23798,0.25758,0.27881,0.30178,0.32664,0.35355,0.38307
0.023458,0.056632,0.02539,0.027483,0.029748,0.032198,0.20312,0.53079,0.23798,0.25758,0.27881,0.30178,0.32664,0.35355,0.38269
0.049112,0.11857,0.30983,0.13891,0.15035,0.16274,0.17616,0.19066,0.37213,0.25758,0.27881,0.30178,0.32664,0.35355,0.38269
0.058001,0.14003,0.06278,0.1845,0.10226,0.11069,0.11981,0.48173,0.23798,0.25758,0.27881,0.30178,0.32664,0.35355,0.38269
0.13383,0.056415,0.06016,0.065116,0.20927,0.11172,0.44199,0.21941,0.24078,0.2576,0.27881,0.30178,0.32664,0.35355,0.38269
0.17184,0.18294,0.10397,0.31842,0.17338,0.18766,0.20312,0.21986,0.23798,0.25758,0.27881,0.30178,0.32664,0.35355,0.38269
0.023458,0.056632,0.14799,0.066349,0.071815,0.077732,0.084137,0.091069,0.098573,0.10669,0.6731,0.30178,0.32664,0.35355,0.38268
0.13672,0.056632,0.061298,0.06635,0.071815,0.077732,0.084137,0.091069,0.098573,0.10669,0.11548,0.125,0.1353,0.14645,0.92388
0.023476,0.0097241,0.06129,0.027483,0.029747,0.032198,0.034851,0.037722,0.04083,0.25758,0.11548,0.125,0.1353,0.14645,0.92388
0.023458,0.056632,0.14799,0.38671,0.17338,0.18766,0.20312,0.21986,0.23798,0.25758,0.27881,0.30178,0.32664,0.35355,0.38269
0.13075,0.05416,0.058623,0.063453,0.068681,0.38316,0.17526,0.3469,0.23798,0.25758,0.27881,0.30178,0.32664,0.35355,0.38269
0.056632,0.023458,0.025391,0.16018,0.071815,0.077732,0.084137,0.091069,0.098573,0.10669,0.6731,0.30178,0.32664,0.35355,0.38268
0.023458,0.056632,0.025391,0.16018,0.071815,0.077733,0.084137,0.53079,0.23798,0.25758,0.27881,0.30178,0.32664,0.35355,0.38269
0.0040247,0.0097165,0.025391,0.066349,0.17338,0.077732,0.084137,0.09107,0.098573,0.62186,0.27881,0.30178,0.32664,0.35355,0.38269
0.13672,0.056632,0.061298,0.066349,0.071815,0.077732,0.084137,0.091069,0.098573,0.10669,0.6731,0.30178,0.32664,0.35355,0.38268
0.13672,0.33008,0.14799,0.16018,0.17338,0.18766,0.20312,0.21986,0.23798,0.25758,0.27881,0.30178,0.32664,0.35355,0.38268
0.0097164,0.0040247,0.02539,0.066348,0.029749,0.18766,0.084137,0.091069,0.098573,0.10669,0.6731,0.30178,0.32664,0.35355,0.38269
0.055375,0.11659,0.053465,0.057928,0.18737,0.09974,0.10796,0.50049,0.23798,0.25758,0.27881,0.30178,0.32664,0.35355,0.38291
0.023458,0.056632,0.14799,0.066349,0.071815,0.077732,0.084137,0.09107,0.098573,0.62186,0.27881,0.30178,0.32664,0.35355,0.38268
0.048973,0.11823,0.053008,0.33441,0.14993,0.29493,0.20312,0.21986,0.23798,0.25758,0.27881,0.30178,0.32664,0.35355,0.38269
0.056632,0.023458,0.025391,0.16018,0.071815,0.077732,0.49039,0.21986,0.23798,0.25758,0.27881,0.30178,0.32664,0.35355,0.38269
0.049063,0.020322,0.021997,0.13877,0.062216,0.3925,0.17598,0.19047,0.20617,0.4035,0.27881,0.30178,0.32664,0.35355,0.38271
0.20078,0.083167,0.090017,0.27606,0.15023,0.16262,0.176,0.34431,0.23797,0.25758,0.27881,0.30178,0.32664,0.35355,0.38269
0.023458,0.056632,0.025391,0.16018,0.071815,0.077733,0.084137,0.091069,0.57452,0.25758,0.27881,0.30178,0.32664,0.35355,0.38268
0.20384,0.2325,0.12808,0.13863,0.15012,0.16243,0.17599,0.34489,0.23799,0.25758,0.27881,0.30178,0.32664,0.35355,0.38269
0.0097097,0.0040408,0.0043563,0.027482,0.012321,0.013337,0.014437,0.091069,0.23798,0.10669,0.6731,0.30178,0.32664,0.35355,0.38269
0.048947,0.11817,0.052979,0.057871,0.06218,0.39213,0.176,0.34489,0.23799,0.25758,0.27881,0.30178,0.32664,0.35355,0.38269
0.0097163,0.023457,0.061297,0.027482,0.029751,0.18766,0.084137,0.09107,0.098573,0.62186,0.27881,0.30178,0.32664,0.35355,0.38268
0.04444,0.019587,0.020116,0.12691,0.17528,0.092242,0.4729,0.21986,0.23798,0.25758,0.27881,0.30178,0.32664,0.35355,0.38279
0.0040247,0.0016671,0.010517,0.027483,0.012322,0.077732,0.034851,0.21986,0.098573,0.10669,0.11548,0.125,0.1353,0.85355,0.38269
0.0097165,0.0040247,0.025391,0.066349,0.029747,0.032198,0.034851,0.037722,0.04083,0.044194,0.047835,0.30178,0.1353,0.85355,0.38269
0.10448,0.043321,0.048007,0.050896,0.055218,0.059649,0.24318,0.49663,0.23798,0.25758,0.27881,0.30178,0.32664,0.35355,0.38269
0.33008,0.13672,0.14799,0.16018,0.17338,0.18766,0.20312,0.21986,0.23798,0.25758,0.27881,0.30178,0.32664,0.35355,0.38268
0.0040211,0.0097077,0.025367,0.011442,0.012323,0.077732,0.034851,0.037722,0.23798,0.10669,0.11548,0.125,0.1353,0.14645,0.92389
0.042516,0.10264,0.046019,0.16784,0.085526,0.092572,0.47246,0.21986,0.23798,0.25758,0.27881,0.30178,0.32664,0.35355,0.38268
0.0097053,0.0040518,0.025391,0.066349,0.029747,0.18766,0.084137,0.091069,0.098573,0.10669,0.11548,0.125,0.1353,0.85355,0.38269
0.0097165,0.023458,0.010517,0.011384,0.071815,0.032198,0.20312,0.091069,0.098573,0.10669,0.11549,0.125,0.78858,0.35355,0.3827
0.056632,0.13672,0.061298,0.06635,0.071818,0.077732,0.084137,0.53079,0.23798,0.25758,0.27881,0.30178,0.32664,0.35355,0.38268
0.2255,0.27711,0.14799,0.16018,0.17338,0.18767,0.20312,0.21986,0.23798,0.25758,0.27881,0.30178,0.32664,0.35355,0.38269
0.0097165,0.023458,0.061298,0.027483,0.029747,0.032198,0.20312,0.091069,0.098573,0.10669,0.6731,0.30178,0.32664,0.35355,0.38269
0.08963,0.21638,0.097017,0.33307,0.17338,0.18766,0.20312,0.21986,0.23798,0.25758,0.27881,0.30178,0.32664,0.35355,0.38268
0.023458,0.056632,0.14799,0.066349,0.071815,0.077732,0.084137,0.091069,0.098573,0.10669,0.11548,0.72855,0.32664,0.35355,0.38268
0.1494,0.17238,0.094488,0.10227,0.1107,0.39598,0.20312,0.21986,0.23798,0.25758,0.27881,0.30178,0.32664,0.35355,0.38268
0.074787,0.18055,0.18174,0.24597,0.15033,0.16272,0.17612,0.34389,0.23798,0.25758,0.27881,0.30178,0.32664,0.35355,0.38269
0.062736,0.15146,0.069958,0.075968,0.080256,0.086868,0.39997,0.34434,0.23798,0.25758,0.27881,0.30178,0.32664,0.35355,0.38271
0.056632,0.13672,0.061298,0.38671,0.17338,0.18766,0.20312,0.21986,0.23798,0.25758,0.27881,0.30178,0.32664,0.35355,0.38268
0.082773,0.1996,0.089509,0.096881,0.10486,0.32429,0.17586,0.34481,0.23798,0.25758,0.27881,0.30178,0.32664,0.35355,0.38269
0.0016671,0.0040247,0.010517,0.027483,0.071815,0.032198,0.034851,0.21986,0.098573,0.10669,0.11548,0.72855,0.32664,0.35355,0.38269
0.043727,0.10151,0.045782,0.27621,0.25044,0.16219,0.31955,0.21986,0.23798,0.25758,0.27881,0.30178,0.32664,0.35355,0.3827
0.0493,0.020421,0.12883,0.057759,0.18597,0.09921,0.10738,0.50133,0.23798,0.25758,0.27881,0.30178,0.32664,0.35355,0.38269
0.0097165,0.023458,0.061298,0.16018,0.071815,0.077732,0.084137,0.091069,0.098573,0.10669,0.11548,0.72855,0.32664,0.35355,0.38269
0.056633,0.13672,0.061298,0.066349,0.071815,0.077732,0.084137,0.091069,0.098573,0.10669,0.11548,0.72855,0.32664,0.35355,0.38268
0.11858,0.049117,0.30986,0.13892,0.15038,0.16276,0.17617,0.19069,0.2064,0.4027,0.27881,0.30178,0.32664,0.35355,0.38269
0.0097165,0.023458,0.010517,0.066349,0.17338,0.077732,0.084137,0.53079,0.23798,0.25758,0.27881,0.30178,0.32664,0.35355,0.38269
0.056632,0.13672,0.35727,0.16018,0.17338,0.18766,0.20312,0.21986,0.23798,0.25758,0.27881,0.30178,0.32664,0.35355,0.38268
0.0096862,0.023384,0.010484,0.066141,0.029654,0.032097,0.034742,0.038402,0.04083,0.25758,0.11549,0.125,0.1353,0.85355,0.38269
0.093971,0.22687,0.22836,0.1389,0.15034,0.16273,0.17614,0.34384,0.23798,0.25758,0.27881,0.30178,0.32664,0.35355,0.38268
0.0040247,0.0097165,0.025391,0.066349,0.17338,0.077732,0.084137,0.091069,0.098573,0.10669,0.11548,0.72855,0.32664,0.35355,0.38268
0.11855,0.28621,0.12832,0.13889,0.15034,0.16272,0.17613,0.34383,0.23805,0.25758,0.27881,0.30178,0.32664,0.35355,0.38269
0.1362,0.057019,0.16577,0.091955,0.09953,0.41573,0.20312,0.21986,0.23798,0.25758,0.27881,0.30178,0.32664,0.35355,0.38269
0.19396,0.080343,0.25882,0.13804,0.27412,0.18766,0.20312,0.21986,0.23798,0.25758,0.27881,0.30178,0.32664,0.35355,0.38269
0.056632,0.13672,0.061298,0.066349,0.071815,0.077732,0.084137,0.091069,0.098573,0.62186,0.27881,0.30178,0.32664,0.35355,0.38268
0.048989,0.11827,0.053251,0.05743,0.062162,0.067283,0.42447,0.19151,0.37276,0.25758,0.27881,0.30178,0.32664,0.35355,0.38273
0.056128,0.13551,0.30157,0.13891,0.15035,0.16274,0.17615,0.19066,0.20637,0.4028,0.27881,0.30178,0.32664,0.35355,0.38273
0.035241,0.085079,0.038145,0.041288,0.044689,0.048371,0.052357,0.23165,0.11144,0.12062,0.13056,0.71096,0.32664,0.35355,0.38283
0.020358,0.049102,0.022018,0.023832,0.15013,0.067325,0.42473,0.34457,0.23798,0.25758,0.27881,0.30178,0.32664,0.35355,0.38268
0.11785,0.048849,0.052844,0.057198,0.36084,0.16182,0.32095,0.21986,0.23798,0.25758,0.27881,0.30178,0.32664,0.35355,0.38269
0.023458,0.0097165,0.010517,0.011384,0.012322,0.013337,0.084137,0.21986,0.098572,0.62186,0.2788,0.30178,0.32664,0.35355,0.38269
0.0086911,0.020835,0.009351,0.057283,0.025796,0.027922,0.17615,0.46029,0.20637,0.4028,0.27881,0.30178,0.32664,0.35355,0.38269
0.20238,0.23429,0.12824,0.13881,0.15024,0.16262,0.17602,0.19052,0.20622,0.40332,0.27881,0.30178,0.32664,0.35355,0.38268
0.071755,0.17323,0.077667,0.21776,0.1233,0.27668,0.17814,0.19076,0.37178,0.25758,0.2788,0.30178,0.32664,0.35355,0.38271
0.0034204,0.0081694,0.019533,0.051347,0.13434,0.060231,0.2269,0.11438,0.54532,0.25758,0.27881,0.30178,0.32664,0.35355,0.3827
0.13672,0.056632,0.061298,0.066349,0.071815,0.077732,0.084137,0.091069,0.57452,0.25758,0.27881,0.30178,0.32664,0.35355,0.38268
0.16397,0.067918,0.073514,0.079571,0.086127,0.093223,0.39055,0.19075,0.37209,0.25758,0.2788,0.30178,0.32664,0.35355,0.38268
0.0097161,0.023457,0.010517,0.066346,0.029745,0.032196,0.03485,0.037732,0.04083,0.044194,0.27881,0.125,0.78858,0.35355,0.38269
0.20153,0.083581,0.090373,0.27188,0.14917,0.16146,0.32208,0.21986,0.23797,0.25758,0.27881,0.30178,0.32664,0.35355,0.38269
0.056632,0.13672,0.061298,0.066349,0.071815,0.077732,0.49039,0.21986,0.23798,0.25758,0.27881,0.30178,0.32664,0.35355,0.38268
0.053998,0.13035,0.1643,0.089713,0.097096,0.41965,0.20312,0.21986,0.23798,0.25758,0.27881,0.30178,0.32664,0.35355,0.38269
0.11817,0.2853,0.12791,0.13845,0.14986,0.29517,0.20314,0.21986,0.23798,0.25758,0.27881,0.30178,0.32664,0.35355,0.38268
0.049139,0.11863,0.053188,0.33554,0.15044,0.16283,0.17625,0.19077,0.20649,0.40238,0.27881,0.30178,0.32664,0.35355,0.38269
0.056619,0.02349,0.025391,0.027483,0.17338,0.077732,0.084137,0.091069,0.098573,0.10669,0.11548,0.125,0.78858,0.35355,0.38268
0.046281,0.11173,0.14332,0.077685,0.084079,0.36338,0.17589,0.3447,0.23798,0.25758,0.27881,0.30178,0.32664,0.35355,0.38282
0.056628,0.023456,0.025389,0.027494,0.029747,0.032198,0.20312,0.091069,0.098573,0.10669,0.11548,0.125,0.1353,0.14645,0.92389
0.023458,0.056632,0.14799,0.066349,0.071815,0.077732,0.49039,0.21986,0.23798,0.25758,0.27881,0.30178,0.32664,0.35355,0.38268
0.09904,0.041781,0.25867,0.11603,0.12559,0.13594,0.29227,0.19054,0.37256,0.25758,0.27881,0.30178,0.32664,0.35355,0.38269
0.14128,0.058579,0.14803,0.088166,0.09543,0.10329,0.1118,0.49469,0.23798,0.25758,0.27881,0.30178,0.32664,0.35355,0.38292
0.18238,0.075543,0.18434,0.24068,0.14985,0.16219,0.31953,0.21986,0.23798,0.25758,0.27881,0.30178,0.32664,0.35355,0.38269
0.11871,0.049169,0.053224,0.057606,0.3631,0.16281,0.17623,0.34352,0.23798,0.25758,0.27881,0.30178,0.32664,0.35355,0.38268
0.13671,0.056652,0.061298,0.066349,0.41857,0.18766,0.20312,0.21986,0.23798,0.25758,0.27881,0.30178,0.32664,0.35355,0.38268
0.0097155,0.0040273,0.0043563,0.027483,0.071815,0.032198,0.20312,0.091069,0.098572,0.10669,0.11548,0.72855,0.32664,0.35355,0.38269
0.18289,0.075804,0.19372,0.11587,0.25,0.16554,0.17577,0.19024,0.37337,0.2579,0.27881,0.30178,0.32664,0.35355,0.38269
0.11791,0.048838,0.05366,0.33423,0.14985,0.16219,0.31953,0.21986,0.23798,0.25758,0.27881,0.30178,0.32664,0.35355,0.38269
0.22386,0.21189,0.12768,0.1382,0.15153,0.16222,0.31946,0.21986,0.23798,0.25758,0.27881,0.30178,0.32664,0.35355,0.3827
0.14969,0.18593,0.30425,0.16018,0.17338,0.18767,0.20312,0.21986,0.23798,0.25758,0.27881,0.30178,0.32664,0.35355,0.38268
0.021033,0.050772,0.13268,0.1681,0.091578,0.099124,0.10729,0.5014,0.23795,0.25755,0.27877,0.30174,0.3266,0.35351,0.38294
0.0235,0.0097342,0.010536,0.066327,0.029747,0.032197,0.034853,0.21986,0.098573,0.10669,0.11548,0.125,0.78858,0.35355,0.38269
0.11846,0.28599,0.12822,0.13878,0.15022,0.1626,0.17625,0.19054,0.37257,0.25758,0.27881,0.30178,0.32664,0.35355,0.38269
0.037126,0.08963,0.23421,0.33307,0.17338,0.18766,0.20312,0.21986,0.23798,0.25758,0.27881,0.30178,0.32664,0.35355,0.38269
0.00075848,0.0016373,0.0043563,0.011384,0.029747,0.013337,0.014436,0.091069,0.23797,0.10669,0.11549,0.72855,0.32664,0.35355,0.38268
0.042637,0.017661,0.019116,0.11986,0.053785,0.058216,0.20745,0.10656,0.11534,0.60185,0.27881,0.30178,0.32664,0.35355,0.38269
0.0097165,0.0040247,0.025391,0.011384,0.071815,0.032198,0.034851,0.037722,0.04083,0.044194,0.27881,0.125,0.1353,0.85355,0.38269
0.020454,0.049079,0.022024,0.13894,0.062293,0.067425,0.072982,0.46041,0.37197,0.25758,0.27881,0.30178,0.32664,0.35355,0.38269
0.097677,0.040459,0.043793,0.27627,0.25422,0.16274,0.176,0.34429,0.23805,0.25758,0.27881,0.30178,0.32664,0.35355,0.38269
0.023458,0.056632,0.025391,0.16018,0.071815,0.077732,0.084137,0.091069,0.098573,0.62186,0.27881,0.30178,0.32664,0.35355,0.38268
0.049143,0.020356,0.12842,0.057575,0.062318,0.39314,0.17626,0.19079,0.20651,0.40232,0.2788,0.30178,0.32664,0.35355,0.38269
0.13672,0.056632,0.061298,0.066349,0.071815,0.077732,0.084137,0.09107,0.098573,0.10669,0.11549,0.125,0.1353,0.85355,0.38268
0.074685,0.18031,0.23163,0.2889,0.17338,0.18766,0.20312,0.21986,0.23798,0.25758,0.27881,0.30178,0.32664,0.35355,0.38268
0.23858,0.098822,0.1072,0.11582,0.12536,0.27149,0.17623,0.34352,0.23797,0.25758,0.27881,0.30178,0.32664,0.35355,0.38268
0.23745,0.098355,0.10646,0.11523,0.25178,0.16275,0.17601,0.34431,0.23798,0.25758,0.27881,0.30178,0.32664,0.35355,0.38269
0.073791,0.17815,0.18137,0.24661,0.14986,0.29518,0.20312,0.21986,0.23798,0.25758,0.27881,0.30178,0.32664,0.35355,0.38269
0.046003,0.019097,0.12025,0.053913,0.19514,0.099694,0.10895,0.11698,0.1266,0.58618,0.27881,0.30178,0.32664,0.35355,0.38269
0.098745,0.040902,0.25803,0.11569,0.24907,0.16226,0.31935,0.21986,0.23798,0.25758,0.27881,0.30178,0.32664,0.35355,0.38275
0.08748,0.21119,0.094687,0.26584,0.15043,0.16283,0.17624,0.19076,0.37178,0.25758,0.27881,0.30178,0.32664,0.35355,0.38271
0.093958,0.22683,0.1017,0.24755,0.15044,0.16283,0.17625,0.19077,0.20649,0.40238,0.27881,0.30178,0.32664,0.35355,0.38269
0.042157,0.10155,0.045543,0.049799,0.053437,0.18788,0.47638,0.21986,0.23797,0.25758,0.27881,0.30178,0.32664,0.35355,0.38269
0.049641,0.094278,0.044233,0.04895,0.30255,0.27141,0.17618,0.34371,0.23798,0.25758,0.27881,0.30178,0.32664,0.35355,0.38268
0.023458,0.056632,0.14799,0.066349,0.071815,0.077732,0.084137,0.091069,0.098573,0.10669,0.11549,0.125,0.78858,0.35355,0.38269
0.041014,0.099018,0.044394,0.28006,0.12556,0.27049,0.17614,0.34384,0.23798,0.25758,0.27881,0.30178,0.32664,0.35355,0.38269
0.0040279,0.0097152,0.025391,0.066349,0.17338,0.45306,0.20312,0.21986,0.23798,0.25758,0.27881,0.30178,0.32664,0.35355,0.38268
0.11703,0.28254,0.12667,0.13711,0.277,0.18809,0.20314,0.21986,0.23798,0.25758,0.27881,0.30178,0.32664,0.35355,0.38268
0.22565,0.093469,0.22808,0.13856,0.14985,0.16219,0.31953,0.21986,0.23798,0.25758,0.27881,0.30178,0.32664,0.35355,0.38269
0.16104,0.067403,0.19334,0.24639,0.14852,0.16076,0.174,0.19043,0.37908,0.25758,0.27881,0.30178,0.32664,0.35355,0.38268
0.0040222,0.0097104,0.025375,0.066307,0.17303,0.078416,0.084259,0.091069,0.57452,0.25758,0.27881,0.30178,0.32664,0.35355,0.38269
0.18443,0.07644,0.19495,0.11559,0.25096,0.16266,0.17606,0.34412,0.23798,0.25758,0.27881,0.30178,0.32664,0.35355,0.38269
0.040943,0.098846,0.044317,0.047987,0.051923,0.32757,0.29292,0.34433,0.23799,0.25758,0.27881,0.30178,0.32664,0.35355,0.38269
0.15574,0.064511,0.069826,0.22337,0.11951,0.12933,0.31163,0.34463,0.23798,0.25758,0.27881,0.30178,0.32664,0.35355,0.38269
0.040234,0.097133,0.25382,0.11602,0.12353,0.2772,0.17624,0.19076,0.37178,0.25758,0.27881,0.30178,0.32664,0.35355,0.38269
0.020193,0.04875,0.021858,0.13786,0.36026,0.16152,0.17483,0.34838,0.23798,0.25758,0.27881,0.30178,0.32664,0.35355,0.38269
0.11864,0.049141,0.053193,0.33556,0.15045,0.16284,0.17626,0.34342,0.23797,0.25758,0.27881,0.30178,0.32664,0.35355,0.38268
0.28533,0.11819,0.12793,0.13847,0.14988,0.16222,0.31937,0.21996,0.23798,0.25758,0.27881,0.30178,0.32664,0.35355,0.38268
0.023458,0.0097164,0.010517,0.011384,0.012321,0.013337,0.014437,0.091069,0.04083,0.25758,0.11548,0.125,0.78858,0.35355,0.38269
0.049419,0.11675,0.053561,0.057075,0.061716,0.38935,0.17456,0.18894,0.37807,0.25758,0.2788,0.30178,0.32664,0.35355,0.38269
0.13672,0.056632,0.061298,0.38671,0.17338,0.18766,0.20312,0.21986,0.23798,0.25758,0.27881,0.30178,0.32664,0.35355,0.38268
0.052333,0.021677,0.13675,0.17354,0.094552,0.10228,0.1107,0.12012,0.53721,0.25758,0.27881,0.30178,0.32664,0.35355,0.3827
0.235,0.097342,0.10536,0.11404,0.12344,0.27527,0.31924,0.21986,0.23798,0.25758,0.27881,0.30178,0.32664,0.35355,0.38269
0.023601,0.010128,0.061177,0.16018,0.071815,0.077732,0.084137,0.091069,0.098573,0.10669,0.11548,0.125,0.1353,0.14645,0.92388
0.097793,0.23607,0.11071,0.11914,0.12546,0.27115,0.17623,0.19075,0.37184,0.25758,0.27881,0.30178,0.32664,0.35355,0.38269
0.0048338,0.011387,0.026319,0.07021,0.17318,0.36263,0.33833,0.21986,0.23798,0.25758,0.27881,0.30178,0.32664,0.35355,0.38269
0.0098231,0.0041708,0.0044204,0.027887,0.012503,0.013533,0.014648,0.090837,0.04083,0.044194,0.2788,0.125,0.1353,0.14645,0.92388
0.093781,0.22521,0.22752,0.13918,0.14972,0.16206,0.32001,0.21986,0.23798,0.25758,0.27881,0.30178,0.32664,0.35355,0.38268
0.062725,0.14322,0.14574,0.21421,0.24946,0.16245,0.17615,0.34475,0.23798,0.25758,0.27881,0.30178,0.32664,0.35355,0.3828
0.020437,0.049317,0.12829,0.33546,0.1504,0.16279,0.17621,0.19072,0.37192,0.25758,0.27881,0.30178,0.32664,0.35355,0.38268
0.023458,0.0097165,0.061298,0.027483,0.17338,0.077732,0.49039,0.21986,0.23798,0.25758,0.27881,0.30178,0.32664,0.35355,0.38268
0.062904,0.026082,0.028207,0.13101,0.3629,0.1627,0.17675,0.19072,0.20643,0.40257,0.27881,0.30178,0.32664,0.35355,0.38269
0.050562,0.020946,0.13159,0.33249,0.14984,0.29523,0.20312,0.21986,0.23798,0.25758,0.27881,0.30178,0.32664,0.35355,0.38268
0.2854,0.11822,0.12816,0.13853,0.27242,0.18766,0.20313,0.21986,0.23798,0.25758,0.27881,0.30178,0.32664,0.35355,0.38284
0.023463,0.0097191,0.061313,0.027489,0.029754,0.18765,0.084137,0.091069,0.098572,0.10669,0.11548,0.72855,0.32664,0.35355,0.38269
0.13672,0.056632,0.061298,0.066348,0.071818,0.077732,0.084137,0.53079,0.23798,0.25758,0.27881,0.30178,0.32664,0.35355,0.38269
0.086649,0.042154,0.039913,0.043615,0.223,0.10598,0.11252,0.12252,0.53398,0.25789,0.2788,0.30178,0.32664,0.35355,0.38269
0.020767,0.050137,0.022478,0.13975,0.36269,0.16282,0.17625,0.19076,0.37178,0.25758,0.27881,0.30178,0.32664,0.35355,0.38269
0.11409,0.047307,0.05117,0.16125,0.086763,0.094941,0.10202,0.50917,0.23797,0.25758,0.27881,0.30178,0.32664,0.35355,0.38269
0.020324,0.049066,0.12822,0.057485,0.36265,0.16259,0.17599,0.19049,0.37179,0.25894,0.2788,0.30177,0.32665,0.35355,0.38269
0.048162,0.11627,0.14543,0.079664,0.2051,0.3938,0.20312,0.21986,0.23798,0.25758,0.27881,0.30178,0.32664,0.35355,0.38273
0.041046,0.017002,0.10682,0.2793,0.24908,0.16225,0.31935,0.21986,0.23798,0.25758,0.27881,0.30178,0.32664,0.35355,0.38275
0.049398,0.11926,0.053468,0.15012,0.084945,0.091944,0.3929,0.19076,0.37178,0.25758,0.27881,0.30178,0.32664,0.35355,0.38271
0.17904,0.074366,0.18029,0.24826,0.15033,0.16272,0.17612,0.34389,0.23798,0.25758,0.27881,0.30178,0.32664,0.35355,0.38269
0.091087,0.037767,0.041003,0.044234,0.04788,0.051824,0.21128,0.43069,0.37181,0.25758,0.27881,0.30178,0.32664,0.35355,0.38269
0.14743,0.1389,0.083901,0.090814,0.098296,0.1064,0.45215,0.21986,0.23798,0.25758,0.27881,0.30178,0.32664,0.35355,0.38269
0.0084341,0.020337,0.053153,0.023831,0.025794,0.16273,0.072957,0.078968,0.49818,0.40286,0.27881,0.30178,0.32664,0.35355,0.38269
0.016731,0.039727,0.10407,0.27194,0.12192,0.28089,0.17594,0.19244,0.3719,0.25758,0.2788,0.30178,0.32664,0.35355,0.3827
0.10089,0.041791,0.045235,0.048962,0.18366,0.092712,0.39053,0.34477,0.23798,0.25758,0.27881,0.30178,0.32664,0.35355,0.38269
0.22826,0.094549,0.10234,0.24394,0.14993,0.29492,0.20313,0.21986,0.23798,0.25758,0.27881,0.30178,0.32664,0.35355,0.3827
0.023458,0.0097166,0.010517,0.066349,0.029747,0.18766,0.49039,0.21986,0.23798,0.25758,0.27881,0.30178,0.32664,0.35355,0.38269
0.056609,0.023448,0.02538,0.15966,0.075547,0.20895,0.44998,0.21986,0.23798,0.25758,0.27881,0.30178,0.32664,0.35355,0.38269
0.09764,0.040444,0.25515,0.11439,0.24995,0.16157,0.17473,0.34873,0.23798,0.25758,0.27881,0.30178,0.32664,0.35355,0.38269
0.023306,0.056266,0.025227,0.15915,0.23802,0.39262,0.20312,0.21986,0.23798,0.25758,0.27881,0.30178,0.32664,0.35355,0.38269
0.074544,0.17709,0.079782,0.086176,0.31709,0.1611,0.32325,0.21985,0.23807,0.25758,0.27881,0.30178,0.32664,0.35355,0.38271
0.11807,0.048912,0.30853,0.13833,0.14972,0.29564,0.20312,0.21986,0.23798,0.25758,0.27881,0.30178,0.32664,0.35355,0.38268
0.0038284,0.0082446,0.021945,0.057346,0.14985,0.23143,0.11706,0.48632,0.23798,0.25758,0.27881,0.30178,0.32664,0.35355,0.38269
0.083266,0.03449,0.037332,0.040408,0.20497,0.4328,0.20312,0.21986,0.23799,0.25758,0.27881,0.30178,0.32664,0.35355,0.3827
0.0099025,0.0041018,0.025306,0.011384,0.012322,0.077732,0.034851,0.037722,0.04083,0.044194,0.047835,0.30178,0.1353,0.14645,0.92388
0.13189,0.056886,0.059497,0.16809,0.39094,0.18766,0.20312,0.21986,0.23797,0.25758,0.27881,0.30178,0.32664,0.35355,0.38269
0.098491,0.040796,0.044202,0.27861,0.12492,0.27278,0.1762,0.19072,0.37192,0.25758,0.27881,0.30178,0.32664,0.35355,0.38271
0.078044,0.18451,0.08299,0.22642,0.12986,0.25579,0.31805,0.21986,0.23798,0.25758,0.27881,0.30178,0.32664,0.35355,0.38268
0.13478,0.12945,0.20762,0.1157,0.13027,0.13637,0.27277,0.35873,0.23798,0.25758,0.27881,0.30178,0.32664,0.35355,0.38269
0.1183,0.049002,0.05304,0.05741,0.06214,0.06726,0.42432,0.34505,0.23795,0.25777,0.27881,0.30178,0.32664,0.35355,0.38269
0.082948,0.19991,0.25208,0.13762,0.14896,0.16123,0.17452,0.1889,0.37823,0.25758,0.27881,0.30178,0.32664,0.35355,0.38269
0.020458,0.049251,0.12829,0.057546,0.36304,0.16277,0.17618,0.34371,0.23798,0.25758,0.27881,0.30178,0.32664,0.35355,0.38268
0.046202,0.019934,0.12148,0.16886,0.39932,0.18766,0.20312,0.21986,0.23798,0.25758,0.27881,0.30178,0.32664,0.35355,0.38297
0.049463,0.020488,0.12925,0.05795,0.2059,0.41851,0.20312,0.21986,0.23798,0.25758,0.27881,0.30178,0.32664,0.35355,0.38271
0.020722,0.049135,0.12874,0.057719,0.063515,0.067788,0.42422,0.34457,0.23798,0.25758,0.27881,0.30178,0.32664,0.35355,0.38351
0.0077872,0.018497,0.042716,0.11394,0.29774,0.14814,0.29147,0.34541,0.23798,0.25758,0.27881,0.30178,0.32664,0.35355,0.3828
0.11861,0.04913,0.30994,0.13896,0.15041,0.1628,0.17622,0.34357,0.23798,0.25758,0.27881,0.30178,0.32664,0.35355,0.38269
0.056632,0.13672,0.0613,0.06635,0.071815,0.077732,0.084137,0.091069,0.098573,0.10669,0.11549,0.125,0.1353,0.14645,0.92389
0.020318,0.049051,0.022107,0.13885,0.062335,0.067685,0.42543,0.34357,0.23798,0.25758,0.27881,0.30178,0.32664,0.35355,0.38269
0.080856,0.18347,0.083049,0.089891,0.22416,0.27253,0.31944,0.21986,0.23798,0.25758,0.27881,0.30178,0.32664,0.35355,0.38268
0.13672,0.056632,0.0613,0.066349,0.071815,0.45306,0.20312,0.21986,0.23798,0.25758,0.27881,0.30178,0.32664,0.35355,0.38268
0.057357,0.13847,0.062251,0.067225,0.072764,0.078759,0.085248,0.44517,0.3727,0.25758,0.27881,0.30178,0.32664,0.35355,0.38269
0.099479,0.2391,0.10727,0.11611,0.12568,0.13603,0.29226,0.34396,0.23798,0.25758,0.27881,0.30178,0.32664,0.35355,0.38269
0.048429,0.02006,0.12655,0.17323,0.091478,0.099276,0.46312,0.21976,0.23863,0.25758,0.27881,0.30178,0.32664,0.35355,0.38275
0.079286,0.032841,0.192,0.18919,0.2709,0.29502,0.20311,0.2199,0.23797,0.25764,0.27881,0.30178,0.32664,0.35355,0.38272
0.22517,0.093268,0.22813,0.1383,0.14967,0.29581,0.20312,0.21987,0.23798,0.25758,0.27881,0.30178,0.32664,0.35355,0.38268
0.023029,0.010807,0.010537,0.011405,0.012345,0.013364,0.014463,0.091039,0.04083,0.25758,0.11549,0.72855,0.32664,0.35355,0.38269
0.029455,0.012201,0.013303,0.078041,0.035351,0.22302,0.38872,0.34742,0.23798,0.25758,0.27881,0.30178,0.32664,0.35355,0.38269
0.28386,0.11758,0.13293,0.13867,0.15009,0.16403,0.17609,0.1906,0.20631,0.40302,0.27881,0.30178,0.32664,0.35355,0.38268
0.026865,0.064737,0.15791,0.071563,0.31846,0.32263,0.20312,0.21986,0.23798,0.25758,0.27881,0.30178,0.32664,0.35355,0.38269
0.13547,0.056128,0.060738,0.065742,0.071159,0.38276,0.17626,0.19078,0.3717,0.25758,0.27881,0.30178,0.32664,0.35355,0.38268
0.048973,0.020285,0.021957,0.13852,0.36196,0.29493,0.20312,0.21986,0.23797,0.25758,0.2788,0.30178,0.32664,0.35355,0.38269
0.0097165,0.023458,0.061298,0.027483,0.029747,0.032198,0.20312,0.09107,0.57452,0.25758,0.27881,0.30178,0.32664,0.35355,0.38268
0.14792,0.061316,0.066327,0.30462,0.14517,0.31076,0.20312,0.21986,0.23798,0.25758,0.27881,0.30178,0.32664,0.35355,0.38269
0.048178,0.019956,0.1259,0.056449,0.061383,0.3857,0.17293,0.3548,0.23798,0.25758,0.27881,0.30178,0.32664,0.35355,0.38269
0.23862,0.098855,0.10698,0.11584,0.12535,0.13567,0.2929,0.34431,0.23797,0.25757,0.2789,0.30178,0.32664,0.35355,0.38269
0.23047,0.097194,0.22331,0.13889,0.15033,0.16272,0.17612,0.34389,0.23798,0.25758,0.27881,0.30178,0.32664,0.35355,0.38268
0.020274,0.048947,0.1279,0.33423,0.14985,0.1622,0.31953,0.21986,0.23798,0.25758,0.27881,0.30178,0.32664,0.35355,0.38269
0.0097165,0.023458,0.010517,0.066349,0.029747,0.032198,0.034851,0.21986,0.57452,0.25758,0.27881,0.30178,0.32664,0.35355,0.38269
0.056632,0.023458,0.14799,0.066349,0.41857,0.18766,0.20312,0.21986,0.23798,0.25758,0.27881,0.30178,0.32664,0.35355,0.38268
0.024994,0.060341,0.13951,0.063804,0.071815,0.20191,0.37196,0.3435,0.23799,0.25758,0.27881,0.30178,0.32664,0.35355,0.38273
0.0097165,0.023458,0.010517,0.066349,0.029747,0.18766,0.084138,0.53079,0.23798,0.25758,0.27881,0.30178,0.32664,0.35355,0.38268
0.096645,0.23332,0.10484,0.11326,0.12262,0.26926,0.3265,0.21986,0.23798,0.25758,0.27881,0.30178,0.32664,0.35355,0.38316
0.023458,0.0097165,0.061298,0.027483,0.029747,0.032198,0.034851,0.037722,0.04083,0.044194,0.047835,0.051777,0.32664,0.85355,0.38269
0.11009,0.0456,0.049357,0.30683,0.30732,0.18765,0.20311,0.21984,0.23805,0.25763,0.27881,0.30178,0.32664,0.35355,0.38269
0.034932,0.082699,0.21673,0.2755,0.14988,0.2951,0.20312,0.21986,0.23798,0.25758,0.27881,0.30178,0.32664,0.35355,0.38269
0.07261,0.1753,0.079575,0.22165,0.25076,0.16274,0.17614,0.19065,0.37217,0.25758,0.27881,0.30178,0.32664,0.35355,0.38269
0.047604,0.023159,0.021928,0.023961,0.12251,0.058234,0.061819,0.067284,0.29335,0.58,0.2788,0.30178,0.32664,0.35355,0.38269
0.049133,0.11596,0.055062,0.056933,0.35236,0.30689,0.20313,0.21986,0.23798,0.25758,0.27881,0.30178,0.32664,0.35355,0.38269
0.020771,0.050146,0.12759,0.33474,0.15008,0.1644,0.17614,0.34384,0.23798,0.25758,0.27881,0.30178,0.32664,0.35355,0.38269
0.056632,0.13672,0.061299,0.066349,0.071815,0.077732,0.084137,0.091069,0.57452,0.25758,0.27881,0.30178,0.32664,0.35355,0.38268
0.0097268,0.023482,0.061363,0.16035,0.27147,0.27732,0.17609,0.1906,0.37236,0.25758,0.27881,0.30178,0.32664,0.35355,0.38269
0.1186,0.049126,0.053174,0.057555,0.3631,0.16279,0.1762,0.19072,0.37192,0.25758,0.27881,0.30178,0.32664,0.35355,0.38271
0.092066,0.038136,0.24058,0.10786,0.35471,0.18766,0.20312,0.21986,0.23798,0.25758,0.27881,0.30178,0.32664,0.35355,0.38269
0.078207,0.18881,0.1906,0.11576,0.12529,0.26859,0.32001,0.21986,0.23798,0.25758,0.27881,0.30178,0.32664,0.35355,0.38282
0.021764,0.052543,0.023557,0.025498,0.16086,0.19851,0.37467,0.34638,0.23798,0.25758,0.27881,0.30178,0.32664,0.35355,0.38273
0.11781,0.28442,0.23403,0.16018,0.17338,0.18766,0.20312,0.21986,0.23798,0.25758,0.27881,0.30178,0.32664,0.35355,0.38268
0.11856,0.28623,0.12833,0.1389,0.15035,0.16276,0.31765,0.21986,0.23798,0.25758,0.27881,0.30178,0.32664,0.35355,0.38269
0.055691,0.12375,0.05621,0.15979,0.089901,0.43045,0.20312,0.21986,0.23798,0.25758,0.27881,0.30178,0.32664,0.35355,0.38269
0.0097165,0.023458,0.010517,0.011384,0.012322,0.077732,0.034851,0.037722,0.23798,0.62186,0.27881,0.30178,0.32664,0.35355,0.38268
0.010774,0.025627,0.067114,0.17538,0.078971,0.37242,0.17621,0.19073,0.3719,0.25758,0.27881,0.30178,0.32664,0.35355,0.38268
0.031618,0.076332,0.19947,0.089429,0.225,0.27294,0.31938,0.21986,0.23798,0.25758,0.27881,0.30178,0.32664,0.35355,0.38269
0.14304,0.05925,0.064131,0.19654,0.10699,0.40289,0.20313,0.21986,0.23797,0.25758,0.2788,0.30178,0.32664,0.35355,0.38269
0.026355,0.063624,0.16406,0.21675,0.11996,0.12638,0.31823,0.34613,0.23798,0.25758,0.27881,0.30178,0.32664,0.35355,0.38271
0.049126,0.020349,0.022025,0.02384,0.1504,0.06743,0.42539,0.19072,0.37192,0.25758,0.27881,0.30178,0.32664,0.35355,0.38337
0.053562,0.12931,0.057991,0.062949,0.067956,0.38597,0.17598,0.19048,0.20618,0.40347,0.27881,0.30178,0.32664,0.35355,0.38268
0.22217,0.099832,0.10089,0.24981,0.15044,0.16283,0.17625,0.19077,0.20649,0.40238,0.27881,0.30178,0.32664,0.35355,0.38269
0.084208,0.19936,0.08964,0.27579,0.14988,0.2951,0.20312,0.21986,0.23798,0.25758,0.27881,0.30178,0.32664,0.35355,0.38269
0.22561,0.09345,0.10116,0.24792,0.15011,0.16247,0.17586,0.19035,0.37322,0.25758,0.27881,0.30178,0.32664,0.35355,0.38268
0.040987,0.016977,0.1069,0.047941,0.054584,0.32848,0.29187,0.34397,0.23798,0.25758,0.27881,0.30178,0.32664,0.35355,0.3827
0.10202,0.04226,0.048274,0.051008,0.28326,0.12998,0.31171,0.34446,0.23798,0.25758,0.27881,0.30178,0.32664,0.35355,0.38269
0.11709,0.0485,0.055047,0.059338,0.062319,0.067425,0.072999,0.078996,0.49836,0.40259,0.27881,0.30178,0.32664,0.35355,0.38269
0.15464,0.068294,0.070024,0.07707,0.31424,0.31986,0.20312,0.21986,0.23798,0.25758,0.27881,0.30178,0.32664,0.35355,0.38269
0.015765,0.037301,0.097766,0.25547,0.27943,0.16284,0.17625,0.34343,0.23798,0.25758,0.27881,0.30178,0.32664,0.35355,0.38326
0.058998,0.14243,0.14676,0.088166,0.09543,0.10329,0.1118,0.49469,0.23798,0.25758,0.27881,0.30178,0.32664,0.35355,0.38269
0.040375,0.097445,0.045451,0.047574,0.30013,0.27227,0.3195,0.21986,0.23798,0.25758,0.27881,0.30178,0.32664,0.35355,0.38268
0.038821,0.093723,0.24491,0.24693,0.15261,0.16283,0.17625,0.19077,0.20649,0.40238,0.27881,0.30178,0.32664,0.35355,0.38268
0.099707,0.041301,0.25448,0.11463,0.25445,0.16322,0.17619,0.19071,0.37198,0.25758,0.27881,0.30178,0.32664,0.35355,0.38268
0.1186,0.049126,0.053174,0.33546,0.15041,0.16279,0.1762,0.19072,0.37192,0.25758,0.27881,0.30178,0.32664,0.35355,0.38279
0.040832,0.094549,0.24864,0.24378,0.15041,0.1628,0.17622,0.34357,0.23798,0.25758,0.27881,0.30178,0.32664,0.35355,0.38269
0.081368,0.19644,0.2579,0.13845,0.14986,0.29518,0.20312,0.21986,0.23798,0.25758,0.27881,0.30178,0.32664,0.35355,0.38268
0.042594,0.097576,0.044104,0.047734,0.30114,0.27334,0.1762,0.19072,0.37192,0.25758,0.27881,0.30178,0.32664,0.35355,0.38269
0.23782,0.098511,0.10663,0.11648,0.25145,0.16278,0.17619,0.1907,0.37177,0.25789,0.27881,0.30178,0.32664,0.35355,0.38269
0.20478,0.084823,0.091812,0.25127,0.29074,0.18764,0.20311,0.21993,0.23797,0.25764,0.27881,0.30178,0.32664,0.35355,0.38273
0.025095,0.060585,0.027163,0.029401,0.17629,0.37971,0.1763,0.34327,0.23798,0.25758,0.27881,0.30178,0.32664,0.35355,0.38269
0.13672,0.056632,0.061298,0.066349,0.071815,0.077732,0.49039,0.21986,0.23798,0.25758,0.27881,0.30178,0.32664,0.35355,0.38268
0.052147,0.0216,0.02338,0.025308,0.15965,0.071577,0.077474,0.4542,0.37231,0.25731,0.27851,0.30146,0.3263,0.35569,0.38269
0.056849,0.13725,0.14078,0.21857,0.25065,0.29663,0.20312,0.21987,0.23798,0.25758,0.27881,0.30178,0.32664,0.35355,0.38271
0.048197,0.11636,0.052443,0.062269,0.062203,0.067542,0.42452,0.19033,0.20601,0.40404,0.27881,0.30178,0.32664,0.35355,0.38269
0.0075565,0.018243,0.008179,0.050212,0.13175,0.21544,0.46225,0.2228,0.23799,0.25758,0.27881,0.30178,0.32664,0.35355,0.38269
0.056632,0.023458,0.02539,0.027483,0.029747,0.18766,0.084137,0.091069,0.098573,0.10669,0.11548,0.125,0.1353,0.14645,0.92388
0.0735,0.17385,0.078551,0.084682,0.23605,0.27425,0.17569,0.34542,0.23797,0.25758,0.27881,0.30178,0.32664,0.35355,0.38269
0.0016408,0.00077003,0.0043757,0.011434,0.029879,0.013396,0.014535,0.091507,0.041027,0.25737,0.6731,0.30178,0.32664,0.35355,0.38269
0.056632,0.023458,0.025391,0.027483,0.029747,0.032198,0.20312,0.091069,0.098573,0.10669,0.11549,0.125,0.1353,0.85355,0.38268
0.2848,0.11797,0.23348,0.16018,0.17338,0.18766,0.20312,0.21986,0.23798,0.25758,0.27881,0.30178,0.32664,0.35355,0.38269
0.14879,0.062114,0.066786,0.072385,0.26825,0.26832,0.31946,0.21985,0.23807,0.25758,0.27881,0.30178,0.32664,0.35355,0.38269
0.054352,0.13122,0.05883,0.32554,0.14912,0.16142,0.32171,0.21973,0.23846,0.2579,0.27881,0.30178,0.32664,0.35355,0.38286
0.049102,0.11802,0.30859,0.13835,0.14976,0.16209,0.31893,0.22124,0.23798,0.25758,0.27881,0.30178,0.32664,0.35355,0.3827
0.014151,0.0058613,0.018315,0.057641,0.025994,0.16317,0.42508,0.19067,0.37212,0.25758,0.27881,0.30178,0.32664,0.35355,0.38304
0.044778,0.018547,0.11701,0.16247,0.08533,0.092361,0.09997,0.11268,0.11784,0.59852,0.27881,0.30178,0.32664,0.35355,0.38322
0.098491,0.040796,0.044158,0.27857,0.25107,0.29382,0.20304,0.21977,0.2382,0.25789,0.27881,0.30178,0.32664,0.35355,0.38269
0.084328,0.20127,0.090823,0.097908,0.27292,0.31708,0.20313,0.21986,0.23798,0.25758,0.27881,0.30178,0.32664,0.35355,0.38269
0.049139,0.020354,0.12841,0.33554,0.15044,0.16283,0.17625,0.19077,0.20649,0.40238,0.27881,0.30178,0.32664,0.35355,0.38268
0.08212,0.18075,0.19387,0.11495,0.2535,0.1628,0.17621,0.34357,0.23798,0.25758,0.27881,0.30178,0.32664,0.35355,0.38269
0.11901,0.049295,0.27204,0.28953,0.173,0.18725,0.20267,0.21937,0.24103,0.25758,0.27881,0.30178,0.32664,0.35355,0.38287
0.22039,0.09129,0.23336,0.13825,0.14962,0.16195,0.18184,0.19079,0.37169,0.25758,0.27881,0.30178,0.32664,0.35355,0.38268
0.13617,0.066566,0.14811,0.08778,0.095013,0.1029,0.11558,0.12118,0.53519,0.25758,0.27881,0.30178,0.32664,0.35355,0.38269
0.045619,0.018896,0.021872,0.13024,0.062599,0.37243,0.34522,0.21999,0.23798,0.25758,0.27881,0.30178,0.32664,0.35355,0.38271
0.04913,0.02035,0.022027,0.13896,0.062301,0.39304,0.17621,0.34357,0.23798,0.25758,0.27881,0.30178,0.32664,0.35355,0.38269
0.073245,0.16724,0.1701,0.24839,0.28493,0.18761,0.20344,0.21986,0.23798,0.25758,0.27881,0.30178,0.32664,0.35355,0.38277
0.091672,0.037972,0.041428,0.04507,0.048293,0.19919,0.097671,0.10572,0.11443,0.60303,0.27881,0.30178,0.32664,0.35355,0.38269
0.074256,0.030758,0.19082,0.21653,0.25359,0.16259,0.17598,0.34439,0.23798,0.25758,0.27881,0.30178,0.32664,0.35355,0.38269
0.01245,0.030058,0.072746,0.19239,0.086256,0.26717,0.29857,0.3446,0.23798,0.25758,0.27881,0.30178,0.32664,0.35355,0.38269
0.04263,0.10292,0.046143,0.049944,0.054059,0.23364,0.12286,0.49035,0.23798,0.25758,0.27881,0.30178,0.32664,0.35355,0.38332
0.13182,0.054601,0.17306,0.28375,0.14982,0.29531,0.20312,0.21986,0.23798,0.25758,0.27881,0.30178,0.32664,0.35355,0.38278
0.048691,0.11475,0.14582,0.079462,0.086009,0.35649,0.17456,0.18894,0.37807,0.25758,0.27881,0.30178,0.32664,0.35355,0.38269
0.28598,0.11848,0.12822,0.13878,0.15022,0.29392,0.20312,0.21986,0.23798,0.25758,0.27881,0.30178,0.32664,0.35355,0.38268
0.0039011,0.0094181,0.0042574,0.020347,0.0096443,0.06055,0.15516,0.27543,0.53148,0.25758,0.2788,0.30178,0.32664,0.35356,0.38284
0.22464,0.093047,0.10071,0.10901,0.26896,0.16228,0.31924,0.21986,0.23798,0.25758,0.27881,0.30178,0.32664,0.35355,0.38269
0.0092263,0.0038216,0.023272,0.056852,0.15025,0.39263,0.17603,0.19054,0.37257,0.25758,0.27881,0.30178,0.32664,0.35355,0.38269
0.28629,0.11858,0.12847,0.13895,0.1504,0.16279,0.1762,0.19072,0.37193,0.25758,0.27881,0.30178,0.32664,0.35355,0.38272
0.20191,0.19642,0.18847,0.15234,0.15392,0.2771,0.20231,0.21898,0.24346,0.25758,0.27881,0.30178,0.32664,0.35355,0.38271
0.11851,0.049089,0.053133,0.057511,0.06225,0.067379,0.072936,0.4601,0.20628,0.40311,0.27881,0.30178,0.32664,0.35355,0.38268
0.097227,0.040273,0.043591,0.047183,0.29766,0.13999,0.29767,0.19072,0.37192,0.25758,0.27881,0.30178,0.32664,0.35355,0.38268
0.04911,0.11856,0.053157,0.057536,0.062277,0.39288,0.31765,0.21986,0.23798,0.25758,0.27881,0.30178,0.32664,0.35355,0.38269
0.0040242,0.0016681,0.010517,0.027482,0.071814,0.032197,0.034854,0.21986,0.098573,0.10669,0.6731,0.30178,0.32664,0.35355,0.38269
0.07041,0.029165,0.15279,0.070808,0.076567,0.082873,0.40629,0.1907,0.37199,0.25758,0.27881,0.30178,0.32664,0.35355,0.38349
0.056632,0.13672,0.0613,0.06635,0.071815,0.077732,0.084137,0.091069,0.098573,0.10669,0.11549,0.125,0.1353,0.14645,0.92389
0.072873,0.030185,0.032672,0.20213,0.24124,0.27294,0.17615,0.34382,0.23797,0.25758,0.27881,0.30178,0.32664,0.35355,0.38269
0.068707,0.16438,0.073797,0.08161,0.33141,0.16444,0.17609,0.1906,0.37236,0.25758,0.27881,0.30178,0.32664,0.35355,0.384
0.020093,0.048509,0.12676,0.33124,0.27668,0.18808,0.20314,0.21986,0.23798,0.25758,0.27881,0.30178,0.32664,0.35355,0.38269
0.04647,0.019248,0.020911,0.022956,0.14127,0.22378,0.11232,0.12157,0.53459,0.25758,0.2788,0.30178,0.32664,0.35355,0.38268
0.049117,0.020412,0.022032,0.023847,0.15044,0.067449,0.42551,0.19078,0.20649,0.40236,0.27881,0.30178,0.32664,0.35355,0.38269
0.23439,0.097365,0.10513,0.11379,0.12317,0.2781,0.17619,0.19071,0.37197,0.25758,0.27881,0.30178,0.32664,0.35355,0.38269
0.139,0.058027,0.062392,0.067533,0.077113,0.21328,0.4462,0.21984,0.23813,0.25758,0.27881,0.30178,0.32664,0.35355,0.38337
0.014157,0.0060076,0.0063703,0.0068951,0.0074632,0.029499,0.014648,0.090837,0.04083,0.044194,0.2788,0.125,0.1353,0.14645,0.92388
0.095203,0.040474,0.04285,0.20303,0.096038,0.25093,0.292,0.19169,0.37249,0.25758,0.27881,0.30178,0.32664,0.35355,0.3828
0.17546,0.072677,0.078665,0.086104,0.23663,0.27206,0.17558,0.34579,0.23797,0.25758,0.27881,0.30178,0.32664,0.35355,0.38269
0.064417,0.026683,0.028881,0.03126,0.033836,0.036624,0.039645,0.25009,0.46614,0.40311,0.27881,0.30178,0.32664,0.35355,0.38268
0.28637,0.11862,0.12839,0.13897,0.15042,0.16282,0.17623,0.34352,0.23798,0.25758,0.27881,0.30178,0.32664,0.35355,0.38269
0.098651,0.041603,0.25848,0.11589,0.12543,0.27062,0.17606,0.3441,0.23798,0.25758,0.27881,0.30178,0.32664,0.35355,0.38268
0.12909,0.053471,0.3049,0.13909,0.1504,0.16279,0.1762,0.19072,0.37193,0.25758,0.27881,0.30178,0.32664,0.35355,0.38269
0.040196,0.016655,0.10504,0.27442,0.12304,0.27852,0.1762,0.34363,0.23798,0.25758,0.27881,0.30178,0.32664,0.35355,0.38269
0.043184,0.018006,0.019809,0.11961,0.29888,0.27056,0.31911,0.22097,0.23798,0.25758,0.27881,0.30178,0.32664,0.35355,0.38269
0.09904,0.23902,0.10717,0.116,0.12579,0.13594,0.29227,0.19054,0.37256,0.25758,0.27881,0.30178,0.32664,0.35355,0.38269
0.052074,0.12099,0.24103,0.11875,0.25445,0.16322,0.17619,0.19071,0.37198,0.25758,0.27881,0.30178,0.32664,0.35355,0.38268
0.011545,0.0048376,0.0052282,0.032751,0.014769,0.092712,0.24152,0.42407,0.37212,0.25758,0.27881,0.30178,0.32664,0.35355,0.38296
0.060181,0.14515,0.18314,0.099962,0.37019,0.18766,0.20312,0.21986,0.23798,0.25758,0.27881,0.30178,0.32664,0.35355,0.38268
0.067814,0.028089,0.031148,0.1925,0.08652,0.093451,0.39035,0.19072,0.37192,0.25758,0.27881,0.30178,0.32664,0.35355,0.38299
0.040367,0.097455,0.043693,0.27564,0.12358,0.13376,0.29857,0.3446,0.23798,0.25758,0.27881,0.30178,0.32664,0.35355,0.38268
0.073539,0.030502,0.19007,0.085357,0.23447,0.27417,0.17569,0.34542,0.23797,0.25758,0.27881,0.30178,0.32664,0.35355,0.38269
0.029318,0.07078,0.16069,0.073737,0.079812,0.23196,0.42945,0.21986,0.23799,0.25758,0.27881,0.30178,0.32664,0.35355,0.38275
0.041371,0.017137,0.018549,0.10898,0.049403,0.053474,0.057879,0.24012,0.11755,0.59892,0.27881,0.30178,0.32664,0.35355,0.38299
0.0446,0.10755,0.048229,0.052203,0.056504,0.19573,0.10156,0.10992,0.55152,0.25763,0.27881,0.30178,0.32664,0.35355,0.3832
0.03019,0.01264,0.070411,0.032614,0.037347,0.22241,0.099717,0.42466,0.37212,0.25758,0.27881,0.30178,0.32664,0.35355,0.38271
0.099947,0.042491,0.044985,0.048692,0.052704,0.32902,0.29133,0.19076,0.37179,0.25758,0.27881,0.30178,0.32664,0.35355,0.38291
0.077519,0.18715,0.08393,0.28807,0.14996,0.16231,0.17569,0.34542,0.23798,0.25758,0.27881,0.30178,0.32664,0.35355,0.38269
0.095906,0.042861,0.044476,0.2754,0.13245,0.27079,0.31939,0.21986,0.23798,0.25758,0.27881,0.30178,0.32664,0.35355,0.38269
0.0073936,0.016807,0.044328,0.11583,0.30269,0.13572,0.29219,0.19033,0.3733,0.25758,0.27881,0.30178,0.32664,0.35355,0.3827
0.0097298,0.023468,0.05143,0.13849,0.36188,0.16226,0.31935,0.21986,0.23798,0.25758,0.27881,0.30178,0.32664,0.35355,0.38277
0.066866,0.027697,0.16192,0.15955,0.22847,0.24818,0.19005,0.18842,0.37994,0.25764,0.27881,0.30178,0.32664,0.35355,0.38301
0.019955,0.0082658,0.016992,0.011384,0.012322,0.077732,0.034851,0.037722,0.04083,0.044194,0.047835,0.30178,0.1353,0.14645,0.92388
0.094987,0.050286,0.25947,0.11633,0.12592,0.2695,0.17617,0.19069,0.2064,0.40269,0.27881,0.30178,0.32664,0.35355,0.38269
0.023601,0.010128,0.061177,0.16018,0.071815,0.077732,0.084137,0.091069,0.098573,0.10669,0.11548,0.125,0.1353,0.14645,0.92388
0.12135,0.052223,0.054856,0.16527,0.32172,0.16111,0.32327,0.21986,0.23797,0.25758,0.27881,0.30178,0.32664,0.35355,0.38271
0.086177,0.035696,0.22519,0.24792,0.29045,0.18772,0.20312,0.21986,0.23798,0.25758,0.27881,0.30178,0.32664,0.35355,0.38269
0.056632,0.023458,0.025391,0.16018,0.071815,0.077732,0.084137,0.091069,0.098573,0.10669,0.11548,0.125,0.78858,0.35355,0.38268
0.15765,0.065301,0.072584,0.23452,0.12384,0.13405,0.29751,0.19036,0.37318,0.25758,0.27881,0.30178,0.32664,0.35355,0.38276
0.098723,0.040893,0.25798,0.11566,0.12519,0.26964,0.31938,0.21987,0.23798,0.25758,0.2788,0.30178,0.32664,0.35355,0.38269
0.056624,0.023477,0.025391,0.027483,0.029747,0.18766,0.084137,0.09107,0.57452,0.25758,0.27881,0.30178,0.32664,0.35355,0.38268
