1.2327,3.0681,5.7101,15.183,14.559,39.888,69.999,235.56,493.57,886.98
1.8778,2.2109,4.3833,14.701,10.884,62.518,117.76,250.22,355.9,834.79
2.028,1.8213,7.8518,15.501,9.3952,61.162,78.09,246.73,487.79,889.29
1.9659,1.4208,7.1271,15.207,25.201,41.402,72.814,237.07,484.4,603.16
1.8416,3.9423,8.0637,5.1713,10.152,59.381,111.74,251.31,494.02,867.58
1.9746,1.826,6.9079,6.3154,23.08,36.361,123.09,244.74,483.32,852.79
1.7605,1.6149,7.1501,15.587,26.664,35.754,73.945,150.96,497.4,849.94
1.7689,2.4561,8.0539,8.7505,25.792,44.164,80.465,250.87,336.49,543.6
2.025,2.0637,7.8746,15.558,14.082,61.692,87.128,196.2,491.21,502.09
1.3148,2.8538,3.7705,13.95,23.378,34.346,123.03,232.09,496.64,595.31
1.0502,2.7041,7.5627,14.511,24.678,41.628,79.645,243,362.83,556.63
1.7552,1.1063,6.7898,15.406,24.12,39.476,112.25,153.23,496.83,839.83
2.015,1.7239,3.3804,13.34,23.296,36.778,112.03,245.04,484.65,882.94
1.8445,3.7654,3.1856,13.559,23.872,38.299,122,161.67,286.86,864.43
1.1572,2.8792,7.8871,14.228,15.952,39.337,118.59,241.7,370.53,541.79
0.93557,2.5815,7.4483,13.422,23.492,60.796,124.33,170.13,512.61,416.9
1.8467,1.6221,2.8389,14.31,19.425,58.935,118.04,256.18,496.31,855.55
1.0883,2.8351,6.908,6.3155,23.081,36.362,123.09,244.75,483.34,852.81
1.9788,1.6948,7.9609,12.961,12.14,58.265,114.67,259.66,299.64,877.08
2.0087,3.8636,7.9841,9.476,15.393,61.454,86.096,168.98,330.3,574.25
1.8574,2.1947,4.4794,13.495,22.861,38.731,119.61,160.07,322.43,844.64
1.9548,2.068,7.2368,6.9914,23.966,39.446,112.24,154.04,496.8,839.98
2.0112,2.7675,7.7803,8.7567,14.176,64.445,73.944,257.84,297.76,900.49
1.9943,4.0171,7.4224,5.1087,24.638,36.988,77.839,252.07,341.57,891.9
1.3912,3.1549,5.2809,15.773,13.235,37.039,114.71,151.04,506.12,948.93
1.2433,3.156,4.9771,6.2008,22.658,64.484,124.7,236.03,493.34,590.79
2.0237,4.0164,7.581,6.3673,11.637,37.823,117.58,257.69,498.77,849.03
1.9913,3.6554,3.8475,15.213,14.213,39.143,72.067,234.98,486.16,855.83
1.9711,1.4282,7.0831,12.344,24.683,60.833,80.132,225.72,259.06,858.54
2.0181,3.9326,3.5479,6.3304,23.256,58.402,74.992,232.24,473.22,864.4
1.8444,3.9259,2.7391,13.454,23.017,38.955,77.866,251.98,339.98,891.48
1.9429,1.5853,7.1954,13.709,21.498,60.482,80.246,235.94,328.27,569.48
1.1146,2.9905,7.91,7.1904,18.98,59.337,119.23,142.28,493.48,852.9
1.8644,3.9379,4.4349,15.206,19.759,42.589,80.312,162.95,512.33,546.63
2.0231,4.048,7.6945,8.9413,14.013,38.5,120.71,247.19,474.01,474.47
1.9749,4.0245,7.7724,7.2716,14.49,40.825,73.943,240.65,428.42,859.57
1.0187,2.6596,3.6694,15.373,21.597,58.565,115.68,146.66,441.62,952.39
1.847,0.58816,7.3295,14.813,28.156,59.239,115.83,259.03,483.4,570.62
1.0542,2.5057,8.0668,15.189,25.876,43.813,72.807,224.69,259.75,855.71
0.79937,2.7299,8.0262,14.335,24.589,40.373,78.571,161.42,483.43,853.45
1.4141,3.1827,5.0762,14.347,9.7368,36.81,118.59,243.05,450.97,882.94
1.808,1.701,7.046,6.631,23.198,60.256,74.884,257.83,502.41,839.85
1.9805,1.2781,7.0277,14.686,26.076,41.341,117.07,162.08,481.33,576.28
2.0182,1.441,7.7708,15.306,24.903,41.862,85.243,247.93,244.62,920.74
1.3371,2.8396,8.0648,15.458,17.428,43.82,72.789,224.64,259.69,855.5
0.95801,2.9029,7.4295,14.547,11.154,64.271,116.48,159.23,492.82,845.81
1.9647,3.9629,7.808,8.7269,13.471,60.671,121.57,162.32,473.68,481.25
2.0133,3.9027,3.572,6.2633,23.097,36.067,125.26,232.64,484.03,867.25
0.6912,2.3232,6.4152,14.563,23.271,34.191,123.33,244.18,483.45,853.02
1.9736,1.4119,7.9432,12.581,9.9515,57.514,120.85,259.68,519.44,877.16
1.983,0.96299,6.7743,15.342,23.782,31.227,114.21,259.14,499.63,843.06
0.99443,2.7218,7.4206,15.207,22.522,60.722,84.715,172.11,235.77,916.67
1.932,3.938,5.4511,10.409,15.091,39.245,105.14,182.6,480.39,563.42
1.9918,4.0007,7.2945,1.727,21.255,57.955,114.31,254.08,438.51,844.76
1.9369,3.9539,8.0894,5.0395,24.729,40.652,79.103,162.49,466.34,857.51
0.88113,2.7711,7.4901,12.579,9.9488,57.539,120.84,259.64,519.37,877.04
1.7363,0.88933,6.6227,14.753,20.362,63.813,120.76,154.22,512.25,841.1
1.8464,3.8938,3.9662,15.058,18.136,39.645,73.936,150.49,510.83,908.1
1.1119,2.8395,7.687,7.0102,24.137,63.874,121.62,219.59,255.45,878.42
1.7917,3.6963,2.44,13.165,24.255,64.614,117.34,227.7,307.56,576.22
1.3695,2.9457,4.1048,14.237,24.051,36.736,125.71,162.41,496.58,599.89
1.7389,0.8678,7.3405,10.386,20.526,58.859,114.91,232.7,396.91,900.25
1.8868,1.2587,7.742,14.101,24.472,64.474,62.094,158.95,482.55,859.83
1.2674,2.9511,7.2744,8.2166,24.885,63.445,122.48,168.19,305.89,571.15
1.0789,2.7746,7.9805,14.057,25.008,42.534,123.16,244.14,392.51,345.59
0.98919,2.4001,8.0598,14.934,21.304,60.452,76.937,172.94,493.5,594.25
1.9325,3.9402,8.0724,6.3442,12.175,59.281,72.525,240.98,493.34,852.73
2.0032,4.0145,7.7632,8.2676,10.868,37.397,122.37,171.25,484.93,857.44
1.3142,3.6565,4.0598,15.452,12.512,58.362,120.77,154.23,428.24,859.21
1.9988,3.7099,3.2216,14.922,11.585,37.63,117.03,256.47,496.43,845.04
1.4469,3.285,3.7905,5.5004,22.768,60.871,123.25,245.41,430.84,861.52
1.938,2.4537,5.4232,15.703,15.435,59.198,80.829,159.37,332.36,844.62
1.9476,3.9386,4.8186,9.2829,13.802,64.233,119.06,158.36,310.9,895.92
1.9086,3.9673,7.3898,7.2464,14.103,61.011,78.041,240.04,433.2,591.96
1.9347,2.0261,4.108,12.104,25.131,40.065,111.42,145,483.46,868.1
1.9908,3.5804,2.2741,13.908,22.487,58.487,112.67,174.26,284.42,850.6
1.4561,3.173,7.9004,14.818,15.412,61.888,89.145,250.46,258.71,515.55
1.8999,3.8689,3.004,14.701,23.916,39.46,75.227,149.74,506.9,850.94
0.73737,2.2122,7.0355,15.167,22.589,59.815,70.697,201.55,491.52,861.38
1.0525,2.7351,7.3823,15.809,13.23,59.01,116.4,158.13,329.03,901.8
1.9132,3.8811,4.2549,13.22,15.003,42.8,119.21,159.36,312.19,844.82
1.7632,1.0561,7.5909,14.039,20.081,58.542,68.435,235.33,507.32,853.48
1.8474,1.9977,3.6493,15.455,24.078,40.129,73.394,254.66,451.71,854.04
2.0149,2.5282,5.0169,14.31,9.9751,36.783,111.79,245.03,484.63,882.9
2.0168,3.8769,3.0334,14.932,24.702,40.39,71.949,236.06,474.42,573.4
1.1315,2.7518,7.3307,14.564,14.469,63.116,70.921,239.54,316.45,855.63
2.0049,3.8228,7.6027,4.9997,14.02,59.844,121.77,159.1,515.17,845.77
0.94898,2.8342,3.8013,12.955,21.702,64.916,125.67,237.61,496.65,594.75
1.9794,2.8208,5.0361,15.352,14.86,35.767,118.87,238.37,368.79,587.32
1.4824,3.2789,5.4055,14.546,7.9217,37.836,118.85,242.98,450.68,917.52
1.1537,2.8454,4.2639,15.476,22.784,58.793,117.43,161.23,453.07,516.41
1.9666,2.1559,7.8301,15.647,16.666,40.566,97.942,260.15,335.48,564.61
1.8867,2.3048,4.5734,14.784,11.976,62.668,72.724,249.68,484.07,851.77
1.3518,3.0797,7.3994,9.0769,25.791,44.492,122.66,169.24,307.76,574.64
1.8202,1.8026,7.7599,12.098,12.455,59.308,116.1,240.48,407.4,594.89
1.8197,2.0734,7.1615,13.136,24.594,38.996,80.554,161.77,494.5,547.57
1.7621,1.404,7.2766,13.433,22.08,59.264,113.54,163.25,486.91,519.04
2.0094,2.3166,7.9201,14.542,17.448,36.333,115.39,145.96,310.19,834.91
2.0007,4.0113,5.378,7.2573,23.861,60.888,123.83,173.62,510.85,373.73
1.9657,3.3972,2.2014,14.828,25.991,38.903,123.13,237.49,485.69,545.13
1.1369,2.9498,5.4217,14.972,12.748,60.438,70.014,235.64,495.48,887.3
1.9218,1.5665,3.5071,15.647,23.144,61.346,73.837,245.05,483.53,862.67
1.9786,2.6332,4.6893,14.049,13.929,59.829,76.582,150.64,480.65,885.71
1.0734,2.9332,8.0266,6.8125,18.372,58.803,119.21,234.53,492.52,606.51
1.3654,3.0354,7.8764,15.768,12.471,61.427,77.087,172.48,492.33,593.23
1.9334,1.6868,7.5411,16.118,26.981,37.843,77.644,162.41,317.71,899.75
0.94252,2.442,3.3256,12.582,22.315,53.539,113.93,238.66,441.46,955.31
1.9179,1.2312,7.4416,16.12,25.963,61.156,78.124,163.32,307.79,899.89
1.9757,2.7084,4.4639,13.955,13.923,58.571,79.467,233.68,309,859.14
1.9111,3.8858,2.4329,15.17,24.276,57.637,122.01,172.24,430.19,469.71
1.9284,1.779,7.1141,6.442,21.851,63.28,120.04,255.61,501.28,568.32
1.4011,3.1779,5.3474,15.655,13.781,58.765,117.38,161.15,452.86,516.17
1.8001,3.9064,2.2758,14.629,24.143,35.208,115.27,158.29,447.7,891.63
1.4277,3.1924,5.0579,8.9415,24.83,41.86,121.21,241.81,232.46,856.96
1.8716,3.7261,3.3545,15.103,12.104,36.93,111.33,234.48,486.3,855.98
1.5038,3.7303,4.4977,7.1163,22.788,60.921,76.699,250.58,314.74,896.97
1.0203,2.8209,7.9611,12.96,12.13,58.263,114.67,259.67,300.16,877.11
1.9564,2.1318,7.2679,7.9289,24.505,63.908,121.4,223.45,280.88,571.45
1.3266,2.8832,7.4678,7.9981,18.93,38.338,73.954,242.03,491.85,884.38
1.9231,2.0244,7.8862,8.881,25.734,60.651,83.075,157.29,513.75,542.26
1.3068,3.1182,7.9206,15.321,11.787,38.483,68.78,241.83,483.87,853.26
1.995,3.2002,6.0559,10.199,16.176,39.508,76.665,150.8,483.26,886.83
1.2042,2.8407,4.3355,15.637,24.887,41.484,78.738,247.47,317.5,858.58
0.71089,2.3059,7.4954,13.445,23.98,63.853,121.46,218.83,269.73,878.43
1.8423,3.7872,2.8794,13.362,10.152,64.079,113.65,238.99,426.95,858.47
1.8889,2.3341,4.5152,14.784,11.976,62.668,72.724,249.68,484.07,851.77
1.9537,3.5782,3.3715,14.577,14.091,35.117,111.6,207.88,415.15,860.23
0.71065,2.1742,6.7798,15.146,22.324,59.665,76.962,201.59,491.52,856.45
1.3489,2.3203,7.3984,7.2912,28.823,37.343,124.93,257.44,482.26,575.64
1.23,2.8181,7.2097,6.973,24.176,61.99,79.559,153.5,495.88,858.94
1.9981,3.6967,1.9532,11.958,24.428,49.692,111.78,144.1,480.47,862.63
1.9614,1.884,7.3348,15.321,13.761,60.363,76.729,234.92,309.26,863.61
1.6353,3.4911,5.8813,15.069,16.507,40.534,74.583,162.1,495.61,598.72
2.0048,3.704,7.5244,7.3668,14.129,59.768,77.185,151.91,493.2,853.19
0.6509,2.0896,6.9685,15.095,21.941,59.52,126.85,157.93,491.61,861.94
1.1377,2.6807,7.2944,6.2827,23.444,61.766,75.737,219.03,494.68,858.45
0.59141,3.2859,7.4565,14.617,24.374,35.01,113.95,157.51,498.19,891.88
1.85,2.4468,4.9485,14.909,14.26,36.249,118.73,249.82,303.34,942.09
2.0109,3.8649,7.7693,2.9576,21.598,62.923,73.843,245.07,483.58,862.75
1.8831,1.9453,3.5343,14.658,24.057,60.301,120.75,220.53,253.17,860.83
1.1476,3.0346,4.1307,12.088,24.187,39.865,110.86,144.28,481.02,863.13
1.9783,2.4625,7.8827,15.755,19.212,44.504,82.686,173.97,335.06,571.06
2.0069,1.54,7.5153,13.812,26.963,34.51,122.27,167.91,301.99,836.88
1.9676,2.1782,4.8368,13.8,11.696,64.445,126.48,151.01,491.22,857.33
2.2051,4.4441,6.7231,4.5107,24.372,37.637,140.76,281.28,560.42,1057.3
1.8717,3.9459,7.1134,7.3618,26.051,42.108,86.846,168.58,355.32,561.15
1.3945,3.0547,7.4206,9.3067,24.588,59.964,88.189,169.26,307.83,573.23
1.1238,2.7331,7.236,14.051,12.605,60.582,88.203,237.62,492.62,579.41
0.86656,3.3636,7.8653,15.567,13.019,33.435,111.76,251.36,494.12,867.84
1.9865,1.7246,3.3782,13.407,23.393,62.751,114.35,152.65,487.77,849.17
2.0206,3.996,7.5275,6.1537,15.924,60.207,122.59,169.45,292.91,845.79
1.2754,3.4419,4.7611,14.129,14.089,36.548,118.04,237.26,355.03,867.6
1.3705,3.0566,5.2133,6.3516,21.629,57.85,114.85,155.42,396.48,952.79
1.0547,3.5391,5.5283,15.019,13.533,60.544,62.177,235.6,495.39,887.13
1.4207,3.3571,5.6858,8.4794,23.478,39.773,77.259,236.18,493.27,590.86
1.893,1.9989,4.653,15.604,24.922,59.983,82.964,144.79,323.45,844.63
1.2783,3.015,4.5316,14.978,24.107,39.833,74.739,150.68,510.08,856.38
1.7767,1.4056,7.2382,13.371,22.009,58.932,79.166,230.33,479.94,515.87
1.977,3.5766,2.1081,13.048,19.157,58.049,121.45,235.12,485.16,554.88
1.1906,3.0935,4.3193,14.585,25.859,42.517,77.718,145.08,483.71,867.96
1.9728,2.2785,4.6907,14.795,12.266,62.655,73.091,249.91,427.01,851.32
1.8241,3.7306,1.0913,11.384,21.172,59.895,128.06,243.98,489.79,884.18
1.8863,2.3033,4.5704,14.781,11.961,63.354,72.693,252.24,484.31,851.6
1.9476,1.8917,7.9079,6.8726,25.296,59.614,78.958,154.96,504.59,902.83
1.9536,2.7243,4.8992,7.4013,24.506,59.931,76.063,152.09,425.8,885.9
0.52527,2.251,6.7165,15.981,19.583,58.89,115.23,228.71,494.33,840.36
1.9664,2.713,7.4041,9.2421,26.23,45.444,85.012,152.88,257.2,844.49
1.0181,2.3538,8.0626,14.215,24.015,36.686,125.51,162.28,495.82,598.14
2.0009,4.0098,7.456,3.986,22.544,38.929,115.26,169.91,438.29,844.35
1.1243,3.0081,4.179,12.057,24.299,39.728,115.47,144.3,481.08,863.24
2.002,3.9423,7.0497,6.2966,23.946,38.747,122.07,233.92,310.52,549.56
1.3862,3.7406,5.9109,15.734,16.878,35.45,122.78,160.27,452.32,530.93
1.9398,1.3957,7.622,15.308,26.621,40.264,96.141,163.78,305.66,960.09
1.9696,3.9674,6.5259,7.461,10.812,37.789,111.11,258.33,452.75,909.35
1.9729,2.2974,4.5783,13.921,11.717,64.524,125.11,151.19,491.82,858.38
2.0084,3.8099,2.203,12.988,24.947,64.028,75.648,226.81,504.05,575.92
1.8968,3.8626,3.9993,14.364,10.211,60.372,66.746,243.51,488.83,882.44
1.095,3.0093,7.739,7.9682,24.321,59.032,117.92,259.13,292.12,578.96
2.0076,3.9217,1.1654,14.461,23.261,37.948,125.02,256.63,471.15,993.86
1.9928,3.7679,4.7839,8.7199,12.33,36.574,113,257.9,476.65,852.65
1.3342,3.2488,4.8952,6.5199,26.834,47.825,109.07,143.92,480.51,884.05
1.0492,3.5962,5.522,14.947,13.639,60.246,60.191,234.27,492.61,882.16
1.9898,3.1518,6.0101,10.201,14.917,41.071,80.012,254.88,492.59,586.67
1.9701,2.4058,7.389,15.744,15.462,59.423,86.127,168.97,330.28,574.21
1.0982,2.6256,7.4582,15.501,17.05,61.402,122.3,181.53,488.25,425.82
1.7662,1.2368,7.6489,14.757,24.372,35.786,68.448,257.41,502.11,893.6
1.1582,2.9262,7.527,15.567,18.721,60.852,83.35,182.04,491.16,425.58
1.0643,3.0576,4.0817,14.969,24.303,64.203,116.72,226.15,291.14,577.06
1.9974,3.0618,4.8199,7.5436,23.435,34.956,72.169,250.02,496.2,897.02
1.1193,3.0298,8.0641,7.2303,23.663,36.488,102.54,174.38,482.69,869.6
2.0075,3.9135,7.787,4.1963,23.037,38.327,116.02,232.1,496.64,595.29
1.0087,3.1554,4.1131,14.087,22.269,58.689,74.203,238.88,343.21,860.32
1.9275,1.5069,7.5027,16.121,26.578,61.938,83.163,172.71,333.05,561.1
1.1788,3.1174,7.9474,7.9399,20.094,59.777,119.47,162.67,495.87,552.17
1.9992,3.6837,4.5318,8.8266,25.342,62.186,122.33,173.66,318.66,472.37
1.5161,3.3088,6.5456,15.06,16.308,40.362,74.033,167.13,494.29,598.72
1.8197,3.7821,7.9926,6.9659,13.615,59.558,116.75,178.95,407.01,594.32
1.8133,1.0912,6.7912,15.407,24.129,39.503,112.27,152.71,496.84,839.84
1.3881,3.1699,4.3928,15.57,13.044,33.478,112.74,240.51,494.2,868.14
1.9892,3.653,3.3922,13.634,12.365,37.737,113.67,238.17,423.53,858.46
1.9899,2.2931,7.3328,8.705,12.289,63.271,120.07,255.64,501.36,564.72
1.9678,2.2068,4.847,13.802,11.9,64.427,73.065,251.96,491.08,857.09
1.0454,2.9173,3.6677,11.612,23.238,36.964,108.72,250.1,481.02,863.13
1.2052,2.9099,4.0171,13.807,23.038,37.624,70.652,238.06,515.1,856.98
0.49262,1.9913,7.388,16.104,22.589,63.697,120.22,212.87,498.78,878.37
1.9975,3.462,2.1597,12.909,25.594,63.954,79.596,147.94,515.27,834.8
0.88977,2.3079,7.2062,13.156,22.55,59.768,121.97,161.63,286.79,864.23
1.3115,2.9489,7.5071,8.0261,19.008,38.497,74.884,242.31,494.47,889.16
1.1843,2.9372,4.4417,14.833,24.891,59.018,85.612,236.51,324.24,559.12
1.2364,2.8162,7.5188,8.9123,25.273,41.507,79.182,222.08,293.16,851.89
1.9279,1.8861,3.832,11.819,21.805,58.596,111.37,145,483.35,866.02
2.0165,3.7865,5.3094,10.053,14.572,59.267,82.574,166.79,321.6,881.65
1.7647,1.1568,6.6685,13.267,19.988,60.087,68.301,234.18,492.79,839.7
2.018,3.945,5.3338,10.195,14.984,59.416,79.139,167.63,309.11,921.28
0.91185,3.4672,7.6632,15.073,14.098,50.771,62.074,235.83,492.12,911.36
1.0452,2.4143,7.2256,12.375,18.928,38.334,76.11,242.14,464.74,863.46
1.9791,2.2575,7.3409,8.7546,22.528,62.404,124.04,169.2,307.69,574.51
1.9776,2.838,5.0815,15.364,16.183,37.16,113.89,141.73,355.57,830.68
1.0024,2.2471,8.0648,15.126,10.093,59.311,114.87,219.45,481.05,854.96
1.1972,3.6162,4.6766,14.998,13.533,60.538,64.454,235.72,473.63,887.59
0.97666,2.3826,7.5954,15.108,14.443,59.093,121.73,222.27,290.96,842.04
1.8359,1.8516,7.3897,15.823,14.035,39.278,116.29,154.47,448.22,846.1
1.898,3.9859,1.7464,14.599,23.613,49.267,113.21,229.44,303.5,840.55
1.0805,2.9508,7.9026,6.8536,18.478,59.635,118.85,158.57,493.39,865.32
1.9759,1.4391,7.9563,12.636,9.76,56.781,123.09,259.92,519.92,877.97
1.1561,2.8562,7.4471,16.043,15.098,59.52,117.58,172.51,428.84,470.82
1.2387,3.0354,7.5742,15.617,16.52,61.361,122.88,243.27,287.87,425.51
2.013,4.0118,7.6841,8.5916,13.751,41.415,117.03,178,445.49,567.97
1.8,3.9064,2.2759,14.629,24.143,35.207,115.27,158.29,447.7,891.63
2.005,3.8221,4.3773,14.776,16.404,64.466,67.956,176.89,480.36,554.75
0.82157,2.1335,7.3864,14.728,22.46,59.963,112.65,173.62,458.94,591.11
1.8474,3.807,1.9728,15.593,22.468,38.729,115.22,174.89,438.26,844.3
1.8353,2.2272,4.6923,15.618,23.478,59.478,82.354,165.62,452.01,498.15
1.8342,2.2071,7.373,15.715,16.516,35.778,76.828,157.37,497.39,851.68
1.7134,0.57238,7.2743,14.784,20.447,58.843,114.87,232.62,406.41,900.39
1.617,3.4554,6.2693,10.552,14.793,63.423,122.39,171.68,305.83,571.04
1.0801,2.6037,7.8377,15.698,14.672,61.496,73.441,165.73,491.53,870.25
1.9759,3.3708,6.688,6.9222,11.959,62.677,72.955,249.72,484.03,851.91
1.7571,1.5815,7.1379,15.581,26.588,35.358,73.187,158.36,496.91,848.16
1.11,2.4349,6.9355,13.56,23.869,38.277,122.03,161.59,286.65,872.82
1.9431,3.929,2.6697,16.007,26.203,39.791,76.946,156.2,415.03,901.6
1.9774,1.016,6.93,14.551,25.407,40.18,109.54,152.89,478.05,845.96
1.923,3.8928,5.1258,9.5066,26.168,63.737,93.635,193.56,153.89,850.58
1.9169,1.5123,3.8285,15.552,24.006,60.409,127.73,239.26,421.52,563.01
0.47049,3.1251,7.706,16.079,21.426,60.719,73.294,232.15,425.1,897.01
1.869,2.0565,5.0957,14.796,11.817,62.602,126.04,149.12,484.21,852.01
1.4709,3.3075,5.4262,8.373,24.952,39.775,118.06,158.97,480.79,570.6
1.0186,3.4536,7.9756,13.981,15.033,31.526,112.81,171.37,494.09,867.74
0.77729,2.2287,6.9285,13.182,23.568,60.25,89.309,237.54,492.45,578.92
2.0149,4.04,7.7525,9.0139,12.775,39.954,123.22,179.83,311.53,860.97
