1.0022,1.0022,1.0022,1.0022,0.74912,1.0016,1.0022,0.61215,0.6439,1.0021
0.70083,0.99875,0.97513,1.006,0.77125,1.0027,0.9826,0.99841,0.61255,1.0058
1.0023,1.0023,1.0023,0.89772,1.0023,0.4889,1.0019,0.99754,0.62317,1.0023
0.99971,0.58466,1.0053,0.98962,0.99575,0.70205,1.0021,0.77884,1.0031,0.98907
0.97942,0.99371,0.75548,0.99636,0.89178,0.97958,0.67291,0.77049,1.0057,1.0057
0.99919,1.0002,1.0008,1.0008,0.99903,1.0007,0.54692,0.80694,1.0001,0.65287
0.99377,1.0013,0.58368,0.99575,0.97934,1.0056,0.99191,0.5048,0.98876,1.0056
1.0048,0.71851,0.99884,0.70668,0.99773,0.99953,1.0029,0.78173,0.99783,0.83469
0.79754,0.91372,1.0007,0.96378,1.0019,0.74563,1.0025,0.76981,0.82752,1.0024
1.0046,1.0046,1.0021,1.0046,0.96646,0.60838,1.0034,0.99079,1.0046,0.45198
0.99872,0.73802,1.0027,0.9683,1.002,0.99994,0.7009,0.98461,0.98497,0.64399
1.0006,0.99815,1.0007,1.0006,0.64961,0.9981,0.98262,0.40283,1.0007,0.97213
1.0009,1.0006,1.0009,0.6611,0.98146,1.0008,0.99983,0.53652,0.99845,0.82776
1.0003,0.99449,1.0003,1.001,0.94636,0.74446,0.99623,0.87382,0.45296,1.0012
0.98695,1.0061,0.71789,1.0018,0.79279,0.97586,0.98462,1.0047,0.59375,1.005
0.99573,1.0021,0.6279,0.98428,1.003,0.98059,0.99015,0.79941,0.64319,1.0006
1.002,1.002,1.002,0.66282,0.98604,0.75397,0.97665,0.99819,0.98287,0.6514
0.59479,0.98351,1.0033,1.0018,1.0035,0.99123,0.98988,0.99055,1.0035,0.46944
0.66689,0.98346,1.0061,1.0031,0.97466,1.0065,0.99849,0.60337,0.81857,1.0023
0.65338,0.98115,0.73984,0.99257,0.97403,0.90647,0.96301,1.002,0.81105,0.99473
0.99603,1.0012,0.99495,1.0018,1.0008,1.0019,0.42306,0.61387,0.98614,0.99973
0.95805,0.98266,1.0014,1.0023,0.30383,1.002,0.97228,0.9763,1.003,0.82677
1.008,1.0067,0.99084,1.0077,0.6998,0.77078,0.61167,0.96411,1.007,1.0056
0.99023,1.0084,0.67089,0.68913,0.99332,1.0015,1.0004,0.72604,1.0029,0.99489
1.0022,1.0023,0.98676,1.0009,1.0023,0.60938,1.0019,0.41045,1.0023,1.0022
0.72241,0.88853,1.0041,0.99481,0.70136,0.96853,1.0023,0.75409,1.0048,1.0025
1.0048,0.51661,1.0034,0.56637,1.0036,1.0047,0.95665,0.99635,0.98624,1.0048
0.96438,0.98296,0.6142,0.9433,1.0036,0.99965,0.73989,0.96926,0.81358,1.0017
0.66927,0.98494,1.0033,0.76294,0.97003,1.0033,0.98392,1.0021,0.6468,1.0033
0.98911,1.004,1.0035,0.72501,1.0029,0.74695,0.99166,0.71585,0.85629,1.0044
0.79181,0.99639,0.99673,1.0028,1.0016,0.99802,1.0028,0.62381,0.6407,0.97267
0.79812,0.98684,0.9823,0.76363,0.69634,0.9857,1.0013,0.98415,0.83225,1.0038
0.99471,1.0012,0.98589,1.0065,0.57076,1.0069,0.74976,0.73409,1.0071,1.0071
0.99985,0.96432,1.0025,0.72084,0.76045,1.0025,0.99163,0.95659,1.0003,0.62386
0.99476,1.0048,1.0043,1.0047,0.71642,0.65394,0.99138,1.0054,0.83591,0.83701
0.98772,1.0005,1.0054,0.68429,1.0031,0.98018,1.0067,0.58885,0.80672,0.99696
0.99579,1.0031,0.53226,0.99336,0.69188,0.96905,1.0019,0.99893,1.0037,0.84373
0.81165,0.76839,1.0045,1.0045,1.0045,1.0041,0.80173,0.99808,0.63875,1.0045
1.0043,0.98759,1.0053,1.0045,0.99409,0.51371,0.72296,0.99564,0.82501,1.0012
0.97295,0.98952,1.0021,1.0016,0.52077,1.0025,0.56551,0.97079,1.0031,1.0011
0.99453,1.0019,0.99527,0.98692,0.9811,0.99919,0.58843,0.9966,0.99744,0.4814
1.0009,1.0009,1.0009,1.0009,1.0009,1.0009,0.67596,0.53259,0.79327,1.0009
0.97195,0.99403,0.57277,0.98987,0.98892,1.0003,0.69188,0.99779,1.001,0.83469
0.64964,0.88042,0.49856,0.99963,1.0044,1.0008,1.0037,1.0046,0.99535,1.0045
1.0027,0.99671,0.65408,0.99341,0.73272,1.0014,1.0007,0.98865,1.0028,0.65243
0.75245,1.0042,0.98308,0.99869,1.0038,0.98582,0.94266,0.44619,0.94523,0.97551
1.0122,0.66829,1.0135,1.0003,0.99841,1.0097,0.80748,0.77767,0.82875,1.0075
1.001,1.0009,1.0014,1.0014,0.54353,0.99905,0.97744,0.85026,0.6374,1.0004
0.86485,1.0092,1.0053,1.0094,1.0091,1.0094,0.88478,0.66092,1.0051,0.62668
0.98121,1.0116,1.0097,1.0133,0.72001,1.0047,0.77479,0.7894,0.82143,1.0039
1.0066,1.0068,1.0068,0.98453,0.63496,1.0051,0.72872,1.0039,0.85314,0.83071
1.0087,1.0047,0.71106,0.97545,0.97224,0.57065,0.99384,1.0016,0.83233,1.0087
0.97691,1.0015,1.0023,0.55701,1.0016,0.99312,0.74031,0.96964,0.79839,0.99559
0.71655,1.0103,1.0101,0.72073,1.0099,0.61183,1.0078,1.0046,0.9926,1.0105
0.88766,0.99438,0.57225,0.99763,1.0074,0.60303,0.99685,1.0046,1.007,0.99545
0.99663,1.0022,0.6741,0.98683,1.003,1.0019,0.98624,0.84338,0.70556,0.82721
0.64761,0.99739,0.99487,0.99571,0.90897,0.67188,1,0.99747,0.83651,0.97088
0.592,1.0035,0.96271,0.98173,1.0034,0.97213,0.70397,0.98011,1.0026,0.82975
0.98268,1.0016,1.0033,0.43425,1.0017,1.0017,0.99594,0.97622,0.64806,0.98402
0.71901,1.0017,0.99758,0.70377,0.66193,0.99928,0.99312,0.97546,0.98368,0.99438
0.69024,0.89525,0.62228,1.0034,1.0054,1.0056,0.99976,1.0056,0.99797,0.82487
1.0035,1.0034,0.99878,1.0035,1.0032,0.72819,0.8017,0.84823,1.0034,0.63761
1.0046,0.99795,0.6997,0.9824,0.8112,1.0053,0.5792,0.98535,0.98565,0.99635
0.68892,0.88537,0.7161,0.90902,0.96892,0.87278,0.99111,1.0045,1.0052,1.0052
0.99915,0.99864,1.0012,1.0019,0.73928,1.0011,0.7346,0.89805,1.0018,0.64346
0.79449,1.0046,0.75925,0.51526,1.0046,1.0011,1.0038,1.0042,0.98913,0.96529
0.64631,0.99672,1.0028,0.6758,0.9696,0.96622,1.0027,0.968,0.8046,0.99206
1.002,0.99222,0.43,0.96209,0.98679,1.0008,1.0001,0.99213,1.0023,0.65206
0.99606,0.75612,0.99514,1.0022,1.0019,1.0022,0.99023,0.65623,0.99796,0.62223
0.94117,1.0037,0.93625,0.49381,0.95352,0.99027,0.99508,0.72479,1.0004,0.99954
0.97622,0.99118,1.0024,1.0026,0.57625,0.97894,1.001,0.81473,0.8583,0.82202
1.002,0.91813,0.70717,1.0018,0.71223,0.99652,0.99825,0.72438,0.9997,0.98959
1.0103,1.0103,0.70876,0.71042,1.0027,0.6649,1.0074,0.96534,1.0032,1.0094
0.935,1.0004,1.001,0.73131,0.98889,0.99411,0.99738,0.81416,0.9082,0.64832
0.63618,0.95247,1.002,0.99676,0.63505,1.0012,0.97063,0.99901,1.0023,0.82614
0.99355,1.0075,1.0077,0.70191,1.0074,0.78871,0.61735,0.96635,1.0043,0.98049
1.0035,1.0026,0.95754,0.99841,0.41807,0.97106,1.0013,0.99928,0.85943,0.82111
0.73246,0.94166,0.99778,0.71057,0.97579,1.0046,1.0046,0.83515,0.99982,0.83922
0.99514,0.69186,0.99651,0.72067,0.99704,0.99879,1.0034,0.98024,0.80826,0.83844
1.0134,1.0102,1.0135,0.99835,1.0136,0.6465,1.0011,1.0114,0.75392,0.66013
0.9883,0.60595,0.69957,0.98518,0.99757,0.95037,0.98859,0.99869,0.81167,1.0032
0.99506,0.99918,1.0024,0.24779,0.99631,0.95662,0.99285,0.99699,1.002,0.83254
1.0194,1.0177,1.0194,1.0103,1.0195,0.87599,1.0145,0.78702,0.76532,0.64617
1.0132,1.0082,1.0136,0.74819,0.8288,0.68358,0.9798,1.0127,0.99549,0.84166
1.0008,1.0008,1.0008,1.0008,1.0008,1.0008,0.3583,0.97562,1.0008,0.66776
1.0006,0.9161,1.0023,0.99984,1.0021,0.51157,0.99698,0.79983,0.80918,0.99838
1.0021,1.002,1.0021,1.0021,1.0015,1.0021,0.34748,0.99376,0.83423,0.83154
0.97108,0.7866,0.7875,0.68408,1.0054,0.9971,0.98841,1.004,0.81988,1.0055
0.65515,0.83564,0.99799,1.0063,0.94791,1.0066,0.99574,0.78094,0.82682,1.0066
0.99204,0.58419,0.98897,1.0006,1.003,0.99297,0.99797,0.81452,0.65651,0.99833
0.98563,0.51594,0.99093,0.99059,1.0038,0.63117,0.97406,0.96448,1.0035,0.97444
1.001,0.87325,1.0039,0.86586,0.79059,0.54585,0.96863,0.98774,0.99746,1.0043
1.0006,1.0093,1.0096,0.56564,1.0085,0.66923,0.97716,1.0049,0.83504,1.0098
1.0043,1.0043,1.0043,1.0043,0.057782,0.98114,0.99174,0.98227,1.0043,1.0043
0.94452,0.66572,1.0029,0.99779,0.65339,0.96339,0.97144,0.99986,1.0031,0.8273
0.9843,0.583,0.99354,0.99952,0.99059,0.67563,0.97398,0.99767,0.85391,0.97192
1.0232,1.0232,0.66819,1.0193,0.99247,0.99271,1.0191,0.61319,0.83445,1.0232
0.65441,1.004,0.98354,1.005,1.0043,1.005,0.75864,1.0047,1.0033,0.62252
0.95396,0.57529,0.99089,1.0005,0.97998,1.0089,0.61848,0.9712,0.9717,1.0089
0.82217,0.99804,0.99121,0.7911,0.98387,1.0012,0.70405,1.002,0.89743,0.82676
1.0011,0.53417,1.0022,0.96785,1.0032,1.0031,0.7277,0.96999,0.81956,1.0002
1.0189,1.0088,0.67544,1.0142,0.88392,0.72246,1.0108,0.83077,1.0059,1.0109
0.98148,1.004,0.55087,0.54907,1.0032,0.97744,0.99968,0.97723,1.0001,1.0053
0.97327,0.98901,0.73962,0.99339,0.74941,0.97279,0.99948,0.77384,1.0015,0.82109
1.0015,0.99386,0.38139,0.96009,0.9228,0.9914,0.98784,0.96777,0.81002,1.0019
0.991,0.77013,0.97794,1.0045,0.78065,0.69963,1.0014,1.0006,0.98981,0.82509
1.0104,0.98251,1.0114,0.7608,0.78435,1.0137,1.0037,0.74053,0.84222,0.97361
0.96988,1.0066,0.75902,0.99769,1.0018,0.77061,0.60275,0.98081,1.0072,0.96829
0.91194,0.48656,1.0012,0.99345,0.99376,0.99149,0.97651,0.83126,1.0014,0.8265
1.0012,0.71766,1.0026,1.0085,1.0081,1.0084,0.98261,0.53344,1.0029,0.8112
0.9919,0.56969,0.98981,1.0047,0.9757,0.99958,0.76862,0.75718,0.99902,0.98632
1.0346,0.89712,1.0256,0.78871,1.0225,1.0392,0.73269,1.0412,0.92982,0.85908
1.0108,1.0108,1.0108,0.70378,1.0101,1.0108,0.69694,0.98761,1.0063,0.64908
1.0057,1.0069,1.0069,0.99261,0.72414,0.74856,0.99417,0.71833,0.85847,1.007
0.96721,0.77703,0.99791,1.0046,0.76048,0.97922,0.74522,0.9961,1.0071,0.83061
0.76931,0.74479,0.98731,0.56262,1.0008,1.0018,0.95815,0.99607,0.9952,1.002
0.88302,1.0003,1.0008,0.52103,1.0001,0.99599,0.99479,0.97588,1.0028,0.65056
0.99553,1.0045,0.70352,0.71419,1.0066,1.0057,1.0016,0.98534,0.82977,0.83284
0.2838,0.90112,1.0022,0.99582,1.0022,0.99962,1.0022,0.99998,1.0022,0.8309
0.99335,0.72488,1.0012,0.99948,0.99832,0.93419,1.0014,0.84658,0.70042,0.81253
0.98155,1.0005,1.0023,1.0018,0.59602,0.99022,0.98886,0.98953,1.0025,0.46896
0.97984,1.0076,1.0078,0.62864,0.97325,0.98515,1.0088,0.48637,1.003,0.99905
0.98899,1.0034,0.52502,0.94598,1.0006,0.97334,1.0042,0.79029,0.99984,0.80593
1.0039,1.0062,0.62655,0.65538,1.0048,0.99679,0.99678,0.97909,0.79093,1.0074
0.54372,0.92838,0.99055,0.98649,0.95243,0.65188,0.98094,0.99984,0.9871,1.001
0.6741,0.99895,0.99777,0.98914,0.97855,0.98552,0.99979,0.84552,0.89242,0.64562
1.009,0.98284,0.77535,1.007,0.76653,0.98741,0.75724,0.99904,1.0145,0.83179
0.95777,0.99898,1.0005,0.74154,0.9913,0.99373,0.82418,0.83289,0.86235,0.82805
1.0009,1.0009,1.0009,1.0009,1.0009,1.0009,0.61597,0.38942,0.99649,1.0009
0.96446,0.7537,0.99324,0.74579,0.97026,1.0018,0.59419,0.99587,0.99507,1.0018
0.97941,1.0012,1.0011,0.97897,0.53581,0.96903,0.99983,1.0013,0.8969,0.6482
0.64978,0.98163,1.0038,0.99722,0.74284,0.96979,1.0009,1.0013,0.86143,0.82796
0.68412,0.97652,1.0027,0.98869,1.0028,0.72277,1.004,1.0047,0.65108,1.0047
1.0021,0.98185,0.99661,0.56634,0.67265,1.0028,1.0012,0.9957,0.9798,0.8265
0.95804,0.64827,0.98824,0.99577,0.9793,1.0028,0.68326,0.97215,0.9712,0.82741
0.75426,0.99492,1.0016,1.0069,0.99866,0.81096,0.75358,0.76724,0.99687,0.97712
0.98144,1.0017,1.0026,1.0026,0.4937,0.99055,0.99798,0.77426,0.78716,0.99277
0.96138,0.98533,0.72173,0.95679,1.0022,0.99919,0.80374,0.77658,0.81241,1.0002
0.77608,0.93174,0.67274,0.98786,1.0054,0.97243,1.0098,0.747,1.0045,0.98056
1.0117,1.0117,0.64569,0.99411,1.0117,1.0101,1.0117,0.61034,0.998,0.80038
0.96206,1.0027,1.0026,1.0012,0.53669,1.0027,0.72745,0.97011,0.81912,0.99972
0.85766,0.95581,0.78118,0.99437,1.0061,0.98409,1.0008,0.83325,0.83671,0.83092
0.54661,0.99994,1.0017,0.53082,0.9801,0.99839,0.99202,0.97717,0.99342,1.0025
0.78262,0.98226,1,0.94363,0.96636,0.75471,0.62329,0.99588,1.0013,0.96126
0.97294,0.9979,1.001,0.78286,1.0004,0.73006,0.98602,0.77628,0.95304,0.82778
0.96515,1.0047,0.95957,0.69055,0.70883,1.0049,0.96994,0.73366,1.0039,1.0025
0.99469,0.68602,0.99025,0.99891,0.77999,0.97718,0.9773,1.0009,0.60682,0.99601
0.83561,0.94735,0.70941,1.0029,0.73015,1.0025,1.0048,1.0055,0.80627,1.0054
0.77683,0.99596,1.0057,0.72952,1.0046,0.97211,0.94291,0.6707,0.947,1.0057
1.0047,0.997,0.99627,1.0039,1.004,0.4881,0.61185,0.96787,0.96826,1.005
0.46624,0.94804,0.99647,0.99075,1.001,1.001,1.0007,0.99839,0.61184,0.99476
0.95523,0.72958,0.99165,0.99963,0.70994,0.97074,0.99605,0.99368,0.85643,0.82203
0.76633,0.89275,1.0006,0.98774,0.99872,0.79684,0.99495,0.74903,0.99546,0.83185
0.67153,0.97919,0.97178,1.002,0.99194,0.75015,1.0048,1.0033,0.86424,0.82298
0.96027,0.71412,0.971,0.96841,0.68877,0.9592,0.97952,0.98376,0.81635,1.005
0.66541,0.84121,0.98542,0.99276,0.6065,0.95816,1.0026,0.99181,1.0059,1.0037
1.0015,1.0013,1.0015,1.0008,0.98689,0.59966,0.77837,0.993,0.83704,0.81332
1.0062,0.81978,1.012,0.83268,0.96403,1.0125,0.64739,0.9777,0.82848,1.0126
0.72312,0.96742,1.002,0.98718,0.99893,0.98057,0.98526,0.84226,0.70485,0.82637
0.99701,0.99592,0.81661,0.76432,1.0036,0.99906,0.76442,0.72623,0.98123,0.98409
0.99963,0.93812,0.95885,0.99598,0.34973,0.9991,1.0014,0.77584,1.001,0.99261
1.0025,1.0025,1.0025,1.0025,1.0025,1.0025,0.57287,0.98941,0.78733,0.65775
1.0044,1.0032,1.0045,1.0045,0.98848,0.4421,0.98344,0.98216,0.97723,0.65083
0.99498,0.93824,1.002,1.0008,0.39279,0.94569,0.97617,0.97452,0.80092,1.0033
1.001,0.89866,1.0003,0.89021,0.74528,1.001,0.98381,0.99671,0.66545,0.82679
0.97353,0.70724,1.004,1.0041,1.0041,0.97372,0.98602,0.98892,0.79464,0.60037
0.99152,0.71954,0.68976,0.9596,1.0011,0.99718,0.68725,0.99069,0.99853,1.004
0.97755,0.68967,1.0048,0.69473,0.91508,1.0057,0.96181,0.97107,0.82655,1.0059
0.4244,1.0035,0.96956,1.005,1.0039,1.0052,0.99589,1.0025,1.0034,0.63339
0.97359,0.99317,1.0027,0.46977,0.97816,1.0027,1.0026,0.80991,0.79525,0.99778
0.99958,0.85945,1.0054,0.82982,0.76105,0.99724,0.99937,0.76741,1.0006,0.82904
1.0053,0.93102,1.0052,0.92512,0.89248,0.57349,0.97958,0.73197,1.0053,0.99818
0.86981,0.99548,1.0019,0.9985,0.9018,0.99213,0.99494,1.0013,0.82339,0.44641
0.62885,0.96922,0.94921,1.006,0.69562,1.0037,0.99686,0.99138,0.81683,0.99684
0.53785,0.77489,0.99498,0.96944,0.98735,0.95763,0.97042,0.99881,1.002,0.82642
0.98925,0.99842,0.78166,0.9955,0.98148,1.0009,0.84337,0.98986,0.78769,0.65805
1.0017,0.9433,1.003,1.0024,0.62516,0.67967,1.004,0.77788,1.0037,0.99523
0.96988,0.27259,0.98594,0.99635,0.98137,0.97594,0.9922,0.99669,0.84936,0.99597
0.62697,0.94799,1.003,0.98682,1.0043,0.97451,1.0013,1.0016,0.69164,0.80024
0.9731,0.98634,1.0007,0.96056,0.48002,0.65574,1.0002,0.95661,0.99495,1.001
0.92241,0.53278,0.95093,0.99875,0.98098,0.97202,1.0024,1.001,0.85836,0.82092
1.0045,1.0036,0.9667,0.53312,1.0045,1.0045,0.5948,0.96245,0.98217,0.9844
0.57451,0.82665,0.99919,0.99191,1.0042,0.96307,0.86636,0.97248,0.8613,0.97823
1.0025,0.97738,1.0065,0.76289,0.76053,0.97915,0.74546,0.99404,1.0076,0.83405
1.0047,1.0047,1.0047,1.0047,1.0047,0.52001,0.98704,1.0021,0.67471,0.83502
0.9735,0.19054,0.98233,0.98199,0.99485,0.99962,0.97423,0.95835,1.0035,0.97579
1.0043,1.0043,0.98941,1.0032,1.0043,0.63291,1.0043,0.59678,0.99043,0.80876
0.98213,0.45055,0.99305,0.99691,0.99668,1.0042,0.997,0.80832,0.80866,0.99997
0.99531,0.81707,1.0042,1.0043,0.99188,0.86943,1.0025,0.88753,1.0017,0.46573
1.0042,0.75215,1.0099,0.59791,0.92358,1.007,1.0089,0.95448,0.99646,0.83421
1.0039,0.58319,0.99568,0.98428,0.99473,0.98377,0.98494,0.83455,0.8423,0.8276
1.0028,1.0028,1.0028,1.0028,1.0028,1.0028,0.7016,0.47875,0.99889,0.82926
1.0023,1.0023,1.0023,1.0023,1.0023,1.0023,0.20304,1.0001,0.98976,0.81388
1.0058,1.0055,0.99179,0.86007,0.91345,0.7936,0.63126,0.98832,0.86576,0.99686
1.0078,0.78565,1.0089,1.0081,1.0119,1.0086,0.99157,0.63558,0.83734,0.81414
0.99744,0.84207,0.99981,1.0008,1.004,0.87816,0.94145,0.43933,0.95889,0.97645
0.99955,1.0019,1.0002,1.0037,0.73158,0.80702,0.65424,1.0005,0.99551,0.84109
1.0087,1.0087,1.0087,1.0087,1.0087,1.0087,0.39013,0.78987,1.0087,0.83748
0.4962,0.88689,0.99118,0.99469,1.0045,1.0026,1.0045,0.99682,0.82409,0.83912
1.0065,1.0068,0.99791,1.0067,0.5503,0.72495,0.99813,0.99746,1.0069,0.76688
0.61047,0.96463,1.0002,0.99603,1.0036,1.0036,1.0033,0.83707,0.616,0.9973
0.497,0.894,1.0016,0.99692,0.99381,0.99486,0.97701,0.83129,1.0016,0.82656
1.0095,0.73276,0.58098,0.74979,1.0069,1.0093,0.99748,0.99843,1.0062,1.0114
0.72057,0.6707,0.99095,0.98156,1.0036,0.97987,0.99601,0.71874,0.99099,0.98233
1.0036,0.93227,1.0035,0.61904,0.99673,0.99409,0.98469,1.0036,0.66789,0.82714
0.7024,0.85303,1.0018,0.98477,0.96532,0.71229,0.97058,0.99844,1.0006,0.82715
0.98528,0.37085,0.97995,1.0039,0.96173,1.0026,0.99364,0.75869,0.99246,0.98588
0.64444,0.58527,1.0015,0.87912,0.9993,1.0047,0.98689,0.99296,0.99973,0.96744
1.0102,0.81697,1.0171,1.0172,0.86868,0.99915,0.75957,0.81301,1.0133,0.83967
0.98719,0.47326,0.98762,0.97444,0.68997,0.99876,0.95783,0.98221,0.98423,0.98242
0.99524,0.80004,0.94395,0.98538,0.79903,1.0028,1.0018,0.89632,0.98201,0.61881
1,1.001,1.0012,1.0011,1.001,1.0011,0.79637,0.70729,0.68039,0.8212
0.7748,0.96979,1.0017,0.75262,0.99683,0.71222,1.0002,0.98984,0.99326,0.82431
0.99981,1.0018,1.0022,0.98978,1.0022,0.16175,1.0021,1.0022,0.85572,1.0022
0.98791,0.44956,1.0089,1.0048,1.0044,0.96789,1.0085,1.0054,0.6355,1.0076
0.98484,0.83652,0.3021,0.99784,0.96534,0.95632,1.0043,1.004,1.0046,0.99009
0.99523,0.61142,0.74079,0.96955,0.95852,1.0037,0.99767,0.77138,1.0056,0.99981
1.0061,0.94205,1.0005,0.10473,1.0065,1.0028,1.0057,1.006,0.99055,0.99362
0.73379,0.97841,1.0018,0.99763,1.0003,1.0007,0.99297,0.49074,1.0024,0.8276
0.62081,0.98534,0.99743,0.99672,1.0015,0.70595,1.0056,0.76647,0.99461,0.97584
0.98759,0.50287,0.65368,0.95766,1.0011,1.0011,0.97136,0.9618,1.0007,0.97174
0.99502,0.99842,1.0012,1.0008,1.0013,0.98898,0.52341,0.99455,0.67563,0.83215
0.9643,0.79469,0.99577,1.0025,1.0037,0.82728,0.98822,0.81988,0.66569,0.97418
0.73837,1.0023,0.97783,0.56255,0.92524,0.99926,1.0016,1.0023,0.98909,0.82225
1.0016,0.98547,0.66528,0.98981,0.98194,0.68163,0.99348,0.97548,1.0023,0.75383
1.0014,1.0014,1.0014,1.0014,1.0014,1.0014,0.78296,0.66696,0.55295,1.0014
0.98843,0.60976,0.9948,0.99452,1.0053,0.70162,0.98817,0.9757,1.005,0.78454
1.0052,0.99899,0.52715,0.97316,0.94442,0.98663,0.99429,0.97859,0.8548,0.78629
0.99723,0.71149,1.0083,0.99934,1.0059,0.82511,0.99658,1.0055,0.70364,0.82245
1.0062,1.0005,0.76278,0.99446,1.0059,0.78062,0.98788,1.0054,0.67725,0.8364
0.99356,0.7879,1.0019,1.0145,0.74848,1.0182,1.0077,0.73532,0.83904,1.0175
1.008,1.008,1.008,1.008,1.008,1.008,0.35583,0.98823,0.68142,0.99862
0.8186,0.94316,0.73874,0.98598,1.0032,0.97405,1.0032,0.80107,0.9991,0.76158
0.98831,0.32195,0.99139,1.0053,1.0037,1.0052,0.94444,0.97959,0.99978,0.80866
0.99912,0.95263,0.43677,1.0004,0.98213,1.0027,0.65559,0.99448,0.99816,1.002
0.99336,0.95405,1.0016,0.99902,1.0004,0.42768,0.97639,0.82958,1.0016,0.83099
1.0077,0.9975,1.0094,1.0093,0.99706,0.11256,0.97154,0.97092,1.0095,1.0003
1.0051,1.0051,1.0051,1.0051,1.0051,1.0051,0.54707,0.81775,0.65441,0.99614
0.98361,0.75584,1.0034,0.72706,0.59646,0.99898,1.0041,0.9879,0.97542,1.0041
1.0022,0.95459,1.0021,0.74598,0.72638,1.0022,1.0022,0.98635,0.59539,1.0022
0.80204,1.0075,0.99279,0.66816,1.0073,0.98354,1.0134,0.985,0.80414,0.85653
0.99682,0.66163,1.0016,1.0011,0.99964,0.74385,1.0034,1.0005,0.65157,0.97047
0.99419,0.65934,1.0026,1.0032,0.71506,0.96459,0.7081,1.007,1.0072,1.0039
1.0042,1.0027,1.0044,1.0043,0.98368,0.27822,0.97678,0.99915,0.97391,0.81232
0.73325,0.91259,0.99765,1.003,0.97194,0.96987,1.0042,0.99767,0.78869,0.65889
1.0037,0.79548,0.76901,0.97597,0.64931,1.0014,1.0017,1.0014,1.0028,0.83203
0.99291,1.003,0.29474,0.95703,1.003,0.99211,0.99039,0.99593,0.97978,0.81787
1.0021,1.0039,1.0041,0.4294,1.0037,0.94059,0.99666,0.99009,0.83791,0.82831
0.99541,0.77955,0.75655,1.0013,0.578,0.9587,0.99565,0.9922,0.99229,0.99951
0.92843,1.0033,1.003,1.0071,0.92345,0.88733,0.84438,0.85802,0.62523,0.98322
