21.8,21.835,15.898,16.325,4.5375,4.7601,16.776,16.352,9.2734,9.518,2.035,1.976,1.4303,1.4158,0.011252
11.418,11.492,20.93,20.969,14.944,14.975,8.6557,8.6426,1.7669,1.7649,4.8484,4.8433,1.4765,1.5008,8.3734e-05
16.072,16.11,6.5005,6.6574,2.0431,2.1069,1.4083,1.3942,11.23,11.512,1.6044,1.6886,45.405,44.02,0.010389
10.554,10.557,5.2784,5.5583,21.239,20.894,1.6347,1.643,14.196,14.192,1.7223,1.7177,48.697,48.72,9.927e-08
16.382,16.417,4.1953,4.3088,2.0498,2.1178,16.401,16.146,11.503,11.795,5.0992,5.3679,42.81,41.506,0.010389
10.695,10.677,14.561,14.822,1.772,1.5097,10.274,10.276,1.9486,1.9533,19.572,19.753,32.327,32.213,0.00029346
5.1441,5.1168,11.575,11.685,25.943,25.784,1.3275,1.3346,13.852,13.848,11.072,11.068,1.4606,1.4883,2.3547e-08
9.6815,9.7131,6.1783,6.2408,2.0621,1.9399,1.9001,1.9067,1.4984,1.4939,34.144,34.161,46.943,46.96,9.5579e-07
13.486,13.505,4.9346,5.1919,5.2649,5.6825,15.961,15.429,5.5749,5.741,2.1602,2.3325,11.227,10.839,0.021059
8.4684,8.4668,1.8209,1.8663,12.947,12.855,27.122,27.128,11.241,11.237,15.075,15.071,65.406,65.432,1.1198e-13
1.7133,1.7201,5.2443,5.2754,24.245,24.249,28.117,28.062,19.272,19.288,10.321,10.343,13.222,13.236,2.6776e-05
19.448,19.401,13.913,14.112,23.166,22.899,38.527,38.534,1.5635,1.5579,1.5774,1.5725,23.386,23.412,3.1665e-08
2.4323,2.3871,2.0886,2.125,2.4357,2.5374,2.1597,2.1138,4.7513,4.8462,17.566,17.143,1.8018,1.7863,0.0092645
8.2772,8.2485,1.6607,1.6908,23.391,23.307,14.621,14.627,4.7313,4.7268,21.822,21.818,47.135,47.162,9.294e-09
1.6358,1.6542,5.0433,5.114,1.8154,1.6785,30.168,30.176,26.39,26.39,10.431,10.423,13.34,13.367,1.4891e-06
12.581,12.537,6.498,6.7988,21.726,22.033,1.3523,1.3424,14.568,14.699,1.3384,1.3707,23.183,22.966,0.0013699
8.4979,8.4901,5.1839,5.3394,2.0076,1.8176,36.613,36.547,27.303,27.365,10.685,10.723,1.257,1.2808,6.5324e-05
21.797,21.797,13.832,13.853,6.0377,6.0928,7.154,7.1241,2.3138,2.3183,18.366,18.549,1.5624,1.5847,0.0002728
13.923,13.91,17.024,17.09,9.6755,9.5638,10.712,10.715,1.7074,1.7028,30.899,30.909,2.2896,2.3145,9.1421e-07
17.214,17.249,1.9765,2.192,14.752,14.489,1.4138,1.4221,2.4045,2.3992,2.5493,2.5466,9.434,9.4588,5.7165e-07
8.0841,8.0851,18.843,18.907,14.227,14.109,8.0329,8.0373,1.6147,1.6099,30.253,30.263,2.4316,2.4565,9.1422e-07
23.145,23.288,3.7004,3.9064,5.1875,5.3117,1.4671,1.4215,5.8141,5.9779,1.7618,1.8393,12.756,12.492,0.0088648
11.619,11.583,8.009,7.9448,22.26,22.277,8.3565,8.36,6.2029,6.1997,1.5503,1.548,21.956,21.975,3.0379e-06
13.806,13.858,2.2814,2.3898,6.1506,6.4356,15.303,14.668,22.755,23.449,5.6399,5.9839,2.0837,2.0731,0.0098304
10.761,10.797,16.519,16.458,18.886,18.939,9.7392,9.7374,18.397,18.404,15.818,15.817,1.2124,1.2384,1.0845e-05
11.85,11.796,4.079,4.3415,15.222,15.351,1.3565,1.3469,9.947,10.026,9.8853,10.154,23.566,23.346,0.0013701
4.1043,4.1295,5.165,5.437,11.078,11.009,40.873,40.852,13.831,13.962,1.5721,1.5896,8.3319,8.2856,0.00092647
8.3771,8.3668,1.8759,1.983,1.6071,1.499,1.3321,1.3175,20.34,20.564,9.0365,9.2207,47.792,47.404,0.0012763
14.127,14.135,4.4286,4.3919,16.145,16.17,1.3391,1.3439,2.4839,2.4819,1.967,1.9607,55.356,55.309,2.9014e-05
12.657,12.637,2.0372,2.2728,2.6402,2.394,25.575,25.559,1.993,1.9965,20.725,20.975,24.859,24.584,0.00043309
12.518,12.482,9.8754,9.9439,2.7244,2.6148,8.9341,8.9326,14.071,14.078,5.8694,5.8666,53.615,53.587,1.1822e-05
1.7245,1.7017,13.251,13.354,2.4312,2.3796,19.781,19.769,1.6908,1.6979,7.0345,7.0476,1.3776,1.3803,0.0010911
2.8281,2.8441,5.3398,5.3452,10.658,11.308,9.4718,9.1087,18.52,18.842,5.6511,6.0354,39.747,38.578,0.0091566
14.136,14.164,4.986,5.2251,7.7571,7.4604,45.573,45.581,12.933,12.928,1.3373,1.3335,22.702,22.728,0
2.466,2.4841,6.9221,6.9373,1.8994,1.8369,16.915,16.917,18.182,18.203,21.561,21.622,22.782,22.792,2.8884e-05
7.6722,7.655,2.0165,1.9688,19.675,19.658,1.4448,1.4522,5.8825,5.8778,5.8591,5.8557,58.01,58.034,2.6643e-08
1.8456,1.8327,2.3968,2.3374,13.501,13.493,1.5259,1.5331,2.3157,2.3109,5.7824,5.7787,66.293,66.318,2.802e-08
1.8464,1.8347,10.104,10.104,1.8953,1.9211,1.5222,1.5287,1.8687,1.8826,1.5503,1.5725,53.866,52.936,0.0010722
16.64,16.629,10.062,10.049,2.5383,2.4954,27.404,27.412,9.3279,9.3221,6.633,6.6282,31.082,31.11,0
16.065,16.067,9.0311,9.2235,2.1027,2.1435,1.4365,1.4261,9.0333,9.2021,5.1468,5.0498,24.968,24.497,0.01039
5.3579,5.3322,6.82,7.1675,9.4151,9.8349,1.5288,1.5255,2.6919,2.7564,8.0855,8.6578,2.0625,2.0325,0.010373
8.0616,8.0623,15.402,15.584,8.6975,8.458,9.8389,9.8428,1.8419,1.837,20.363,20.37,26.227,26.248,1.0009e-06
2.9811,2.9404,7.6376,7.7741,14.003,14.948,9.2519,8.9724,11.433,11.63,12.765,12.579,20.447,19.858,0.0091571
1.6593,1.6532,12.365,12.604,6.4217,6.1417,33.407,33.398,5.8135,5.8106,25.399,25.417,69.329,69.33,2.5782e-06
5.5266,5.52,13.21,13.715,5.7563,5.8361,7.2186,7.0403,21.291,21.736,1.4477,1.4554,7.9872,7.8574,0.012251
6.1194,6.1782,4.8129,5.1294,11.033,12.24,5.5181,5.2831,7.4447,7.7024,2.57,2.781,30.539,29.359,0.020963
12.069,12.042,13.767,14.198,6.4807,6.7034,1.4694,1.455,9.3774,9.6932,5.4592,5.8,24.86,24.297,0.010272
14.442,14.418,2.239,2.2116,20.173,20.144,10.983,10.99,9.8128,9.8075,20.312,20.308,22.43,22.457,0
1.7306,1.7217,2.3834,2.3138,17.079,17.078,1.6307,1.6386,2.2736,2.268,15.883,15.878,66.41,66.436,2.8279e-12
8.8656,8.8792,4.2901,4.2363,18.989,19.015,19.294,19.288,26.232,26.242,1.6951,1.6894,1.2203,1.2466,5.7737e-06
16.95,16.994,2.0301,2.2647,9.6222,9.3295,1.416,1.4241,2.2947,2.2894,22.322,22.329,9.2877,9.3111,5.3534e-07
4.3488,4.3381,6.7816,6.8418,2.026,1.9904,1.7109,1.715,24.454,24.653,10.908,11.073,44.009,43.655,0.00094327
8.2336,8.2454,13.039,13.127,10.857,11.02,1.4307,1.4276,8.2105,8.2872,1.6013,1.6244,33.509,32.915,0.0011713
15.422,15.398,4.9708,5.2023,17.751,18.019,1.2868,1.2815,23.435,23.637,12.756,13.102,11.513,11.42,0.0013703
7.5595,7.5964,15.416,15.583,3.7597,3.8682,1.4434,1.4177,10.855,11.158,4.968,5.2471,48.265,47.033,0.0085762
7.8496,7.8284,12.785,13.126,6.7307,6.5833,1.4322,1.4277,9.0719,9.166,11.342,11.575,19.08,18.981,0.0011711
4.3803,4.362,2.4729,2.4316,18.334,18.328,46.12,46.121,2.2161,2.2099,6.4255,6.4215,12.311,12.337,4.5216e-07
19.719,19.703,13.824,14.103,2.7591,2.4545,24.218,24.224,10.443,10.453,6.1048,6.1186,9.5967,9.6096,2.8141e-05
5.949,5.9193,4.2035,4.6686,9.629,10.003,21.665,21.288,12.844,13.228,1.8478,1.9845,11.203,10.889,0.010939
17.991,18.006,6.9799,7.0772,1.8363,1.6914,37.463,37.449,9.3285,9.3335,19.843,19.873,10.156,10.173,9.3455e-06
11.256,11.259,7.4616,7.8537,14.079,14.74,9.5071,9.3802,2.4898,2.5543,2.6335,2.8041,1.6505,1.6287,0.0094252
11.214,11.186,14.325,14.302,10.088,10.048,16.181,16.188,17.766,17.76,14.968,14.964,1.5349,1.5614,4.8577e-09
4.871,4.8796,12.056,12.411,11.604,11.585,7.4695,7.3684,1.8364,1.8483,29.563,30.111,48.34,47.891,0.0012668
2.031,2.0053,10.176,10.276,2.4382,2.3875,1.4287,1.435,9.3891,9.4752,1.6092,1.6112,1.6212,1.6378,0.0010908
1.8306,1.875,9.425,9.6344,2.6825,2.4299,1.6322,1.6378,25.652,25.67,16.813,16.858,23.774,23.779,1.629e-05
2.2517,2.2452,5.0435,5.038,18.449,18.39,1.4738,1.4815,22.603,22.598,1.2683,1.2637,47.301,47.329,0
6.5526,6.5206,19.484,19.528,11.862,11.768,1.5588,1.5665,21.242,21.24,21.032,21.04,2.1518,2.1779,5.1447e-07
7.7014,7.6616,3.5279,3.6138,20.023,19.885,18.385,18.39,17.647,17.644,11.36,11.36,3.743,3.7689,3.245e-07
11.791,11.782,9.7158,9.8104,1.8343,1.6876,18.91,18.913,9.3713,9.3708,20.322,20.332,10.34,10.362,1.9208e-06
2.6192,2.5817,4.1866,4.2694,13.548,14.362,18.112,17.524,10.201,10.429,12.539,13.387,39.601,38.593,0.0091578
3.0594,3.0432,7.0775,7.2756,5.952,6.308,1.9668,1.9321,7.6354,7.7698,23.13,22.511,9.0936,8.9818,0.0094565
7.5158,7.4674,7.5484,7.8143,15.585,15.591,1.7819,1.7822,2.2269,2.237,5.2634,5.33,1.5832,1.5986,0.00057412
1.9647,1.9374,17.88,18.001,7.4784,7.384,1.6118,1.6159,7.6889,7.7085,11.275,11.333,12.982,12.976,9.6203e-05
8.1074,8.0738,13.34,13.651,7.3478,7.8337,11.036,10.816,2.1833,2.2449,5.4985,5.3496,1.5186,1.5154,0.011298
21.476,21.491,10.123,10.198,1.7987,1.6782,47.82,47.799,1.5676,1.5642,27.873,27.917,10.764,10.782,9.4852e-06
15.075,15.047,6.7903,7.069,10.332,10.205,1.4758,1.4745,23.724,23.844,12.959,12.912,11.768,11.707,0.00072105
12.317,12.301,12.016,12.319,22.023,21.666,1.6909,1.6976,17.585,17.58,1.5861,1.5815,9.2295,9.2565,0
8.8977,8.8954,20.803,20.827,2.1978,2.1024,1.9861,1.9938,2.3734,2.3683,1.4199,1.4148,12.315,12.342,4.1705e-11
14.154,14.163,9.5472,9.6822,2.1463,2.2649,24.593,24.133,2.2222,2.2598,18.389,19.457,8.5628,8.378,0.0093938
8.2603,8.2525,2.0973,2.0372,15.149,15.181,1.8475,1.8533,14.188,14.192,10.211,10.198,44.885,44.882,7.5327e-06
19.041,19.028,12.919,12.924,1.7704,1.7122,38.513,38.507,2.0922,2.0872,16.206,16.211,1.726,1.7519,7.4672e-07
5.4878,5.4645,7.3628,7.4904,2.005,2.0695,29.833,29.391,15.368,15.846,5.4416,5.8022,10.52,10.239,0.0096983
6.9265,6.9417,5.2327,5.5111,21.229,20.882,1.8003,1.8084,14.064,14.06,1.8597,1.8556,26.76,26.784,9.9137e-08
6.2043,6.1741,6.3787,6.674,13.189,13.956,1.9026,1.8311,2.2896,2.3432,1.9318,1.8972,19.55,19.166,0.012237
1.8966,1.9252,9.4897,9.4877,5.4132,5.3653,27.278,27.285,14.291,14.287,32.378,32.373,20.813,20.84,0
1.9362,1.9635,14.339,14.64,25.501,25.287,19.961,19.962,1.4549,1.4523,5.1282,5.1247,22.003,21.985,8.28e-05
8.4264,8.3911,14.237,14.176,1.8329,1.8409,1.7215,1.7289,22.99,22.985,9.421,9.4162,24.029,24.056,0
2.7696,2.7308,5.2232,5.3427,8.233,8.8056,9.397,9.2252,18.185,18.527,5.6339,5.922,20.775,20.175,0.0091567
5.6821,5.657,7.8348,8.2723,3.4755,3.7994,2.6449,2.5485,3.7191,3.8902,6.139,6.7098,9.8393,9.4276,0.022566
13.425,13.453,9.9094,10.705,3.6305,3.7301,2.8853,2.7714,3.32,3.4273,3.7358,3.9891,16.396,15.743,0.022535
17.422,17.389,2.3206,2.5827,2.8686,2.5582,16.186,16.192,9.2254,9.2297,6.6352,6.649,1.3996,1.4248,1.5132e-05
11.783,11.752,7.6223,8.0084,11.683,12.098,2.0296,1.9758,1.6136,1.651,21.388,20.965,2.1464,2.15,0.0091272
19.954,19.906,7.6341,7.6394,3.029,2.9675,19.458,19.466,8.8463,8.8406,6.0691,6.0647,9.4793,9.5054,0
2.3065,2.3796,2.4205,2.6764,2.5592,2.2626,22.976,22.956,6.2368,6.2386,15.227,15.247,53.322,53.299,9.8206e-06
3.1269,3.0868,2.5035,2.8544,5.7179,6.1471,2.0845,1.9819,2.4892,2.6062,14.758,16.159,46.001,45.224,0.020582
11.829,11.832,13.89,13.899,4.5071,4.5787,7.032,6.9805,2.0379,2.0457,13.846,14.056,1.5956,1.6144,0.00061502
4.7304,4.706,14.65,14.769,2.1366,1.9987,7.7357,7.7252,7.8224,7.8426,20.906,21.018,12.71,12.705,9.6236e-05
11.626,11.705,2.9247,3.3048,11.183,12.27,5.6428,5.3977,5.5193,5.7086,2.7088,2.9317,20.095,19.45,0.02097
12.303,12.323,4.3048,4.5483,16.514,18.087,7.9169,7.6644,5.915,6.1012,4.92,4.7989,2.4562,2.3843,0.021984
8.3563,8.3937,2.3124,2.7027,14.335,14.846,1.5223,1.4834,4.7496,4.8158,11.134,10.787,20.414,20.112,0.0097961
1.8358,1.7996,7.9933,7.9517,2.5273,2.5242,35,35.006,2.5593,2.5541,11.811,11.806,42.846,42.872,0
7.9831,8.0982,8.2671,8.2622,5.0119,5.2938,1.8088,1.7701,14.133,14.442,6.2073,6.6333,21.489,20.874,0.0091369
17.26,17.212,7.8773,8.1834,10.929,10.595,19.115,19.117,10.123,10.123,10.106,10.121,1.3808,1.4065,7.5124e-06
2.0289,1.9871,5.0298,5.1216,18.162,18.019,9.8568,9.8652,2.0085,2.003,24.176,24.173,25.263,25.289,0
2.4101,2.3628,6.1863,6.4473,2.2598,2.3224,9.1805,9.0868,15.834,16.201,20.284,21.491,2.0395,2,0.0097793
11.631,11.655,1.8851,1.9263,11.852,11.773,1.4489,1.456,6.5658,6.5648,20.959,20.937,35.843,35.814,7.4335e-06
5.4576,5.3899,7.0693,7.3924,11.157,11.103,1.5976,1.5909,13.65,13.785,2.1125,2.1458,21.826,21.658,0.0011327
4.6949,4.7142,10.06,10.125,23.783,23.723,9.0956,9.094,9.4104,9.4145,1.3661,1.3634,1.8204,1.8461,1.1329e-05
5.1821,5.1531,1.8634,2.1044,5.5256,5.3943,9.8068,9.7466,1.8001,1.8132,19.889,20.211,33.169,32.844,0.0012705
8.2386,8.2404,10.122,10.145,1.5494,1.5718,1.5083,1.5086,5.9645,6.014,4.3179,4.3988,43.34,43.075,0.0011405
1.9559,1.9507,1.9215,1.9119,23.118,23.566,10.666,10.611,9.2692,9.3467,10.913,10.908,42.752,42.695,0.00095506
12.553,12.54,4.546,4.7541,2.6683,2.4076,26.073,26.074,1.7954,1.7908,22.353,22.368,1.9323,1.9577,2.1746e-06
4.5502,4.5247,4.6978,4.853,5.7177,5.6258,10.944,10.9,4.7348,4.7586,5.9488,6.048,53.722,53.364,0.00070597
12.866,12.916,4.7739,4.9182,2.7569,2.8666,8.0132,7.9859,4.3958,4.4994,8.3721,8.2126,45.097,43.919,0.012848
7.9854,8.0103,7.6221,7.823,14.519,14.264,17.087,17.095,2.3556,2.351,15.412,15.408,20.953,20.979,0
2.0598,2.0174,4.4501,4.4848,1.9621,1.8733,28.638,28.639,12.07,12.067,1.9229,1.9199,55.585,55.597,1.0955e-06
2.2892,2.2545,6.4978,6.7199,22.249,21.969,27.3,27.308,6.2669,6.2615,1.7592,1.7547,57.363,57.39,0
10.783,10.774,5.0453,5.2746,7.0468,6.7716,38.824,38.832,26.74,26.735,24.468,24.462,1.4522,1.4794,0
17.47,17.468,2.0343,2.072,18.545,18.571,10.09,10.089,14.334,14.369,8.7555,8.7514,11.804,11.807,8.8893e-05
7.2576,7.2678,4.7011,4.6862,1.4933,1.4545,10.505,10.509,6.0008,6.0056,20.808,20.865,2.0205,2.0437,3.0216e-05
9.11,9.104,2.6954,2.9158,9.5642,10.643,1.8733,1.8551,19.696,20.388,5.9749,6.4268,8.3115,8.3499,0.020277
1.6531,1.6586,14.49,14.775,6.9369,6.6007,19.409,19.405,10.024,10.022,22.487,22.502,48.061,48.066,2.5941e-06
13.506,13.465,6.4226,6.5221,10.444,10.284,27.355,27.355,8.6063,8.6024,1.4231,1.4199,3.1678,3.1939,6.5337e-07
2.2401,2.2378,2.3072,2.3689,9.479,9.3838,10.656,10.636,18.614,18.635,2.1707,2.176,44.686,44.641,3.8873e-05
11.325,11.313,9.8685,9.971,2.1116,2.0749,1.6247,1.624,23.536,23.673,9.9025,10.04,1.6568,1.6691,0.00088665
1.7803,1.8176,2.5535,2.5734,2.5923,2.5033,27.147,27.155,5.8011,5.7954,12.237,12.232,34.589,34.616,0
7.6447,7.6082,10.132,10.178,4.8528,4.8691,1.5505,1.5572,1.5274,1.53,1.7037,1.6916,23.453,23.344,0.00064691
6.9208,6.9538,15.395,15.333,19.096,19.141,2.06,2.0653,10.456,10.458,11.799,11.817,1.4436,1.47,1.0846e-05
7.6751,7.6478,3.4612,3.7634,10.496,10.139,25.121,25.125,21.383,21.381,15.312,15.313,3.6563,3.6827,3.2456e-07
2.2392,2.2553,4.703,4.7226,1.8209,1.7681,1.6116,1.6196,17.827,17.847,21.557,21.617,22.301,22.311,2.8891e-05
2.3354,2.3048,4.5382,4.7405,2.2661,2.3292,17.329,16.849,9.3517,9.5654,16.946,17.954,2.2441,2.1983,0.0097782
1.7419,1.7453,7.782,7.82,24.227,24.241,46.187,46.092,19.332,19.349,10.314,10.335,13.225,13.231,2.6778e-05
5.5131,5.5796,9.7999,9.9798,16.868,18.069,7.2763,7.0641,8.3109,8.5192,6.0395,5.8536,1.4179,1.4109,0.0093675
2.2335,2.2399,2.6621,2.8744,12.45,12.98,9.2051,9.0838,5.271,5.4128,14.642,15.588,19.536,18.472,0.0098872
14.755,14.705,15.977,15.951,1.8227,1.8019,24.937,24.943,2.696,2.6914,2.1918,2.1878,21.97,21.995,2.9673e-08
2.5589,2.4972,4.3299,4.6508,12.376,13.145,20.668,20.131,2.4946,2.5539,5.026,4.882,38.127,37.767,0.012022
7.7633,7.7075,2.151,2.4532,15.346,14.997,18.25,18.253,10.223,10.221,10.696,10.692,15.809,15.832,1.1436e-06
14.301,14.32,8.9276,9.0858,1.8082,1.6679,18.49,18.398,17.404,17.524,13.995,14.307,11.786,11.722,0.0007663
9.7669,9.7458,1.9397,2.0447,1.8929,1.9366,16.02,15.563,8.4057,8.682,5.8173,6.1514,19.741,19.171,0.010331
1.9728,1.9712,13.186,13.145,1.9761,1.9687,1.5856,1.5961,2.9335,2.9283,5.7246,5.7178,24.568,24.592,7.7877e-07
4.1518,4.1298,2.9794,3.2624,5.6162,5.7412,21.784,21.619,5.5223,5.6525,8.3921,8.9488,17.018,16.718,0.011722
8.82,8.838,10.654,10.805,10.596,10.398,37.586,37.594,18.851,18.848,1.5527,1.5486,9.58,9.6047,3.1579e-07
2.346,2.2952,9.3392,9.8586,11.432,11.719,14.069,13.913,1.5851,1.6151,22.761,24.268,38.583,37.965,0.0086955
4.8144,4.7648,11.898,12.48,5.6383,5.7787,7.2428,7.0325,13.644,13.941,5.399,5.6835,1.423,1.4158,0.011684
11.728,11.713,4.7883,4.7276,1.567,1.5664,31.659,31.634,19.299,19.311,10.668,10.676,1.275,1.3023,9.8999e-06
2.5908,2.5393,2.1246,2.2422,8.2936,9.0172,1.7489,1.741,2.8972,2.9835,8.3605,8.9086,45.7,45.283,0.012029
8.0376,8.0338,14.76,14.872,9.797,9.9692,1.5156,1.5091,12.355,12.441,10.387,10.356,1.1744,1.1927,0.0011626
4.6451,4.6181,6.4211,6.6628,9.0134,8.7153,42.752,42.761,2.6555,2.6497,5.4665,5.4621,1.699,1.7257,0
11.821,11.796,7.5404,7.9192,10.657,11.094,9.9089,9.8038,8.4405,8.5979,21.109,20.695,1.9761,1.9696,0.009128
1.5869,1.6161,14.551,14.837,7.3444,6.9947,10.275,10.284,14.393,14.387,22.588,22.585,24.617,24.643,7.3429e-11
11.84,11.829,12.461,12.513,5.3763,5.2873,29.458,29.463,1.5936,1.5899,36.115,36.157,11.057,11.075,7.2965e-06
11.595,11.613,4.6931,4.9145,5.5667,5.3176,11.853,11.836,23.145,23.169,23.659,23.713,1.2268,1.2512,2.8988e-05
4.9772,4.946,7.7888,8.0986,10.163,9.8117,1.7173,1.7247,14.355,14.35,5.789,5.7844,62.988,63.011,2.9007e-08
5.2689,5.253,4.6344,4.9265,6.1979,6.4012,29.366,28.608,12.773,13.261,1.8837,2.0303,36.692,35.65,0.011783
12.811,12.818,12.415,12.7,2.4684,2.1933,23.715,23.72,6.3486,6.372,12.025,12.136,9.3145,9.3015,0.00028695
1.7527,1.7356,6.7391,6.6866,11.764,11.759,27.037,27.043,13.431,13.427,17.737,17.732,31.924,31.949,5.6005e-08
11.881,11.859,7.1,7.0386,16.21,16.206,45.446,45.453,23.574,23.569,5.9597,5.9542,1.1792,1.2061,1.3672e-08
11.075,11.112,4.9155,4.9559,18.431,18.36,1.3977,1.4049,6.5665,6.5637,26.772,26.749,55.164,55.108,7.0176e-06
13.554,13.556,1.9649,1.9237,6.7084,6.7,11.508,11.515,2.1878,2.1838,9.936,9.9395,23.921,23.939,1.8599e-06
11.145,11.138,7.3764,7.4212,16.653,16.611,1.3533,1.3585,2.1915,2.1885,1.9581,1.952,21.261,21.261,2.9013e-05
1.9476,1.9739,20.412,20.72,22.099,21.866,11.682,11.687,1.6402,1.6377,4.4574,4.4538,21.933,21.914,8.2793e-05
11.756,11.758,13.191,13.237,3.0204,2.9145,1.3952,1.4028,15.533,15.53,16.419,16.426,1.5734,1.5997,8.9301e-07
5.2884,5.2737,21.605,21.636,14.18,14.099,8.5079,8.513,3.3211,3.3165,18.646,18.651,2.3143,2.339,9.2177e-07
14.408,14.394,10.058,10.329,5.4525,5.123,9.4873,9.4951,9.5699,9.5649,11.401,11.399,30.838,30.863,2.9559e-08
2.0581,2.0201,11.903,12.012,2.1248,1.9972,26.483,26.429,12.298,12.326,21.812,21.929,12.698,12.693,9.6238e-05
4.153,4.1029,15.382,15.391,10.15,10.091,11.749,11.756,1.4397,1.4344,5.1105,5.1066,22.334,22.355,6.407e-06
6.0257,5.9967,8.7965,9.2428,2.5142,2.4042,14.405,13.993,17.331,17.884,6.0026,6.4124,30.775,29.874,0.01034
7.119,7.0903,9.5189,9.5683,6.626,6.5171,49.645,49.653,10.457,10.451,11.735,11.73,1.6326,1.6594,0
5.6036,5.595,2.4417,2.4406,1.5039,1.5129,1.3129,1.299,13.552,13.704,10.504,10.714,47.622,47.178,0.0012769
12.907,12.888,10.459,10.402,1.3361,1.3227,44.853,44.861,9.6369,9.6319,4.7382,4.7342,1.7041,1.7303,0
10.883,10.831,6.163,6.159,1.9698,1.9177,48.194,48.202,2.3526,2.347,13.865,13.861,11.872,11.899,0
11.891,11.929,7.0964,7.4238,3.1305,3.1416,38.143,37.824,11.935,12.289,1.9996,2.1078,8.6206,8.4023,0.010938
8.3283,8.3027,2.4579,2.4711,14.449,14.388,1.788,1.7957,5.9193,5.9159,1.4332,1.4294,35.202,35.218,1.1377e-06
9.6662,9.6806,6.9256,6.8591,4.8191,4.8327,10.315,10.323,5.7679,5.7636,6.3916,6.3869,63.861,63.89,6.4797e-07
13.305,13.226,10.943,11.143,5.598,5.3404,15.325,15.332,2.0006,1.9961,1.4086,1.4048,22.313,22.332,1.1859e-06
9.0077,9.0008,5.8794,6.2496,2.5197,2.4722,9.0512,8.7293,5.1924,5.3556,21.724,23.037,1.2103,1.2085,0.0097125
2.0909,2.0504,12.213,12.25,2.1802,2.1025,27.409,27.417,26.061,26.055,2.7614,2.7576,55.974,56.001,0
11.102,11.11,1.8312,1.8669,8.8282,9.274,20.794,20.547,13.624,13.974,12.584,12.708,9.5908,9.472,0.0090315
7.4566,7.414,10.331,10.602,5.815,5.5051,14.666,14.666,6.8743,6.8799,5.2894,5.2974,10.828,10.845,1.892e-05
12.546,12.491,14.296,14.492,18.649,18.387,23.908,23.914,1.6113,1.6066,10.874,10.871,24.191,24.217,2.7904e-08
17.309,17.281,10.985,11.01,10.214,10.16,1.9059,1.9127,10.302,10.303,16.214,16.241,1.7545,1.7797,7.5122e-06
4.5255,4.582,5.3208,5.2807,6.0329,6.02,24.913,24.907,10.108,10.109,6.2213,6.2281,2.6764,2.7006,8.2693e-06
3.3457,3.3016,6.7769,7.1555,2.8818,3.0412,22.972,22.061,7.1815,7.5157,4.2771,4.6742,8.9881,8.6244,0.022581
6.0295,6.0743,5.4523,5.481,3.4482,3.5739,9.487,9.3255,15.198,15.536,2.1669,2.3124,47.904,46.513,0.0091661
10.056,10.082,1.9971,2.2636,5.5337,5.2293,11.799,11.783,14.711,14.731,19.255,19.299,12.219,12.225,2.9249e-05
8.4205,8.431,10.161,10.158,1.4722,1.4764,8.3712,8.3553,6.1574,6.1861,13.224,13.372,45.984,45.825,0.00041138
1.9186,1.9021,5.218,5.3273,16.792,17.936,17.721,16.984,10.572,10.79,4.8458,5.1316,28.957,28.112,0.0091805
2.9534,2.9272,7.688,8.1944,6.1195,6.3641,9.6844,9.228,14.655,15.134,4.2079,4.169,9.1058,9.3569,0.020027
9.8515,9.8375,2.4131,2.7286,2.8814,2.777,7.9479,7.9364,4.7008,4.8771,5.4324,5.8373,1.7378,1.7292,0.011953
12.898,12.843,7.788,7.99,23.438,23.172,23.022,23.03,1.8252,1.82,11.54,11.535,24.225,24.252,2.7922e-08
5.4412,5.4531,1.9471,2.1432,2.4966,2.2408,38.887,38.895,13.798,13.793,24.818,24.813,24.573,24.6,0
1.9189,1.8931,5.0081,5.0555,5.2684,5.1672,1.355,1.3621,2.0476,2.0435,20.012,20.029,56.457,56.472,3.2422e-06
2.1296,2.1059,9.6331,9.848,5.8465,5.5842,19.444,19.452,9.981,9.9755,1.5299,1.5261,29.247,29.274,0
10.574,10.573,4.4924,4.8181,12.279,12.913,23.234,22.609,5.4432,5.59,8.4917,8.9983,1.3161,1.3105,0.0094303
18.643,18.632,7.698,7.6547,6.7121,6.7043,38.356,38.351,1.9888,1.9838,16.139,16.142,1.906,1.9316,7.4639e-07
12.349,12.302,12.653,12.983,9.6709,9.5076,1.2989,1.3011,9.6416,9.6854,19.495,19.816,1.8131,1.8322,0.00058862
1.8959,1.8681,10.761,11.072,20.099,19.748,1.611,1.6184,18.347,18.343,6.3444,6.3398,16.807,16.831,2.7064e-07
2.1333,2.1284,6.643,6.8963,8.1348,8.4864,22,21.477,4.8625,4.9578,16.337,17.105,55.506,54.395,0.0087036
5.1133,5.067,12.924,13.086,8.4602,8.4292,27.375,27.258,1.8428,1.8527,1.9409,1.9691,44.452,44.193,0.00070843
1.6541,1.6544,4.6512,4.6897,6.4538,6.4908,41.634,41.39,15.942,16.078,1.3711,1.3916,33.209,33.005,0.000662
11.797,11.762,6.9408,7.1559,14.388,14.134,1.8491,1.8565,10.642,10.639,1.5776,1.5728,34.092,34.111,6.07e-07
13.576,13.615,2.1109,2.3167,10.19,9.9303,15.318,15.327,6.3084,6.3033,16.965,16.967,1.7269,1.7522,2.1718e-07
5.558,5.5169,7.249,7.4374,2.1738,2.2586,14.342,13.865,15.347,15.811,9.1508,9.7665,10.704,10.427,0.0096964
2.3089,2.252,1.726,1.7459,1.9084,1.8511,1.5705,1.5762,14.88,14.9,20.944,21,53.629,53.58,2.9431e-05
16.025,16.057,2.2063,2.254,14.449,15.491,17.809,17.193,9.5877,9.7842,5.6886,6.0722,20.364,19.981,0.009569
6.5991,6.5934,7.2057,7.5202,12.107,13.181,7.5478,7.5254,5.7841,5.9052,5.0349,4.8588,2.5665,2.4902,0.021981
2.1539,2.1324,4.6583,4.7309,15.707,16.848,1.676,1.6432,14.787,15.218,1.7894,1.8125,39.465,38.399,0.0093364
11.001,10.949,4.1135,4.1247,1.9736,1.9111,11.49,11.497,2.2641,2.2595,20.572,20.58,36.404,36.421,1.0328e-06
2.6767,2.6277,2.2597,2.5523,9.3301,10.021,1.7447,1.7369,12.272,12.623,8.6033,9.185,44.716,44.211,0.012737
1.8669,1.8283,9.4393,9.4602,2.4364,2.3556,20.4,20.409,14.153,14.147,16.017,16.013,47.714,47.741,4.0152e-10
1.9806,1.9511,7.5525,7.5596,18.976,18.949,21.536,21.535,9.4938,9.4926,23.683,23.67,23.236,23.247,7.9094e-06
4.442,4.4124,7.284,7.282,5.3953,5.341,20.408,20.415,13.464,13.459,16.008,16.003,65.101,65.126,0
11.843,11.828,7.3159,7.2478,1.5199,1.5282,31.659,31.633,10.902,10.907,9.8152,9.8216,1.4779,1.5052,9.8993e-06
2.1046,2.0585,9.3321,9.5761,8.5092,8.9012,29.601,29.28,1.7743,1.8089,22.755,24.263,29.723,29.097,0.0086958
16.501,16.515,5.2322,5.5863,9.6309,10.353,1.6021,1.5423,20.52,21.026,11.065,11.847,1.9388,1.9006,0.013167
7.8296,7.7754,2.1314,2.3545,11.837,11.567,41.605,41.607,2.1122,2.1072,2.3956,2.3918,21.066,21.089,4.922e-07
18.767,18.747,4.6254,4.7364,9.1022,9.5865,1.715,1.7152,14.239,14.513,12.025,12.26,2.2787,2.2789,0.0090367
10.864,10.869,8.328,8.5961,8.9768,8.6537,35.099,35.108,2.7287,2.7231,5.6852,5.681,1.6983,1.7249,0
8.0869,8.0651,7.6549,8.0718,5.0486,5.5051,2.2821,2.1814,9.6456,9.9446,2.1955,2.4099,10.129,9.8801,0.020204
8.2885,8.2786,9.3948,9.786,13.415,14.092,1.3151,1.301,14.362,14.738,8.9864,9.0973,23.733,23.072,0.010952
6.9018,6.8945,8.4243,8.8809,2.1553,2.0728,1.9628,1.8853,6.4494,6.5911,10.137,10.747,17.112,16.613,0.011324
18.328,18.301,9.235,9.6295,5.3366,5.3233,23.327,23.19,6.0312,6.2109,2.1088,2.0384,1.6124,1.5367,0.011248
2.4499,2.4476,4.3067,4.5087,14.731,14.459,29.713,29.721,5.8067,5.8014,11.822,11.818,44.152,44.178,0
8.2426,8.2685,1.5725,1.7455,11.196,11.064,1.4526,1.4556,10.662,10.699,21.153,21.064,12.7,12.61,0.00026096
8.5644,8.5939,1.9157,2.2027,9.9995,10.238,9.5837,9.4359,4.7962,4.8953,5.019,5.0543,45.284,43.981,0.01196
13.426,13.406,6.965,7.3517,2.6756,2.5181,1.8229,1.7974,2.4333,2.4846,6.099,5.9924,29.04,28.218,0.010093
13.674,13.64,10.743,10.979,2.984,2.707,8.4499,8.4573,9.2788,9.2844,7.3304,7.3396,13.824,13.839,1.0847e-05
3.6935,3.6634,14.749,15.021,16.776,16.436,28.885,28.891,1.6594,1.654,8.7917,8.788,23.301,23.327,3.2294e-08
2.3957,2.3693,12.006,12.398,15.171,15.878,7.8449,7.615,5.5591,5.6615,5.5187,5.4996,38.651,37.829,0.009882
4.759,4.7574,2.2393,2.4354,2.0619,1.8001,45.221,45.229,2.0662,2.0611,15.441,15.436,43.872,43.898,0
7.1231,7.1192,6.0566,6.3955,5.4139,6.0276,7.347,7.0436,10.44,10.952,14.3,15.581,3.0968,2.9962,0.023403
8.4484,8.4689,2.1248,2.0547,18.805,18.842,19.236,19.226,17.713,17.718,1.4511,1.4457,1.3211,1.3456,5.7704e-06
8.2805,8.2422,8.0118,8.4577,2.8341,2.8695,6.8552,6.4796,4.9499,5.1404,12.08,11.639,21.007,20.349,0.021328
13.602,13.656,1.9651,1.9779,1.5195,1.4478,34.112,34.119,17.419,17.417,6.2963,6.2934,22.523,22.548,1.9173e-07
5.4619,5.5243,4.4055,4.4703,21.757,21.691,8.228,8.2303,9.2002,9.2036,5.919,5.9235,1.7356,1.7625,1.1326e-05
11.198,11.159,10.351,10.305,2.1591,2.1472,11.662,11.67,16.001,15.995,5.3669,5.3624,20.341,20.367,0
1.9447,2.0008,4.347,4.4141,14.188,14.105,8.3531,8.3546,8.912,8.9169,10.489,10.508,14.127,14.157,1.5312e-05
2.6028,2.5381,4.177,4.4835,9.1592,9.547,20.407,19.878,2.4391,2.4967,5.0854,4.9394,29.188,28.918,0.012021
2.0406,2.0302,7.2282,7.3852,9.2659,9.866,17.596,16.858,10.617,10.842,8.3765,8.8544,19.677,19.111,0.0091788
9.1022,9.0886,4.5393,4.6011,8.4458,8.9636,1.5391,1.5253,9.2808,9.5215,14.548,15.403,47.643,47.096,0.0092033
8.6456,8.5965,14.2,14.211,9.4191,9.3576,26.322,26.329,5.8729,5.8687,1.5141,1.5088,63.755,63.783,6.2674e-07
3.4721,3.5313,5.559,5.6996,3.1174,3.3758,1.987,1.8804,4.4362,4.6327,14.264,15.306,3.2501,3.1275,0.02256
8.5209,8.5001,2.2792,2.3618,13.753,13.611,17.38,17.387,6.4165,6.4119,21.194,21.19,23.875,23.901,2.9118e-08
5.768,5.7693,4.8165,4.7956,18.089,18.456,9.6611,9.6116,6.4027,6.4517,6.1244,6.1191,42.774,42.445,0.00095502
6.1293,6.1309,2.6541,2.7312,10.409,11.009,16.098,15.727,8.9108,9.1974,9.1302,9.0691,33.869,33.81,0.012794
2.8107,2.8644,3.4404,3.4982,5.5979,6.0023,8.4023,7.9104,11.367,11.761,5.623,6.0881,27.115,25.968,0.020968
12.427,12.4,7.5868,7.9692,8.3148,8.4709,1.571,1.555,10.536,10.745,19.511,19.106,11.68,11.517,0.0091521
10.314,10.269,4.9812,5.0305,14.446,14.359,1.4365,1.4439,10.033,10.034,10.135,10.142,56.16,56.174,3.257e-06
10.977,11.006,1.8794,1.9184,15.145,15.069,9.5629,9.5697,6.5097,6.5076,16.561,16.551,56.911,56.853,7.0622e-06
5.0897,5.0693,9.1676,9.3972,11.707,12.483,9.2164,9.1642,1.7374,1.7775,19.116,20.375,18.255,17.941,0.0079169
1.9174,1.9278,14.016,14.048,24.057,24.072,30.036,29.977,14.929,14.945,15.042,15.075,1.4731,1.4975,2.6772e-05
10.882,10.817,1.6935,1.8758,5.9989,5.8715,11.311,11.275,16.232,16.317,9.8994,9.8332,39.724,39.559,0.00070605
12.335,12.365,1.8795,1.9286,15.456,16.324,8.7997,8.5302,19.136,19.627,12.935,13.062,9.4345,9.2683,0.0090215
11.163,11.134,4.5943,4.6113,6.1171,6.0507,1.6255,1.6333,2.51,2.5059,15.222,15.227,47.967,47.98,1.0327e-06
6.1193,6.0672,1.8265,2.1134,6.3144,6.5363,26.581,26.347,2.3037,2.3597,11.233,10.987,37.804,37.447,0.012026
2.1751,2.1326,4.5708,4.5734,8.9223,8.8772,18.808,18.811,22.585,22.592,5.4242,5.4171,22.077,22.104,5.7729e-06
14.619,14.651,10.647,10.615,1.5842,1.5707,1.5929,1.6007,10.191,10.188,6.2873,6.2817,42.565,42.584,1.2888e-06
10.788,10.775,6.9805,7.3605,2.651,2.505,1.6433,1.6194,2.616,2.6754,13.342,13.108,47.776,46.37,0.01065
2.3029,2.3097,7.6794,7.9815,14.12,13.817,1.648,1.6529,15.07,15.087,25.882,25.852,34.178,34.186,2.9461e-05
8.806,8.7851,2.3821,2.5823,10.903,10.648,27.046,27.045,6.1517,6.1493,12.642,12.654,32.964,32.955,5.1617e-06
5.7017,5.6969,2.3456,2.3122,1.5459,1.5833,1.3513,1.3476,14.368,14.529,10.572,10.784,25.394,25.167,0.0012878
12.018,12.032,3.5342,3.893,5.0207,4.6168,1.6542,1.6632,14.903,14.913,5.5465,5.5575,1.2961,1.3211,1.4987e-05
8.7425,8.7635,2.0201,1.9538,14.974,15.01,10.843,10.839,5.5767,5.5756,1.4982,1.4926,1.5134,1.5375,7.5448e-06
4.7704,4.7288,9.3193,9.7781,20.683,21.71,1.3114,1.2974,15.432,15.843,9.2576,9.096,11.07,10.732,0.010947
2.1431,2.0792,9.5064,9.4668,4.9755,4.986,1.4126,1.4198,5.7981,5.7991,25.682,25.69,1.5078,1.5328,1.9462e-05
3.5137,3.479,7.9068,8.4873,8.2156,8.7587,9.582,9.0345,14.035,14.596,6.7951,6.7218,8.0282,8.1649,0.03012
8.6401,8.672,4.1055,4.4361,7.6918,7.8034,17.194,16.923,4.7916,4.8592,12.1,12.191,27.527,26.708,0.011962
5.5833,5.5631,4.8505,4.8479,10.712,10.658,38.044,38.051,9.8969,9.8916,20.646,20.641,14.066,14.092,0
6.5974,6.542,11.934,11.961,4.9776,4.9227,22.11,22.109,4.7759,4.7764,15.391,15.429,21.937,21.944,2.8342e-05
8.574,8.56,12.573,12.645,5.3067,5.185,1.3383,1.3461,13.396,13.398,30.769,30.789,11.978,12.001,2.1954e-06
1.7699,1.7618,2.0896,2.078,14.217,14.501,10.313,10.314,16.658,16.805,6.3369,6.3317,13.957,13.956,0.00095702
1.6733,1.6717,7.5958,7.7068,5.7761,5.7488,41.816,41.558,12.245,12.337,1.5129,1.5331,33.173,32.97,0.00066226
2.0505,2.0198,4.4875,4.5495,14.482,15.513,1.6265,1.596,17.582,18.083,8.0528,8.1686,40.006,38.95,0.0088722
12.024,12.071,1.8912,2.1249,15.717,15.439,1.3201,1.3266,13.13,13.13,27.279,27.255,55.116,55.06,7.0163e-06
5.8996,5.864,13.256,13.619,10.573,11.343,11.116,10.847,5.8644,6.0366,5.9374,5.9458,1.5337,1.5303,0.011297
2.1267,2.096,4.7099,4.9948,9.4646,9.9289,37.232,36.274,9.9982,10.379,1.8468,1.9901,35.029,34.111,0.011784
11.813,11.989,7.2485,7.2391,5.5148,5.757,21.253,21.008,13.983,14.329,16.036,16.297,1.6476,1.6483,0.0090291
8.1646,8.1422,5.0689,5.124,5.071,4.9648,1.7454,1.7528,13.25,13.251,22.169,22.182,58.406,58.41,2.5084e-06
14.563,14.543,7.4977,7.8617,7.524,7.6221,23.395,23.083,6.0732,6.2539,2.2172,2.1448,1.5904,1.5165,0.011134
17.907,17.883,9.4292,9.7411,5.3234,5.511,23.451,23.296,8.6292,8.9208,6.2647,6.0926,1.7815,1.754,0.011252
2.2193,2.195,7.8634,7.7954,4.5687,4.5929,31.43,31.373,16.462,16.485,10.581,10.607,1.3714,1.3989,4.0385e-05
2.2092,2.1635,7.3929,7.6406,2.9888,3.0768,2.7213,2.655,16.448,16.819,4.8468,5.0886,2.4138,2.3691,0.0098075
5.583,5.5906,8.5178,8.5041,1.931,1.9163,11.048,11.028,16.055,16.084,6.6071,6.6007,9.3681,9.3804,8.8511e-05
13.435,13.42,9.1038,9.5868,5.249,5.1969,1.7668,1.7374,5.3569,5.4774,11.58,11.431,19.783,19.321,0.010093
2.0464,2.049,2.1851,2.4309,3.4394,3.366,22.202,21.792,12.536,12.757,20.243,20.181,19.954,19.45,0.0085118
5.4663,5.4356,9.3413,9.6725,12.885,12.883,1.596,1.5903,13.704,13.82,5.0536,5.006,32.882,32.801,0.0011219
7.1683,7.1522,9.6516,9.6543,1.9858,1.9884,34.504,34.433,1.4722,1.4766,28.148,28.389,10.77,10.746,0.00041611
2.9245,2.8867,4.7235,4.7046,15.317,15.281,9.5436,9.5516,13.91,13.905,32.149,32.144,13.12,13.147,0
2.0904,2.0751,2.1808,2.2581,5.5513,5.8126,7.5878,7.4426,5.3783,5.5302,17.006,17.694,27.792,27.035,0.0095494
13.731,13.79,2.3909,2.4106,1.6153,1.5379,34.019,34.028,9.4167,9.4116,6.234,6.2291,12.785,12.811,1.917e-07
9.8766,9.8658,5.174,5.496,2.9316,2.8234,1.9681,1.9641,11.387,11.673,20.623,21.967,38.901,37.932,0.008992
12.547,12.528,9.1222,9.701,8.7064,8.8737,17.753,17.217,8.9665,9.2971,2.1143,2.2221,1.8074,1.7194,0.011243
13.426,13.575,6.867,7.1559,8.4071,8.6641,1.8179,1.7843,2.3613,2.4113,6.5344,6.4202,18.739,18.218,0.010092
3.1954,3.1488,2.5555,2.7549,7.819,8.7306,12.958,12.435,3.38,3.5224,10.639,11.587,27.262,26.114,0.020689
2.558,2.5323,4.5542,4.8957,6.882,7.125,23.38,22.747,12.764,13.28,2.0766,2.2105,28.058,27.267,0.011783
5.3322,5.3373,3.9621,4.2929,10.133,10.38,9.4099,9.2598,4.6633,4.7822,4.935,4.9693,37.954,36.866,0.011934
9.691,9.6669,2.2779,2.3925,2.0227,2.0813,28.078,27.273,8.4302,8.7074,5.7869,6.1196,20.899,20.295,0.01034
5.4697,5.4482,2.0652,2.1215,12,12.837,1.6921,1.6596,8.3915,8.6334,6.061,6.1502,29.832,29.032,0.0093343
21.487,21.462,4.1997,4.5419,13.11,13.548,1.6704,1.6585,8.1553,8.3061,15.503,15.802,18.309,18.133,0.0087232
7.0983,7.1133,21.782,21.763,6.7879,6.754,33.714,33.711,3.4723,3.4679,18.897,18.902,13.648,13.669,9.2184e-07
2.7888,2.753,8.5051,8.9613,2.6996,2.6064,24.472,23.729,14.45,14.935,1.481,1.5845,35.652,34.553,0.011484
17.752,17.724,6.7751,7.0227,6.1721,5.9947,1.5413,1.5407,19.958,20.05,12.944,12.93,11.788,11.721,0.00072074
11.818,11.893,5.7919,5.8171,3.9548,3.8963,1.6498,1.6525,9.0075,9.0216,10.496,10.535,13.339,13.342,4.5444e-05
3.6193,3.5753,5.3416,5.566,3.154,3.363,2.1868,2.0819,8.5436,8.9464,8.5066,9.3519,56.295,55.29,0.020299
9.4774,9.4294,14.602,14.762,1.665,1.554,36.506,36.21,2.5357,2.5448,18.066,17.948,1.5822,1.5963,0.00069951
2.2495,2.2442,6.819,6.9601,10.108,10.724,9.2581,9.0413,4.8259,4.9566,11.518,12.058,58.411,57.233,0.008701
1.6529,1.6835,10.232,10.332,13.585,13.738,19.745,19.732,5.4444,5.4706,5.5988,5.6045,1.8027,1.8019,0.00072273
13.432,13.387,4.876,5.1676,9.6788,9.401,35.679,35.673,8.7616,8.7796,10.652,10.698,1.4213,1.4454,8.2576e-05
18.038,17.978,2.8231,3.1027,7.094,6.7776,1.6097,1.6162,12.388,12.394,1.8224,1.8225,13.763,13.78,1.5135e-05
4.7148,4.6531,4.7648,4.7554,1.9995,1.9442,47.804,47.812,6.8923,6.8871,9.9239,9.9195,11.813,11.84,0
12.356,12.376,2.5771,2.9285,8.68,9.5373,2.5827,2.399,12.134,12.691,8.8096,9.4597,10.973,10.558,0.021223
11.126,11.124,7.9304,7.9699,20.718,20.701,1.6538,1.6577,2.1237,2.1218,1.568,1.562,33.112,33.096,2.9006e-05
11.3,11.321,18.56,18.528,1.9726,1.9537,10.275,10.281,5.1665,5.165,2.1073,2.1042,34.039,34.056,2.196e-06
7.2998,7.2657,8.1696,8.1354,1.7067,1.7145,9.276,9.2796,12.45,12.476,9.8038,9.7819,45.831,45.731,0.000134
5.2984,5.2731,7.8959,8.1729,6.7609,7.0637,9.8512,9.6673,15.808,16.209,7.7789,7.7326,16.967,17.269,0.0090075
7.572,7.5349,7.7003,7.9709,4.406,4.1961,2.1224,2.1221,1.6061,1.6124,28.321,28.931,20.911,20.541,0.0010835
2.5485,2.4923,4.1061,4.4203,12.274,13.05,20.595,20.054,2.8116,2.8799,8.9411,8.7697,38.321,37.246,0.012023
12.104,12.051,4.3047,4.383,14.934,14.797,28.547,28.553,1.8018,1.7967,20.031,20.031,2.2578,2.2834,8.3851e-08
2.1447,2.2009,5.2022,5.278,20.388,20.277,7.43,7.4322,11.264,11.265,15.581,15.569,24.799,24.802,3.3964e-06
14.726,14.73,10.922,10.94,1.7948,1.7253,42.136,42.121,19.239,19.239,14.426,14.433,1.4965,1.5227,1.9818e-06
2.4864,2.4393,8.04,8.5066,2.5154,2.4009,21.553,21.402,2.8,2.8679,12.124,12.115,17.642,17.423,0.01274
2.022,2.0069,2.9133,3.1972,12.04,11.696,10.221,10.227,1.976,1.9712,9.8519,9.846,42.913,42.94,6.1047e-07
2.1537,2.1375,8.5824,8.8441,14.207,13.889,1.5469,1.554,14.874,14.871,14.056,14.05,23.997,24.021,6.0989e-07
5.1612,5.1447,15.547,15.584,14.35,14.269,25.067,25.065,8.0121,8.0083,14.496,14.499,14.077,14.099,9.2222e-07
8.8424,8.7927,4.6244,4.5664,15.391,15.426,1.5099,1.5155,2.2789,2.2753,9.8885,9.8991,47.285,47.275,7.5316e-06
3.7714,3.7902,4.7105,4.6308,2.0948,2.1104,24.603,24.604,21.169,21.176,1.4697,1.464,13.035,13.065,5.7806e-06
13.935,13.956,2.039,2.1148,8.3708,9.006,29.498,28.65,11.984,12.38,5.7758,6.1074,20.14,19.558,0.010335
11.404,11.412,7.0204,6.9561,15.592,15.594,20.892,20.9,17.078,17.073,11.798,11.794,43.762,43.787,0
14.131,14.106,9.9895,10.46,3.0281,2.9616,6.7724,6.7724,8.1239,8.442,5.8323,6.1795,1.6039,1.5805,0.010827
7.2478,7.2324,4.7822,4.7578,1.4366,1.3959,10.636,10.643,1.5122,1.507,1.458,1.4544,12.551,12.575,7.1901e-07
14.378,14.358,4.0171,4.0574,18.194,18.089,28.08,28.088,10.369,10.363,6.941,6.9367,14.222,14.25,0
1.8484,1.8045,9.7486,9.8571,6.7344,6.7493,10.683,10.591,17.941,18.058,5.4098,5.3587,45.054,44.972,0.00069286
4.6454,4.645,10.162,10.365,11.631,11.382,8.4707,8.4769,13.166,13.164,23.005,23.012,1.7458,1.7721,8.4417e-07
7.6607,7.6224,10.315,10.358,8.0378,8.0979,10.348,10.342,13.105,13.171,1.7291,1.717,23.354,23.247,0.00062952
11.249,11.27,2.1584,2.0904,9.6182,9.65,19.248,19.238,16.466,16.47,1.4517,1.447,17.124,17.14,5.7785e-06
11.32,11.308,10.124,10.096,1.4437,1.4318,1.6599,1.6673,14.141,14.148,11.233,11.22,30.263,30.266,1.7275e-05
6.0352,6.0742,9.1295,9.1681,2.5225,2.5959,16.944,16.643,8.7273,8.9188,2.0125,2.1473,37.483,36.397,0.009162
2.0048,1.9779,5.1289,5.067,22.519,22.566,11.133,11.137,9.7059,9.7066,14.746,14.736,44.658,44.656,7.9097e-06
4.7666,4.7369,5.0586,5.3496,9.7767,10.865,1.8867,1.8357,19.901,20.621,8.9845,9.6862,27.187,27.932,0.020639
8.2994,8.2937,9.3791,9.4586,9.7426,9.9304,28.712,28.691,1.7758,1.7887,25.058,25.437,10.387,10.327,0.00096065
13.686,13.698,2.1362,2.3648,2.546,2.2673,8.4224,8.4257,9.3049,9.3079,16.199,16.232,43.27,43.266,1.0848e-05
4.6289,4.6673,12.509,12.519,6.5724,6.6681,20.351,20.349,1.492,1.496,10.036,9.985,1.9045,1.9032,0.0007224
14.834,14.829,3.8816,4.1615,15.649,16.357,1.7406,1.7013,5.4246,5.5198,16.539,16.268,9.9393,9.6896,0.0095357
15.491,15.479,4.6473,5.1076,3.2798,3.107,15.052,14.963,7.3601,7.5436,1.9349,2.0877,2.0261,2.0137,0.011249
12.141,12.115,7.3549,7.4251,10.352,10.937,9.7715,9.68,5.798,5.8925,17.246,16.829,1.7895,1.7308,0.0091248
14.434,14.431,18.636,18.673,10.899,10.811,8.6724,8.6776,5.6491,5.6453,18.538,18.54,2.1911,2.2163,8.0801e-07
2.3469,2.2759,2.3571,2.3697,1.8019,1.7316,20.836,20.845,11.138,11.132,20.847,20.843,1.6355,1.6653,0
7.6739,7.6366,9.0115,9.3758,2.8728,2.8667,6.7322,6.5659,8.1868,8.566,9.3798,8.9094,30.599,29.693,0.01869
1.8146,1.7744,4.5536,4.5147,6.3006,6.299,10.489,10.491,9.8783,9.8763,22.428,22.446,35.674,35.689,2.2154e-06
10.023,10.046,2.2727,2.6272,8.9915,9.3136,2.2993,2.2559,5.946,6.1045,16.932,16.449,19.577,18.95,0.012796
1.9464,1.902,13.249,13.375,18.531,18.37,18.892,18.893,5.471,5.4676,19.685,19.691,43.798,43.814,1.2247e-06
12.303,12.259,2.6753,2.8703,2.3166,2.0571,18.688,18.694,12.921,12.926,10.815,10.828,20.696,20.711,7.5813e-06
4.914,4.8902,12.444,12.547,6.4859,6.5413,1.4328,1.43,5.3677,5.4045,6.9029,7.0152,33.524,32.95,0.0010987
7.8391,7.8617,7.1445,7.4009,14.421,14.382,1.4295,1.4291,12.899,12.968,5.1743,5.1324,1.3027,1.3195,0.00057379
10.27,10.285,7.9198,8.0205,5.1431,5.2998,1.4866,1.4402,10.592,10.794,5.4799,5.2688,38.612,38.366,0.0095313
4.4163,4.4008,2.0309,1.9777,18.247,18.25,46.213,46.212,10.546,10.542,6.4741,6.4728,21.277,21.303,4.5224e-07
7.817,7.8156,9.1768,9.1535,10.051,10.204,9.6522,9.6173,1.8052,1.8104,14.347,14.259,1.3951,1.4106,0.00073792
7.1376,7.0849,4.4335,4.7034,11.177,11.036,30.323,30.197,1.9408,1.9473,2.3019,2.3272,20.362,20.283,0.00043556
7.3456,7.3703,4.5236,4.513,2.0593,2.0242,25.166,25.166,17.643,17.662,10.955,10.99,21.426,21.447,2.8885e-05
8.2101,8.1468,4.9108,5.2019,11.205,11.154,1.6972,1.69,13.379,13.486,2.1393,2.1734,31.143,30.891,0.0011405
1.9252,1.9207,7.6178,7.6492,18.263,18.668,37.387,36.921,13.94,14.021,6.4798,6.5702,22.418,22.263,0.00086195
1.5917,1.6192,13.934,14.117,7.2822,7.0336,2.6342,2.6431,14.759,14.753,11.924,11.92,13.372,13.399,7.3428e-11
2.1546,2.1452,9.3187,9.6091,5.854,6.044,22.007,21.514,4.9847,5.0766,9.8149,9.9338,36.8,35.978,0.00873
4.9249,4.8741,12.636,12.8,4.7556,4.6683,28.608,28.471,5.6295,5.6695,6.257,6.3567,44.289,44.116,0.00070847
9.0592,9.0389,2.4773,2.8263,4.9748,5.3052,2.071,1.9504,2.5882,2.6784,11.735,12.841,45.958,45.472,0.020265
23.06,23.084,6.7168,7.0269,6.9451,7.4406,8.8233,8.8038,10.794,11.198,4.8388,5.2165,17.667,16.041,0.02526
4.0991,4.1202,5.3598,5.4938,10.062,9.8832,3.405,3.4126,2.1623,2.1571,5.9931,5.9908,21.452,21.477,4.3895e-07
3.1246,3.0837,6.1243,6.6039,7.0553,7.7519,20.928,19.651,12.07,12.664,3.5601,3.8329,40.376,39.63,0.02386
1.7706,1.7589,9.037,9.0297,16.647,16.618,1.3393,1.3476,5.7711,5.7665,15.746,15.748,2.0176,2.0444,5.103e-07
5.5633,5.5934,1.5823,1.5862,7.9908,7.9981,1.8335,1.8348,13.114,13.16,16.338,16.267,10.568,10.498,0.00026092
12.4,12.374,3.4686,3.8737,2.924,2.8031,6.8058,6.4626,5.0694,5.2648,12.532,12.075,21.078,20.417,0.021334
3.9747,4.01,13.992,14.271,14.351,14.021,18.341,18.348,23.673,23.673,5.868,5.8655,3.2682,3.2952,1.1679e-06
2.0699,2.0388,6.7964,6.9145,13.66,14.543,1.7151,1.6819,14.629,15.055,6.5209,6.617,39.813,38.89,0.0093363
1.6278,1.6397,7.3059,7.3578,6.2698,6.3006,42.492,42.477,8.6722,8.7312,5.3022,5.3951,44.689,44.385,0.00066207
10.221,10.203,4.4368,4.6852,2.6754,2.3788,25.519,25.524,6.5641,6.5634,11.399,11.415,32.086,32.092,8.863e-06
