41.913,41.902,32.038,31.925,28.661,28.8,4.2257,3.6911,34.007,71.703,83.672,51.135,19.218,19.786,0.76661
28.304,28.267,29.577,29.849,64.808,19.832,152.79,139.31,70.95,25.277,78.752,80.207,1.366,1.4145,0.75943
67.147,67.465,13.71,26.726,61.1,22.668,77.745,63.887,65.682,70.815,75.169,49.06,2.2006,2.1905,0.73404
15.862,16.123,14.376,29.432,58.628,61.619,24.241,20.95,70.889,40.964,50.113,51.25,40.21,41.454,0.74641
48.57,48.522,34.052,34.163,16.085,60.754,118.91,102.72,69.361,39.252,51.455,80.85,1.8891,1.9587,0.74714
66.669,66.941,14.996,26.925,61.937,27.478,89.34,75.034,66.85,71.511,49.246,49.806,18.962,18.737,0.73375
56.327,56.375,28.549,16.735,51.522,26.353,113.15,102.89,73.286,38.635,75.213,49.606,40.271,42.594,0.74814
18.267,18.339,32.606,18.426,19.838,54.392,5.5545,4.6394,64.809,68.126,44.88,78.794,49.739,49.856,0.74605
41.671,41.661,21.834,10.858,45.878,15.957,42.568,35.617,59.044,59.513,57.572,59.617,34.71,35.481,0.52547
90.883,91.341,14.23,27.754,69.901,72.015,81.062,74.144,26.43,71.766,75.273,48.191,2.7386,2.8798,0.73494
39.072,39.124,34.832,34.369,59.587,61.136,131.74,131.09,4.2267,76.931,74.015,77.207,46.312,48.698,0.74963
59.236,59.209,28.745,28.874,62.11,64.56,129.26,128.59,3.9147,70.924,80.927,80.61,28.25,29.564,0.74339
29.372,29.756,21.2,32.151,28.384,55.894,3.3744,3.1061,37.749,34.733,76.579,79.824,19.058,19.933,0.74909
78.612,78.751,26.099,9.6154,64.963,63.865,120.95,109.36,31.299,69.193,75.604,51.015,11.393,12.102,0.72986
18.432,18.461,25.526,25.252,20.316,60.122,105.21,96.102,31.555,70.57,51.744,80.772,49.256,50.17,0.73495
52.186,52.196,29.755,16.221,28.926,22.153,29.81,26.237,74.998,66.003,80.511,79.482,40.272,42.318,0.75604
72.652,72.707,34.085,9.6195,61.543,63.008,26.251,23.785,27.399,66.847,76.792,78.238,11.553,12.27,0.72996
10.8,10.8,36.452,36.126,24.357,29.508,86.145,76.667,74.171,74.16,43.932,76.634,10.71,11.157,0.75062
23.102,23.214,12.851,27.486,70.073,65.339,21.84,22.029,71.15,39.416,51.162,48.595,1.5947,1.6957,0.74515
26.845,27.018,11.58,27.169,65.003,60.06,38.845,39.214,70.686,36.09,78.652,50.065,1.7583,1.8653,0.74522
9.0445,9.3808,7.2621,22.491,58.648,56.327,5.1407,4.2257,72.343,64.901,75.199,48.22,30.26,30.345,0.74823
15.826,16.211,4.84,17.183,36.574,49.326,102.05,86.855,53.448,52.472,60.638,61.514,22.017,22.598,0.52363
18.067,18.152,28.249,6.231,61.492,63.776,111.22,91.684,72.448,69.399,45.586,74.88,38.144,39.37,0.7334
61.705,62.133,15.725,26.328,52.58,25.606,38.048,32.932,64.478,70.231,51.677,48.404,38.069,39.662,0.73161
17.764,17.699,30.346,10.938,24.343,58.347,70.043,72.036,68.789,73.37,52.499,76.661,30.063,31.618,0.75727
11.041,11.25,13.707,29.561,31.079,68.112,66.033,55.274,72.004,71.993,73.727,42.633,47.705,49.176,0.74452
17.868,18.136,12.603,23.63,62.874,26.871,48.007,41.804,73.543,72.941,79.042,50.468,1.909,2.0023,0.75225
38.672,39.022,7.6527,24.753,65.156,64.401,6.5047,5.7955,74.771,42.43,80.965,78.574,2.0915,2.2028,0.74594
20.563,20.714,9.7943,29.061,65.673,66.403,16.181,14.714,63.555,64.934,80.144,35.677,11.01,11.769,0.74705
14.091,14.052,20.791,19.2,14.817,37.92,44.308,41.371,32.449,33.696,35.278,35.262,19.591,20.295,0.2406
36.517,37.237,32.869,37.826,26.588,67.906,28.526,26.291,36.341,34.872,82.286,81.27,51.198,51.069,0.74709
7.2996,7.2928,11.612,25.989,24.775,58.878,93.317,82.446,70.573,75.204,49.099,77.342,30.001,31.672,0.75709
8.4068,8.5018,17.689,27.846,61.056,26.012,84.694,72.68,69.122,69.714,50.791,47.982,47.728,46.791,0.74304
12.645,12.618,22.784,24.041,48.496,48.319,37.347,37.342,47.639,16.227,57.411,29.194,28.396,28.633,0.5059
19.685,19.651,20.683,20.606,41.698,41.513,45.722,45.581,33.36,14.548,25.553,35.146,23.347,23.584,0.24274
6.9638,7.0237,10.339,27.974,55.132,64.524,38.974,33.924,24.49,72.547,78.802,78.798,1.8511,1.8862,0.74157
24.623,24.597,31.776,30.876,64.015,24.191,4.6253,4.0095,33.575,71.514,47.764,82.595,38.465,39.257,0.73883
13.629,13.587,33.206,34.199,15.66,58.192,6.1167,5.4797,32.112,75.419,82.313,80.967,41.743,38.885,0.74512
37.408,37.499,32.063,30.931,60.121,8.5522,24.294,21.64,73.606,73.689,53.584,81.599,39.817,39.936,0.73449
54.339,54.326,27.68,29.15,4.3925,55.929,105.08,90.42,75.15,71.804,79.256,78.473,43.533,43.068,0.72227
34.905,35.149,13.728,30.262,64.565,65.541,3.6366,3.4144,31.704,77.292,50.514,48.865,17.983,19.126,0.74574
44.015,44.049,34.946,14.613,56.875,31.967,6.7005,6.0187,70.426,67.475,52.687,46.216,45.546,47.63,0.74551
31.236,31.228,24.197,14.615,17.517,41.117,21.085,17.912,51.656,53.377,37.05,57.438,35.002,35.651,0.51131
19.765,19.749,34.148,32.48,60.483,18.681,8.4711,7.2879,26.866,71.391,79.503,77.417,28.561,29.518,0.74395
25.406,25.367,21.532,21.746,41.636,40.668,46.837,46.687,33.338,13.838,35.167,27.302,23.395,23.635,0.24241
17.948,17.997,29.517,30.005,11.318,52.372,90.468,81.438,63.135,33.589,79.388,77.904,42.686,44.873,0.74447
27.464,27.475,31.736,31.797,5.3771,63.013,23.68,23.599,73.8,73.803,78.739,78.17,1.6006,1.7002,0.74525
17.619,17.791,32.758,35.128,60.999,14.87,5.7739,4.8851,73.931,34.717,78.889,79.231,41.138,38.896,0.7449
37.246,37.636,7.5847,16.149,42.501,43.24,22.788,21.035,42.77,26.156,45.11,46.626,15.087,15.513,0.3606
49.543,49.576,29.763,15.421,72.688,32.412,47.582,43.033,69.582,30.827,79.279,79.233,9.6056,9.7608,0.74567
65.369,65.352,32.599,2.5593,68.432,67.856,29.161,25.668,72.589,72.469,80.19,77.905,12.174,12.139,0.74456
62.933,62.872,32.353,32.426,65.621,8.0682,17.787,18.112,71.63,73.344,55.931,81.113,22.193,21.899,0.75342
53.008,53.422,9.3119,26.54,64.453,62.168,8.4639,7.0788,74.572,36.462,79.912,79.312,40.835,42.701,0.74484
16.863,16.981,11.595,25.904,62.743,64.183,38.059,34.643,71.022,32.477,52.801,77.912,1.7567,1.8237,0.74513
19.308,19.276,28.511,10.121,22.68,61.709,117.47,98.324,71.583,68.039,78.031,76.317,1.5804,1.9357,0.73694
25.048,25.005,25.688,25.053,48.236,12.213,86.163,77.725,55.278,54.976,54.044,35.826,34.997,35.983,0.50325
55.779,56.168,10.967,16.364,41.432,43.994,22.815,21.647,22.236,25.086,43.781,45.23,15.581,16.014,0.34675
28.677,28.991,14.102,35.351,65.1,61.874,167.1,156.35,36.707,32.931,81.011,76.576,9.338,9.4063,0.74645
47.624,47.582,21.79,20.826,15.916,47.185,87.425,79.075,53.261,26.607,57.184,57.168,27.434,28.254,0.49988
66.507,66.467,27.827,25.947,72.145,72.884,28.607,28.33,10.135,75.222,78.447,50.613,9.9776,10.425,0.73936
37.545,37.571,33.15,2.6708,63.26,68.585,112.93,94.457,70.505,73.296,81.173,81.142,2.336,2.2154,0.74568
7.8412,7.8579,12.192,19.665,47.628,22.098,86.557,73.729,51.231,51.28,37.391,57.482,34.107,33.516,0.51486
50.628,51.4,6.1105,22.916,63.377,66.172,111.49,99.544,70.693,40.792,75.547,78.359,38.432,40.44,0.74347
43.936,44.16,14.113,28.105,70.813,27.037,7.8813,6.5338,64.912,66.431,50.133,75.61,32.494,32.518,0.74826
26.424,26.433,22.722,12.604,21.34,49.561,5.0353,4.2359,48.616,47.141,57.774,40.645,4.5396,4.7478,0.50384
39.394,39.45,32.961,33.784,60.786,3.8746,116.48,105.33,73.427,72.06,80.243,82.855,18.719,19.217,0.74819
15.558,15.51,25.018,25.142,43.784,12.064,102.79,93.089,51.977,52.797,56.957,38.676,16.081,15.929,0.50591
53.224,53.281,31.042,16.229,59.82,35.844,111.3,100.65,74.338,74.53,50.487,37.38,19.765,20.685,0.74757
37.171,37.15,29.512,29.83,9.4563,64.42,48.483,43.242,74.91,75.357,50.441,80.531,18.856,19.573,0.72407
104.86,104.83,32.691,32.968,59.088,58.674,28.445,28.215,4.0478,68.544,78.119,75.414,1.8468,1.8607,0.74348
20.168,20.147,33.879,33.475,13.43,58.519,22.597,20.354,68.686,72.544,54.437,43.931,50.705,49.964,0.74405
7.8769,7.842,19.011,30.895,43.138,16.347,31.299,31.705,65.29,71.021,78.619,77.401,20.293,21.344,0.74121
67.194,68.178,5.7364,26.025,63.564,66.606,89.025,78.394,70.119,66.09,81.335,53.475,13.568,13.622,0.74609
86.718,86.757,27.785,16.888,34.864,62.944,41.158,37.861,32.841,70.814,79.348,48.091,9.7384,10.113,0.74991
50.35,50.43,29.34,16.177,25.347,66.018,84.607,76.273,74.08,36.898,78.832,82.3,27.682,28.664,0.75533
28.116,28.214,12.801,26.077,67.933,20.979,116.68,103.69,62.829,67.759,78.354,77.567,21.047,21.716,0.745
56.194,56.238,4.5872,29.466,63.576,64.207,30.41,27.526,78.672,78.5,77.588,51.471,11.042,11.537,0.74679
10.35,10.312,29.738,29.798,32.175,29.605,80.106,68.201,73.683,74.575,49.192,44.362,20.999,21.749,0.7425
17.515,17.733,18.152,28.954,24.797,56.697,28.369,25.466,71.654,38.211,50.643,76.27,39.295,38.691,0.75079
50.117,50.183,30.126,13.321,67.309,24.396,25.615,23.958,70.565,70.644,78.144,51.403,9.6546,9.8178,0.74563
75.489,75.522,36.137,36.39,69.157,68.712,61.497,61.442,9.5502,76.344,79.84,52.228,29.384,30.268,0.7464
29.628,29.692,31.132,21.661,28.571,59.594,3.7479,3.4425,38.856,33.785,76.65,79.898,37.442,39.153,0.7492
18.748,18.781,32.809,33.066,31.291,24.33,89.292,81.154,64.812,37.223,80.623,49.566,27.797,29.229,0.74634
79.03,79.048,30.369,30.526,59.824,59.527,17.634,17.635,29.261,36.608,47.614,53.527,11.655,11.86,0.74666
26.825,26.834,27.352,27.492,51.383,51.191,103.36,103.36,13.441,67.966,41.371,80.717,20.391,20.016,0.73052
66.266,66.331,18.755,24.969,56.789,28.406,47.461,42.093,67.877,40.675,52.191,49.906,19.384,19.766,0.73244
45.821,45.906,28.179,9.8681,22.518,60.691,39.247,34.801,70.458,73.302,77.113,77.094,16.826,17.932,0.75025
52.796,52.752,24.311,24.422,29.264,24.074,90.553,81.754,54.716,53.063,35.387,58.862,10.393,10.334,0.52064
69.225,69.203,29.152,9.1124,64.867,62.528,112.71,102.01,29.86,66.843,79.806,79.411,1.9558,2.0815,0.74198
80.985,80.939,30.068,4.656,71.343,73.04,48.276,43.329,73.624,71.488,77.709,50.539,25.512,26.626,0.73917
37.147,37.128,37.524,37.768,28.797,19.185,84.381,75.136,73.698,76.777,78.603,51.291,2.6757,2.6999,0.74493
25.223,25.184,22.275,22.494,36.064,35.713,44.458,44.449,32.425,12.496,35.433,34.695,17.592,19.823,0.24273
31.367,31.33,22.331,22.341,46.988,17.849,75.506,69.551,50.134,23.11,57.908,58.786,10.497,10.93,0.51782
16.725,16.865,31.134,15.41,61.442,70.035,58.273,51.721,27.392,72.2,47.92,81.755,2.3081,2.3462,0.74158
59.898,59.854,30.413,30.521,57.912,61.203,102.27,101.21,17.492,40.486,51.175,81.75,11.578,12.128,0.74711
19.186,19.147,30.301,30.484,66.086,65.641,125.44,125.38,72.308,5.2847,74.792,72.476,25.2,31.357,0.7462
59.889,60.538,18.193,32.296,59.738,35.072,16.369,15.603,75.514,33.813,79.279,53.049,19.883,20.696,0.74674
39.348,39.381,33.371,15.811,59.635,15.049,81.341,70.167,71.516,71.37,79.655,79.068,49.967,50.108,0.74574
47.629,47.801,12.467,27.136,66.629,21.854,46.893,41.138,71.097,71.278,80.907,80.761,20.885,21.676,0.73787
58.119,58.163,30.037,15.32,59.95,18.387,61.304,53.464,71.977,71.841,83.645,54.94,47.493,47.628,0.74538
60.286,61.192,4.5883,22.786,60.814,61.444,6.7739,5.9451,66.849,69.77,79.122,76.83,11.16,11.672,0.72926
17.625,17.64,28.536,16.013,63.92,63.431,40.269,35.802,34.7,33.653,81.401,81.392,2.1137,2.1097,0.74167
67.4,68.012,19.407,27.093,33.406,20.593,61.613,53.648,68.099,67.724,52.166,82.485,12.259,12.72,0.74498
61.862,61.906,29.281,32.997,62.383,5.6819,31.526,27.729,71.104,71.213,79.539,78.567,9.6724,11.092,0.73009
8.3216,8.3971,6.5574,20.406,58.792,57.591,6.1184,5.0894,71.794,64.398,77.418,49.849,48.878,48.912,0.74819
15.436,15.562,9.1849,29.033,60.387,62.367,49.251,41.678,69.09,65.715,47.845,49.544,11.824,11.615,0.73731
26.382,26.45,31.291,17.447,64.155,67.023,25.934,23.251,38.612,29.409,49.865,73.108,39.051,39.07,0.74636
34.521,34.492,36.483,36.681,58.991,58.697,67.727,67.714,57.61,8.6143,79.396,51.576,31.652,32.767,0.7289
16.627,16.687,29.557,16.474,60.147,19.261,5.4749,4.5615,73.651,73.494,78.991,50.474,27.831,27.925,0.74537
40.135,40.084,38.593,38.828,72.238,25.23,28.253,26.005,37.685,38.577,82.26,82.255,39.095,41.678,0.74598
62.927,63.108,27.083,4.9366,56.871,64.612,87.404,72.992,79.463,78.75,51.095,77.999,20.956,21.75,0.74748
75.477,75.436,33.098,33.311,25.294,23.172,64.304,54.264,71.77,73.517,46.795,75.613,12.007,12.574,0.74701
63.365,64.036,14.374,32.091,17.499,59.709,27.223,23.907,74.328,76.201,77.371,79.09,30.007,31.777,0.75949
19.833,19.988,16.037,32.716,38.741,27.977,3.789,3.1383,67.49,70.641,80.066,78.802,2.3022,2.4636,0.7452
56.675,57.18,9.9736,28.701,65.149,61.408,30.114,27.239,26.839,67.804,79.288,82.562,20.177,21.153,0.7366
42.616,42.648,34.909,12.396,57.288,29.162,6.4066,5.5979,70.748,66.361,49.103,78.3,37.515,39.079,0.74558
31.228,31.216,23.495,11.448,49.711,19.221,73.048,65.433,50.154,51.872,59.877,59.873,16.571,16.397,0.50972
60.259,60.25,19.18,9.7651,50.672,49.546,117.05,108.96,30.175,28.436,59.033,59.66,11.033,11.503,0.52863
30.277,30.231,29.646,29.437,59.996,17.155,48.397,42.27,70.181,40.408,77.518,49.185,32.969,40.2,0.73687
40.11,40.168,29.899,16.376,70.728,34.593,67.133,57.479,28.59,72.5,75.24,76.765,32.376,32.28,0.74827
21.84,22.127,5.283,19.986,40.81,45.536,20.661,18.579,49.757,49.452,56.065,57.71,28.767,29.001,0.4918
31.853,31.87,22.39,11.952,49.75,22.09,6.9424,5.8283,52.736,52.489,55.342,38.834,10.07,10.545,0.50369
8.1285,8.0996,31.146,4.9338,56.362,62.863,41.262,37.151,67.968,71.319,46.139,76.125,27.796,29.314,0.74541
39.613,39.571,34.012,7.7559,63.171,61.92,6.7794,6.1982,71.294,68.307,53.199,46.665,44.525,46.796,0.74511
36.671,36.675,32.782,32.832,31.46,24.737,67.311,55.965,67.427,69.513,48.708,78.192,38.469,40.868,0.74245
16.001,15.963,21.349,9.0017,21.681,50.15,103.77,92.433,53.508,51.149,55.556,54.526,4.0458,4.8168,0.50573
28.521,28.49,30.441,12.475,67.199,20.745,77.586,68.607,65.019,70.121,79.72,79.505,20.651,21.308,0.74515
25.574,25.636,27.64,6.371,60.892,63.092,69.065,57.476,69.745,67.206,45.054,76.023,11.783,11.679,0.73727
14.353,14.317,21.275,21.443,50.351,50.121,75.602,75.609,56.957,17.899,57.864,30.054,8.7091,10.525,0.5298
8.1578,8.2115,7.9103,25.433,55.6,57.989,51.348,46.016,70.663,36.983,77.074,76.046,36.403,38.275,0.74071
15.548,15.512,26.32,14.444,55.049,52.893,47.683,47.993,31.724,50.565,39.717,30.9,21.877,22.749,0.53005
6.144,6.1658,33.038,9.9933,60.815,23.706,7.0865,6.1825,69.917,67.829,75.577,74.892,10.723,11.206,0.74516
8.7227,8.8273,8.2314,24.91,53.824,65.26,68.217,69.266,70.998,73.096,41.085,76.151,35.337,37.154,0.7406
32.819,32.796,32.426,6.3085,63.254,65.114,41.404,37.316,66.761,69.672,53.839,53.728,21.152,22.307,0.74548
69.576,69.612,28.055,29.564,63.034,63.38,103.42,102.14,9.4692,67.614,51.237,81.792,11.296,11.623,0.74735
21.985,21.947,32.907,20.605,38.772,26.563,123.84,110.06,71.363,73.57,76.28,46.331,45.649,47.057,0.7392
47.059,47.045,20.678,22.424,56.229,24.769,4.8922,4.4847,21.293,55.22,55.082,56.631,14.518,15.313,0.51788
39.388,39.409,29.495,31.345,72.455,20.91,5.6904,4.8694,73.698,29.523,81.498,80.24,13.413,13.45,0.74252
37.313,37.339,28.063,14.244,18.922,58.655,35.68,36.402,71.54,73.751,53.057,76.609,1.0614,1.3388,0.74199
48.302,48.326,29.331,15.687,15.537,59.022,59.659,51.535,71.458,71.354,78.46,79.586,37.84,39,0.74342
64.255,64.654,19.648,31.483,58.369,33.57,115.18,105.4,71.022,31.861,80.264,52.364,21.169,21.92,0.76358
25.756,25.697,29.642,8.9056,63.362,62.166,6.0775,5.5605,27.624,70.878,81.206,79.42,19.037,20.009,0.74641
8.5475,8.5202,35.128,35.282,68.517,21.975,22.171,22.09,74.088,38.206,48.882,75.39,9.4235,9.9262,0.7452
15.627,15.591,20.705,8.3139,34.234,34.643,24.858,22.996,31.73,32.015,34.78,34.791,21.076,23.081,0.23437
15.641,15.589,21.286,21.459,46.466,46.231,27.267,27.275,33.925,15.779,26.783,28.718,14.109,13.929,0.26714
29.477,29.671,4.9406,34.34,56.981,56.744,5.2581,4.3229,67.979,70.918,52.703,76.852,39.171,39.745,0.7452
7.0428,7.2001,9.0015,29.136,61.072,63.128,91.587,76.776,71.755,67.853,48.046,49.061,36.844,37.691,0.73344
8.9049,8.9652,15.133,27.332,56.128,22.671,66.745,59.871,71.177,71.259,46.237,75.988,30.409,29.818,0.75225
13.251,13.306,36.693,36.414,37.317,66.712,104.93,98.357,38.84,39.264,49.788,49.544,18.944,19.685,0.74326
18.197,18.226,31.82,28.924,63.631,54.069,70.625,68.679,71.154,10.936,49.064,75.921,28.214,29.538,0.74655
23.715,23.663,31.026,31.139,63.294,17.79,39.542,34.05,68.402,39.433,78.855,48.762,22.011,22.573,0.74585
30.949,31.12,18.123,30.315,58.67,18.394,48.262,42.618,65.85,66.605,80.535,53.07,30.385,30.375,0.76205
17.074,17.097,36.595,9.2675,60.115,57.494,5.2641,4.4413,72.843,32.561,76.894,76.396,12.811,12.855,0.74817
59.412,59.354,35.806,35.594,32.031,30.416,24.854,22.606,73.145,41.96,74.681,42.041,19.997,20.929,0.74881
36.151,36.544,8.6884,32.022,64.428,60.601,126.67,116.74,29.577,70.248,81.844,81.809,2.0237,2.0534,0.73775
17.818,17.866,30.429,30.734,25.789,22.525,71.269,64.155,63.214,33.62,80.055,80.051,42.675,44.861,0.74441
17.668,17.658,26.531,11.484,54.614,53.129,29.828,27.454,49.083,25.42,40.652,58.955,4.1807,4.3003,0.50758
22.726,22.697,21.48,8.7392,49.558,55.033,85.364,78.172,24.026,57.567,59.225,59.207,17.958,17.6,0.52285
19.905,20.013,25.843,28.462,59.42,25.277,53.419,50.977,67.665,39.961,51.088,47.506,20.638,21.55,0.75227
17.855,18.052,10.662,25.609,62.319,63.464,23.306,23.561,27.648,70.796,74.945,78.224,26.98,28.372,0.74073
48.645,49.568,7.0434,21.975,67.928,69.842,58.427,59.336,75.124,74.367,47.66,51.401,17.287,17.852,0.7444
9.6841,9.8703,14.339,31.664,70.493,72.254,109.21,96.226,37.709,38.583,78.151,48.441,31.806,31.517,0.74055
45.262,45.338,20.095,29.212,33.238,60.46,56.413,54.139,68.851,41.129,50.305,48.322,37.995,38.746,0.74281
46.121,46.225,15.881,28.327,59.254,57.542,65.09,65.715,36.139,30.404,81.054,79.959,12.109,12.118,0.74631
39.088,39.289,20.488,20.976,19.362,47.225,94.841,86.781,23.35,50.3,56.989,56.973,18.785,19.489,0.4999
8.3124,8.3076,17.143,27.985,30.947,64.512,17.902,15.575,23.262,68.897,78.135,77.138,19.276,19.467,0.74158
34.632,34.653,29.586,29.475,30.416,34.547,27.896,25.24,68.101,38.887,77.093,48.718,32.735,40.249,0.73694
17.425,17.387,29.251,29.478,26.069,66.113,19.087,17.65,34.362,74.487,43.448,78.125,26.69,27.693,0.74802
28.426,28.438,30.361,14.298,59.398,15.006,20.902,18.048,70.748,70.63,82.529,81.873,39.187,39.301,0.74545
24.524,24.53,24.837,4.9201,42.735,46.519,35.962,30.055,51.991,53.125,55.829,56.584,34.15,36.169,0.50876
27.463,27.377,30.098,10.708,60.592,59.795,6.0797,5.6033,33.08,70.272,79.511,47.381,19.16,20.138,0.74667
48.847,48.91,30.49,30.713,61.532,25.087,88.238,80.457,35.222,38.939,76.683,71.53,38.911,40.121,0.74618
8.2965,8.4142,12.417,22.795,70.966,70.597,59.276,53.528,31.284,68.011,82.07,51.356,9.534,9.7953,0.7455
73.667,73.726,32.567,34.858,32.166,30.477,90.036,83.061,22.239,67.249,80.163,77.383,2.0679,2.1745,0.74336
37.121,37.174,32.766,2.6069,63.044,62.273,18.783,16.492,66.148,69.245,81.258,81.245,40.334,39.811,0.74514
12.652,12.787,14.742,27.732,71.046,68.486,40.895,41.709,33.027,73.789,44.76,79.598,21.12,21.871,0.73764
30.044,30.075,37.327,37.349,60.068,15.703,40.557,36.241,68.44,40.473,52.621,76.78,49.576,50.235,0.74661
41.462,41.433,27.135,25.111,46.23,17.453,17.037,15.484,54.057,28.223,56.08,57.657,17.374,18.099,0.51873
27.332,27.4,16.42,30.1,23.644,54.186,4.6415,3.8982,68.254,69.631,49.377,53.267,30.838,31.552,0.75946
17.899,17.846,32.447,5.3331,55.445,60.511,63.874,54.303,64.4,68.287,79.229,52.133,37.185,39.647,0.72714
37.109,37.168,32.69,32.976,17.603,68.234,37.035,31.183,75.507,42.687,79.473,53.291,2.5824,2.6763,0.74754
34.967,34.988,33.093,18.882,65.693,32.033,5.6239,4.8347,28.179,63.798,73.454,74.956,30.064,31.501,0.74845
73.038,74.057,7.5635,21.77,63.338,60.834,125.26,112.85,71.78,33.639,76.735,79.55,10.649,11.214,0.74038
6.3534,6.4174,12.794,30.533,66.538,68.516,101.95,88.892,24.583,71.168,78.306,73.277,21.156,20.797,0.74672
21.298,21.218,34.105,32.435,56.543,7.6879,40.445,36.217,72.633,71.802,50.421,79.299,20.656,21.402,0.74685
63.138,63.16,33.158,20.863,30.065,20.744,67.577,68.838,72.698,72.848,76.605,77.736,1.4426,1.4985,0.7391
23.334,23.306,32.373,32.529,33.782,22.56,7.293,6.1694,66.367,67.749,55.517,51.43,21.699,21.888,0.74717
18.354,18.534,12.93,30.94,56.501,31.415,5.1053,4.3573,69.82,72.653,42.736,78.343,2.2852,2.4581,0.7452
17.397,17.391,24.011,6.1828,48.48,47.027,14.292,12.602,54.401,54.316,61.109,41.947,3.0712,3.2312,0.51956
56.675,56.756,31.104,32.506,4.9986,65.405,5.5133,4.8396,67.333,69.361,78.841,76.556,26.77,28.292,0.72925
34.869,34.862,35.822,15.705,59.664,62.777,22.787,21.118,24.257,70.159,48.605,75.78,35.785,37.467,0.7457
51.633,51.575,32.217,31.464,64.549,14.317,66.877,60.478,69.152,37.123,81.394,81.39,9.8465,10.27,0.74117
15.263,16.64,15.078,25.549,17.381,60.391,25.746,22.526,74.669,69.672,75.325,77.809,26.41,27.227,0.74576
28.321,28.642,28.893,31.371,66.087,66.324,48.651,48.072,12.775,74.578,44.187,73.986,2.2801,2.3819,0.72407
22.255,22.305,29.691,32.858,73.601,29.252,93.173,85.662,36.229,37.616,73.942,77.732,19.682,20.198,0.74068
7.4266,7.4256,30.07,3.2332,67.694,69.376,73.802,68.999,67.469,69.776,77.282,72.666,26.754,28.074,0.74613
16.76,16.763,28.364,15.864,24.931,65.279,19.365,17.512,63.308,70.121,48.228,50.076,20.071,21.014,0.74525
27.984,27.99,28.322,28.461,49.374,46.542,103.07,99.977,72.394,6.4976,78.788,77.964,2.2117,2.3325,0.74541
77.048,77.374,15.126,27.317,63.418,61.621,151.53,140.74,36.903,31.061,83.047,81.793,11.443,11.961,0.74637
17.461,17.42,32.859,27.824,65.401,12.085,90.261,80.057,73.939,70.42,45.346,74.398,44.609,46.039,0.73372
37.479,37.507,28.302,17.577,28.808,57.652,89.245,90.604,32.672,71.494,53.93,77.869,1.0401,1.3128,0.74188
57.028,57.02,37,37.174,59.715,12.467,94.918,85.258,35.093,68.85,77.169,78.099,19.067,18.742,0.74826
7.308,7.2656,31.679,31.515,25.251,22.329,105.62,94.575,75.358,72.899,76.888,73.77,37.612,39.724,0.74275
36.923,36.923,32.052,32.152,11.036,63.981,86.397,71.836,67.18,69.267,48.288,75.996,38.481,40.881,0.74252
28.254,28.544,13.418,25.773,64.084,17.909,44.552,39.501,59.958,63.508,71.433,75.122,42.392,42.544,0.73804
63.688,63.675,35.866,17.666,61.498,33.359,114.17,103.77,69.681,35.306,78.599,51.278,20.998,21.743,0.76363
7.8004,7.7475,28.116,28.8,8.8316,57.761,25.849,23.196,73.901,66.29,78.243,50.386,49.73,49.594,0.74759
18.932,18.913,24.561,25.079,47.54,47.26,68.744,68.504,51.011,8.1018,55.494,57.203,29.776,30.596,0.50711
77.158,77.167,32.69,28.941,65.439,30.96,91.659,85.17,38.426,36.561,50.759,80.994,20.319,21.241,0.7508
18.272,18.357,34.085,36.722,59.503,18.16,23.941,21.846,28.05,63.009,75.86,78.673,2.0785,2.075,0.74692
68.932,69.393,13.057,24.019,25.825,64.254,81.608,71.084,69.025,68.644,51.549,81.479,12.026,12.478,0.74513
18.291,18.264,31.557,31.63,34.75,32.15,6.4257,5.943,32.533,70.931,43.028,77.85,12.623,13.074,0.74826
17.457,17.528,34.716,36.724,54.182,16.412,69.728,63.917,28.56,69.357,81.316,81.007,20.786,21.691,0.74686
25.672,25.826,12.832,21.195,54.012,57.07,5.7518,5.182,30.074,68.117,46.105,75.712,38.353,39.783,0.73241
18.753,18.904,13.631,24.487,60.487,21.025,109.03,97.581,72.25,68.178,79.04,51.413,37.181,38.3,0.74829
37.609,37.587,33.171,10.27,56.211,60.928,69.984,63.914,27.568,69.888,75.651,76.355,21.29,22.423,0.74344
84.134,84.098,30.502,30.733,61.911,61.544,41.065,40.848,16.235,32.53,77.835,78.642,1.9085,1.886,0.74344
34.765,34.729,33.773,34.246,62.254,4.1711,47.278,42.022,70.065,72.253,79.962,79.958,28.162,27.628,0.74162
54.428,54.942,16.046,31.859,22.247,61.307,27.288,24.194,69.191,70.656,79.511,50.188,37.597,39.801,0.7424
86.787,86.759,30.967,31.61,33.886,32.412,70.195,62.891,25.494,72.58,79.979,77.201,22.52,22.477,0.75329
74.335,74.328,27.838,23.858,68.423,25.748,73.786,63.175,32.269,64.126,52.08,82.875,12.303,12.881,0.74811
7.4782,7.4345,24.774,24.864,46.299,14.256,22.163,19.777,50.683,27.023,57.603,57.825,28.07,27.566,0.51168
18.75,18.732,30.844,12.218,29.511,67.439,82.043,83.27,67.381,69.521,75.533,49.539,34.935,36.681,0.74062
16.511,16.643,19.418,27.79,39.579,31.248,26.974,24.841,24.094,69.991,77.919,75.155,16.182,16.304,0.72065
28.773,28.739,32.037,15.997,69.664,30.061,118.03,107.18,63.839,67.929,79.812,36.891,28.6,29.552,0.75932
28.118,28.359,13.616,28.003,21.414,63.131,36.943,32.787,69.381,71.525,52.982,77.658,1.2331,1.5534,0.74194
23.316,23.29,24.216,4.1587,52.898,53.72,81.426,72.895,52.941,54.471,58.118,58.114,12.063,12.418,0.5073
30.245,30.346,34.594,36.511,53.716,25.294,24.934,23.232,37.157,27.533,77.394,79.986,10.489,10.589,0.74676
29.955,29.917,31.453,30.268,68.923,24.927,89.192,81.69,73.122,41.716,49.861,48.506,41.558,41.928,0.75641
51.404,51.526,32.064,35.36,67.174,55.997,30.615,29.764,70.749,6.5674,76.985,76.045,9.7511,11.183,0.73025
16.935,16.882,33.101,19.098,40.996,28.504,21.758,20.122,68.01,70.517,44.095,76.404,17.339,18.214,0.73684
16.871,17.065,7.4292,23.835,61.939,64.181,106.92,88.957,71.306,68.741,45.061,79.178,11.777,11.686,0.73705
14.377,14.425,32.989,33.108,62.772,24.914,101.93,90.556,32.403,69.033,45.758,78.958,18.245,19.096,0.73406
7.3177,7.4298,18.793,31.828,35.492,61.276,111.18,102.71,30.039,67.829,76.965,50.129,21.542,21.31,0.74061
41.515,41.569,28.038,7.1072,62.135,63.937,87.847,74.822,77.382,77.371,55.737,50.036,39.32,41.346,0.75635
30.829,30.768,34.111,34.593,35.542,36.635,23.066,23.153,71.969,36.36,44.829,79.663,2.4638,2.5447,0.74662
46.444,46.898,15.18,25.13,23.591,64.009,28.236,23.304,69.478,71.225,52.854,77.701,41.419,46.672,0.73961
49.98,49.963,32.952,4.9342,66.354,63.995,6.4844,5.7545,66.318,64.801,49.575,75.71,45.967,48.288,0.72909
37.678,37.631,32.288,32.523,60.041,59.753,48.809,48.817,3.942,69.965,79.865,76.629,12.13,12.222,0.74407
34.372,34.349,28.969,29.572,30.618,65.19,61.673,57.679,34.912,35.178,74.666,78.782,12.279,12.751,0.74322
14.728,14.757,33.171,35.704,18.217,60.473,73.056,73.935,71.927,28.784,77.185,78.799,19.188,20.008,0.74065
14.37,14.417,33.036,33.155,24.736,67.203,83.796,74.337,33.55,70.032,45.142,77.066,18.487,19.349,0.73399
27.805,30.16,17.554,32.28,22.621,57.235,80.057,72.96,69.851,36.318,82.757,79.471,15.237,19.021,0.74185
17.127,17.222,10.419,24.995,55.905,54.758,7.9606,6.7605,72.618,70.923,48.14,49.186,38.862,38.897,0.74827
54.607,54.873,26.233,33.518,44.029,38.107,62.434,58.138,40.616,33.261,74.711,47.944,8.3089,8.5586,0.73937
61.079,61.012,32.156,31.989,68.367,22.504,83.188,78.798,33.609,74.168,53.56,82.821,38.566,39.591,0.74719
19.838,19.85,31.23,16.037,65.917,64.361,23.421,21.606,38.871,33.587,82.87,53.367,2.7211,2.8722,0.74716
36.318,36.405,30.532,14.772,67.456,69.548,30.088,26.525,66.291,33.263,52.425,42.059,21.746,22.879,0.74897
16.618,16.593,33.016,33.283,27.398,23.745,6.1844,5.6062,68.327,71.824,44.944,79.38,21.714,22.475,0.74826
16.718,16.827,17.812,27.174,53.726,30.79,6.3134,5.8804,32.468,71.016,43.297,78.337,21.623,22.383,0.74834
10.446,10.418,33.237,33.323,65.792,9.4628,47.65,42.215,70.981,74.425,83.347,51.628,2.491,2.6249,0.74501
25.15,25.194,30.324,29.687,63.826,63.722,95.142,94.679,4.3289,71.038,77.183,73.857,29.259,29.466,0.72835
8.6307,8.7243,14.986,27.487,67.366,67.002,115.39,104.19,30.9,67.929,82.622,51.57,10.617,10.459,0.75469
34.674,34.669,33.333,29.607,62.881,62.943,106.4,104.66,4.7986,71.057,82.49,82.538,10.637,10.519,0.74477
29.044,29.041,32.432,32.583,71.025,22.07,27.118,24.498,74.135,38.103,49.017,77.392,27.038,28.78,0.74526
55.132,55.214,29.918,33.426,64.968,9.4584,51.35,45.536,70.791,70.889,77.49,51.671,10.978,11.582,0.72315
27.273,27.262,30.766,30.74,66.128,5.6061,117.25,101.41,72.908,72.896,76.886,74.546,33.65,41.872,0.74626
26.013,26.049,29.131,29.896,28.216,20.61,48.122,43.121,64.127,34.162,77.483,77.571,17.002,17.884,0.73953
7.8866,7.9421,33.067,2.2002,58.725,58.829,30.248,26.373,70.841,70.492,75.995,75.306,9.9826,10.484,0.74513
28.522,28.513,22.658,23.545,23.77,18.194,86.055,76.596,51.632,51.309,58.981,58.394,17.087,17.043,0.52065
39.972,39.97,32.321,30.411,66.404,66.516,23.56,23.332,23.594,39.423,45.196,76.122,2.1762,2.2801,0.74875
38.963,38.915,31.139,31.329,71.096,74.36,86.739,86.232,21.039,35.618,78.665,50.337,18.871,19.683,0.74417
38.062,38.509,11.766,33.284,20.36,55.944,117.46,103.86,73.544,68.968,73.816,72.143,20.982,21.209,0.74646
30.121,30.151,36.06,21.625,29.688,67.81,25.236,22.786,71.851,29.44,82.91,84.094,21.162,21.944,0.78014
38.233,38.22,35.453,35.553,67.111,13.135,85.906,76.506,70.496,68.737,53.025,52.48,35.443,36.485,0.74316
22.562,22.521,31.299,16.76,68.156,31.906,138.15,126.26,27.024,67.051,76.832,75.269,37.587,38.826,0.74058
25.666,25.772,15.225,29.928,56.464,60.699,63.91,57.436,25.448,69.058,78.731,51.805,37.189,39.651,0.72716
38.948,38.958,32.324,34.423,48.454,8.0762,46.694,41.412,70.733,70.833,79.902,52.909,28.632,29.853,0.72308
75.957,75.905,31.817,32.147,55.47,58.308,27.705,27.532,14.615,70.891,43.012,80.015,18.853,19.036,0.7406
18.004,18.004,33.828,31.896,22.113,70.116,5.3791,4.8081,73.625,35.502,83.164,52.035,27.024,27.599,0.74556
58.863,58.928,30.595,4.4917,58.862,63.439,60.985,53.28,68.178,67.243,82.138,54.013,40.368,46.649,0.74536
46.84,46.83,32.917,31.088,22.544,27.043,44.907,39.758,70.992,72.665,78.785,48.947,21.449,22.02,0.75633
19.539,19.553,28.197,17.504,27.565,64.771,39.094,35.011,72.846,33.639,78.134,78.125,1.8629,1.8607,0.74169
8.9553,9.0301,32.495,33.27,17.17,62.894,46.281,41.542,69.807,37.226,50.971,76.763,39.446,38.841,0.7508
72.469,72.686,24.835,28.158,65.363,27.717,123.99,107.48,36.811,32.531,76.748,79.556,10.659,11.009,0.74008
49.391,49.861,12.255,26.542,23.952,61.245,60.104,52.696,69.777,71.246,78.835,78.096,11.802,11.989,0.74481
18.77,18.908,19.324,28.878,55.511,24.023,107.15,98.048,65.738,37.131,79.69,52.563,26.197,26.904,0.74632
7.3147,7.399,23.439,33.181,39.205,61.953,109.01,102.25,38.078,35.58,77.11,50.651,22.373,22.156,0.74047
65.317,65.347,31.288,31.256,65.447,8.4325,84.809,73.978,75.868,72.582,82.317,54.063,47.687,47.822,0.74539
29.029,29.063,34.715,34.133,25.28,63.947,124.07,116.06,37.413,34.034,81.715,77.242,9.1613,9.2263,0.74658
24.116,24.081,20.195,10.233,51.014,24.121,59.603,54.486,49.132,51.106,37.174,58.856,12.195,12.121,0.50937
11.381,11.449,27.348,18.507,63.906,31.532,4.0476,3.5741,75.18,38.783,44.511,80.157,11.393,11.853,0.73021
62.389,62.469,30.02,14.342,66.756,68.74,31.399,27.449,37.647,65.664,48.141,48.469,2.0323,2.1437,0.74445
7.6808,7.6359,21.883,21.951,46.834,43.747,22.173,21.958,14.747,26.102,57.913,56.27,28.038,27.534,0.51366
43.208,43.248,31.129,9.0527,64.094,64.569,30.446,28.015,77.269,42.899,79.062,49.667,11.389,11.85,0.74699
72.159,72.121,28.717,26.74,67.424,67.827,29.16,28.766,4.7784,75.661,79.028,73.717,19.42,19.948,0.74628
47.286,47.501,19.491,30.388,32.711,21.408,28.262,24.446,71.925,66.165,78.043,79.68,30.441,30.842,0.7434
26.248,26.298,31.481,21.776,72.802,44.182,24.335,21.646,36.12,26.547,71.277,72.791,39.098,39.117,0.74834
35.526,35.663,14.911,31.373,21.249,57.664,27.908,24.426,72.5,72.466,54.095,78.263,23.103,28.925,0.74332
12.785,12.792,34.25,33.652,7.6141,58.12,25.11,22.313,71.346,77.553,51.575,73.996,40.189,41.423,0.74712
83.664,83.642,34.813,35.315,59.35,58.832,90.524,89.967,4.0209,67.895,80.601,77.803,2.1504,2.1741,0.74336
35.585,35.599,36.727,36.679,37.199,40.448,9.7618,9.0161,38.553,39.928,79.69,50.348,24.629,30.234,0.73691
22.528,22.548,36.027,35.326,60.162,60.068,25.472,25.361,71.413,10.514,47.249,76.928,50.342,51.574,0.75193
7.9272,7.9869,33.445,17.683,38.05,68.552,63.723,58.29,74.337,35.13,77.047,50.539,25.925,26.758,0.74066
55.083,56.089,2.5102,28.797,57.7,58.495,64.319,56.66,75.038,76.99,75.459,77.204,20.494,21.574,0.74931
27.376,27.708,5.5991,24.476,57.989,59.846,86.228,77.209,69.699,65.659,78.403,49.968,27.234,27.768,0.74753
37.065,37.092,24.929,28.146,13.009,62.432,153.77,131.15,67.859,36.77,79.322,81.366,18.085,18.589,0.74342
61.461,61.867,12.868,18.823,25.776,50.158,86.26,78.935,53.229,54.171,56.587,28.643,22.626,23.8,0.49782
28.118,28.048,33.707,33.924,62.599,62.325,68.644,68.65,72.534,4.3738,78.366,75.892,27.405,28.422,0.72423
16.092,16.058,25.078,22.602,50.693,9.143,67.587,60.684,52.636,53.087,57.906,56.238,16.353,16.199,0.50603
19.938,20.003,29.328,9.3729,68.016,71.279,66.899,57.274,28.813,73.079,74.448,75.927,39.89,39.78,0.74875
16.788,17.084,4.4682,24.908,52.673,58.696,47.749,39.689,63.896,66.587,80.257,76.553,27.815,29.663,0.72935
46.182,46.189,22.993,25.072,53.408,10.191,30.135,26.504,50.925,50.951,58.161,57.525,11.63,13.13,0.50388
16.552,16.651,15.677,22.658,61.307,32.573,107.45,99.749,28.483,65.705,84.049,53.497,27.674,28.511,0.74831
16.846,17.017,10.88,28.945,62.252,63.725,26.674,24.308,71.298,33.018,52.343,76.826,23.447,26.47,0.73961
7.7715,7.7221,28.101,28.785,8.7008,57.191,25.481,22.864,75.294,67.533,82.055,50.424,29.526,29.453,0.74754
49.765,50.334,9.034,34.146,64.295,62.73,6.1847,5.6219,40.838,74.068,51.974,79.269,46.49,46.92,0.74824
14.623,14.679,32.926,36.964,4.5264,52.551,56.183,56.503,72.211,72.495,79.08,80.737,20.134,20.094,0.75087
66.125,66.167,30.922,18.62,27.325,55.222,28.279,25.723,29.082,76.15,76.916,78.462,29.633,31.183,0.74386
74.111,74.241,25.828,28.425,20.107,63.156,38.385,34.574,28.161,69.253,76.16,77.991,11.721,12.046,0.74481
41.486,41.476,33.407,34.14,61.921,24.639,16.307,14.272,26.455,66.559,79.481,49.124,41.556,40.843,0.74651
67.221,67.271,33.68,34.113,9.8369,60.808,6.5808,5.4345,69.587,71.195,78.074,49.018,35.691,37.133,0.74601
15.059,15.081,35.951,36.379,60.113,17.473,79.621,79.959,71.034,28.57,79.182,81.707,19.686,20.374,0.75099
62.359,63.287,5.3258,31.497,61.934,57.687,27.29,24.213,69.442,70.906,79.9,49.668,28.253,29.912,0.74234
65.769,65.737,26.995,27.203,63.193,67.209,26.521,26.311,4.742,64.17,78.857,79.584,36.983,36.894,0.74347
37.714,37.802,28.688,30.647,56.313,20.629,60.217,54.938,34.502,71.092,73.873,47.033,20.105,19.917,0.70642
15.567,15.681,33.561,34.745,28.874,67.589,36.598,33.299,35.216,76.991,54.921,51.387,19.271,20.345,0.74499
29.844,29.964,21.615,32.124,63.356,41.778,7.4632,7.1807,34.639,32.311,78.398,80.826,17.35,18.141,0.74659
67.204,67.297,22.2,33.378,34.609,28.808,83.288,74.903,75.505,35.622,73.741,75.22,8.1509,8.3967,0.73935
23.846,23.862,35.874,35.445,61.93,61.744,26.807,26.698,70.415,15.226,50.667,50.865,38.026,38.864,0.75178
26.958,27.057,30.948,17.016,67.369,69.108,8.6096,8.0409,40.059,30.507,52.245,79.399,21.593,22.627,0.74661
16.884,16.856,29.165,16.326,24.99,65.253,39.802,36.003,65.248,70.346,48.438,50.292,38.034,39.743,0.7461
20.974,21.04,32.462,12.716,62.574,60.666,56.01,48.751,31.059,73.762,77.046,47.567,38.659,37.841,0.74444
31.991,32,34.992,21.089,31.18,67.607,22.264,19.955,68.308,36.475,46.336,80.09,2.9307,3.0245,0.72717
8.7107,8.7457,27.572,28.806,62.439,13.495,23.44,21.233,75.222,75.21,50.038,47.652,28.785,29.467,0.74536
8.7311,8.7907,33.588,30.421,27.608,69.64,96.385,92.092,36.017,68.32,46.383,48.166,26.522,27.837,0.74609
54.229,54.575,15.305,22.574,22.976,44.132,22.111,20.115,54.309,55.273,54.827,28.162,28.923,30.137,0.49783
26.866,26.804,31.523,31.711,59.865,60.586,26.051,25.667,10.526,72.137,50.018,75.965,19.03,19.631,0.72389
68.987,68.973,26.976,23.624,67.212,32.288,70.92,66.229,40.413,37.987,48.39,79.013,2.3536,2.4669,0.74635
40.024,39.987,35.793,35.283,19.704,18.746,35.163,30.951,69.159,68.176,80.962,79.385,11.534,11.599,0.7416
20.175,20.215,33.707,20.154,65.1,37.348,125.46,117.56,37.301,33.614,81.233,76.93,7.7867,9.6489,0.74623
46.579,46.833,20.002,29.722,32.218,57.307,63.288,57.339,72.459,32.569,51.31,80.376,19.844,20.537,0.75088
81.93,81.939,30.345,5.1524,68.71,70.396,81.417,71.187,65.625,70.967,75.758,48.501,2.7364,2.8778,0.73492
64.547,64.689,25.551,27.785,55.649,62.803,38.895,37.89,71.653,10.354,52.458,82.413,36.453,37.723,0.74503
10.706,10.735,33.778,33.99,62.951,15.636,46.118,41.515,72.661,73.659,47.001,52.688,11.705,12.233,0.74594
33.061,33.033,35.211,35.981,24.543,61.001,82.327,76.978,27.482,71.747,76.863,48.955,19.049,19.8,0.74332
31.673,31.699,31.351,23.241,32.143,57.54,5.6905,5.4481,42.523,38.104,44.729,81.159,29.115,29.92,0.74903
26.279,26.542,11.841,28.802,62.058,62.002,36.997,32.471,28.173,71.49,55.2,80.91,1.4276,1.796,0.74192
48.022,48.077,34.839,34.181,36.046,26.28,156.29,140.42,27.537,72.269,83.919,84.428,27.799,27.987,0.76169
30.384,31.452,7.0403,20.912,65.358,60.932,40.944,41.808,71.696,69.051,45.536,80.295,11.709,12.174,0.75232
16.163,16.237,29.389,29.832,36.385,31.694,24.637,22.735,33.599,73.154,45.576,74.961,39.622,39.579,0.74538
49.502,49.485,37.249,32.45,61.231,12.314,51.178,45.541,71.307,71.4,53.992,53.347,10.675,11.152,0.74504
8.0012,8.0827,13.3,27.685,69.883,71.772,86.376,75.821,32.968,33.832,75.874,73.753,28.254,28.979,0.74084
74.262,74.324,25.921,28.839,71.29,21.307,9.6887,8.6053,28.318,62.22,80.664,83.19,11.81,12.367,0.74811
25.486,25.859,7.4705,24.287,63.369,63.607,111.67,100.58,72.543,34.082,78.357,79.198,20.046,20.9,0.74042
7.3885,7.367,30.98,11.029,64.917,64.651,69.665,63.034,71.33,36.504,44.501,78.574,11.396,11.152,0.73734
18.155,18.394,8.8947,24.706,60.317,57.455,150.13,137.13,30.822,68.569,51.297,80.074,49.44,50.372,0.73491
30.9,30.922,29.979,30.074,61.491,61.344,113.38,113.38,15.118,33.707,80.384,79.634,25.07,25.834,0.74107
7.449,7.4091,25.029,25.119,45.985,14.159,22.16,19.774,52.128,27.793,57.522,57.744,26.784,26.304,0.51168
70.865,70.826,30.884,31.035,9.4526,57.969,126.2,105.86,71.335,75.396,50.328,76.567,20.914,21.993,0.74057
46.643,46.681,29.265,29.508,23.746,28.692,27.879,24.72,69.2,69.872,75.669,50.388,32.751,40.443,0.73674
43.243,43.304,29.548,29.687,67.417,30.007,87.127,81.631,37.908,41.322,76.224,49.179,28.487,29.858,0.73928
38.903,39.158,18.477,27.622,31.289,23.797,71.155,62.43,68.926,71.181,75.057,77.139,1.6309,1.6912,0.74189
28.551,28.522,23.794,24.685,8.0559,47.509,88.679,77.935,54.063,54.099,57.275,55.556,27.557,28.385,0.50639
35.467,35.514,29.814,30.033,56.835,56.576,81.742,81.746,18.462,68.325,42.979,49.903,26.069,27.09,0.7306
19.83,19.838,31.354,12.149,29.217,64.117,66.186,67.248,66.697,68.805,75.807,49.38,17.228,18.097,0.73474
82.282,82.234,32.72,32.942,29.205,27.282,61.695,53.146,68.5,68.675,50.544,44.657,22.282,22.294,0.74393
93.449,93.432,31.95,32.94,31.845,30.101,28.589,26.173,22.819,67.891,77.306,74.632,1.7761,1.8609,0.74349
19.101,19.273,30.581,31.727,27.195,32.053,4.9719,4.2922,72.821,75.52,45.792,49.889,2.381,2.4685,0.74509
25.023,25.12,14.284,22.018,57.74,60.336,5.597,5.0933,33.49,68.038,49.458,48.564,38.666,39.795,0.73228
7.3248,7.2956,35.557,35.707,72.599,34.288,76.018,75.795,40.954,37.188,49.068,75.667,10.676,11.043,0.74522
9.6782,9.7021,33.192,11.818,63.776,65.062,47.074,42.869,66.947,35.062,51.704,79.488,27.225,28.577,0.74564
17.875,17.954,26.064,11.583,62.985,62.429,49.176,46.753,23.282,69.442,80.435,80.425,2.3936,2.4284,0.74166
42.209,42.172,26.525,22.27,56.233,18.706,17.091,15.534,52.416,27.319,58.01,59.641,22.283,23.23,0.51874
51.182,51.631,5.0936,18.284,46.582,49.73,84.968,86.595,47.962,48.94,56.4,54.785,8.9528,10.671,0.50517
18.303,18.362,29.173,4.9039,60.615,63.047,125.52,113.28,72.548,68.358,77.513,50.593,31.009,31.045,0.74823
48.961,48.994,34.446,37.048,69.666,37.507,15.694,15.56,40.791,36.103,46.701,79.15,2.5638,2.6465,0.74827
31.189,31.425,28.014,28.922,21.018,62.847,104.84,94.781,25.944,67.226,81.013,81.008,21.291,21.115,0.74138
24.018,24.076,5.0055,19.078,49.685,50.58,37.309,33.259,54.482,54.546,57.418,57.344,23.947,24.75,0.49642
26.499,26.638,17.534,30.946,63.814,27.946,92.088,77.202,71.218,67.346,48.573,49.631,27.775,28.409,0.73297
8.3265,8.3267,17.143,27.962,31.266,65.08,18.276,15.904,22.863,67.541,74.21,77.081,39.256,39.625,0.74167
34.666,34.676,30.683,30.774,64.575,27.819,25.036,22.973,38.14,38.131,82.907,51.334,39.129,39.243,0.74604
7.9722,8.0725,9.3163,26.067,63.133,65.001,49.775,44.995,66.477,37.709,77.847,49.729,39.158,41.653,0.73892
62.662,62.863,26.369,4.779,56.251,63.947,91.836,76.671,78.588,77.79,51.265,77.593,40.392,41.9,0.7475
54.262,54.316,29.49,31.646,8.8478,57.635,24.731,21.85,67.796,69.386,78.123,49.014,19.088,19.332,0.74593
