0.23839,0.21057,0.82063,0.82621,5.8908
0.011923,0.20595,0.21,0.22975,8.7676
0.80759,0.22101,0,0.82303,6.3549
0.55756,0.80422,0.0034713,0.21842,7.9509
0.61371,0.010642,0.19053,0.7728,7.9584
0.23869,0.84312,0.82607,0.22352,5.8714
0.87016,0.00025938,0.82607,0.19475,6.6696
0.82664,0.24983,0.30554,0.81787,6.0237
0.2269,0.82798,0.83611,0,6.2588
0.00031844,0.80957,0.44147,0.22631,7.9339
0,0.80313,0.2348,0,8.0075
0.0027473,0.81455,0.43774,0.8285,6.6547
0.81916,0.87587,0.43745,0.80313,5.1711
0.017232,0.21181,0.2185,0.00017876,9.2242
0.013288,0.79795,0.019346,0,8.467
0.043982,0,0.23424,0.81456,7.9164
0.82122,0,0.82632,0,6.7159
0.8207,0.16294,0.21068,0.5745,7.5389
0.76942,0.82765,0.83621,0.60544,5.0301
0.0050185,0.22904,0.028324,5.4359e-05,9.5512
0.0015084,0.80313,0.23463,0.58713,7.9552
0.25615,0,0,0.83454,7.9801
7.0178e-05,0.23596,0.82465,0,7.9333
0.19463,0.00079927,0.004462,0,9.6449
0.82122,0.20251,0.82632,0,6.3248
0.83786,0.86438,0.0027148,0.81783,5.0049
0.6341,0.80679,0.2369,0,7.896
0,0.22497,0.45008,0.80246,7.9642
0.18223,0,0.80713,0.00019364,8.0509
0.22401,0.47424,0.79109,0.81325,6.439
0.77349,0.40885,0.26267,0.60809,7.7865
0.77288,0.79156,0.44949,0.60358,6.7644
0.15651,0.46053,0.22325,0,9.2468
0.819,0.45433,0.79509,0.76932,5.4483
0.83727,0.86574,0.82725,0.81783,3.3554
0.58522,0.8465,0.80377,0,6.5619
0.82069,0,0,0,8.3677
0,0.0043952,0.015847,0.81304,8.4272
0.81049,0.81455,0.43906,0.020594,6.7008
0.78862,0.85689,0.0032161,0.2174,6.3891
6.9245e-05,0.85127,0.813,0,6.7273
0.22901,0.84588,0,0.81571,6.277
0.027834,0.88266,0.80647,0.80246,5.1368
0.58275,0,0.80999,0.79118,6.7287
0.73793,0.20262,0.42409,0.007748,8.4068
0.82063,0.22427,0.00038258,0,8.0559
0.74511,0.0065399,0.44768,0.0059654,8.9906
0.58522,0.24412,0.80377,0.80145,6.2544
0.20853,0,0.2342,0.18875,8.8356
0.63223,0,0.15393,0.22712,8.859
0.78385,0.19838,0,0.21374,7.7366
0.0057894,0,0.23229,0,9.7138
0,0.85962,0.22743,0.20407,7.4967
0.0071571,0.0021046,0.00025917,0.0062856,9.9842
0.6341,0.80679,0.24356,0.23138,7.464
0.25903,0.22337,0.81767,0.59487,7.3193
0.25016,0.22345,0.80377,0.016927,7.6462
0.25615,0.20094,0.2033,0.52873,8.7893
0.819,0.32343,0.79585,0.19849,6.1469
0.043707,0.24469,0.0036266,0.2453,9.135
0.28512,0.0007813,0.8404,0.58268,7.7423
0.63114,0.013136,0.83317,0,7.8985
0.78653,0.4549,0.064924,0.0008863,8.3742
0.0072836,0.23889,0,0.83163,7.924
0.58538,0.21209,0.80546,0.006324,7.8427
0.83786,0.86438,0.22731,0.78572,4.7227
0.22271,0.46167,0.2315,0.22194,8.7246
0.28904,0.19832,0.80999,0.20542,7.2863
0.59593,0.45433,0.82677,0.73532,6.9169
0.82066,0.17593,0.82686,0.56371,6.2658
0.82495,0.85962,0.22743,0.20648,5.8835
0.25764,0.2233,0,0,9.1894
0.61699,0,0.80965,0.22712,7.6465
0.8207,0.16002,0.0073226,0.57809,7.8933
0.59409,0.24404,0.0048193,0.79005,7.8414
0.22766,0.85949,0.20567,0.20407,7.1291
0.58468,0.82276,0.80472,0.84664,5
0.82122,0.21604,0.21614,0,7.5468
0.22698,0.22133,0.20723,0.22685,8.3769
0.84025,0.81197,0.44872,0.22773,6.7343
0.82017,0.21594,0.44659,0.22222,7.5548
0.60276,0,0,0.72426,8.6436
0.84185,0.86625,0.82725,0.22717,4.5618
0.24646,0.8608,0.80314,0.8199,4.6757
0.81523,0.0015561,0.23072,0,7.9614
0.2225,0.56006,0.82641,0.25035,7.4291
0.58468,0.82276,0.0047872,0.77936,6.7594
0.21029,0.8405,0.22419,0,7.5041
0.032373,0.19832,0.80999,0.20542,7.5945
0.82066,0.26056,0.82667,0.83038,4.6299
0.27152,0.012526,0.19054,4.5045e-05,9.2381
0.035133,0.45433,0.25942,0.73532,8.4635
0.22143,0,0.002016,0.20846,9.1874
0.84026,0.84095,0.0092573,0,6.6671
0.58479,0.46681,0.79985,0,8.2617
0.61293,0.81929,0.19152,0.84696,6.1535
0.25183,0.23868,0.20967,0.83195,7.1036
0.61785,0.84675,0.80449,0.23708,6.0588
0.25615,0.039272,0.2033,0.76467,7.8951
0.8595,0,0.45008,0.82608,6.732
0.019964,0.22227,0.23114,0.77921,7.6854
0.25903,0.84116,0.0041848,0,7.9017
0.81386,0.45433,0.82677,0.01106,6.6968
0.20688,0.24897,0.22419,0,8.7596
0.3007,0.81308,0.88391,0.60544,6.0669
6.9245e-05,0.24888,0.82465,0.5685,7.8146
0.82321,0.010642,0.19053,0.7728,6.5539
0.28904,0.87287,0,0.20769,7.5098
0.013174,0.24815,0.2033,0.52873,9.1653
0.81205,0.83416,0,0.59041,6.6358
0,0.00010771,0.2342,0.18504,9.227
0,0.86504,0.0045324,0.24823,7.8859
6.9245e-05,0.24888,0.82465,0.77276,6.5054
0.77086,0.87042,0.82638,0.0008863,5.2669
0.28904,0.19838,0.00019426,0.20769,8.8091
0.54428,0.80884,2.2344e-05,0,8.4401
0.58522,0.24412,0.80421,0.60662,7.5624
0.56231,0.80313,0.80197,0.58713,6.8196
0.20448,0.86438,0.21765,0.81783,5.8747
0.00070758,0.20114,0,0.52842,9.6083
0.819,0.45433,0.79415,0.554,7.2113
0.17323,0.4878,0.00038167,0.00051255,9.7522
0,0.86625,0.82725,0.22898,6.2782
0.0073585,0.86364,2.4476e-05,0.81694,6.7416
0.27883,0.24424,0,0.76305,7.8379
