0.023446,0.056604,0.025449,0.027481,0.029744,0.032195,0.034867,0.037722,0.04083,0.044195,0.2788,0.125,0.78858,0.35355,0.38272
0.14196,0.14966,0.085442,0.092481,0.1001,0.41479,0.20313,0.21986,0.23797,0.25758,0.2788,0.30178,0.32664,0.35356,0.38271
0.048205,0.1082,0.049129,0.16202,0.086338,0.09276,0.1004,0.10867,0.11763,0.12732,0.64815,0.30178,0.32664,0.35355,0.38276
0.0097899,0.0040551,0.025355,0.011383,0.01232,0.013343,0.014436,0.015625,0.098572,0.044194,0.2788,0.72855,0.32664,0.35355,0.38271
0.0097051,0.02343,0.010588,0.011384,0.071815,0.032198,0.034851,0.21986,0.098572,0.10669,0.67309,0.30178,0.32664,0.35355,0.38269
0.10595,0.043886,0.047502,0.051416,0.17672,0.091953,0.099529,0.51228,0.23798,0.25758,0.27881,0.30178,0.32664,0.35355,0.38271
0.0041429,0.0097029,0.004503,0.027446,0.012322,0.077732,0.20312,0.091069,0.098572,0.10669,0.11548,0.125,0.78858,0.35355,0.38269
0.009698,0.004017,0.025342,0.011362,0.01245,0.013343,0.014436,0.015625,0.098572,0.044194,0.047835,0.30178,0.78858,0.35356,0.38269
0.056632,0.023458,0.025391,0.027483,0.029747,0.18766,0.084138,0.091069,0.098573,0.10669,0.6731,0.30178,0.32664,0.35355,0.38269
0.056631,0.13672,0.061297,0.066348,0.071821,0.077732,0.084137,0.53079,0.23797,0.25758,0.2788,0.30178,0.32664,0.35355,0.38269
0.056812,0.13665,0.061298,0.066349,0.071815,0.077732,0.084137,0.091069,0.098572,0.10669,0.67309,0.30178,0.32664,0.35355,0.38269
0.056632,0.13672,0.061298,0.066349,0.071815,0.077732,0.084137,0.091069,0.098573,0.62186,0.27881,0.30178,0.32664,0.35355,0.38269
0.056632,0.13672,0.35727,0.16018,0.17338,0.18766,0.20313,0.21986,0.23798,0.25758,0.27881,0.30178,0.32664,0.35355,0.38269
0.056632,0.13672,0.061298,0.066349,0.071815,0.077732,0.084137,0.091069,0.098573,0.10669,0.11548,0.125,0.1353,0.14645,0.92389
0.023458,0.0097165,0.010517,0.066349,0.029747,0.032198,0.20312,0.091069,0.098572,0.10669,0.11548,0.125,0.1353,0.14645,0.92389
0.13672,0.056632,0.061298,0.066349,0.071815,0.077732,0.084137,0.091069,0.098572,0.62186,0.2788,0.30178,0.32664,0.35355,0.38269
0.02346,0.056631,0.14799,0.066348,0.071815,0.077735,0.084137,0.091069,0.098573,0.10669,0.11549,0.72855,0.32664,0.35355,0.38269
0.13672,0.056632,0.061298,0.066349,0.071815,0.077734,0.084137,0.091069,0.098573,0.10669,0.11549,0.72855,0.32664,0.35355,0.38269
0.0097447,0.023526,0.061267,0.027482,0.17338,0.077732,0.084136,0.091068,0.098572,0.10669,0.11548,0.12501,0.1353,0.14645,0.92389
0.023458,0.0097165,0.010517,0.066349,0.17338,0.077732,0.084137,0.091069,0.098572,0.10669,0.67309,0.30178,0.32664,0.35355,0.38269
0.023458,0.056632,0.14799,0.066349,0.071815,0.077732,0.084137,0.091069,0.098573,0.10669,0.11549,0.125,0.78858,0.35355,0.38269
0.056632,0.023458,0.025391,0.027483,0.029747,0.032198,0.20312,0.091069,0.098573,0.10669,0.6731,0.30178,0.32664,0.35355,0.38269
0.056566,0.13558,0.06085,0.19957,0.10569,0.4052,0.20312,0.21986,0.23797,0.25761,0.2788,0.30178,0.32664,0.35355,0.38269
0.0018317,0.0040118,0.010461,0.0047025,0.0050903,0.0056104,0.034851,0.091069,0.23797,0.10669,0.11548,0.72855,0.32664,0.35355,0.38269
0.023458,0.056632,0.14799,0.066349,0.071815,0.077732,0.084137,0.09107,0.098573,0.10669,0.11548,0.125,0.1353,0.14645,0.9239
0.14703,0.14073,0.084305,0.091251,0.098769,0.10691,0.11572,0.48849,0.23801,0.25758,0.27881,0.30178,0.32664,0.35355,0.38277
0.0097165,0.0040247,0.0043563,0.027482,0.071815,0.032198,0.034851,0.21986,0.098572,0.10669,0.11549,0.125,0.1353,0.14645,0.92389
0.056627,0.1367,0.061354,0.066349,0.071815,0.077732,0.084137,0.091069,0.098573,0.10669,0.11549,0.72855,0.32664,0.35355,0.38269
0.0076805,0.018528,0.04842,0.12653,0.19809,0.42718,0.20312,0.21986,0.23798,0.25758,0.27881,0.30178,0.32664,0.35355,0.38269
0.0097165,0.023458,0.010517,0.066349,0.029747,0.18766,0.084137,0.091069,0.098573,0.10669,0.11549,0.72855,0.32664,0.35355,0.38269
0.13672,0.05663,0.061296,0.066364,0.071815,0.077732,0.084137,0.091069,0.098572,0.10669,0.6731,0.30178,0.32664,0.35355,0.38269
0.0040353,0.0016716,0.010545,0.02747,0.071815,0.032198,0.034851,0.037722,0.23797,0.10669,0.11549,0.125,0.78858,0.35356,0.38269
0.13672,0.056631,0.061297,0.066348,0.071814,0.077731,0.084136,0.091076,0.098573,0.10669,0.11548,0.125,0.1353,0.85355,0.38269
0.0040555,0.0097906,0.025357,0.066349,0.029747,0.18766,0.084137,0.091069,0.57452,0.25758,0.27881,0.30178,0.32664,0.35355,0.38269
0.048975,0.11824,0.05301,0.057379,0.36198,0.29491,0.20313,0.21986,0.23798,0.25758,0.27881,0.30178,0.32664,0.35355,0.38269
0.046304,0.11179,0.050119,0.054249,0.058756,0.18511,0.099596,0.1078,0.11668,0.1263,0.64951,0.30178,0.32664,0.35355,0.38269
0.048435,0.021544,0.021958,0.13852,0.36198,0.29491,0.20312,0.21986,0.23798,0.25758,0.27881,0.30178,0.32664,0.35355,0.38269
0.023395,0.0098762,0.061297,0.16018,0.071815,0.077732,0.084138,0.091069,0.098573,0.10669,0.11549,0.125,0.78858,0.35355,0.38269
0.056632,0.023458,0.025391,0.027483,0.17338,0.077732,0.084137,0.091069,0.098573,0.10669,0.11548,0.72855,0.32664,0.35355,0.38269
0.056631,0.023458,0.02539,0.027482,0.17338,0.077731,0.084136,0.091076,0.098573,0.10669,0.11548,0.125,0.1353,0.85355,0.38269
0.056632,0.023458,0.14799,0.066349,0.071815,0.077732,0.084137,0.091069,0.098573,0.10669,0.6731,0.30178,0.32664,0.35355,0.38269
0.00030724,0.00067842,0.00030849,0.00034201,0.00036271,0.0022882,0.0059794,0.015625,0.04083,0.10669,0.047835,0.051777,0.32664,0.85355,0.38269
0.0097412,0.023446,0.010519,0.011386,0.012322,0.077732,0.034851,0.037722,0.23798,0.10669,0.11549,0.125,0.1353,0.85355,0.38268
0.023458,0.056632,0.025391,0.16018,0.071815,0.077732,0.084137,0.091069,0.098573,0.10669,0.11549,0.125,0.1353,0.85355,0.38269
0.056622,0.023482,0.025391,0.027483,0.029747,0.18766,0.084137,0.091069,0.098573,0.10669,0.11549,0.125,0.1353,0.14645,0.92388
0.0097157,0.023454,0.010527,0.011384,0.071815,0.032198,0.20312,0.091069,0.098572,0.10669,0.11548,0.125,0.1353,0.85355,0.38269
0.13672,0.056632,0.061298,0.066349,0.071815,0.077732,0.084137,0.53079,0.23798,0.25758,0.27881,0.30178,0.32664,0.35355,0.38269
0.023451,0.056615,0.025434,0.027483,0.029747,0.18766,0.084137,0.091069,0.098573,0.62186,0.27881,0.30178,0.32664,0.35355,0.38269
0.00069074,0.001667,0.00074743,0.0047153,0.002114,0.013337,0.034851,0.091069,0.04083,0.25758,0.11548,0.125,0.78858,0.35355,0.38269
0.037099,0.089566,0.23405,0.10493,0.36066,0.18766,0.20312,0.21986,0.23798,0.25758,0.27881,0.30178,0.32664,0.35355,0.38269
0.060373,0.14575,0.065347,0.15951,0.096789,0.10479,0.1134,0.4922,0.23798,0.25758,0.27881,0.30178,0.32664,0.35355,0.38269
0.023454,0.056623,0.025386,0.027478,0.029742,0.18763,0.084123,0.091054,0.098666,0.10669,0.11549,0.125,0.78858,0.35355,0.38269
0.056632,0.13672,0.061298,0.38671,0.17338,0.18766,0.20312,0.21986,0.23798,0.25758,0.27881,0.30178,0.32664,0.35355,0.38269
0.13672,0.056632,0.061298,0.066349,0.071815,0.45306,0.20312,0.21986,0.23798,0.25758,0.27881,0.30178,0.32664,0.35355,0.38269
0.023458,0.056632,0.14799,0.066349,0.071815,0.077732,0.084137,0.091069,0.098574,0.10669,0.11549,0.125,0.1353,0.85355,0.38269
0.056632,0.13672,0.061298,0.066349,0.071815,0.077732,0.084137,0.091069,0.098573,0.10669,0.11548,0.125,0.78858,0.35355,0.38269
0.036047,0.014981,0.017454,0.10323,0.046283,0.050097,0.054224,0.23456,0.11351,0.12286,0.654,0.30178,0.32664,0.35355,0.3827
0.023457,0.05663,0.02539,0.027489,0.029747,0.18766,0.084137,0.091069,0.098573,0.10669,0.11549,0.125,0.1353,0.85355,0.38268
0.056632,0.13672,0.061298,0.066349,0.071815,0.077732,0.084137,0.091069,0.098573,0.10669,0.11549,0.125,0.1353,0.85355,0.38269
0.0097175,0.023457,0.010517,0.066349,0.17338,0.077732,0.084137,0.091069,0.098572,0.62186,0.27881,0.30178,0.32664,0.35355,0.38269
0.042823,0.017738,0.019652,0.12129,0.054395,0.18604,0.097023,0.10554,0.11372,0.12308,0.65371,0.30178,0.32664,0.35356,0.38269
0.056632,0.023458,0.025391,0.16018,0.071815,0.077732,0.084137,0.091069,0.098573,0.10669,0.11549,0.125,0.1353,0.14645,0.92389
0.1367,0.056691,0.061298,0.066349,0.071815,0.077732,0.084137,0.091069,0.098573,0.10669,0.11549,0.125,0.1353,0.14645,0.92389
0.18701,0.077464,0.083854,0.090756,0.3099,0.29698,0.20312,0.21986,0.23797,0.25758,0.27881,0.30178,0.32664,0.35355,0.38271
0.021754,0.052518,0.13724,0.062683,0.17117,0.097402,0.10543,0.1194,0.12442,0.13463,0.63799,0.30178,0.32664,0.35355,0.38284
0.023458,0.056632,0.14799,0.066349,0.41857,0.18766,0.20312,0.21986,0.23798,0.25758,0.27881,0.30178,0.32664,0.35355,0.38269
0.0016514,0.0039852,0.0017868,0.001981,0.0021009,0.0023693,0.014436,0.037722,0.098573,0.25758,0.11548,0.125,0.1353,0.85355,0.38273
0.023458,0.0097165,0.010517,0.011384,0.012322,0.077732,0.034851,0.21986,0.098573,0.10669,0.11549,0.125,0.1353,0.85355,0.38269
0.0073668,0.017562,0.0078884,0.049765,0.13004,0.058303,0.21165,0.10802,0.11692,0.12655,0.64918,0.30178,0.32664,0.35355,0.38269
0.0095957,0.0039747,0.0046369,0.0047114,0.029723,0.013326,0.014424,0.015612,0.016899,0.018393,0.11548,0.30178,0.1353,0.14645,0.92397
0.0422,0.01748,0.01892,0.020479,0.12919,0.18644,0.47689,0.21986,0.23797,0.25758,0.27881,0.30178,0.32664,0.35355,0.3827
0.056632,0.13672,0.061298,0.066349,0.071815,0.077732,0.49039,0.21986,0.23798,0.25758,0.27881,0.30178,0.32664,0.35355,0.38269
0.023458,0.0097165,0.061298,0.16018,0.071815,0.077732,0.084137,0.091069,0.57452,0.25758,0.27881,0.30178,0.32664,0.35355,0.38269
0.22982,0.20643,0.12797,0.1385,0.14992,0.16227,0.31928,0.21986,0.23798,0.25758,0.27881,0.30178,0.32664,0.35355,0.38269
0.049592,0.11972,0.053678,0.33285,0.14961,0.29603,0.20312,0.21986,0.23798,0.25758,0.27881,0.30178,0.32664,0.35355,0.3827
0.18788,0.17225,0.10558,0.11429,0.34071,0.18766,0.20312,0.21986,0.23798,0.25758,0.27881,0.30178,0.32664,0.35355,0.38269
0.0072708,0.0032742,0.019251,0.050305,0.022554,0.14228,0.2162,0.10995,0.11901,0.12882,0.64613,0.30178,0.32664,0.35355,0.38269
0.11838,0.2858,0.12813,0.13869,0.15012,0.16249,0.31852,0.21986,0.23798,0.25758,0.27881,0.30178,0.32664,0.35355,0.38269
0.28544,0.11823,0.12798,0.13852,0.14993,0.2949,0.20312,0.21988,0.23798,0.25758,0.27881,0.30178,0.32664,0.35355,0.38269
0.0016428,0.00075417,0.00075031,0.0047135,0.012321,0.0055245,0.034851,0.015625,0.098573,0.25758,0.6731,0.30178,0.32664,0.35355,0.38269
0.056632,0.023458,0.02539,0.16018,0.071815,0.077735,0.084137,0.091069,0.098573,0.10669,0.11548,0.72855,0.32664,0.35355,0.38269
0.0040991,0.0098961,0.0044368,0.0048024,0.0051981,0.032095,0.084137,0.21986,0.098573,0.62186,0.27881,0.30178,0.32664,0.35355,0.38269
0.090603,0.038557,0.040844,0.044156,0.27856,0.3864,0.20301,0.21979,0.23869,0.25758,0.27881,0.30178,0.32664,0.35355,0.38269
0.056632,0.13672,0.061298,0.066349,0.071815,0.077732,0.084137,0.091069,0.57452,0.25758,0.27881,0.30178,0.32664,0.35355,0.38269
0.083232,0.034629,0.037343,0.040418,0.043765,0.047385,0.051262,0.055485,0.28937,0.13406,0.6388,0.30178,0.32664,0.35355,0.38272
0.33007,0.13672,0.148,0.16018,0.17338,0.18766,0.20312,0.21986,0.23798,0.25758,0.27881,0.30178,0.32664,0.35355,0.38268
0.0041501,0.001719,0.0018615,0.0020141,0.00218,0.013159,0.034617,0.016138,0.016899,0.018393,0.11548,0.30178,0.1353,0.85355,0.38269
0.13672,0.33008,0.14799,0.16018,0.17338,0.18766,0.20313,0.21986,0.23798,0.25758,0.27881,0.30178,0.32664,0.35355,0.38268
0.0040215,0.0097087,0.0043767,0.0047153,0.0051038,0.032198,0.014436,0.015625,0.016912,0.10669,0.047836,0.051777,0.32664,0.14645,0.92389
0.046301,0.01988,0.12035,0.054045,0.18575,0.096655,0.46685,0.21986,0.23798,0.25758,0.27881,0.30178,0.32664,0.35355,0.38269
0.072148,0.03131,0.18988,0.085129,0.092143,0.2173,0.13435,0.45479,0.23798,0.25758,0.27881,0.30178,0.32664,0.35355,0.38269
0.023458,0.056632,0.025391,0.16018,0.071815,0.077732,0.084137,0.091069,0.098573,0.62186,0.27881,0.30178,0.32664,0.35355,0.38268
0.090014,0.21731,0.097431,0.10546,0.35958,0.18765,0.20318,0.21986,0.23798,0.25758,0.27881,0.30178,0.32664,0.35355,0.38274
0.023444,0.0097733,0.010522,0.066374,0.029758,0.03221,0.20311,0.091067,0.098584,0.62186,0.27881,0.30178,0.32664,0.35355,0.38269
0.12638,0.052375,0.29329,0.13405,0.28729,0.18765,0.20318,0.21986,0.23798,0.25758,0.27881,0.30178,0.32664,0.35355,0.3827
0.089187,0.20713,0.09341,0.2673,0.1501,0.16232,0.17569,0.19017,0.37384,0.25758,0.2788,0.3018,0.32664,0.35355,0.38269
0.18266,0.17552,0.10493,0.11358,0.12293,0.27525,0.32059,0.21986,0.23797,0.25758,0.27881,0.30178,0.32664,0.35355,0.3827
0.020955,0.048601,0.021923,0.13829,0.36137,0.16202,0.17537,0.34653,0.23797,0.25758,0.27881,0.30178,0.32664,0.35355,0.38269
0.056632,0.13672,0.061298,0.066349,0.41857,0.18766,0.20312,0.21986,0.23798,0.25758,0.27881,0.30178,0.32664,0.35355,0.38269
0.021897,0.052863,0.025168,0.025892,0.15707,0.20432,0.11063,0.1195,0.12935,0.58206,0.27882,0.30178,0.32664,0.35355,0.38274
0.036983,0.015319,0.016581,0.1046,0.27334,0.12255,0.4233,0.21986,0.23798,0.25758,0.27881,0.30178,0.32664,0.35355,0.38269
0.1773,0.17059,0.10192,0.32285,0.17336,0.1878,0.20313,0.21986,0.23797,0.25758,0.27881,0.30178,0.32664,0.35355,0.38277
0.023458,0.0097165,0.061298,0.027482,0.029747,0.032198,0.20312,0.091069,0.098573,0.10669,0.11548,0.72855,0.32664,0.35355,0.38269
0.01861,0.044535,0.11653,0.16518,0.086084,0.093177,0.10085,0.42102,0.37416,0.25758,0.27881,0.30178,0.32664,0.35355,0.38271
0.0097131,0.004033,0.025391,0.011384,0.071815,0.032198,0.20312,0.091069,0.57452,0.25758,0.27881,0.30178,0.32664,0.35355,0.38269
0.21599,0.089465,0.096836,0.33342,0.17338,0.18766,0.20313,0.21986,0.23797,0.25758,0.27881,0.30178,0.32664,0.35355,0.38269
0.038421,0.092755,0.24172,0.24846,0.14949,0.29646,0.20312,0.21986,0.23798,0.25758,0.27881,0.30178,0.32664,0.35355,0.38269
0.048446,0.11696,0.052451,0.18081,0.093972,0.10171,0.45944,0.21987,0.23798,0.25758,0.27881,0.30178,0.32664,0.35355,0.38269
0.092067,0.038135,0.04225,0.2547,0.11463,0.38811,0.20316,0.2201,0.23797,0.25758,0.2788,0.30178,0.32664,0.35356,0.38269
0.11812,0.049223,0.053007,0.057374,0.36195,0.16228,0.17565,0.19012,0.20578,0.40483,0.27881,0.30178,0.32664,0.35355,0.38269
0.056631,0.023457,0.02539,0.16018,0.071823,0.077732,0.49039,0.21986,0.23798,0.25758,0.27881,0.30178,0.32664,0.35355,0.38269
0.056632,0.023459,0.14799,0.066349,0.071815,0.077732,0.084137,0.091069,0.57452,0.25758,0.27881,0.30178,0.32664,0.35355,0.38269
0.052827,0.11639,0.052983,0.057658,0.06209,0.067206,0.073293,0.45942,0.3734,0.25758,0.27881,0.30178,0.32664,0.35355,0.38271
0.13464,0.055769,0.29581,0.13659,0.1551,0.16188,0.32201,0.21971,0.23781,0.25861,0.27881,0.30178,0.32664,0.35355,0.38271
0.037958,0.015729,0.018153,0.10706,0.048091,0.052053,0.22476,0.10882,0.55303,0.25759,0.27881,0.30178,0.32664,0.35355,0.38269
0.13672,0.056632,0.35727,0.16018,0.17338,0.18766,0.20312,0.21986,0.23798,0.25758,0.27881,0.30178,0.32664,0.35355,0.38269
0.041186,0.019602,0.11009,0.16299,0.083632,0.090523,0.47516,0.21986,0.23798,0.25758,0.27881,0.30178,0.32664,0.35355,0.3827
0.063276,0.15274,0.070501,0.074458,0.25923,0.13425,0.29109,0.34967,0.23798,0.25758,0.27881,0.30178,0.32664,0.35355,0.38269
0.2849,0.21558,0.14799,0.16018,0.17338,0.18767,0.20312,0.21986,0.23798,0.25758,0.27881,0.30178,0.32664,0.35355,0.38269
0.18436,0.076364,0.082656,0.089466,0.096908,0.3411,0.17593,0.19043,0.20612,0.40368,0.27881,0.30178,0.32664,0.35355,0.38271
0.0041826,0.0099792,0.0044824,0.027344,0.012322,0.013337,0.014436,0.091069,0.04083,0.25758,0.11549,0.72855,0.32664,0.35355,0.38269
0.056632,0.023458,0.025391,0.16018,0.071815,0.45306,0.20312,0.21986,0.23797,0.25758,0.27881,0.30178,0.32664,0.35355,0.38268
0.20005,0.23587,0.12811,0.13963,0.15024,0.16262,0.17602,0.19052,0.37262,0.25758,0.27881,0.30178,0.32664,0.35355,0.38269
0.025313,0.060853,0.13339,0.16098,0.090798,0.098279,0.10678,0.11521,0.1247,0.58686,0.28322,0.30178,0.32664,0.35355,0.38269
0.15201,0.063151,0.068196,0.074547,0.080001,0.086791,0.093759,0.43145,0.37487,0.25758,0.27881,0.30179,0.32664,0.35355,0.38279
0.023458,0.056632,0.025391,0.027483,0.17338,0.45306,0.20312,0.21986,0.23798,0.25758,0.27881,0.30178,0.32664,0.35355,0.38268
0.1367,0.056691,0.061298,0.066349,0.071815,0.077732,0.49039,0.21986,0.23798,0.25758,0.27881,0.30178,0.32664,0.35355,0.38269
0.056632,0.023458,0.025391,0.16018,0.41857,0.18766,0.20312,0.21986,0.23797,0.25758,0.27881,0.30178,0.32664,0.35355,0.38268
0.020772,0.0086257,0.0093165,0.057166,0.15,0.067253,0.072794,0.45923,0.37367,0.25758,0.27881,0.30178,0.32664,0.35355,0.38269
0.12493,0.052198,0.056082,0.060702,0.065704,0.21111,0.45573,0.21986,0.23797,0.25758,0.2788,0.30179,0.32664,0.35355,0.38288
0.020313,0.0084648,0.053127,0.023819,0.15027,0.067371,0.072922,0.07893,0.49794,0.4032,0.27881,0.30178,0.32664,0.35355,0.38269
0.02031,0.049033,0.1279,0.057359,0.36186,0.16224,0.1756,0.34571,0.23798,0.25758,0.27881,0.30178,0.32664,0.35355,0.3827
0.042343,0.096924,0.25535,0.11448,0.2568,0.16331,0.31563,0.21986,0.23798,0.25758,0.27881,0.30178,0.32664,0.35355,0.38269
0.097787,0.23608,0.10584,0.11457,0.124,0.27401,0.31884,0.21986,0.23798,0.25758,0.27881,0.30178,0.32664,0.35355,0.38269
0.017949,0.043332,0.11321,0.050757,0.17596,0.091271,0.098856,0.10694,0.11575,0.6013,0.27881,0.30178,0.32664,0.35355,0.38269
0.22204,0.21416,0.12778,0.13831,0.1497,0.1637,0.17565,0.34553,0.23798,0.25758,0.27881,0.30178,0.32664,0.35355,0.38269
0.004018,0.0016831,0.0018044,0.0019531,0.002114,0.013337,0.034851,0.091069,0.23798,0.62186,0.27881,0.30178,0.32664,0.35355,0.38269
0.020327,0.049075,0.022003,0.13881,0.36272,0.16262,0.17602,0.19052,0.37262,0.25758,0.27881,0.30178,0.32664,0.35355,0.38269
0.046923,0.021344,0.12445,0.17846,0.29706,0.31975,0.20312,0.21986,0.23797,0.25758,0.27881,0.30178,0.32664,0.35355,0.38269
0.12585,0.052129,0.056424,0.061073,0.17316,0.097542,0.10558,0.11441,0.12371,0.13391,0.63902,0.30178,0.32664,0.35355,0.38269
0.1513,0.0632,0.06792,0.073966,0.249,0.2826,0.32078,0.21986,0.23799,0.25758,0.27881,0.30178,0.32664,0.35355,0.38269
0.094032,0.042787,0.042792,0.046327,0.29118,0.28027,0.17475,0.19008,0.37689,0.25758,0.2788,0.30178,0.32664,0.35355,0.38279
0.11551,0.047844,0.052303,0.16072,0.087079,0.094254,0.10202,0.11043,0.55086,0.25758,0.27881,0.30178,0.32664,0.35355,0.38269
0.056632,0.023458,0.025391,0.16018,0.071815,0.077732,0.084137,0.091069,0.098573,0.10669,0.6731,0.30178,0.32664,0.35355,0.38269
0.16083,0.14635,0.090072,0.097494,0.10553,0.11422,0.43892,0.21986,0.23798,0.25758,0.27881,0.30178,0.32664,0.35355,0.38269
0.060815,0.13682,0.062018,0.067128,0.076,0.28142,0.14092,0.44099,0.23797,0.25758,0.27881,0.30178,0.32664,0.35355,0.38269
0.024687,0.011696,0.06595,0.029568,0.18653,0.083631,0.40394,0.19023,0.37362,0.25758,0.27881,0.30178,0.32664,0.35355,0.38269
0.10127,0.23036,0.10423,0.11314,0.12217,0.26985,0.17314,0.35406,0.23797,0.2576,0.27881,0.30178,0.32664,0.35355,0.38269
0.21784,0.090231,0.097666,0.10571,0.35906,0.18765,0.20318,0.21986,0.23799,0.25758,0.27881,0.30178,0.32664,0.35355,0.38275
0.020378,0.049191,0.12855,0.057674,0.36362,0.16303,0.17646,0.191,0.20673,0.40152,0.27881,0.30178,0.32664,0.35355,0.38269
0.11824,0.28545,0.12798,0.13852,0.14994,0.29491,0.20312,0.21986,0.23798,0.25758,0.27881,0.30178,0.32664,0.35355,0.38269
0.099273,0.23967,0.10745,0.11631,0.25923,0.28399,0.20301,0.21974,0.23872,0.25758,0.27881,0.30178,0.32664,0.35355,0.38269
0.016788,0.040529,0.018171,0.019668,0.12408,0.055629,0.35094,0.31475,0.37861,0.25758,0.27881,0.30178,0.32664,0.35355,0.38271
0.085403,0.19992,0.090048,0.09837,0.10564,0.11583,0.124,0.37675,0.37384,0.25758,0.2788,0.3018,0.32664,0.35355,0.38269
0.23386,0.096869,0.10485,0.11385,0.12345,0.27664,0.31928,0.21986,0.23798,0.25758,0.27881,0.30178,0.32664,0.35355,0.38271
0.036604,0.085119,0.038379,0.041545,0.044965,0.048883,0.052713,0.057088,0.29091,0.58839,0.27881,0.30178,0.32664,0.35355,0.38281
0.11841,0.28586,0.12816,0.13872,0.15015,0.16253,0.17592,0.19054,0.20612,0.40367,0.27881,0.30178,0.32664,0.35355,0.38271
0.079862,0.18165,0.082192,0.088967,0.31515,0.16443,0.17593,0.19043,0.20612,0.40368,0.27881,0.30178,0.32664,0.35355,0.38275
0.19976,0.082754,0.089563,0.27611,0.14993,0.1623,0.17565,0.34553,0.23798,0.25758,0.27881,0.30178,0.32664,0.35355,0.3827
0.13672,0.056632,0.061298,0.38671,0.17338,0.18766,0.20312,0.21986,0.23798,0.25758,0.27881,0.30178,0.32664,0.35355,0.38268
0.28556,0.11828,0.12803,0.13858,0.15,0.16236,0.31898,0.21986,0.23798,0.25758,0.27881,0.30178,0.32664,0.35355,0.38269
0.23643,0.097932,0.106,0.11482,0.25452,0.16291,0.17633,0.19086,0.20659,0.40203,0.27881,0.30178,0.32664,0.35355,0.38282
0.054298,0.022682,0.14206,0.063693,0.21577,0.32526,0.31887,0.21986,0.23798,0.25758,0.27881,0.30178,0.32664,0.35355,0.38269
0.11833,0.049013,0.053052,0.33468,0.15005,0.16242,0.31877,0.21986,0.23797,0.25758,0.27881,0.30178,0.32664,0.35356,0.38268
0.032592,0.013661,0.083195,0.12013,0.06227,0.067401,0.42519,0.19063,0.37224,0.25758,0.27881,0.30178,0.32664,0.35355,0.3827
0.056632,0.023458,0.14799,0.066349,0.071815,0.077732,0.084137,0.53079,0.23798,0.25758,0.27881,0.30178,0.32664,0.35356,0.38269
0.04826,0.11651,0.30445,0.25806,0.17341,0.18766,0.20312,0.21986,0.23798,0.25758,0.27881,0.30178,0.32664,0.35355,0.38269
0.056632,0.023458,0.14799,0.066349,0.071815,0.077732,0.084137,0.091069,0.098573,0.62186,0.27881,0.30178,0.32664,0.35355,0.38269
0.049161,0.020366,0.1279,0.33443,0.14994,0.29488,0.20312,0.21986,0.23799,0.25758,0.27881,0.30178,0.32664,0.35355,0.38269
0.0072655,0.0031739,0.01909,0.049903,0.1304,0.058465,0.21441,0.51065,0.23797,0.25758,0.2788,0.30178,0.32664,0.35355,0.3827
0.047708,0.023114,0.12798,0.05738,0.36199,0.29489,0.20312,0.21986,0.23798,0.25758,0.27881,0.30178,0.32664,0.35355,0.38269
0.11939,0.050378,0.30974,0.13907,0.15053,0.16294,0.17636,0.19089,0.20662,0.40192,0.27881,0.30178,0.32664,0.35355,0.38275
0.020745,0.047289,0.12467,0.17871,0.092755,0.34847,0.17582,0.19031,0.37335,0.25759,0.27881,0.30178,0.32664,0.35355,0.3827
0.05603,0.13525,0.060641,0.065639,0.071046,0.21251,0.11688,0.12651,0.13694,0.5701,0.27881,0.30178,0.32664,0.35355,0.38269
0.020324,0.0086064,0.053285,0.024009,0.025877,0.16325,0.42659,0.19126,0.37003,0.25758,0.27881,0.30178,0.32664,0.35355,0.38269
0.04916,0.020643,0.12872,0.057711,0.062468,0.39408,0.17668,0.34192,0.23799,0.25758,0.27881,0.30178,0.32664,0.35355,0.3827
0.13672,0.056631,0.061305,0.066349,0.41857,0.18766,0.20312,0.21986,0.23798,0.25758,0.27881,0.30178,0.32664,0.35355,0.38268
0.048897,0.020483,0.021959,0.13853,0.06211,0.067327,0.072782,0.45915,0.20586,0.40458,0.27881,0.30178,0.32664,0.35355,0.38269
0.095977,0.039851,0.043046,0.046592,0.17898,0.089662,0.097051,0.10505,0.1137,0.60397,0.27881,0.30178,0.32664,0.35355,0.38271
0.048596,0.021953,0.022088,0.13934,0.062473,0.39412,0.17672,0.34185,0.23797,0.25758,0.27881,0.30178,0.32664,0.35355,0.3828
0.074023,0.17868,0.080836,0.086827,0.31579,0.16107,0.17434,0.35005,0.23798,0.25758,0.27881,0.30178,0.32664,0.35355,0.38269
0.043213,0.10433,0.046774,0.052973,0.17107,0.089844,0.097214,0.10522,0.11457,0.12339,0.65333,0.30178,0.32664,0.35355,0.38273
0.050789,0.021037,0.13271,0.059502,0.065992,0.20179,0.10924,0.11802,0.12775,0.58449,0.27881,0.30178,0.32664,0.35355,0.38271
0.023458,0.0097165,0.010517,0.066349,0.17338,0.077732,0.084137,0.091069,0.098573,0.10669,0.11549,0.125,0.78858,0.35355,0.38268
0.029407,0.070158,0.18365,0.08234,0.18352,0.40063,0.20312,0.21986,0.23798,0.25758,0.27881,0.30178,0.32664,0.35355,0.38269
0.023458,0.0097165,0.010517,0.066349,0.029747,0.18766,0.49039,0.21986,0.23798,0.25758,0.27881,0.30178,0.32664,0.35355,0.38269
0.083951,0.18956,0.085875,0.092951,0.21261,0.13371,0.14472,0.43238,0.23819,0.25758,0.27881,0.30178,0.32664,0.35355,0.38269
0.040447,0.097649,0.04378,0.047387,0.29895,0.27071,0.3221,0.21986,0.23798,0.25758,0.27881,0.30178,0.32664,0.35355,0.38296
0.0042518,0.0017612,0.0019065,0.0020634,0.0022354,0.0024177,0.015252,0.037344,0.016912,0.10669,0.27881,0.125,0.1353,0.85355,0.38274
0.019659,0.047461,0.021279,0.023032,0.1453,0.19545,0.38408,0.19002,0.37437,0.25758,0.27881,0.30178,0.32664,0.35355,0.3827
0.021736,0.048646,0.12863,0.18345,0.31742,0.16244,0.17583,0.19031,0.37335,0.25758,0.27881,0.30178,0.32664,0.35355,0.38269
0.044962,0.10855,0.24304,0.21139,0.29615,0.18766,0.20312,0.21986,0.23798,0.25758,0.27881,0.30178,0.32664,0.35355,0.38269
0.06408,0.026623,0.028742,0.18133,0.26031,0.27973,0.17793,0.33747,0.23798,0.25758,0.27881,0.30178,0.32664,0.35355,0.38352
0.23334,0.09917,0.10502,0.11367,0.25561,0.16232,0.3191,0.21986,0.23797,0.25758,0.27881,0.30178,0.32664,0.35356,0.38269
0.082304,0.034092,0.19965,0.28982,0.15037,0.16276,0.17617,0.34372,0.23798,0.25758,0.27881,0.30178,0.32664,0.35355,0.38269
0.054718,0.022665,0.024532,0.026554,0.14698,0.3924,0.17593,0.19043,0.20612,0.40368,0.27881,0.30178,0.32664,0.35355,0.38278
0.055061,0.02419,0.025112,0.026996,0.02922,0.032863,0.034433,0.21185,0.48717,0.40209,0.27848,0.30142,0.32625,0.35314,0.38535
0.23762,0.098427,0.10654,0.11531,0.24956,0.16373,0.17568,0.34543,0.23798,0.25758,0.27881,0.30178,0.32664,0.35355,0.38271
0.023458,0.0097165,0.010517,0.066349,0.17338,0.077732,0.49039,0.21986,0.23797,0.25758,0.27881,0.30178,0.32664,0.35355,0.38268
0.053317,0.12872,0.057752,0.063085,0.35634,0.16239,0.17582,0.1905,0.3734,0.25758,0.2788,0.30178,0.32665,0.35355,0.38272
0.13672,0.056631,0.061305,0.066349,0.071815,0.077733,0.084137,0.091069,0.57452,0.25758,0.27881,0.30178,0.32664,0.35355,0.38269
0.14795,0.061281,0.066428,0.073008,0.24493,0.29111,0.17579,0.34504,0.23798,0.25758,0.27881,0.30178,0.32664,0.35355,0.38275
0.089121,0.036915,0.23288,0.33416,0.17338,0.18766,0.20312,0.21986,0.23798,0.25758,0.27881,0.30178,0.32664,0.35355,0.38269
0.049043,0.10344,0.047427,0.18731,0.093027,0.10069,0.37711,0.19047,0.37281,0.25758,0.27881,0.30178,0.32664,0.35355,0.38269
0.14375,0.059544,0.06445,0.2463,0.12359,0.27257,0.32115,0.21987,0.23797,0.25758,0.27881,0.30178,0.32664,0.35355,0.38269
0.0098175,0.023423,0.010521,0.066345,0.029747,0.032198,0.034851,0.21986,0.098573,0.10669,0.11549,0.72855,0.32664,0.35355,0.38269
0.04793,0.11571,0.0519,0.18137,0.31542,0.16083,0.17408,0.18843,0.20395,0.41112,0.27881,0.30178,0.32664,0.35355,0.38276
0.023458,0.056632,0.025391,0.027483,0.029747,0.032198,0.034851,0.037722,0.04083,0.044194,0.27881,0.125,0.1353,0.14645,0.92388
0.056632,0.023458,0.025391,0.027483,0.029747,0.18766,0.084137,0.53079,0.23797,0.25758,0.27881,0.30178,0.32664,0.35355,0.38268
0.11966,0.04971,0.053671,0.33619,0.15089,0.16332,0.17677,0.19134,0.20711,0.40021,0.27881,0.30178,0.32664,0.35355,0.38269
0.11822,0.048967,0.053001,0.057368,0.36192,0.16226,0.17563,0.1901,0.37408,0.25758,0.27881,0.30178,0.32664,0.35355,0.38276
0.0084443,0.0035006,0.0037864,0.023887,0.010709,0.067562,0.17655,0.46134,0.20684,0.40115,0.27881,0.30178,0.32664,0.35355,0.38269
0.047315,0.019599,0.021213,0.028045,0.14998,0.067242,0.42421,0.34533,0.23797,0.25758,0.27881,0.30178,0.32664,0.35355,0.38268
0.062916,0.15189,0.0681,0.22564,0.11903,0.28615,0.17506,0.34677,0.23778,0.25737,0.28017,0.30178,0.32664,0.35355,0.38269
0.0040091,0.0017028,0.010516,0.0047146,0.0051078,0.0055243,0.034851,0.015625,0.016912,0.018306,0.11548,0.051777,0.056043,0.35355,0.92398
0.13672,0.056632,0.061298,0.066349,0.071815,0.077732,0.084137,0.091069,0.098573,0.10669,0.11548,0.125,0.78858,0.35355,0.38269
0.074516,0.031866,0.19518,0.21471,0.25165,0.1626,0.176,0.1905,0.20619,0.40341,0.2788,0.30178,0.32664,0.35355,0.38273
0.0084095,0.003492,0.021983,0.010152,0.010716,0.0676,0.17665,0.079198,0.49963,0.40074,0.27881,0.30178,0.32664,0.35355,0.38274
0.28636,0.11863,0.12839,0.13897,0.15042,0.16624,0.17678,0.19134,0.20711,0.40021,0.27881,0.30178,0.32664,0.35355,0.38269
0.023027,0.049851,0.13257,0.059437,0.19824,0.34202,0.17593,0.19043,0.20612,0.40368,0.27881,0.30178,0.32664,0.35355,0.38269
0.041324,0.099766,0.044729,0.048415,0.052404,0.056721,0.2187,0.10943,0.11845,0.59771,0.27881,0.30178,0.32664,0.35355,0.38279
0.051575,0.021363,0.024775,0.13896,0.062872,0.38915,0.18611,0.1912,0.37024,0.25758,0.27881,0.30178,0.32664,0.35355,0.38269
0.021123,0.050394,0.13192,0.059144,0.065476,0.23866,0.4434,0.21986,0.23798,0.25758,0.27881,0.30178,0.32664,0.35355,0.3827
0.093798,0.038852,0.042054,0.2653,0.11895,0.29219,0.17672,0.34185,0.23798,0.25758,0.27881,0.30178,0.32664,0.35355,0.38274
0.0098072,0.0040624,0.004397,0.027438,0.012322,0.077732,0.20312,0.53079,0.23798,0.25758,0.27881,0.30178,0.32664,0.35355,0.38269
0.147,0.060985,0.065922,0.071354,0.25997,0.28023,0.17619,0.19068,0.20639,0.40271,0.27881,0.30178,0.32664,0.35355,0.38272
0.013576,0.032774,0.085644,0.22009,0.098921,0.10707,0.23905,0.44119,0.23797,0.25758,0.27881,0.30178,0.32664,0.35355,0.38288
0.2297,0.095144,0.10298,0.2442,0.15052,0.16292,0.17635,0.19088,0.20661,0.40197,0.27881,0.30178,0.32664,0.35355,0.38269
0.10312,0.042715,0.046234,0.050043,0.055032,0.18492,0.096543,0.1045,0.11311,0.60473,0.27881,0.30178,0.32664,0.35355,0.38269
0.017091,0.0073254,0.041568,0.10832,0.28314,0.26363,0.34389,0.21986,0.23797,0.25758,0.2788,0.30178,0.32664,0.35355,0.38274
0.097766,0.040598,0.25495,0.11435,0.25456,0.16259,0.17599,0.19049,0.20618,0.40345,0.2788,0.30178,0.32664,0.35355,0.38272
0.049053,0.11835,0.30929,0.13904,0.15019,0.16258,0.17593,0.34457,0.23798,0.25758,0.27881,0.30178,0.32664,0.35355,0.38269
0.053978,0.022359,0.024201,0.15267,0.06845,0.074569,0.08027,0.45217,0.37182,0.25758,0.27881,0.30178,0.32664,0.35355,0.38275
0.051757,0.11723,0.053081,0.057455,0.062486,0.3926,0.17602,0.19052,0.37262,0.25758,0.27881,0.30178,0.32664,0.35355,0.38269
0.014486,0.0060003,0.037081,0.093928,0.042329,0.045817,0.049592,0.053678,0.26653,0.60195,0.27881,0.30178,0.32664,0.35355,0.38269
0.23218,0.10034,0.10477,0.1134,0.12661,0.13348,0.29943,0.19054,0.20612,0.40367,0.27881,0.30178,0.32664,0.35355,0.38269
0.096673,0.041622,0.25409,0.11392,0.12454,0.27349,0.17521,0.18965,0.37566,0.25758,0.27881,0.30178,0.32664,0.35355,0.38289
0.008899,0.021484,0.052564,0.023808,0.025776,0.16258,0.42484,0.19047,0.20617,0.40351,0.27881,0.30178,0.32664,0.35355,0.38269
0.19219,0.079608,0.086167,0.093266,0.10105,0.10997,0.23688,0.43847,0.23797,0.25759,0.27881,0.30178,0.32664,0.35355,0.38269
0.016806,0.040567,0.10601,0.047562,0.29987,0.27592,0.17646,0.191,0.20673,0.40152,0.27881,0.30178,0.32664,0.35355,0.38269
0.043241,0.10159,0.24562,0.11155,0.24997,0.2749,0.23524,0.22725,0.23814,0.25758,0.27881,0.30178,0.32664,0.35355,0.38434
0.28463,0.1179,0.12761,0.13812,0.1495,0.16182,0.17515,0.34726,0.23798,0.25758,0.27881,0.30178,0.32664,0.35355,0.38268
0.062259,0.029314,0.16093,0.24717,0.12557,0.13581,0.29215,0.1904,0.37305,0.25758,0.27881,0.30178,0.32664,0.35355,0.3827
0.14431,0.059776,0.064701,0.070032,0.18421,0.10756,0.45027,0.21986,0.23797,0.25758,0.2788,0.30178,0.32664,0.35355,0.38269
0.012406,0.029318,0.076855,0.12528,0.06229,0.067448,0.072981,0.078995,0.49835,0.40261,0.27881,0.30178,0.32664,0.35355,0.38269
0.03778,0.015649,0.098723,0.044348,0.051297,0.052421,0.056743,0.22195,0.56166,0.25758,0.27881,0.30178,0.32664,0.35355,0.38273
0.048454,0.02007,0.12288,0.055359,0.059901,0.064839,0.22941,0.11813,0.53982,0.25758,0.2788,0.3018,0.32664,0.35355,0.38269
0.02033,0.04906,0.12821,0.05748,0.36262,0.16258,0.17597,0.19048,0.37279,0.25758,0.27881,0.30178,0.32664,0.35355,0.38269
0.13703,0.05676,0.061593,0.16732,0.096066,0.10398,0.45597,0.21986,0.23798,0.25758,0.27881,0.30178,0.32664,0.35355,0.3827
0.22645,0.093798,0.10153,0.10989,0.11895,0.29219,0.1767,0.34186,0.23798,0.25758,0.27881,0.30178,0.32664,0.35355,0.38269
0.098696,0.040881,0.047376,0.26597,0.12141,0.28148,0.18608,0.19116,0.37037,0.25758,0.27881,0.30178,0.32664,0.35355,0.38277
0.22357,0.20991,0.12702,0.13749,0.14882,0.29874,0.20312,0.21986,0.23797,0.25758,0.27881,0.30178,0.32664,0.35355,0.38269
0.035502,0.085709,0.038482,0.24247,0.29137,0.16243,0.17581,0.1903,0.3734,0.25758,0.27881,0.30178,0.32664,0.35355,0.38269
0.017926,0.0085025,0.0087325,0.008979,0.056645,0.13988,0.21247,0.12334,0.55048,0.25758,0.27881,0.30178,0.32664,0.35355,0.38273
0.051751,0.021436,0.12145,0.055526,0.34612,0.15541,0.33386,0.22647,0.24296,0.25759,0.27881,0.30178,0.32664,0.35355,0.38269
0.15719,0.065111,0.070476,0.077554,0.26018,0.13758,0.29064,0.34504,0.23798,0.25758,0.27881,0.30178,0.32664,0.35355,0.38269
0.072241,0.029923,0.15581,0.072237,0.078165,0.18587,0.11458,0.12385,0.53101,0.25758,0.27881,0.30178,0.32664,0.35355,0.38269
0.01533,0.034745,0.015732,0.095368,0.043016,0.27137,0.12167,0.38312,0.37262,0.25758,0.27881,0.30178,0.32664,0.35355,0.38269
0.012049,0.027274,0.071985,0.034557,0.20578,0.092258,0.3892,0.19226,0.20568,0.4052,0.2788,0.30178,0.32664,0.35355,0.38269
0.095087,0.043351,0.043286,0.27308,0.12243,0.28024,0.17617,0.19068,0.20639,0.40271,0.27881,0.30178,0.32664,0.35355,0.38269
0.11855,0.049112,0.053387,0.33554,0.15044,0.16283,0.17625,0.34344,0.23799,0.25758,0.27881,0.30178,0.32664,0.35355,0.38279
0.023458,0.0097165,0.061298,0.027483,0.17338,0.077732,0.084137,0.091069,0.57452,0.25758,0.27881,0.30178,0.32664,0.35355,0.38269
0.06898,0.029462,0.18109,0.19852,0.35674,0.18812,0.20312,0.21986,0.23798,0.25758,0.27881,0.30178,0.32664,0.35355,0.38269
0.043446,0.10489,0.2547,0.11555,0.24939,0.16218,0.17647,0.34543,0.23798,0.25758,0.27881,0.30178,0.32664,0.35355,0.38269
0.13641,0.13753,0.080245,0.086848,0.10174,0.10317,0.11153,0.12085,0.53582,0.25756,0.27878,0.30177,0.32679,0.35355,0.38272
0.098426,0.040769,0.044128,0.27839,0.24956,0.16374,0.17568,0.34543,0.23798,0.25758,0.27881,0.30178,0.32664,0.35355,0.38271
0.023458,0.0097165,0.061298,0.16018,0.071815,0.077732,0.084137,0.53079,0.23798,0.25758,0.27881,0.30178,0.32664,0.35355,0.38269
0.037178,0.087875,0.039523,0.043092,0.046354,0.05049,0.054357,0.26339,0.12395,0.59003,0.27881,0.30178,0.32664,0.35355,0.38269
0.22599,0.093608,0.10132,0.24328,0.15121,0.2972,0.20312,0.21986,0.23798,0.25758,0.27881,0.30178,0.32664,0.35355,0.38269
0.015327,0.037002,0.09669,0.25266,0.3612,0.18766,0.20312,0.21986,0.23798,0.25758,0.27881,0.30178,0.32664,0.35355,0.38269
0.0040723,0.0097172,0.0043732,0.027473,0.071815,0.032198,0.034851,0.037722,0.23798,0.10669,0.6731,0.30178,0.32664,0.35355,0.38269
0.092514,0.22335,0.10032,0.24846,0.14949,0.29646,0.20312,0.21986,0.23798,0.25758,0.27881,0.30178,0.32664,0.35355,0.38269
0.025265,0.060987,0.15937,0.23541,0.14326,0.27638,0.17675,0.19131,0.20708,0.40031,0.27881,0.30178,0.32664,0.35355,0.38269
0.017617,0.008377,0.041076,0.018835,0.11882,0.3105,0.28548,0.18266,0.39861,0.25759,0.27881,0.30178,0.32664,0.35355,0.3827
0.048925,0.021488,0.022134,0.023961,0.15114,0.067764,0.073347,0.46005,0.20643,0.40257,0.27881,0.30178,0.32664,0.35355,0.38272
0.050486,0.11931,0.053671,0.058086,0.062872,0.068078,0.42468,0.19071,0.20642,0.40261,0.27881,0.30178,0.32664,0.35355,0.38269
0.023457,0.05663,0.14798,0.066346,0.071833,0.077732,0.49039,0.21986,0.23798,0.25758,0.27881,0.30178,0.32664,0.35355,0.38269
0.0097165,0.0040247,0.025391,0.066349,0.029747,0.032198,0.034851,0.037722,0.04083,0.25758,0.11548,0.125,0.1353,0.14645,0.92388
0.07134,0.1686,0.075829,0.30533,0.15077,0.16319,0.17664,0.19119,0.20695,0.40077,0.27881,0.30178,0.32664,0.35355,0.38269
0.02338,0.0097921,0.050968,0.12491,0.056857,0.19191,0.10053,0.51095,0.23797,0.25758,0.2788,0.30178,0.32664,0.35355,0.38269
0.049087,0.020333,0.12827,0.33519,0.15028,0.16372,0.17623,0.19075,0.37182,0.25758,0.27881,0.30178,0.32664,0.35355,0.38269
0.0050592,0.0024026,0.013519,0.035328,0.092316,0.041389,0.19991,0.4421,0.37362,0.25758,0.27881,0.30178,0.32664,0.35355,0.38288
0.059837,0.14363,0.06445,0.2463,0.12359,0.27257,0.32115,0.21987,0.23798,0.25758,0.27881,0.30178,0.32664,0.35355,0.38269
0.049237,0.11887,0.31062,0.13996,0.15085,0.16328,0.17673,0.19129,0.36993,0.25758,0.27881,0.30178,0.32664,0.35355,0.38271
0.05022,0.020802,0.022516,0.14204,0.20288,0.23929,0.30192,0.34185,0.23798,0.25758,0.27881,0.30178,0.32664,0.35355,0.38282
0.049468,0.11783,0.052933,0.057295,0.062305,0.068101,0.42462,0.19038,0.37313,0.25758,0.27881,0.30178,0.32664,0.35355,0.38272
0.049217,0.020403,0.022069,0.13922,0.062419,0.067562,0.42623,0.1911,0.20684,0.40115,0.27881,0.30178,0.32664,0.35355,0.38269
0.11535,0.047778,0.051719,0.17159,0.090471,0.097925,0.10599,0.11473,0.1242,0.58971,0.27881,0.30178,0.32664,0.35355,0.38269
0.11786,0.050127,0.053051,0.057422,0.36225,0.16241,0.17579,0.34504,0.23798,0.25758,0.27881,0.30178,0.32664,0.35355,0.3827
0.063137,0.14663,0.066127,0.23109,0.11952,0.28418,0.17493,0.18932,0.37676,0.25758,0.2788,0.3018,0.32665,0.35355,0.38268
0.0040245,0.0016675,0.0018045,0.011384,0.0051038,0.032198,0.084137,0.21986,0.098572,0.10669,0.11549,0.125,0.78858,0.35355,0.38268
0.13726,0.056854,0.061538,0.32534,0.15096,0.16507,0.17659,0.19113,0.37047,0.25758,0.27881,0.30178,0.32664,0.35355,0.38269
0.0135,0.032588,0.085158,0.03818,0.24086,0.22163,0.14174,0.4392,0.23798,0.25758,0.27881,0.30178,0.32664,0.35355,0.38284
0.040815,0.097103,0.043662,0.04723,0.055055,0.32626,0.29275,0.19001,0.37442,0.25758,0.2788,0.30178,0.32665,0.35355,0.3827
0.042127,0.018403,0.11069,0.049645,0.05551,0.058569,0.21441,0.51065,0.23797,0.25758,0.2788,0.30178,0.32664,0.35355,0.3827
0.11772,0.04916,0.052841,0.057195,0.061907,0.39055,0.32099,0.21986,0.23799,0.25758,0.27881,0.30178,0.32664,0.35355,0.38269
0.049055,0.11842,0.053092,0.057466,0.36253,0.16254,0.31834,0.21986,0.23798,0.25758,0.27881,0.30178,0.32664,0.35355,0.38268
0.069952,0.029321,0.18312,0.082098,0.090895,0.096509,0.38497,0.19063,0.37225,0.25758,0.27881,0.30178,0.32664,0.35355,0.38271
0.040595,0.016902,0.10616,0.048975,0.051751,0.056022,0.060621,0.21883,0.1119,0.12112,0.65622,0.30178,0.32664,0.35355,0.38291
0.063169,0.14346,0.065256,0.070381,0.076206,0.083033,0.089307,0.43958,0.20615,0.40357,0.27881,0.30178,0.32664,0.35355,0.38269
0.16722,0.069264,0.075712,0.087728,0.090628,0.096612,0.38327,0.1901,0.37408,0.25758,0.27881,0.30178,0.32664,0.35355,0.38327
0.051626,0.1224,0.055025,0.32843,0.15315,0.16149,0.17479,0.18919,0.37721,0.25758,0.27881,0.30178,0.32664,0.35355,0.3827
0.020379,0.0085556,0.009155,0.057655,0.025856,0.16312,0.073132,0.46136,0.37059,0.25758,0.27881,0.30178,0.32664,0.35355,0.3827
0.0040247,0.0016671,0.010517,0.0047153,0.029747,0.077732,0.034851,0.21986,0.57452,0.25758,0.27881,0.30178,0.32664,0.35355,0.38269
0.020338,0.049076,0.11608,0.052877,0.18439,0.35564,0.17553,0.34597,0.23797,0.25758,0.27881,0.30178,0.32664,0.35355,0.38269
0.023458,0.056632,0.025391,0.027483,0.17338,0.077732,0.084137,0.53079,0.23797,0.25758,0.27881,0.30178,0.32664,0.35355,0.38269
0.131,0.054272,0.30383,0.13888,0.15033,0.16271,0.17612,0.19063,0.37225,0.25758,0.27881,0.30178,0.32664,0.35355,0.38269
0.020331,0.0085758,0.0091401,0.057036,0.025613,0.16158,0.42224,0.34815,0.23798,0.25758,0.27881,0.30178,0.32664,0.35355,0.38269
0.05652,0.023411,0.02534,0.15986,0.18174,0.10394,0.11301,0.49349,0.23798,0.25758,0.27881,0.30178,0.32664,0.35355,0.38269
0.22049,0.21409,0.1273,0.14623,0.15051,0.16292,0.17634,0.19087,0.20659,0.40201,0.27881,0.30178,0.32664,0.35355,0.38295
0.1385,0.13528,0.080194,0.086852,0.093961,0.1017,0.11008,0.11915,0.12897,0.58265,0.2788,0.30178,0.32665,0.35355,0.38272
0.081864,0.034205,0.2142,0.096033,0.10483,0.32571,0.31887,0.21986,0.23799,0.25758,0.27881,0.30178,0.32664,0.35355,0.38269
0.025709,0.06011,0.15493,0.070297,0.21075,0.11541,0.12492,0.37583,0.37268,0.25758,0.2788,0.3018,0.32664,0.35355,0.38269
0.096758,0.040078,0.04338,0.046955,0.10416,0.069524,0.42326,0.19721,0.2066,0.40199,0.27881,0.30178,0.32664,0.35355,0.38269
0.081924,0.035037,0.036907,0.039948,0.043239,0.046802,0.050658,0.054832,0.05935,0.26812,0.1283,0.13887,0.15032,0.83622,0.38269
0.15381,0.063711,0.06896,0.24009,0.12434,0.13462,0.29551,0.34504,0.23798,0.25758,0.27881,0.30178,0.32664,0.35355,0.3827
0.00817,0.019724,0.051542,0.12819,0.058596,0.36597,0.33844,0.22919,0.23996,0.25586,0.27695,0.31325,0.32664,0.35355,0.38387
0.020068,0.048449,0.02369,0.13892,0.062285,0.39293,0.17617,0.19068,0.20639,0.40271,0.27881,0.30178,0.32664,0.35355,0.38269
0.040245,0.09716,0.25389,0.11383,0.12329,0.13337,0.29936,0.34494,0.23797,0.2576,0.27881,0.30178,0.32664,0.35355,0.38269
0.088688,0.20026,0.090721,0.24312,0.29992,0.18766,0.20312,0.21986,0.23798,0.25758,0.27881,0.30178,0.32664,0.35355,0.38269
0.18469,0.17914,0.10658,0.11545,0.24969,0.16381,0.17577,0.34513,0.23798,0.25758,0.27881,0.30178,0.32664,0.35355,0.3827
0.039362,0.095017,0.24829,0.11368,0.14324,0.27634,0.17675,0.19129,0.20705,0.40041,0.27881,0.30178,0.32664,0.35355,0.38269
0.056632,0.13672,0.061298,0.066349,0.071815,0.45306,0.20312,0.21986,0.23798,0.25758,0.27881,0.30178,0.32664,0.35355,0.38268
0.17314,0.071718,0.077627,0.084022,0.095091,0.34757,0.18602,0.19101,0.37089,0.25758,0.27881,0.30178,0.32664,0.35355,0.38269
0.039932,0.095852,0.22137,0.26478,0.14928,0.16254,0.32115,0.21987,0.23798,0.25758,0.27881,0.30178,0.32664,0.35355,0.38269
0.14544,0.060245,0.065243,0.073571,0.077488,0.083315,0.40335,0.34639,0.23798,0.25758,0.27881,0.30178,0.32664,0.35355,0.38342
0.056632,0.023458,0.14799,0.38671,0.17338,0.18766,0.20312,0.21986,0.23798,0.25758,0.27881,0.30178,0.32664,0.35355,0.38268
0.019429,0.0080697,0.050791,0.023788,0.13087,0.19372,0.099966,0.51108,0.23931,0.25758,0.2788,0.30178,0.32664,0.35355,0.3827
0.088842,0.21259,0.095438,0.1033,0.28509,0.16262,0.17602,0.19053,0.37261,0.25758,0.27881,0.30178,0.32664,0.35355,0.38269
0.054957,0.022764,0.14361,0.064386,0.069691,0.075506,0.081928,0.44746,0.37538,0.25758,0.27881,0.30178,0.32664,0.35355,0.38273
0.01829,0.043224,0.11331,0.18369,0.091489,0.099066,0.3808,0.19071,0.20642,0.40261,0.27881,0.30178,0.32664,0.35355,0.38279
0.098452,0.2347,0.10542,0.11411,0.13895,0.13626,0.29306,0.19102,0.37088,0.25758,0.27881,0.30178,0.32664,0.35355,0.3832
0.098458,0.040783,0.04442,0.27874,0.12497,0.13527,0.29292,0.19015,0.3739,0.25759,0.27881,0.30178,0.32664,0.35355,0.38269
0.057553,0.02625,0.15271,0.2006,0.10766,0.40165,0.20312,0.21986,0.23797,0.25758,0.27881,0.30178,0.32664,0.35355,0.38269
0.053217,0.12848,0.057601,0.16154,0.30747,0.31175,0.20312,0.21987,0.23798,0.25758,0.27881,0.30178,0.32664,0.35355,0.38271
0.04926,0.11892,0.053426,0.057728,0.062485,0.39419,0.17673,0.34175,0.23798,0.25758,0.27881,0.30178,0.32664,0.35355,0.38269
0.026506,0.060198,0.0293,0.030292,0.032358,0.19829,0.089292,0.4395,0.20612,0.40369,0.27881,0.30178,0.32664,0.35355,0.38269
0.11871,0.28631,0.12838,0.13896,0.15041,0.16507,0.17658,0.19113,0.3705,0.25758,0.27881,0.30178,0.32664,0.35355,0.38269
0.029908,0.070679,0.18269,0.30533,0.15077,0.16319,0.17664,0.19119,0.20695,0.40077,0.27881,0.30178,0.32664,0.35355,0.38269
0.013205,0.031881,0.083308,0.20919,0.31922,0.16244,0.17582,0.19031,0.20599,0.40412,0.27881,0.30178,0.32664,0.35355,0.38269
0.12726,0.054308,0.057313,0.15216,0.33103,0.16316,0.1766,0.19116,0.20691,0.40091,0.2788,0.30178,0.32664,0.35355,0.38273
0.099155,0.23654,0.10624,0.11499,0.25878,0.16426,0.31225,0.21986,0.23798,0.25758,0.27881,0.30178,0.32664,0.35355,0.38269
0.061475,0.028827,0.15879,0.072205,0.077607,0.29094,0.29188,0.19022,0.37271,0.25734,0.27855,0.3015,0.32634,0.35323,0.38475
0.019958,0.047119,0.12354,0.32282,0.17128,0.16119,0.323,0.21986,0.23798,0.25758,0.27881,0.30178,0.32664,0.35355,0.38269
0.056022,0.027467,0.12345,0.057316,0.06311,0.067303,0.072957,0.45968,0.20627,0.40368,0.27881,0.30178,0.32664,0.35355,0.38272
0.071902,0.17118,0.082382,0.084281,0.23225,0.28174,0.17662,0.19111,0.37055,0.25758,0.27881,0.30178,0.32664,0.35355,0.38278
0.045487,0.10981,0.049234,0.059976,0.1852,0.096655,0.46685,0.21986,0.23798,0.25758,0.27881,0.30178,0.32664,0.35355,0.38275
0.078097,0.18761,0.08445,0.096655,0.099598,0.10986,0.23534,0.44151,0.23798,0.25758,0.27881,0.30178,0.32664,0.35355,0.38269
0.14585,0.070503,0.070149,0.073849,0.17947,0.4143,0.20315,0.21986,0.23798,0.25758,0.27881,0.30178,0.32664,0.35355,0.38273
0.057796,0.12355,0.056499,0.061154,0.066209,0.071649,0.077565,0.083944,0.49459,0.40041,0.27881,0.30178,0.32664,0.35355,0.38269
0.11792,0.28452,0.13081,0.13947,0.15016,0.16258,0.17593,0.34457,0.23798,0.25758,0.27881,0.30178,0.32664,0.35355,0.38269
0.032772,0.013575,0.014693,0.091158,0.2388,0.10932,0.23805,0.44119,0.23798,0.25758,0.27881,0.30178,0.32664,0.35355,0.3827
0.072126,0.17313,0.079241,0.29777,0.14942,0.16173,0.32115,0.21986,0.23798,0.25758,0.27881,0.30178,0.32664,0.35355,0.38269
0.28675,0.1188,0.12856,0.13916,0.15062,0.16303,0.17647,0.191,0.37093,0.25758,0.27881,0.30178,0.32664,0.35355,0.38269
0.038461,0.087646,0.21802,0.098625,0.2947,0.16216,0.17552,0.19228,0.37331,0.25758,0.27881,0.30178,0.32664,0.35355,0.38269
0.13788,0.057113,0.061829,0.06696,0.072434,0.078402,0.084862,0.091854,0.48468,0.40067,0.27881,0.30178,0.32664,0.35355,0.38271
0.089314,0.21562,0.096673,0.33374,0.17338,0.18766,0.20312,0.21986,0.23798,0.25758,0.27881,0.30178,0.32664,0.35355,0.38269
0.22685,0.094002,0.29871,0.16017,0.17337,0.18765,0.20311,0.21991,0.23799,0.25758,0.27881,0.30178,0.32664,0.35355,0.38269
0.048604,0.11734,0.052609,0.058228,0.061841,0.067256,0.42257,0.34767,0.23798,0.25758,0.27881,0.30178,0.32664,0.35355,0.38269
0.17647,0.081119,0.080449,0.21416,0.25067,0.1623,0.31732,0.21916,0.23721,0.26236,0.2788,0.30178,0.32664,0.35355,0.38273
0.021322,0.047721,0.12618,0.17996,0.3193,0.16202,0.17829,0.34504,0.23797,0.25758,0.27881,0.30178,0.32664,0.35355,0.38269
0.063711,0.15381,0.06896,0.24009,0.12434,0.13462,0.29551,0.34504,0.23798,0.25758,0.27881,0.30178,0.32664,0.35355,0.3827
0.16029,0.066393,0.084699,0.19869,0.35846,0.18766,0.20312,0.21986,0.23801,0.25758,0.27881,0.30178,0.32664,0.35355,0.38269
0.043234,0.094146,0.042912,0.046448,0.052605,0.19474,0.097513,0.10763,0.55695,0.25758,0.27881,0.30178,0.32664,0.35355,0.38269
0.042195,0.017521,0.1103,0.050936,0.053765,0.33918,0.27981,0.1912,0.20696,0.40074,0.27881,0.30178,0.32664,0.35355,0.38282
0.043513,0.018024,0.019631,0.12319,0.2981,0.13527,0.29292,0.19015,0.3739,0.25758,0.27881,0.30178,0.32664,0.35355,0.3827
0.118,0.04955,0.30898,0.13853,0.14994,0.29489,0.20312,0.21986,0.23798,0.25758,0.27881,0.30178,0.32664,0.35355,0.3827
0.074107,0.17489,0.078676,0.29763,0.15061,0.1623,0.17568,0.34541,0.23797,0.25757,0.27879,0.30176,0.32663,0.35364,0.38281
0.0097131,0.004033,0.025391,0.011384,0.071815,0.032198,0.034851,0.037722,0.23798,0.10669,0.11549,0.125,0.1353,0.14645,0.92388
0.022691,0.0098085,0.01024,0.062967,0.028339,0.17878,0.080159,0.092243,0.49007,0.40063,0.27881,0.30178,0.32664,0.35355,0.38275
0.054332,0.023108,0.024456,0.026471,0.1474,0.3931,0.17624,0.34343,0.23796,0.25766,0.27881,0.30178,0.32664,0.35355,0.3827
0.023462,0.05663,0.14799,0.066349,0.071815,0.45306,0.20312,0.21986,0.23798,0.25758,0.27881,0.30178,0.32664,0.35355,0.38269
0.11232,0.046525,0.052053,0.31928,0.29257,0.18828,0.20312,0.21986,0.23798,0.25758,0.27881,0.30178,0.32664,0.35355,0.3827
0.048975,0.020787,0.12844,0.057808,0.0625,0.39357,0.17646,0.19099,0.37096,0.25758,0.2788,0.30179,0.32664,0.35355,0.38269
0.013756,0.031195,0.080593,0.21051,0.31537,0.16119,0.323,0.21986,0.23798,0.25758,0.27881,0.30178,0.32664,0.35355,0.38269
