2.0358,4.0715,2.8349,8.127,32.572,29.418,126.59,230.57,495.62,955.95
0.68325,1.8244,6.9868,15.928,30.922,63.371,127.82,235.38,462.32,557.28
1.8643,3.6975,7.0354,4.7998,10.626,62.631,127.51,251.82,500.64,925.32
1.9054,2.0705,7.2273,15.005,16.095,59.757,128.84,125.72,301.21,872.29
0.91354,3.9442,7.0453,8.7976,11.779,63.29,130.24,207.3,493.09,925.5
1.9823,3.2795,3.9858,7.8181,28.273,60.897,67.799,238.78,311.46,923.93
2.0325,1.4772,7.8508,8.4209,30.833,65.04,130.08,104.83,515.1,995.56
1.7644,4.049,7.8265,6.8898,32.568,42.678,72.477,243.8,223.58,993.83
0.77235,3.8793,2.6107,16.101,31.12,43.664,124.97,249.72,451.08,901.74
0.83428,3.5748,7.7339,8.9487,30.223,62.131,130.09,141.93,456.89,578.25
1.7534,2.0107,7.4854,15.796,28.73,43.974,60.268,225.3,240.84,973.14
2.0363,4.0678,3.6653,14.82,31.19,40.851,129.93,240.25,238.59,523.37
0.87712,3.9998,2.8863,15.627,29.855,63.549,64.609,257.68,516.55,1032.7
1.5544,4.0389,7.9577,6.4553,32.684,36.26,86.633,131.35,458.32,1012.3
2.0327,3.6571,6.0917,4.9795,30.795,35.483,127.13,223.37,290.29,914.49
2.0053,3.5238,8.0665,5.0625,15.368,55.517,74.986,240.48,455.9,1038.2
1.9079,2.0176,7.7902,8.3747,28.64,61.294,71.927,246.76,255.3,928.38
1.1079,3.8123,3.9658,16.702,14.974,64.658,80.272,250.96,469.51,953.76
1.8386,1.815,7.4049,6.7935,28.429,59.349,129.74,233.61,242.2,954.99
2.0348,4.0014,2.455,15.526,27.543,37.327,126.67,251.55,242.47,911.71
0.85598,3.8525,7.8148,16.132,31.586,36.433,130.02,132.09,448.17,578.35
1.9117,4.0455,7.6269,16.099,9.0403,65.045,120.38,137.52,264.43,1012.1
2.0591,4.1182,3.1012,16.473,29.322,65.891,75.122,240.07,196.37,935.71
2.0447,3.6202,8.1896,8.4247,14.408,35.375,127.88,228,292.35,947.7
1.6586,2.0781,7.8179,16.24,17.715,32.652,129.92,230.92,454.81,524.98
1.7935,4.0151,8.0372,7.8497,15.075,63.144,84.327,238.6,241.9,939.83
1.7456,0.67501,6.4547,15.494,27.962,37.673,118.48,233.24,441.02,993.15
0.78615,4.0714,6.3895,8.1967,32.571,28.954,126.58,227.44,495.84,993.15
1.0027,2.1376,7.8447,14.906,27.513,37.569,59.889,257.55,451.69,974.11
1.9395,1.6643,7.1295,16.229,31.388,29.732,79.709,222.16,459.72,630.61
2.0419,2.6082,5.5286,16.075,30.358,65.341,87.842,157.55,309.64,446.39
0.78084,3.596,7.6407,8.1557,32.495,59.106,84.431,144.15,457.13,924.19
1.9508,3.0781,8.0949,2.4168,30.892,57.958,79.643,246.45,456.19,855.65
2.0323,1.7048,3.044,13.478,29.047,61.755,127.12,226.63,288.89,919.46
0.73157,3.7023,6.9122,7.5916,31.818,64.901,68.313,227.96,460.4,922.91
0.6383,3.5258,7.1782,15.637,30.812,64.061,73.058,239.53,238.73,998.31
1.3201,4.0623,4.9582,15.917,32.499,37.4,68.33,120.25,449.64,922.93
1.0233,3.6876,6.7853,9.3558,13.535,58.44,78.108,240.25,443.45,1039.8
1.8744,1.6398,7.0197,14.963,13.371,59.49,128.35,130.26,473.8,999.21
1.9899,2.8157,8.1225,4.1568,32.495,29.204,128.01,242.54,457.68,861.46
2.0392,1.9782,7.925,16.313,31.729,39.014,130.1,134.25,306.83,618.98
1.9853,3.8057,8.0886,16.275,7.9438,63.199,128.92,236.04,315.16,513.61
2.0453,3.9958,4.3462,8.2256,31.429,57.585,129.51,243.91,328.93,407.3
0.64516,3.964,6.8122,7.5643,30.508,58.465,126.37,252.79,299.64,881.12
1.6502,3.9068,7.9854,7.727,15.089,40.39,127.25,231.94,496.08,525.18
1.8713,1.534,6.9736,14.643,14.023,58.606,120.42,215.77,299.22,871.12
1.9545,3.8756,3.988,10.281,15.794,63.633,64.626,206.87,446.43,910.9
0.92737,3.7466,7.7565,9.3762,32.678,34.284,127.53,233.28,253.31,958.21
2.0293,3.9387,3.2357,8.6661,28.071,34.982,76.798,234.68,491.48,939.53
1.7102,1.5232,2.1402,16.282,28.346,63.047,128.81,228.66,484.51,1035
2.0298,1.6298,2.8171,15.318,28.126,58.007,126.6,149.94,490.23,1033.7
2.0042,3.316,7.5304,5.622,32.451,34.615,128.17,246.63,503.74,457.93
1.8622,2.3,7.5675,16.257,15.286,64.877,128.34,125.17,491.35,523.73
2.029,1.9632,8.1503,7.588,32.597,65.324,127.06,154.4,255.06,923.1
0.90966,3.6175,3.038,15.303,32.621,56.925,125.25,129.82,521.88,926.66
2.0361,1.6453,7.0381,9.2575,26.571,25.24,130.37,223.03,506.96,955.86
2.0288,1.9169,7.2083,16.23,17.073,30.927,125.59,227.95,291.58,993.87
1.9321,4.0483,2.0916,15.996,29.642,24.263,125.38,214.63,453.1,1038.3
2.0479,4.062,4.1249,7.5536,29.186,39.449,65.84,235.88,456.31,927.6
1.9959,3.6818,4.7083,16.282,18.307,42.185,68.534,230.02,463.81,524.53
1.1129,2.576,3.0676,15.161,27.602,59.203,126.61,243.92,276.76,923.88
1.9628,1.4178,6.9052,8.1432,28.537,64.944,68.845,228.37,461.04,867.23
1.4748,1.2709,8.1606,16.314,32.577,65.285,130.57,151.9,255.12,927.84
1.6852,3.9164,7.9452,8.529,16.372,43.052,128.15,247.54,324.89,524.45
1.994,3.0755,7.7168,5.3888,31.17,35.423,77.622,230.54,457.67,723.55
1.9741,4.0482,6.7209,9.8742,18.347,42.249,68.139,230.02,463.8,524.52
2.0359,3.8051,8.1308,4.7551,30.262,59.448,86.149,236.94,468.74,431.76
2.038,4.0759,1.2342,15.412,30.019,63.575,64.698,230.49,506.15,1002.7
2.0416,3.7802,8.136,3.5467,29.993,58.609,130.19,237.21,469.27,432.25
2.0208,2.6302,4.7364,15.197,28.386,65.022,66.576,145.16,261.79,1030.3
2.0022,3.7963,2.5602,7.7809,31.075,59.579,110.74,241.34,291.4,899.41
1.9888,3.994,2.4257,15.791,29.05,65.052,67.737,230.69,499.59,525.18
2.0295,2.0258,8.0467,9.9716,31.397,32.264,83.261,248.07,291.92,896.5
2.0161,2.9647,7.5948,6.5923,13.87,63.37,126.98,213.52,286.36,979.67
2.032,1.9404,7.6273,15.974,32.352,42.323,127.41,129.56,213.75,1034.2
2.03,3.752,7.4471,16.276,17.746,42.529,129.5,129.53,296.02,552.34
1.9974,3.8513,8.0588,5.8649,30.485,59.997,90.398,238.17,335.62,431.65
2.0238,3.9807,6.4487,7.5,17.804,38.058,61.88,236.12,515.9,1004.4
0.99912,3.9337,3.8878,16.167,29.642,36.454,130.04,224.17,510.62,521.9
0.27747,3.8436,6.9681,15.005,30.24,63.108,122.41,142.82,518.14,953.69
1.9814,1.7077,7.8283,9.4834,11.526,57.418,124.61,215.18,455.43,935.93
2.0477,4.0614,4.1131,7.528,29.221,39.38,65.669,243.03,456.26,927.5
1.9858,1.7544,2.8852,15.621,29.844,63.525,64.584,257.58,516.36,1032.3
1.9921,3.5721,8.0455,5.7671,29.266,61.006,71.508,241.21,503.69,429.45
1.9693,3.2258,8.0867,4.5299,31.131,31.847,78.799,246.14,458.01,1001.1
1.9498,3.8561,3.7654,15.343,15.051,41.264,126.25,223.65,463.88,522.95
2.0343,2.9413,5.6922,9.4023,27.079,40.614,73.269,163.86,317.17,1023.6
0.75203,1.7339,7.3519,16.042,26.183,37.779,126.24,205.78,519.77,940.09
2.027,3.9286,8.1152,15.074,3.8104,64.53,130.1,244.25,283.93,979.87
1.1071,4.0337,8.1535,8.1935,32.624,44.808,127.06,154.37,254.97,926.13
0.61635,3.6309,7.9476,16.637,14.981,65.136,79.934,253.11,534.89,954.86
2.0353,3.9896,3.6888,16.266,32.542,60.289,81.939,233.9,308.59,399.06
1.8198,1.5048,6.5928,15.661,30.063,61.159,73.553,232.49,484.68,431.09
2.0422,1.5978,7.9115,16.338,32.461,34.258,127.34,100.85,441.81,1038.6
2.0044,4.0207,3.3964,9.0309,31.358,64.992,64.685,223.57,494.46,596.05
0.37881,3.3913,8.086,15.534,31.022,60.217,126.97,245.12,244.63,903.46
1.85,4.0321,8.0618,16.297,10.118,37.75,83.441,230.16,291.27,1043.2
0.66387,3.3322,6.8137,15.925,10.464,58.586,128.7,245.1,456.22,997.24
1.9677,4.0575,8.1007,14.925,8.25,31.613,79.39,243.5,458.06,1007.1
0.42408,3.62,7.0515,13.574,32.44,36.146,129.7,175.84,462.12,949.72
2.0131,4.0636,6.385,8.9129,30.982,45.677,97.081,146.36,322.36,514.59
2.0167,2.9527,5.5901,1.9306,27.722,62.963,128.63,228.43,464.68,1033.5
2.0266,3.9281,2.0772,16.147,32.426,38.944,126.03,122.65,508.81,949.78
2.0035,3.463,8.0069,3.3475,29.362,61.98,123.88,114.48,445.26,989.3
2.0257,3.6737,7.8953,5.7808,27.755,38.018,128.49,241.66,450.63,418.95
1.9523,3.4018,7.9169,8.9561,14.146,64.772,119.23,144.83,451.78,537.39
2.0319,3.9251,8.1005,14.813,6.1229,28.69,130.11,243.57,458.21,1007.4
0.7358,3.7591,6.9799,8.7719,30.762,59.218,87.225,242.86,517.82,542.22
1.6512,3.907,7.9385,7.7276,14.696,40.804,128.47,246.6,490.64,525.14
1.7655,3.9249,7.9519,9.9455,20.866,27.119,128.59,156,286.13,1029.5
0.82867,3.933,6.9481,16.15,16.018,45.428,120.68,232.8,496.79,513.7
2.0257,3.7921,8.1181,16.262,3.2264,60.196,81.627,242.49,456.06,913.1
2.0332,4.0079,8.1363,15.292,6.2216,60.386,117.59,115.5,507.44,911.67
2.0094,3.766,3.0798,15.192,12.3,38.107,113.01,250.44,456.19,958.55
1.285,3.7552,7.7544,10.364,16.443,42.735,128.14,247.38,322.06,548.49
1.9212,2.019,7.7508,15.404,15.232,38.148,68.692,227.15,500.17,836.94
0.86414,3.5115,7.6758,16.268,31.27,30.431,128.71,156.14,286.38,1041.1
2.0318,3.9246,1.9287,15.571,30.091,35.348,79.6,220.16,469.55,906.48
1.968,2.0216,3.4893,15.624,28.683,60.736,119.85,160.85,514.57,517.62
1.9171,3.3082,7.9077,7.6983,11.409,65.086,117.33,249.05,452.77,538.63
0.96544,3.7664,6.8692,15.815,29.898,61.971,83.045,236.97,294.68,422.9
2.0428,2.6362,7.7183,16.339,20.284,44.915,76.942,236.95,286.49,526.48
2.0039,3.3082,7.5242,5.8606,32.456,35.212,128.2,246.75,496.4,434.48
0.98147,4.0271,8.1519,7.5869,32.62,65.324,126.84,154.37,254.96,926.21
2.0044,4.0211,3.7386,7.3666,28.671,58.199,130.87,241.5,503.26,413.26
2.0294,4.0199,2.6548,15.04,30.479,38.319,84.612,237.11,268.03,1000.5
2.0284,4.0592,3.9535,9.2431,32.371,35.787,58.996,222.53,492.27,898.69
2.0293,1.9318,8.0445,9.6834,31.484,26.786,126.11,248.19,293.15,896.97
1.9797,4.0704,0.16244,14.864,29.992,62.907,121.56,252.12,518.56,910.46
1.7375,0.7226,7.4431,15.592,30.011,58.764,125.16,128.65,452.19,997.5
2.0297,1.8011,7.9019,15.171,28.495,42.97,73.692,105.47,462.72,974.33
0.63931,3.7284,6.8804,8.2047,30.565,58.665,125.76,231.8,516.08,539.99
1.9329,3.5296,8.0348,5.5163,31.765,63.409,129.07,238.69,337.47,375.2
2.0231,3.2487,7.8767,7.4942,12.567,64.749,117.79,129.25,443.45,927.95
1.9856,3.807,7.5162,14.666,14.279,64.148,129.47,130.46,281.98,569.33
2.0366,4.0731,1.9075,15.951,31.222,63.966,127.47,235,458.33,394.77
2.0326,3.9739,4.0065,7.697,32.466,55.195,126.68,153.57,253.38,939.32
0.9966,3.8193,7.2306,8.0243,30.906,63.305,88.716,157.11,517.52,568.33
0.55616,3.6949,6.7913,16.233,31.764,34.433,119.93,229.55,290.56,1014.2
1.9985,3.4948,8.1875,6.12,9.1017,57.703,127.54,224.33,456.28,947.76
1.3159,3.8684,7.9372,9.2185,16.595,65.348,76.207,228.65,500.66,526.3
0.75642,3.9091,7.1421,15.169,27.967,42.118,66.796,258.29,287.88,976.09
0.78517,4.0719,6.3887,8.2011,32.575,28.943,129.34,227.47,495.9,993.26
0.89453,3.585,7.6685,15.851,31.593,63.389,81.185,135.02,346.31,598.17
1.1584,3.7108,7.7078,9.5049,15.192,40.063,128.16,228.39,296.89,986.04
1.8609,2.4933,7.6271,16.258,17.096,41.858,128.3,127.7,490.98,546.8
2.0374,2.2266,4.1387,16.074,31.563,61.387,129.98,142.61,308.29,606.95
2.0055,3.6871,8.0372,4.2707,28.724,60.231,127.5,142.55,500.44,541.4
2.0383,3.9638,4.3231,7.9499,32.64,43.06,79.167,136.68,494.32,922.62
1.0751,3.9978,3.8501,15.92,32.537,64.577,65.962,137.26,448.09,919.55
1.8542,4.0273,7.3496,16.221,15.856,39.626,126.74,112.76,267.12,934.3
1.2962,3.8245,4.7572,16.262,13.375,59.137,84.166,144.55,457.35,1040.8
1.9604,4.0598,1.0005,15.008,30.11,62.982,122.17,142.56,511.02,951.78
0.77741,3.4013,6.9223,15.955,13.572,35.8,129.16,231.08,456.22,974.05
1.848,1.1938,6.7575,15.325,10.959,58.925,127.69,227.29,491.9,1024.5
2.032,3.9296,7.8199,14.502,0.71281,62.283,128.73,228.43,464.48,1033.5
1.9909,0.96854,7.7323,6.8051,30.351,57.908,124.83,214.84,452.12,937.52
1.612,3.7101,7.8842,7.9652,14.106,56.194,59.218,225.96,456.46,928.99
1.2878,3.7552,7.7533,10.386,16.508,42.818,129.17,247.35,323.13,540.18
2.0335,4.0669,2.5636,16.189,30.319,43.881,129.88,141.41,454.71,580.51
1.8242,3.343,9.1005,13.646,17.788,80.37,79.965,261.24,563.74,1149.9
2.0059,3.7992,7.9949,4.7199,30.118,59.284,126.81,237.07,333.77,431.85
2.0127,3.6582,1.9748,6.6013,30.83,58.665,117.1,239.62,454.84,897.54
1.0591,4.0687,7.2089,10.033,32.284,33.173,56.927,233.27,450.99,881.14
0.49534,3.9095,7.2305,16.226,29.465,64.277,127.67,237.6,321.51,517.38
0.97992,3.867,8.1571,15.623,14.476,34.702,79.849,222.16,524.74,936.17
2.0265,3.9352,4.8791,9.9764,32.409,35.723,126.16,138.65,255.15,921.79
0.87954,2.1184,6.5389,14.927,31.396,38.669,128.27,225.15,496.4,558.65
1.7921,4.0369,7.1031,8.9914,15.092,37.061,116.96,224.84,447.57,522.36
2.0083,1.5052,7.5938,6.7123,27.565,64.41,126.57,239.8,519.39,544.06
2.0287,4.0653,6.1818,8.0786,30.789,43.464,93.296,133.43,494.3,514.31
0.97198,4.0134,7.1244,10.009,13.167,57.991,126.15,253.03,302.81,879.61
1.1222,3.7046,4.0012,15.495,32.625,48.869,126.03,148.9,521.96,492.83
1.5451,3.7886,5.8416,3.3397,28.156,37.53,128,226.83,456.19,1040
2.036,4.0143,3.2803,6.1953,32.506,64.188,126.36,137.56,449.11,912.09
1.0252,4.0662,3.8209,15.348,28.372,60.159,126.57,152.96,254.98,925.25
1.9937,2.1509,3.7489,15.945,30.301,63.746,64.75,134.74,519.11,1036.4
2.0065,3.6574,1.9358,6.5403,29.366,63.096,129.55,239.64,454.89,897.63
2.0005,3.7934,7.9785,4.7982,30.071,59.199,126.56,226.86,333.04,430.91
2.0327,2.7502,5.2784,8.2029,26.125,36.407,127.8,163.75,316.96,1022.9
0.64509,3.9638,6.8119,7.5637,30.506,58.463,126.37,253.02,299.62,881.08
1.9626,0.57928,7.8338,15.615,29.833,63.499,64.615,259.7,516.14,993.33
1.6824,3.9242,7.9594,16.241,7.8911,40.985,128.31,217.16,271.95,986.67
2.0364,2.2581,7.2814,9.3743,32.423,33.204,56.98,233.49,451.41,881.97
0.75002,4.0724,7.5423,15.992,14.051,60.347,128.9,223.29,275.57,882.81
2.0268,3.893,1.3897,13.521,32.074,34.897,125.08,216.09,438.92,938.95
2.0214,3.9426,3.6185,16.262,13.946,58.742,57.751,227.57,445.69,937.5
1.054,3.8476,7.7235,16.267,13.785,63.174,84.363,238.71,240.86,954.6
2.0002,3.1988,8.0073,2.6514,27.196,60.385,130.64,243.83,290.71,914.3
0.90605,3.9671,7.632,16.048,16.433,23.877,125.34,214.58,452.96,1038
0.90011,3.9413,7.2784,8.7921,11.772,63.25,130.16,207.17,492.78,924.92
1.4796,3.5958,7.8,4.3332,32.612,56.234,59.02,220.87,456.8,928.84
2.0048,3.8116,7.5462,16.237,9.1862,39.603,128.07,113.28,487.02,1038.7
2.0031,3.3006,7.7469,5.027,30.074,59.192,126.66,248.09,333.43,431.41
2.0302,3.079,7.5829,5.0728,31.844,35.186,127.32,200.33,291.11,1016.2
0.99151,3.9285,7.6346,8.1954,30.447,42.866,129.42,247.11,328.2,541.25
0.56751,3.9142,7.268,16.216,29.589,36.017,127.33,234.89,511.44,517.04
2.0265,4.0737,3.9644,9.2625,32.264,35.531,58.921,220.63,518.47,906.5
1.7465,1.9852,8.155,6.8779,32.293,41.447,129.51,136.99,485.62,918.68
1.9481,4.0308,3.7042,16.217,32.434,36.075,121.89,124.28,278.15,922.49
0.53017,3.8847,8.1005,15.296,30.671,63.637,124.15,154.13,257.29,957.53
1.6822,2.1298,7.867,16.295,18.594,61.38,127.89,248.6,303.83,403.12
1.9895,3.4643,8.0206,3.154,29.319,62.053,124.02,119.69,446.12,991
1.9745,2.3045,4.4762,14.328,30.104,29.407,128.49,237.71,479.66,502.05
0.83393,3.6995,7.3,8.8138,27.873,64.919,73.746,226.61,287.22,973.87
2.0217,3.0313,7.6416,6.5468,13.797,63.493,127.27,214.01,287.02,981.93
2.042,4.084,3.5015,16.088,12.886,31.981,120.56,221.42,522.76,911.12
0.81306,4.0584,7.0909,16.234,31.266,29.269,82.403,221.93,462.25,630.05
1.7762,3.9554,7.0992,8.32,15.905,36.566,116.57,246.53,441.81,524.81
1.897,1.8945,7.2317,7.751,28.9,65.008,67.791,239.48,315.96,926.65
2.0274,0.15743,6.8603,14.531,30.752,62.11,127.65,228.01,443.37,1036.2
0.98146,4.0277,8.1518,7.5869,32.62,65.324,126.84,154.37,254.96,926.2
1.9605,3.6727,9.3926,14.942,22.193,70.375,83.292,273.97,317.17,1184.6
1.0934,2.4736,8.1377,6.0875,32.566,65.229,126.89,245.62,276.79,924.86
1.939,4.0566,2.2869,16.035,29.79,21.794,125.59,228.3,454,1040.4
2.0311,2.2128,7.8882,10.522,15.769,26.007,121.18,246.75,454.48,895.86
1.1131,4.0773,7.7162,8.1904,32.415,44.791,127.37,154.32,254.89,925.84
0.8232,3.5697,8.0913,15.716,31.4,33.892,127.11,246.01,264.86,626.9
2.0286,4.0659,5.9572,6.997,27.752,40.152,87.635,113.91,518.1,925.72
2.0071,3.7122,7.914,4.6926,28.338,60.393,86.742,246.6,501.99,419.23
1.9553,4.0546,3.4185,8.8134,29.72,23.9,125.52,214.84,453.61,1039.5
0.59654,3.1164,7.1564,6.202,30.814,63.033,127.88,233.08,445.18,917.8
2.8114,4.9731,11.258,11.38,19.252,84.531,115.91,170.1,696.84,1416.4
1.9761,2.2907,7.6567,9.5142,15.215,40.098,128.51,228.46,297.21,965.58
2.017,1.0506,8.1464,16.332,32.622,65.327,124.62,237.17,286.85,539.55
0.65247,3.399,7.1938,15.557,12.763,58.006,129.45,176.52,461.83,949.13
1.0283,2.9181,3.0822,15.228,27.703,59.371,126.89,244.54,268.47,925.54
1.8597,3.6879,7.0127,4.6609,11.133,62.186,124.46,236.04,499.93,924.32
1.9893,3.6747,8.0024,9.4028,18.258,42.015,128.27,128.64,491.87,534.03
1.9748,4.0533,4.0166,8.3852,29.076,43.523,126.31,224.13,319.01,548.98
1.3955,3.9184,2.675,15.399,30.74,35.499,119.91,223.52,289.74,912.69
1.1279,3.8252,4.1919,7.3044,31.711,64.719,67.628,227.59,519.98,919.96
2.0282,3.929,1.9706,16.158,32.451,64.903,126.51,136.85,290.31,950.54
1.9541,4.0527,3.3513,8.9083,32.629,39.142,127.33,233,252.93,956.77
0.48574,3.9656,7.537,16,30.841,59.334,88.607,119.72,459.3,1022.1
1.6255,1.8177,8.0968,16.249,32.407,43.772,128.01,251.96,305.14,401.98
1.5822,3.9452,7.9304,5.5505,32.678,34.293,127.54,232.83,253.31,958.22
1.7205,2.0619,3.5653,15.6,31.157,63.526,130.06,246.6,314.46,518.86
1.8412,4.0261,8.0578,9.5136,18.526,41.783,71.465,238.54,241.13,974.97
2.012,4.0337,4.5614,10.812,31.657,32.412,63.484,222.89,493.92,634.41
1.8599,4.0451,8.0297,6.8735,31.391,36.35,129.2,131.8,445.36,576.76
1.9112,2.957,7.9838,6.4902,13.403,64.614,130.14,244.32,284.03,977.96
0.20011,3.7012,8.1926,15.029,30.303,63.321,80.318,253.05,520.49,935.46
2.0388,4.0776,3.4286,16.052,31.588,32.51,127.13,235.26,458.83,395.2
2.0295,2.0328,8.063,9.9936,31.401,32.344,83.406,248.11,289.06,896.5
0.9816,3.9914,3.4319,15.888,32.539,40.678,128.65,137.27,448.13,919.3
1.9978,3.6512,1.1152,14.819,28.241,38.158,113.04,250.46,448.84,958.55
2.008,3.1618,3.0314,8.1865,27.845,60.428,68.7,227.66,455.84,864.67
0.088924,3.7851,6.7644,15.866,29.535,58.829,129.15,251.75,457.39,909.64
0.078145,3.7662,7.2263,16.061,30.985,56.941,124.19,249.26,450.24,901.73
