0.70556,0.42364,0.58376,0.50407,0.50407,0.50407,0.50407,0.50407,0.50407,0.50407
0.47603,0.26561,0.86866,0.51467,0.51467,0.51467,0.51467,0.51467,0.51467,0.51467
0.0067735,0.31851,0.95186,0.61804,0.61804,0.61804,0.61804,0.61804,0.61804,0.61804
0.2344,0.82788,0.5223,0.2133,0.2133,0.2133,0.2133,0.2133,0.2133,0.2133
0.5002,0.53185,0.72486,0.31032,0.31032,0.31032,0.31032,0.31032,0.31032,0.31032
0.66483,0.025535,0.74701,0.50611,0.50611,0.50611,0.50611,0.50611,0.50611,0.50611
0.0029777,0.71547,0.70992,0.069399,0.069399,0.069399,0.069399,0.069399,0.069399,0.069399
0.51143,0.33621,0.7959,0.36573,0.36573,0.36573,0.36573,0.36573,0.36573,0.36573
0.01736,0.99975,0.066174,1.0002,1.0002,1.0002,1.0002,1.0002,1.0002,1.0002
0.87108,0.4114,0.49198,0.96567,0.96567,0.96567,0.96567,0.96567,0.96567,0.96567
0.37978,0.82434,0.55285,0.38325,0.38325,0.38325,0.38325,0.38325,0.38325,0.38325
0.99998,0.4114,0.0060832,1.2058,1.2058,1.2058,1.2058,1.2058,1.2058,1.2058
0.99492,0.073901,0.10347,1.0269,1.0269,1.0269,1.0269,1.0269,1.0269,1.0269
0.96132,0.053298,0.27626,0.95016,0.95016,0.95016,0.95016,0.95016,0.95016,0.95016
0.73777,0.64015,0.32982,0.56215,0.56215,0.56215,0.56215,0.56215,0.56215,0.56215
0.54314,0.84392,0.24363,0.50183,0.50183,0.50183,0.50183,0.50183,0.50183,0.50183
0.31084,0.13906,0.94445,0.67305,0.67305,0.67305,0.67305,0.67305,0.67305,0.67305
0.48075,0.67074,0.59188,0.2713,0.2713,0.2713,0.2713,0.2713,0.2713,0.2713
0.0067713,0.59672,0.80993,0.12868,0.12868,0.12868,0.12868,0.12868,0.12868,0.12868
0.66617,0.69904,0.52701,0.56086,0.56086,0.56086,0.56086,0.56086,0.56086,0.56086
0.044975,0.84078,0.54809,0.19941,0.19941,0.19941,0.19941,0.19941,0.19941,0.19941
0.13185,0.72346,0.68544,0.10398,0.10398,0.10398,0.10398,0.10398,0.10398,0.10398
0.22306,0.48537,0.87582,0.42468,0.42468,0.42468,0.42468,0.42468,0.42468,0.42468
0.50631,0.7773,0.41262,0.3392,0.3392,0.3392,0.3392,0.3392,0.3392,0.3392
0.31094,0.96848,0.26142,0.97793,0.97793,0.97793,0.97793,0.97793,0.97793,0.97793
0.59638,0.87921,0.11885,0.69643,0.69643,0.69643,0.69643,0.69643,0.69643,0.69643
0.052278,0.16065,0.98893,0.90884,0.90884,0.90884,0.90884,0.90884,0.90884,0.90884
0.99301,0.00067455,0.12473,0.98608,0.98608,0.98608,0.98608,0.98608,0.98608,0.98608
0.11181,0.24362,0.97214,0.78314,0.78314,0.78314,0.78314,0.78314,0.78314,0.78314
0.9995,0.0059058,0.045949,1.0021,1.0021,1.0021,1.0021,1.0021,1.0021,1.0021
0.56945,0.40774,0.75761,0.39451,0.39451,0.39451,0.39451,0.39451,0.39451,0.39451
0.12426,0.97518,0.26759,0.82966,0.82966,0.82966,0.82966,0.82966,0.82966,0.82966
0.89239,0.091063,0.45217,0.83662,0.83662,0.83662,0.83662,0.83662,0.83662,0.83662
0.6629,0.77119,0.36085,0.57761,0.57761,0.57761,0.57761,0.57761,0.57761,0.57761
0.12875,1.0157,0.060572,1.2457,1.2457,1.2457,1.2457,1.2457,1.2457,1.2457
0.12604,0.32192,0.94976,0.67911,0.67911,0.67911,0.67911,0.67911,0.67911,0.67911
0.48252,0.029955,0.87628,0.51481,0.51481,0.51481,0.51481,0.51481,0.51481,0.51481
0.98381,0.1049,0.18071,1.0203,1.0203,1.0203,1.0203,1.0203,1.0203,1.0203
0.99791,0.042018,0.068098,1.0169,1.0169,1.0169,1.0169,1.0169,1.0169,1.0169
0.062646,0.89845,0.44118,0.3676,0.3676,0.3676,0.3676,0.3676,0.3676,0.3676
0.60526,0.15495,0.7963,0.54649,0.54649,0.54649,0.54649,0.54649,0.54649,0.54649
3.7475e-05,0.20524,1,1.1027,1.1027,1.1027,1.1027,1.1027,1.1027,1.1027
0.77365,0.6889,0.26531,0.6699,0.6699,0.6699,0.6699,0.6699,0.6699,0.6699
0.2812,0.23954,0.94811,0.69366,0.69366,0.69366,0.69366,0.69366,0.69366,0.69366
0.93239,0.016471,0.37458,0.87238,0.87238,0.87238,0.87238,0.87238,0.87238,0.87238
0.2199,0.66259,0.74843,0.19065,0.19065,0.19065,0.19065,0.19065,0.19065,0.19065
0.98703,0.03479,0.16296,0.99177,0.99177,0.99177,0.99177,0.99177,0.99177,0.99177
0.0098961,0.95423,0.3624,0.63572,0.63572,0.63572,0.63572,0.63572,0.63572,0.63572
0.46872,1.3699e-05,0.95822,0.87252,0.87252,0.87252,0.87252,0.87252,0.87252,0.87252
0.96964,0.1221,0.24586,1.0009,1.0009,1.0009,1.0009,1.0009,1.0009,1.0009
0.68334,0.89318,0.076598,0.90263,0.90263,0.90263,0.90263,0.90263,0.90263,0.90263
0.7193,0.72948,0.24756,0.59955,0.59955,0.59955,0.59955,0.59955,0.59955,0.59955
0.00045642,0.37865,0.93473,0.51347,0.51347,0.51347,0.51347,0.51347,0.51347,0.51347
0.0027198,1.0734,0.21529,2.0721,2.0721,2.0721,2.0721,2.0721,2.0721,2.0721
0.84137,0.34597,0.54107,0.88318,0.88318,0.88318,0.88318,0.88318,0.88318,0.88318
0.71591,0.34992,0.66933,0.54263,0.54263,0.54263,0.54263,0.54263,0.54263,0.54263
0.37036,0.4916,0.80433,0.26117,0.26117,0.26117,0.26117,0.26117,0.26117,0.26117
0.55697,0.45962,0.69674,0.33866,0.33866,0.33866,0.33866,0.33866,0.33866,0.33866
0.024701,0.64977,0.76234,0.093724,0.093724,0.093724,0.093724,0.093724,0.093724,0.093724
0.32495,0.76428,0.61639,0.24122,0.24122,0.24122,0.24122,0.24122,0.24122,0.24122
0.98359,0.66327,0.094198,1.1047,1.1047,1.1047,1.1047,1.1047,1.1047,1.1047
0.018757,0.48539,0.87563,0.27262,0.27262,0.27262,0.27262,0.27262,0.27262,0.27262
0.14704,0.43996,0.89834,0.43773,0.43773,0.43773,0.43773,0.43773,0.43773,0.43773
0.36182,0.023529,0.93219,0.62744,0.62744,0.62744,0.62744,0.62744,0.62744,0.62744
0.3194,0.34029,0.89322,0.43718,0.43718,0.43718,0.43718,0.43718,0.43718,0.43718
0.21536,0.10777,0.9801,0.87897,0.87897,0.87897,0.87897,0.87897,0.87897,0.87897
1,0.13499,0.00028764,1.0675,1.0675,1.0675,1.0675,1.0675,1.0675,1.0675
0.86997,0.068179,0.49313,0.79168,0.79168,0.79168,0.79168,0.79168,0.79168,0.79168
0.10806,0.37028,0.92937,0.52658,0.52658,0.52658,0.52658,0.52658,0.52658,0.52658
0.23129,0.0022403,0.97639,0.8492,0.8492,0.8492,0.8492,0.8492,0.8492,0.8492
0.97596,0.043574,0.219,0.97438,0.97438,0.97438,0.97438,0.97438,0.97438,0.97438
0.84399,0.21427,0.53694,0.82156,0.82156,0.82156,0.82156,0.82156,0.82156,0.82156
0.98025,8.6337e-06,0.2004,0.96116,0.96116,0.96116,0.96116,0.96116,0.96116,0.96116
0.84536,0.26606,0.53465,0.84722,0.84722,0.84722,0.84722,0.84722,0.84722,0.84722
0.93672,0.067456,0.35251,0.91142,0.91142,0.91142,0.91142,0.91142,0.91142,0.91142
0.99453,0.25628,0.10458,1.1172,1.1172,1.1172,1.1172,1.1172,1.1172,1.1172
0.36897,0.3012,0.91982,0.62781,0.62781,0.62781,0.62781,0.62781,0.62781,0.62781
0.93538,0.54317,0.35392,1.1488,1.1488,1.1488,1.1488,1.1488,1.1488,1.1488
0.98157,0.32079,0.19228,1.1235,1.1235,1.1235,1.1235,1.1235,1.1235,1.1235
0.94649,0.0072855,0.32305,0.8995,0.8995,0.8995,0.8995,0.8995,0.8995,0.8995
0.69425,0.46319,0.56177,0.49104,0.49104,0.49104,0.49104,0.49104,0.49104,0.49104
0.95251,0.11688,0.30546,0.96524,0.96524,0.96524,0.96524,0.96524,0.96524,0.96524
0.040136,0.54378,0.84835,0.21603,0.21603,0.21603,0.21603,0.21603,0.21603,0.21603
0.34432,1.0296,0.0084255,1.5917,1.5917,1.5917,1.5917,1.5917,1.5917,1.5917
0.26622,0.29023,0.9429,0.65901,0.65901,0.65901,0.65901,0.65901,0.65901,0.65901
0.94192,0.21427,0.34249,0.99554,0.99554,0.99554,0.99554,0.99554,0.99554,0.99554
0.57299,0.00048402,0.82007,0.46612,0.46612,0.46612,0.46612,0.46612,0.46612,0.46612
0.84676,0.84548,0.20844,1.056,1.056,1.056,1.056,1.056,1.056,1.056
0.17786,0.27746,0.95024,0.64291,0.64291,0.64291,0.64291,0.64291,0.64291,0.64291
0.7359,0.29635,0.6775,0.7103,0.7103,0.7103,0.7103,0.7103,0.7103,0.7103
0.43431,0.1368,0.90119,0.60553,0.60553,0.60553,0.60553,0.60553,0.60553,0.60553
0.99324,0.15732,0.11693,1.0651,1.0651,1.0651,1.0651,1.0651,1.0651,1.0651
1.0481,0.0055836,0.0002993,1.1254,1.1254,1.1254,1.1254,1.1254,1.1254,1.1254
0.44057,0.21693,0.89784,0.63892,0.63892,0.63892,0.63892,0.63892,0.63892,0.63892
0.97434,0.0013757,0.2256,0.94947,0.94947,0.94947,0.94947,0.94947,0.94947,0.94947
0.35619,0.13478,0.93402,0.67404,0.67404,0.67404,0.67404,0.67404,0.67404,0.67404
0.9897,0.54633,0.14343,1.255,1.255,1.255,1.255,1.255,1.255,1.255
0.9998,0.10429,0.020196,1.0517,1.0517,1.0517,1.0517,1.0517,1.0517,1.0517
0.35252,0.23699,0.93548,0.73551,0.73551,0.73551,0.73551,0.73551,0.73551,0.73551
0.2997,0.0021934,0.95433,0.71754,0.71754,0.71754,0.71754,0.71754,0.71754,0.71754
0.84558,0.076804,0.53417,0.75535,0.75535,0.75535,0.75535,0.75535,0.75535,0.75535
0.98886,0.14995,0.15254,1.0518,1.0518,1.0518,1.0518,1.0518,1.0518,1.0518
0.85371,0.039395,0.52186,0.75023,0.75023,0.75023,0.75023,0.75023,0.75023,0.75023
0.40134,0.0022114,0.91602,0.57817,0.57817,0.57817,0.57817,0.57817,0.57817,0.57817
0.9699,0.12505,0.24576,1.0035,1.0035,1.0035,1.0035,1.0035,1.0035,1.0035
0.61648,0.25226,0.78918,0.60101,0.60101,0.60101,0.60101,0.60101,0.60101,0.60101
0.99007,0.18705,0.14139,1.0737,1.0737,1.0737,1.0737,1.0737,1.0737,1.0737
0.89213,0.055334,0.45306,0.81331,0.81331,0.81331,0.81331,0.81331,0.81331,0.81331
0.85028,0.25633,0.52813,0.85305,0.85305,0.85305,0.85305,0.85305,0.85305,0.85305
0.12868,0.079724,0.99454,0.98255,0.98255,0.98255,0.98255,0.98255,0.98255,0.98255
0.17465,1.8639e-05,0.98495,0.89002,0.89002,0.89002,0.89002,0.89002,0.89002,0.89002
1.0473,0.0055629,0.0021532,1.1232,1.1232,1.1232,1.1232,1.1232,1.1232,1.1232
0.96109,0.061242,0.27743,0.95423,0.95423,0.95423,0.95423,0.95423,0.95423,0.95423
0.66412,0.16507,0.74796,0.57841,0.57841,0.57841,0.57841,0.57841,0.57841,0.57841
0.73601,0.011599,0.70857,0.57947,0.57947,0.57947,0.57947,0.57947,0.57947,0.57947
0.89383,0.2151,0.4508,0.89617,0.89617,0.89617,0.89617,0.89617,0.89617,0.89617
1.0002,0.011403,0.00010253,1.0062,1.0062,1.0062,1.0062,1.0062,1.0062,1.0062
0.43432,0.10228,0.90118,0.58815,0.58815,0.58815,0.58815,0.58815,0.58815,0.58815
0.4599,0.90261,0.0046622,0.5796,0.5796,0.5796,0.5796,0.5796,0.5796,0.5796
0.26999,0.057898,0.96332,0.7898,0.7898,0.7898,0.7898,0.7898,0.7898,0.7898
0.96992,0.0013298,0.24392,0.94079,0.94079,0.94079,0.94079,0.94079,0.94079,0.94079
0.98865,0.41783,0.15282,1.1865,1.1865,1.1865,1.1865,1.1865,1.1865,1.1865
0.99801,0.043931,0.067658,1.0181,1.0181,1.0181,1.0181,1.0181,1.0181,1.0181
1.1743,0.0021283,0.00036063,1.4673,1.4673,1.4673,1.4673,1.4673,1.4673,1.4673
1.0444,0.0078714,7.866e-06,1.1169,1.1169,1.1169,1.1169,1.1169,1.1169,1.1169
0.5202,0.060181,0.85499,0.50952,0.50952,0.50952,0.50952,0.50952,0.50952,0.50952
0.93482,0.09919,0.3573,0.92374,0.92374,0.92374,0.92374,0.92374,0.92374,0.92374
0.88467,0.019399,0.46677,0.7928,0.7928,0.7928,0.7928,0.7928,0.7928,0.7928
0.85562,0.18438,0.51804,0.82338,0.82338,0.82338,0.82338,0.82338,0.82338,0.82338
0.99845,0.25561,0.055822,1.1247,1.1247,1.1247,1.1247,1.1247,1.1247,1.1247
0.84277,0.13286,0.53863,0.76575,0.76575,0.76575,0.76575,0.76575,0.76575,0.76575
0.89155,0.29246,0.45302,0.93008,0.93008,0.93008,0.93008,0.93008,0.93008,0.93008
0.99447,0.15475,0.10502,1.0664,1.0664,1.0664,1.0664,1.0664,1.0664,1.0664
0.96316,0.15387,0.27088,1.0046,1.0046,1.0046,1.0046,1.0046,1.0046,1.0046
0.99323,0.15581,0.11711,1.0644,1.0644,1.0644,1.0644,1.0644,1.0644,1.0644
0.29589,0.99332,0.017528,1.112,1.112,1.112,1.112,1.112,1.112,1.112
0.10688,2.9433e-05,1.3703,23.356,23.356,23.356,23.356,23.356,23.356,23.356
0.039112,0.78158,0.62429,0.11072,0.11072,0.11072,0.11072,0.11072,0.11072,0.11072
0.99994,0.23287,0.012206,1.1163,1.1163,1.1163,1.1163,1.1163,1.1163,1.1163
0.94192,0.21427,0.34249,0.99554,0.99554,0.99554,0.99554,0.99554,0.99554,0.99554
0.66448,0.06773,0.76916,0.54807,0.54807,0.54807,0.54807,0.54807,0.54807,0.54807
0.63381,0.10356,0.7748,0.53196,0.53196,0.53196,0.53196,0.53196,0.53196,0.53196
0.12622,0.67521,0.74305,0.14741,0.14741,0.14741,0.14741,0.14741,0.14741,0.14741
0.52845,0.014532,0.85008,0.47662,0.47662,0.47662,0.47662,0.47662,0.47662,0.47662
0.12143,0.15893,0.9834,0.87488,0.87488,0.87488,0.87488,0.87488,0.87488,0.87488
0.031999,0.43384,0.90704,0.39414,0.39414,0.39414,0.39414,0.39414,0.39414,0.39414
0.21815,0.99147,0.26418,1.0852,1.0852,1.0852,1.0852,1.0852,1.0852,1.0852
0.92224,0.05152,0.38782,0.8609,0.8609,0.8609,0.8609,0.8609,0.8609,0.8609
0.99991,0.23286,0.015071,1.1163,1.1163,1.1163,1.1163,1.1163,1.1163,1.1163
0.84451,0.0033466,0.54897,0.71734,0.71734,0.71734,0.71734,0.71734,0.71734,0.71734
0.05679,0.035603,0.99877,1.0056,1.0056,1.0056,1.0056,1.0056,1.0056,1.0056
0.98996,0.00024819,0.14945,0.98004,0.98004,0.98004,0.98004,0.98004,0.98004,0.98004
0.99323,0.15581,0.11739,1.0644,1.0644,1.0644,1.0644,1.0644,1.0644,1.0644
0.79525,0.067437,0.60672,0.67145,0.67145,0.67145,0.67145,0.67145,0.67145,0.67145
0.89804,0.15207,0.44111,0.88283,0.88283,0.88283,0.88283,0.88283,0.88283,0.88283
0.20842,0.21447,0.96567,0.75398,0.75398,0.75398,0.75398,0.75398,0.75398,0.75398
0.88784,0.26801,0.46092,0.92032,0.92032,0.92032,0.92032,0.92032,0.92032,0.92032
0.96964,0.1221,0.24586,1.0009,1.0009,1.0009,1.0009,1.0009,1.0009,1.0009
0.89736,0.033353,0.44773,0.81442,0.81442,0.81442,0.81442,0.81442,0.81442,0.81442
0.98668,0.4611,0.164,1.2046,1.2046,1.2046,1.2046,1.2046,1.2046,1.2046
0.99688,0.00058198,0.081853,0.99387,0.99387,0.99387,0.99387,0.99387,0.99387,0.99387
0.7642,0.13599,0.64537,0.66457,0.66457,0.66457,0.66457,0.66457,0.66457,0.66457
0.5528,0.1156,0.83352,0.52533,0.52533,0.52533,0.52533,0.52533,0.52533,0.52533
0.20544,0.15592,0.97896,0.92866,0.92866,0.92866,0.92866,0.92866,0.92866,0.92866
0.59439,0.33484,0.75976,0.42649,0.42649,0.42649,0.42649,0.42649,0.42649,0.42649
0.10687,4.6354e-05,1.3703,23.356,23.356,23.356,23.356,23.356,23.356,23.356
0.89155,0.29031,0.4536,0.929,0.929,0.929,0.929,0.929,0.929,0.929
0.99191,0.0024115,0.12994,0.98402,0.98402,0.98402,0.98402,0.98402,0.98402,0.98402
0.92775,0.018126,0.37887,0.86292,0.86292,0.86292,0.86292,0.86292,0.86292,0.86292
0.89973,0.081896,0.43681,0.84666,0.84666,0.84666,0.84666,0.84666,0.84666,0.84666
0.76122,0.19819,0.64959,0.69202,0.69202,0.69202,0.69202,0.69202,0.69202,0.69202
0.79619,0.00035165,0.6771,0.68447,0.68447,0.68447,0.68447,0.68447,0.68447,0.68447
5.2817e-05,0.076795,1.0001,1.0393,1.0393,1.0393,1.0393,1.0393,1.0393,1.0393
0.98394,0.10066,0.18071,1.0187,1.0187,1.0187,1.0187,1.0187,1.0187,1.0187
0.21999,0.76098,0.6195,0.1247,0.1247,0.1247,0.1247,0.1247,0.1247,0.1247
0.97776,0.00023672,0.23848,0.95623,0.95623,0.95623,0.95623,0.95623,0.95623,0.95623
0.96511,0.49629,0.2627,1.1805,1.1805,1.1805,1.1805,1.1805,1.1805,1.1805
0.34578,0.097006,0.9365,0.65364,0.65364,0.65364,0.65364,0.65364,0.65364,0.65364
0.14712,0.039246,0.99174,0.96561,0.96561,0.96561,0.96561,0.96561,0.96561,0.96561
0.35712,0.56489,0.75252,0.1939,0.1939,0.1939,0.1939,0.1939,0.1939,0.1939
0.93244,0.06135,0.36253,0.90004,0.90004,0.90004,0.90004,0.90004,0.90004,0.90004
0.95126,0.12537,0.31181,0.96782,0.96782,0.96782,0.96782,0.96782,0.96782,0.96782
1.0002,0.31679,0.00010202,1.159,1.159,1.159,1.159,1.159,1.159,1.159
0.77045,0.52457,0.41191,0.60659,0.60659,0.60659,0.60659,0.60659,0.60659,0.60659
0.96092,0.25228,0.2845,1.0506,1.0506,1.0506,1.0506,1.0506,1.0506,1.0506
0.4532,0.14519,0.89931,0.63011,0.63011,0.63011,0.63011,0.63011,0.63011,0.63011
0.99818,0.084423,0.060424,1.0385,1.0385,1.0385,1.0385,1.0385,1.0385,1.0385
0.10687,3.6772e-05,1.3703,23.359,23.359,23.359,23.359,23.359,23.359,23.359
0.22432,0.21388,0.95617,0.70095,0.70095,0.70095,0.70095,0.70095,0.70095,0.70095
2.4331,0.0001288,0.0011243,6.6365,6.6365,6.6365,6.6365,6.6365,6.6365,6.6365
0.29111,0.0021934,0.95675,0.72853,0.72853,0.72853,0.72853,0.72853,0.72853,0.72853
0.76122,0.067056,0.64959,0.62646,0.62646,0.62646,0.62646,0.62646,0.62646,0.62646
1.1619,0.00011271,0.0027684,1.431,1.431,1.431,1.431,1.431,1.431,1.431
0.94199,0.0072855,0.33593,0.89101,0.89101,0.89101,0.89101,0.89101,0.89101,0.89101
0.072559,0.037342,0.9986,1.0132,1.0132,1.0132,1.0132,1.0132,1.0132,1.0132
0.4372,0.0022636,0.90044,0.54276,0.54276,0.54276,0.54276,0.54276,0.54276,0.54276
1.0027,0.0079702,0.023264,1.0106,1.0106,1.0106,1.0106,1.0106,1.0106,1.0106
0.019237,0.93617,0.58068,0.5709,0.5709,0.5709,0.5709,0.5709,0.5709,0.5709
8.2481e-05,0.77247,0.85468,0.2928,0.2928,0.2928,0.2928,0.2928,0.2928,0.2928
0.10336,4.6361e-05,1.3706,23.41,23.41,23.41,23.41,23.41,23.41,23.41
0.79718,0.0032435,0.67585,0.65556,0.65556,0.65556,0.65556,0.65556,0.65556,0.65556
0.0067735,0.31037,0.95186,0.61396,0.61396,0.61396,0.61396,0.61396,0.61396,0.61396
0.89645,0.7117,0.19109,0.94453,0.94453,0.94453,0.94453,0.94453,0.94453,0.94453
0.97657,0.12542,0.21819,1.0166,1.0166,1.0166,1.0166,1.0166,1.0166,1.0166
0.97434,0.0012388,0.22584,0.9494,0.9494,0.9494,0.9494,0.9494,0.9494,0.9494
0.47566,0.0015673,0.88025,0.50608,0.50608,0.50608,0.50608,0.50608,0.50608,0.50608
0.90238,0.051773,0.43217,0.84062,0.84062,0.84062,0.84062,0.84062,0.84062,0.84062
0.84451,0.056548,0.53588,0.74342,0.74342,0.74342,0.74342,0.74342,0.74342,0.74342
0.4214,0.36757,0.87841,0.50821,0.50821,0.50821,0.50821,0.50821,0.50821,0.50821
0.89071,0.19819,0.45544,0.88519,0.88519,0.88519,0.88519,0.88519,0.88519,0.88519
0.93349,0.0033529,0.36253,0.87352,0.87352,0.87352,0.87352,0.87352,0.87352,0.87352
0.55578,0.05135,0.84668,0.50684,0.50684,0.50684,0.50684,0.50684,0.50684,0.50684
0.99991,0.22902,0.015077,1.1143,1.1143,1.1143,1.1143,1.1143,1.1143,1.1143
0.14725,0.0020384,0.98939,0.92155,0.92155,0.92155,0.92155,0.92155,0.92155,0.92155
0.3933,0.67709,0.73727,0.39904,0.39904,0.39904,0.39904,0.39904,0.39904,0.39904
0.97556,0.0043522,0.22217,0.95206,0.95206,0.95206,0.95206,0.95206,0.95206,0.95206
0.99461,0.25846,0.10457,1.1183,1.1183,1.1183,1.1183,1.1183,1.1183,1.1183
0.49119,0.0048938,0.87307,0.50103,0.50103,0.50103,0.50103,0.50103,0.50103,0.50103
0.92414,0.34037,0.38765,1.0255,1.0255,1.0255,1.0255,1.0255,1.0255,1.0255
0.83556,0.072567,0.55,0.73709,0.73709,0.73709,0.73709,0.73709,0.73709,0.73709
0.98839,0.044485,0.154,0.99919,0.99919,0.99919,0.99919,0.99919,0.99919,0.99919
0.59342,0.12592,0.807,0.5325,0.5325,0.5325,0.5325,0.5325,0.5325,0.5325
0.94944,0.15857,0.31863,0.97952,0.97952,0.97952,0.97952,0.97952,0.97952,0.97952
0.098933,0.075569,0.99518,1.0005,1.0005,1.0005,1.0005,1.0005,1.0005,1.0005
0.10688,2.4832e-05,1.3703,23.357,23.357,23.357,23.357,23.357,23.357,23.357
0.96574,0.01019,0.26071,0.93774,0.93774,0.93774,0.93774,0.93774,0.93774,0.93774
0.00020356,0.0059386,1.3117,15.081,15.081,15.081,15.081,15.081,15.081,15.081
0.64648,0.10358,0.76933,0.54574,0.54574,0.54574,0.54574,0.54574,0.54574,0.54574
1.0176,0.00096252,0.060745,1.0456,1.0456,1.0456,1.0456,1.0456,1.0456,1.0456
0.99906,0.25482,0.043312,1.1255,1.1255,1.1255,1.1255,1.1255,1.1255,1.1255
0.99936,0.23285,0.036404,1.1152,1.1152,1.1152,1.1152,1.1152,1.1152,1.1152
0.18874,0.28248,0.94906,0.641,0.641,0.641,0.641,0.641,0.641,0.641
0.81557,0.037544,0.62076,0.67817,0.67817,0.67817,0.67817,0.67817,0.67817,0.67817
0.81493,0.067654,0.6063,0.71281,0.71281,0.71281,0.71281,0.71281,0.71281,0.71281
0.52825,0.02444,0.85121,0.48765,0.48765,0.48765,0.48765,0.48765,0.48765,0.48765
0.8844,0.18748,0.46677,0.87623,0.87623,0.87623,0.87623,0.87623,0.87623,0.87623
0.46872,0.062044,0.88361,0.54105,0.54105,0.54105,0.54105,0.54105,0.54105,0.54105
0.93434,0.099458,0.35661,0.9228,0.9228,0.9228,0.9228,0.9228,0.9228,0.9228
0.74326,0.034898,0.67844,0.57731,0.57731,0.57731,0.57731,0.57731,0.57731,0.57731
0.99324,0.047295,0.11744,1.0101,1.0101,1.0101,1.0101,1.0101,1.0101,1.0101
0.21072,0.13777,0.98097,0.87859,0.87859,0.87859,0.87859,0.87859,0.87859,0.87859
0.32351,0.038222,0.94955,0.72151,0.72151,0.72151,0.72151,0.72151,0.72151,0.72151
0.96841,0.10276,0.25221,0.987,0.987,0.987,0.987,0.987,0.987,0.987
0.8139,0.096522,0.60431,0.72212,0.72212,0.72212,0.72212,0.72212,0.72212,0.72212
0.74661,0.12469,0.672,0.63859,0.63859,0.63859,0.63859,0.63859,0.63859,0.63859
0.52841,0.013788,0.85426,0.48643,0.48643,0.48643,0.48643,0.48643,0.48643,0.48643
0.2168,0.0022415,0.97937,0.86425,0.86425,0.86425,0.86425,0.86425,0.86425,0.86425
0.35312,0.060489,0.93942,0.67055,0.67055,0.67055,0.67055,0.67055,0.67055,0.67055
0.00027292,0.021495,1,1.0107,1.0107,1.0107,1.0107,1.0107,1.0107,1.0107
0.72011,0.058735,0.70917,0.55129,0.55129,0.55129,0.55129,0.55129,0.55129,0.55129
