0.71325,0.67045,1.1936,1.4446,1.2331
0.69218,0.91174,1.2452,1.2818,0.99037
0.88582,0.65525,1.0179,1.3291,1.2693
1.5913,1.8879,1.4661,0.49314,0.69256
0.9671,0.48138,0.98069,1.4548,1.4492
1.2782,1.0266,0.72024,0.87614,1.2069
1.0432,1.3035,1.2175,0.85894,0.70299
1.1956,0.97954,0.78227,0.93125,1.1716
0.87451,0.33261,1.2023,1.7101,1.5824
0.98627,0.97837,1.0008,1.022,1.0132
0.90599,1.5405,1.6256,1.121,0.36159
1.3402,1.0364,0.65504,0.86756,1.264
1.4545,0.98872,0.48609,0.95716,1.4414
1.5701,1.4477,0.83671,0.45488,1.1392
1.5833,1.0596,0.36704,0.95304,1.5409
1.3337,0.7876,0.56841,1.1392,1.4824
0.8071,0.60479,1.1069,1.429,1.299
0.98433,1.0119,1.023,1.0029,0.97862
1.2574,1.1942,0.88625,0.7378,1.0179
1.5934,1.4677,0.83814,0.43578,1.1511
0.9887,1.0146,1.0204,0.99842,0.97848
1.4555,0.92628,0.45775,1.034,1.4996
0.96785,1.0385,1.0568,0.99938,0.94207
1.3307,0.94328,0.60979,0.96577,1.3406
1.3655,1.1841,0.7544,0.71879,1.1477
1.1956,0.70721,0.70734,1.1957,1.4156
0.97454,1.0423,1.0528,0.99268,0.94197
0.94386,0.86881,0.99112,1.122,1.0966
0.79172,0.70318,1.1104,1.3498,1.203
1.5944,1.4857,0.86222,0.41677,1.1337
0.8764,0.45652,1.0901,1.5342,1.4471
1.5423,1.4188,0.82908,0.48333,1.1309
1.4725,1.3497,0.81901,0.55313,1.1097
0.94186,0.87271,0.99454,1.1203,1.0918
1.5955,1.4612,0.82662,0.44328,1.1608
1.2089,0.91376,0.7333,0.99015,1.2455
0.90853,0.93089,1.0521,1.1019,1.0199
1.5885,1.4629,0.83704,0.44037,1.1491
1.1689,1.09,0.88897,0.85011,1.0386
0.95638,1.0265,1.06,1.0138,0.94796
1.5944,1.4857,0.86222,0.41677,1.1337
1.0593,0.50562,0.88208,1.4027,1.4765
1.3356,1.2851,0.89632,0.64143,1.0086
1.0469,1.0469,0.98378,0.94269,0.98382
1.106,1.1208,0.98037,0.86365,0.9528
1.5905,1.5046,0.89333,0.39773,1.1083
0.94186,0.87271,0.99454,1.1203,1.0918
0.96274,0.38218,1.0386,1.5607,1.5304
1.5112,1.1871,0.58128,0.74165,1.3238
0.94203,0.87282,0.99441,1.1202,1.0918
0.95638,1.0265,1.06,1.0138,0.94796
1.0306,0.41248,0.95261,1.5018,1.5333
1.5957,1.4941,0.87273,0.40807,1.1267
0.98065,0.60675,0.92901,1.3276,1.3503
1.1397,0.85308,0.78451,1.057,1.2409
1.3863,0.91185,0.53246,1.0175,1.431
0.65763,0.84816,1.2565,1.3503,1.0558
0.94186,0.87271,0.99454,1.1203,1.0918
0.95638,1.0265,1.06,1.0138,0.94796
0.94386,0.86881,0.99112,1.122,1.0966
1.2066,1.2109,0.95739,0.75282,0.94874
1.4639,1.2585,0.71908,0.64551,1.1923
0.90643,1.0282,1.1092,1.0497,0.92151
1.5697,1.7445,1.267,0.37059,0.81739
1.5477,1.265,0.62488,0.66184,1.295
0.96605,1.0375,1.0578,1.0012,0.9421
1.5689,1.4383,0.82522,0.46465,1.1473
0.96397,1.0442,1.0645,0.99919,0.934
1.71,1.1748,0.29951,0.91427,1.6086
1.6018,1.4991,0.87301,0.40321,1.1301
1.5905,1.5046,0.89333,0.39773,1.1083
0.65068,0.73742,1.2518,1.4419,1.1714
1.1209,0.74141,0.78222,1.1649,1.3249
1.2871,1.1261,0.78928,0.78284,1.1188
1.4448,1.0623,0.54779,0.86434,1.3608
0.94203,0.87282,0.99441,1.1202,1.0918
0.95115,0.262,1.161,1.7247,1.6434
1.0082,0.91551,0.94605,1.0528,1.0878
0.68258,1.157,1.4036,1.2196,0.74686
1.3767,1.1101,0.67095,0.79366,1.2341
1.5691,1.4385,0.82522,0.46453,1.1474
1.6398,1.1468,0.3678,0.88322,1.5357
1.6379,1.4547,0.76882,0.46376,1.2279
1.4657,1.5827,1.1381,0.4369,0.84735
0.96202,1.0229,1.0521,1.0117,0.95471
0.93491,0.99081,1.0586,1.0483,0.97285
1.0079,0.80706,0.90803,1.1384,1.1892
1.4674,1.3745,0.85621,0.53137,1.077
1.183,0.79923,0.72526,1.1032,1.3255
0.96587,1.0405,1.0601,0.99975,0.9389
1.2067,0.91667,0.73693,0.98758,1.2408
0.75568,0.76914,1.1495,1.3235,1.1349
0.97273,1.0403,1.0532,0.99501,0.94301
1.1321,1.0337,0.88613,0.90725,1.063
1.5939,1.2094,0.49982,0.76027,1.412
1.6464,1.3599,0.62613,0.5937,1.3362
1.0751,0.79919,0.83747,1.1213,1.2402
0.89749,0.96184,1.0784,1.091,0.98457
0.75475,0.83861,1.1637,1.2739,1.0667
0.774,0.94823,1.1871,1.1935,0.96111
1.3655,1.1841,0.7544,0.71879,1.1477
0.97107,0.80849,0.94549,1.154,1.1671
1.1615,1.0847,0.89263,0.85721,1.0374
0.59157,0.84242,1.3164,1.4162,1.0728
1.367,1.1947,0.76332,0.70865,1.1389
0.85306,1.2265,1.3171,1.0491,0.69153
0.90643,1.0282,1.1092,1.0497,0.92151
1.2066,1.2109,0.95749,0.75279,0.94864
1.054,0.58346,0.86226,1.3278,1.4107
1.0128,0.79946,0.90128,1.1428,1.1991
0.83387,0.81092,1.0812,1.234,1.1091
0.90639,1.0084,1.0967,1.0594,0.94168
0.92137,1.2418,1.2696,0.98082,0.70032
1.3402,1.0364,0.65504,0.86756,1.264
1.0082,0.91551,0.94605,1.0528,1.0878
1.5659,1.3591,0.72211,0.55406,1.2248
1.1121,0.38891,0.8956,1.5133,1.5996
1.7378,1.101,0.18502,1.0554,1.7202
1.2532,1.2211,0.91779,0.72163,0.98526
1.693,1.3184,0.51035,0.68943,1.4442
1.2191,1.2011,0.93445,0.75165,0.9715
1.0723,0.68053,0.8303,1.2312,1.3418
1.1245,0.62589,0.7861,1.2769,1.4248
1.7235,1.2749,0.41012,0.78273,1.5312
0.84967,0.98288,1.1353,1.1155,0.94547
