4.6141,128.73,3.7683,0,0,1.4095,0.0049154,22.857,0,0
0.073771,15840,0.11682,1404.1,0.00079372,0.95637,3.1978,0.17265,0,0
3.7419,15.6,0.16063,11558,0.027301,3.8868,0.089873,9.9362,5.9301,0
0,0,0,0,0,479.87,0,169.93,2.5045,0
4.0975,614.49,0.10573,0.046625,0.22861,0.00070596,0,62.802,5.6433,3.8158
0,0,0,541.62,0,530.09,3.3289,61.006,0.037392,4941.3
0,0,3.454,0,0.20412,61.837,0,334.74,2.4547,0
0,0,0,0,0,381.31,7.0603e-05,29.902,8.5049,0.27423
0,440.26,3.3272,11592,0.17192,3.7163,0.0056085,17.165,2.6405,4.227
0.31621,0,4.2256,11818,0.00061606,2.1783,0.0064979,8.655,0,0
8.8257,945.13,3.6342,0,1.1714,1.2868,0.0078481,0.14936,0,0
0.14511,0,0.0079152,11358,0,49.454,2.9456,15.922,0.24063,13.513
4.1485,381.41,6.7846,55.218,0,0.00062179,0.0074688,23.117,0.10095,2.8155
0,0,0,0,0,0,0,0,0,28763
5.8027,925.71,3.1901,259.05,6.4672,15.193,0.25796,5.9764,0,0
0,0,0,0,0,0,9.2861,25.515,0.0014303,3.8544
0.27339,39633,3.2169,868.18,0,0.0014255,0,5.3959,0.099565,0
0,0,2.9588,1525.8,0,1.6405,2.9525,22.213,2.8901,410.68
0.036832,1.0991,0.21264,1082.3,4.7518,46.805,0.013542,11.044,6.0214,23.281
0.14642,14.974,0.0037604,0,0,0.018037,2.9113,5.1744,8.4839,0.0021598
0.26662,12964,3.3127,20.815,0.012445,0.0016901,0.061347,2.134,2.5992,5494.5
0.002064,0,0.032891,968.43,5.2308,4.5612,0,4.4319,8.4668,3.6136
3.8299,564.27,3.0791,67.914,0,0,0.0038432,27.791,2.9852,0
0,0,8.4303,20.586,0.14253,0,0.061355,1.9321,2.4827,5799.6
0,0,0,38017,0,1.1848,0.058722,0,0.045563,0
4.2737,176.04,0.23443,24140,0.15766,9.7898,0.0062477,23.509,2.6242,0
4.6669,123.27,0.055065,30535,0.17831,0,2.8001,12.397,0.019538,0
0,0,0,32699,0.067827,20.938,2.2556,179.99,0.078227,0.012919
16.642,1233.1,0.41393,509.21,0.036737,0,0.0076506,3.7154,0.0011094,0
0.00060936,17.294,4.1227,0,0,1.4121,2.4153,4.149,6.7189e-05,6000.5
0.13476,5011.1,0.097006,12264,0.045441,1.7736,6.8887,17.767,0.038655,11.039
6.6105,1355.2,0.34154,1852.4,0.062669,5.8337,0.02254,17.523,2.7092,366.67
4.256,0,0.14663,0,4.7206,12.535,3.6018,7.0726,0,0
3.8752,207.44,0.21999,14001,0.10898,0.5273,0.18464,6.3603,0,5237.4
0.1244,6.0867,0.48686,17.589,4.8303,0.94429,2.5236,4.9584,0,5466.2
0.0082058,303.6,0.012386,12960,0,39.5,2.2792,17.4,2.9953,28.765
4.9193,0,3.0074,6.471,4.4782,0.0059324,0.35636,7.7446,0.001318,4899.6
13.249,0,0,0,2.4067e-07,0.55445,0.19953,10.064,2.6608,0
0.49419,14909,0,174.36,0.08475,0,2.4004,3.8456,0,5661.9
0,29634,0,0,0.089669,0.4028,0,179.82,0,3.84
4.5242,453.76,3.7408,539.7,5.6168e-07,7.1899e-05,2.7355,14.923,0,11.619
0.071224,5.5613,0.22408,13537,0.01681,36.864,0.049918,407.33,0.040657,0
10.094,0,0,34.204,0.027724,0,0,10.296,2.826,0
0.030362,14367,0,14024,0,0.044317,0.20914,6.8085,0.00042664,5935.6
0.23181,13223,0.28706,0,1.97,3.1202,0.12992,0,0.013347,18496
6.0978,618.82,0,35.806,0,11.787,3.1433,3.3065,0,5747.9
0,0,5.5604,26.992,0,2.462,0,2.3095,2.6922,406.94
0.0018069,0.0030753,0.10379,4.8547,0.013895,0.04731,0.052922,443.34,0.027334,5004
3.6124,66.97,3.6788e-05,11390,5.2274,2.7042,0.00048912,2.9527,0.15934,0.085399
9.961e-05,77.302,3.4196,14596,0.005223,6.1248e-07,3.4205,24.088,0.00096613,5222.2
1.8041e-09,0.00073137,0.00019074,1287.7,25.165,0.20207,0,1.3244,0.076638,0
0.09232,10.063,0.0058417,0,0,0.0097433,2.6258,4.0551,7.6894,5702.7
10.737,1129.1,0.14943,582.33,0.031042,0,2.5191,23.635,0.026633,0
3.1763,940.36,0.041217,462.72,0.00023495,26.442,0.037723,418,0.013481,0
0,0,0,25571,0.097905,1.3748,0.00054451,2.693,0.16112,860.65
0.14524,7289.8,0.3969,0,1.4874,1.7456,0.091349,0,2.9892,10601
0.046749,7685,0.14308,170.91,0.0048629,0.04073,0.044548,214.29,0.024269,6290.5
0,0,0,14239,0,1.3011,0.042429,10.489,0.12798,4152.4
0,0,5.9096,1611.2,0.19755,0.016281,0.11457,225.93,0.075834,0
0.0018361,106.75,0.00054799,49934,0,38.422,0,0.96738,0,59.097
0.15411,13731,3.7262,0,0,1.1616,0,8.3615,3.5407,0
0,0,2.7822,97.29,0.072865,0.62268,0,258.96,0,0
7.419,219.51,0.099914,251.81,7.6779e-06,0.19559,3.0773,4.3128,0.067279,16.206
0.010202,220.86,3.6795,44689,0.00020143,0,0.15403,7.8478,0.018516,0
0.1202,20.764,0.0071927,0,0.0050956,0.022945,2.9813,5.6861,11.201,0
0.42471,0.16574,2.4388,11853,0,1.0519,0.011469,4.9535,5.4477,17.777
4.1427,450.98,2.4824,7.182,0.0039033,0.0017359,3.2499,5.7875,0,7299.7
0.098478,14727,0.12221,140.6,0.0050472,1.6984,0.052114,459.81,0,4945.8
0,0,6.656,15.344,12.246,0.059156,0,0,0.019159,592.9
0,0,0,0,16.43,1.5794,2.724,1.6957,0,22.833
0.20227,25315,0.23312,12036,0,0.75269,0.00060989,19.628,2.711,69.199
1.6916e-05,17.688,0.032185,36430,0,0.75968,0.026506,0,2.6325,0
0,0,0,479.46,7.5177,0,2.5194,1.9068,2.8365,5039.1
0.0054601,298.37,8.1141,489.48,0.033211,0.59942,0.14974,8.8423,2.8686,14.997
0.17044,12213,0.12661,0,0,6.054,0.054015,84.115,5.7004,4.3546
0.070554,3.8184,0.41365,34.442,2.333,52.438,1.49,0.010008,3.2886,5383.1
0.19017,16972,4.0715,37.598,0,1.7756,0.11093,16.27,0.046987,0
0,0,3.2313,966.61,4.7976,0.00056528,0.10675,138.77,0.082437,4.1473
0,0,0.75986,169.31,15.368,0,0,6.9645,0,5684.8
0,0,0,0,6.3328,0.069688,5.4769,5.1477,0.22474,65.475
0.88897,14296,0.025825,572.75,5.4092,0,1.8374e-05,36.81,2.7815,57.712
0.016282,22880,0.0022228,511.85,0.014747,3.79,0.0047864,11.844,0.013512,4963.1
12.303,121.98,0.19623,0.21819,0.00091284,1.4745,0,26.305,0,0.91123
0.28362,35.989,3.833,184.68,6.0215,2.2204e-05,3.1401,18.548,0,4.0205
0,0,0,22991,1.3546,0,0.057641,15.379,2.5907,5453.9
0,0,0,15190,0,0.16788,0.012334,1.9242,8.0802,2.1417e-06
0.43046,25.044,3.788,1045.7,0.0010318,0,0.14412,3.6779,5.0645,3.6591
0.99586,0.10613,4.963,0.26312,0.0061444,2.2323,2.4378,17.543,2.3621,5310.9
4.641,192.61,0.0027785,15384,0.17139,0,2.9276,8.2344,0.020868,11.737
0,0,0,0,0,0,5.5754,212.68,0.051347,4.3719
0.077493,17651,0,25776,0,0,0,1.7583,0,764.45
0.21824,0.056505,0.014604,776.65,0.004883,623.91,0.18618,8.0492,0.048833,4915.2
0.00024737,17.579,0.00076685,324.79,3.5128,22.57,2.4814,166.01,0.042036,11763
0,0,0,0,8.2768,0.030818,0.014159,6.8955,2.6947,0
0,44680,0.062544,2065.6,5.5695,0.28033,0.44351,0,0.1513,0
6.1833,186.48,0.42699,37344,0.0010352,9.2227,0.0076249,19.226,0.1134,0
0.012458,1500.9,0.0047641,28.248,0.00092008,513.82,0.0058856,216.4,0,0
0,0,9.904,16.906,0.10337,0.058356,0,0,0.01793,5344
0,0,3.4772,12593,0.10329,0,0.00015194,276.58,0,0.12695
0.18637,17885,0,0,0.00018574,0.50932,6.2528,14.139,2.8509,11.347
0,66879,0.21379,0,0,34.921,0.17247,0.69595,0,0
0,0,0,0,0,0,6.7632,13.64,5.8827,0.27312
0.34866,13660,0,0.28835,0,15.451,0.12032,3.2905,2.3439,5679.2
3.4565,600.55,0.17669,0,0.050712,0.17031,0.10856,2.6249,8.2241,5106.2
0,0,12.762,32.981,0.17915,0,0.08226,10.207,0,201.13
0.22185,32688,0.0056124,572.65,0,42.781,0.51336,0.017641,5.3856,810.93
0,0,3.3582,22824,0.0054078,0.90313,0,17.304,0,146.2
0,15586,0.1315,14820,0,10.859,0.0071679,0.24447,0.026771,3.7715
0.081259,0.00061315,0.0021962,14292,0.00027728,0.43595,0,10.674,10.433,0.89574
4.0504,242.47,0.34652,196.73,0,2.5963,2.2447,8.0163,7.2057,77.843
0.21324,16598,3.2835,542.93,6.1912e-07,4.584e-05,2.3613,11.969,0,11.423
7.847,0,0.117,189.03,0.012358,7.977,3.1947,0,2.8038,0
0.030069,0.014061,0.22102,30.467,4.4818,0.27159,2.673,3.4116,5.195,19.275
5.9457,789.22,0.00085091,12429,0.11523,4.5765,0.0004396,5.9566,0.15312,0.061383
0.34744,133.5,3.2192,7713.6,0.15323,1.08,0.00038604,3.4148,0,5271.4
8.4933,0,0.54515,1975.8,4.9857,0.075404,0.47372,6.6096,0.057625,0
0,0,7.0057,22024,0,0.11352,0.0088801,2.0885,0,0
0.08401,12.307,2.8992,368.86,2.594,0.020241,0.089009,9.0925,4.4435,5503.4
0,0,0,0,0,645.17,0,0.00010927,0.015773,0
0.36999,36.771,5.4108,0,0,1.7081,2.6803,0.46517,3.1655,3.8195
0.0016648,0.45341,0.046878,0,0.42092,1535.9,0.44597,0,0.13248,0
0,0,0,0,0,0,11.439,0,0,0.012184
0.30461,13177,0.048744,11.146,0,19.745,0.032948,215.52,0.037124,0
4.7612,660.63,0.25824,0,0.14216,0.074262,5.7304,5.3504,0.21464,68.504
0.1566,15261,2.6109,1664,5.44e-07,6.6349e-05,0,430.75,0,12.167
8.7382,868.57,0,0,0.057905,0.82024,0,5.7943,0.32738,432.05
0,0,0,0,18.233,50.432,0.034164,4.7294,0.012763,0
4.5856,768.77,0.30905,18.386,0.0091369,0.46697,0,120.75,0.019849,5963.8
0.33903,15.095,10.543,29.812,0.023912,0,0.072176,7.2527,2.6426,183.65
0,25285,0,0,0.0079225,34.828,2.7846,218.5,4.675e-05,0
0.17614,5.5301,0.0027586,22.924,0.11725,978.22,3.9835,0,0.047961,0
0.050074,30795,0.34251,90.083,0.28685,0.077906,2.8111,12.159,2.4849,0.021998
0.27205,30255,0.076435,26151,0.085131,0,0.00027231,15.308,0.24804,0.12531
4.2582,306.67,0.11212,0.24442,0,0.77244,0.047317,3.5685,8.7859,0.0020855
0,18163,0.39734,0.27888,0.0048435,1.8911,2.4223,0.46606,2.3731,5261.7
0,9801.7,0,0,0.0073578,0.011297,0,21.19,0.21018,674.6
2.8771,644.29,0.18962,50.895,0.005579,0.18676,0.021276,5.8905,11.503,0.64302
0,0,0,10974,0.07817,0.00052306,0.41326,5.4349,2.6342,5900.1
0.20406,11.056,3.5978,92.195,0.017455,18.926,0.12432,5.7478,7.6712,4974
8.251e-05,9.6684,1.7483e-06,858.63,3.7894,17.04,4.6884,0.017656,5.4007,768.27
0,0,0,0,26.545,19.159,0.00014763,2.707,2.7496,200.26
0,0,3.3621,16140,0,0,3.4533,10.79,0.050041,0
0.64125,18680,0.0045071,444.11,0,26.396,2.1736,0.21786,5.3797,805.27
6.6451,747.38,0.17871,189.32,6.2717,0.07348,0,2.9843,0.085133,5774.4
0,0,4.8919,304.11,4.7771,0,0.00037111,7.9109,3.0454,0
4.7158,109.33,0.16752,923.62,4.7871,0.5379,0.10988,228.9,0.1604,5.3111
0,0,0,0,18.811,33.283,0.0010895,2.2417,2.5002,171.49
0,0,0,16423,0.03372,0.56459,3.8284,7.3707,0.0020207,5740.1
0.27045,13798,0.062722,48017,0,21.198,0,15.339,0,58.005
0.041676,1385.3,0.017,25750,0,28.555,2.1548,6.5598,2.6355,0
4.2046,696.28,0.47227,12850,0.32799,7.6564,0,2.2624,3.204,0.10187
7.7354,0,3.3246,49.579,5.9031e-07,4.4214e-05,2.291,11.935,0,3.2035
0,0,0,23553,0.14463,0.00066272,0.041374,10.807,2.978,447.57
0,0,3.5776,996.62,0.2073,0.023721,2.1888,209.18,0.057956,12.589
0,0,8.1055,19.453,5.5778,0.041734,0.00058465,6.9556,0,0
4.6097,150.34,0.006098,17176,0,0,2.0366e-05,244.94,0.38376,421.46
0,0,0.12639,12800,0,20.871,2.1048,0.01379,6.2979,67.909
0.5377,44424,0,690.37,0.13706,0.27321,0.00029832,9.4544,0.15948,5015.4
0.027128,3.8847,2.556e-05,0.58298,0.0012674,2.7536e-06,3.2284,218.59,2.5458,6.1608e-05
0.17153,8.4484,1.4941,317.83,0.008412,0,0.02769,108.48,5.4112,3.1627
0,5407.3,0,0,3.4229,0.012103,0,20.101,0.21783,1005.1
0,0,0,0,5.7695,0.0086533,0,208.36,3.5142,384.61
7.3502,0,0,131.64,4.7781,5.0751,3.7461,0,0,617.4
0,0,0,891.62,0,0.044126,0.0001232,517.53,0.050378,0
0.012992,25306,0.0015842,59.073,7.1437,3.3481,0.0058742,19.842,0.016782,0
0,0,0,0,0,0,0,836.44,0,1.799
0.35602,29792,0.10194,11876,0,0.94399,0,13.109,0.012695,10.364
0.017934,2.2281,0.26256,15667,4.6576,2.6061e-05,3.0019,18.306,0,6.5091
0.77275,10867,0,0,0.047968,0.89173,0.13927,0,0.31978,356.25
0.007415,929.73,6.2067,67.357,0.015851,1.0568,0,0.16861,0.019388,5722.4
0,5021.6,0,3.2999,3.2613,0.69092,0,25.388,0.35362,357.93
0.33438,29276,0.065292,299.96,5.633e-07,3.5613e-05,2.8356,15.135,0,138.42
0.13791,0,0.0028966,374.6,0,506.96,3.2993,101.03,0.082432,22.542
0,0,0,87.502,11.495,34.514,2.7376,4.2632,0.01279,0
0.39301,21.428,0.0078165,12411,0.0011668,15.694,0.00025769,234.44,2.6432,0
2.9694,317.17,0.080453,12792,6.5034,4.6322,0,3.0505,0.077802,5814.6
0.049567,15701,0.32683,93.417,0.30449,1.4603,2.9146,12.37,2.4912,0.021464
0.16916,4722.3,0.13847,0.14987,0,0.245,0.046374,0,8.798,5507.1
3.3012,5.7902,0.052828,777.69,0.00058524,28.208,0.058346,174.39,0.035143,0
0,1919.7,0.0046059,49690,0,0.46657,0.057341,0,2.5373,0
0.0063587,994.86,5.5039,0,7.4675,4.0775,0,1.5237,0.023654,0
0,460.68,3.0613,0,0.14218,0.0089595,5.756,7.7663,0.2068,74.945
0,0,0,0,0.47283,0.037025,7.7119,11.182,0,5516.3
0.016036,0.0077643,2.5534,3748.6,0.057515,73.234,5.8961,11.055,0.00088018,5179.4
0.053278,16575,0.18551,12206,4.7712,0,0.10649,27.884,0,3.6523
0.014376,0.67724,2.7391,22.981,0,10.936,0.11287,0,9.1768,72.184
0,0,0,0,13.545,75.041,0.00024622,4.6373,0.012895,0.012687
0,47297,0.21374,0,5.7054e-05,0.43718,2.8616,12.741,0.46973,8.8201
0.17978,25.707,8.2343,347.92,0,2.3945e-05,3.4263,18.639,0,3.9481
0,0,0,0,13.851,32.676,0.0011211,3.0057,2.7027,168.16
3.1596,16.848,0.27453,35.744,1.7125,1.0657,2.9809,156.57,2.8669,593.88
9.8919,557.01,0.15605,1210.4,0,1.3603,1.3962e-05,5.1118,0.28602,5449
0,0,0.25062,24975,0,22.744,4.3508,0.033081,0,67.477
4.0085,109.89,0,12364,0,0,0,201.29,3.4581,368.44
0.060214,7201,0,15891,0.050481,18.362,2.6571,202.53,0.072879,1069.2
0.018304,13199,0,19834,2.0479e-11,0,2.7508,30.066,0,634.07
0.0011958,0.036031,4.2088e-05,53.923,0.027898,0.0027166,0.010581,248.19,9.5099,0.17504
0.062198,50753,0.00027588,0,0,61.957,0.10371,0.37264,2.9971,0
0.00098064,112.9,6.2538,1390.5,6.4319,0.00013346,0.16063,34.252,0.049877,5941.6
0,0,0,63334,0.016507,0,0,0.00015217,0.015152,0
0.0031116,279.05,0.0034477,14187,0.0049817,0.19242,0.049779,374.84,0,5070.8
0,0,0,11598,0.069206,0,2.467,5.5726,2.778,5527.2
0.53189,35.57,4.5127,1241.7,0.0013303,20.734,3.0006,0.29486,0,717.46
0.27213,14030,0.0028041,679.12,5.2563,13.41,3.3119,0.22142,0,5390.5
0.37179,12493,0.17198,7.4877,6.4365,0.033148,2.2702e-08,3.5094,5.9642,687.99
0.39716,25098,0,80.45,4.9702,3.7408e-05,2.9699,9.9095,0,5.9597
0,0,0,0,0,0,0,284.69,2.4824,0
7.8399,0,0.13567,313.11,0,0,0.0010223,249.33,0.0014038,0
0,0,0,6666,0.015919,0.38393,6.5634,7.8698,2.2868,5049.3
0,0,0,0,0,0,0,342.08,0.078743,2.0121
8.2174e-05,186.58,9.3919,529.99,0.15582,0.070719,3.3814,25.044,0.00084907,6429.4
0.2507,11393,0.37656,937.88,0,14.953,5.9246,5.312,0.22957,0
0,0,7.5064,40.055,0,3.1908,0,0.61841,0,375.35
7.3419,705.76,0.45769,67.552,0.43703,0,3.2286,0.26941,2.7529,5431.7
0.042443,11.151,0,0,0.26448,2227.8,0.44231,0,0.13933,9.8689
0.079516,13.962,1.5886e-05,13907,5.7988,4.9454,0.00046162,6.6578,0.16698,0.061671
5.1765,1.5895,0.20095,353.7,0.62356,32.886,9.4389e-06,1.5278,4.5822,5399.6
0.18191,28247,2.2647,618.74,0,0.5386,3.3409,11.377,0.099292,0
0.0091334,1722.1,10.294,0,0.01864,8.3006,0,2.4304,0,0
0,0,0,109.23,5.6897,22.792,0,11.871,0.011982,12920
0.029287,0,0.0005411,16338,3.7017,6.3895e-05,0.091903,192.08,0,1.1567
0,0,0,0,0,0,9.9714,8.2874,2.5563,0.00080745
5.1003,621.58,0,0.16676,3.4894,0.69084,0,0,0.3564,219.91
0,0,0,0,7.9121,0.016331,0.17997,0,0,300.63
0.011809,1068.4,0,0,1.1237e-05,0.024684,7.552,16.48,3.2731,0
9.2259,0,0,25691,4.8696e-09,0.00014835,0.080858,0,0.00057552,715.62
0.060584,10.76,2.2028,447.13,0.015385,0.0087824,4.8978,10.755,5.0911,245.33
2.5361e-05,10.584,0.069281,4.1996,0.066791,2110.6,0.00037847,0,2.7828,0
0.073741,0,0.02965,27214,5.7882e-07,6.6028e-05,2.2958,12.301,0,3.6134
0.25853,14607,2.7406,8.5933,0,0.00013555,3.0358,8.0728,0,6049.6
3.9892,498.11,0.29616,0,1.7672,0.054777,0.12457,5.0281,0,18609
0,0,2.7383,23744,0.16144,0.048941,0.12176,5.6245,2.4824,1.1512
0,0,0,0,10.017,15.831,0.10517,3.6149,2.1294,5664.2
0,0,2.6656,157.1,0.096332,0.0086555,0.058212,441.28,0.068313,0
8.989,132.82,0.24818,48.977,0.0040155,37.751,2.041,422.98,0.00081989,0.084465
0.00012777,15.767,0.12652,891.77,9.0295,0.91436,0,0.20107,0.057832,5328.9
0.0014161,67.962,0.00031787,7047.1,0.026517,0,2.5423,0,5.6606,5011.7
0,0,0,0,7.7886,10.374,3.3607,0.018461,2.8575,0
0,37137,0,837.11,0.00044518,3.5125,0,5.206,2.5987,0
0.0016614,244.12,6.091,632.35,0,16.104,0.51059,0.025189,5.2376,835.04
0,0,0,0,0,1003,0,0,5.0094,1.2918
0.067235,3.9333,0.0092655,5.1067,6.3411,0,2.2013,185.42,0,0
0.072567,21962,0.46263,123.15,0.43636,0.053629,0.049356,4.769,2.4766,0.021982
0,0,0,12597,3.9225,1.8458,0.087137,0.45727,2.5846,0
5.3097e-05,4.2838,0.030727,555.42,4.1937,0,0.043781,1.8545,11.072,0.00013637
3.7397,912.18,0.047475,238.58,3.3109,0,0.00033675,120.83,3.0941,0
0,21792,0,27.114,0.19316,0,0.082779,187.86,2.8903,0
0.0036879,503.72,3.4958,0.33953,5.6828,0.00081035,5.1021e-06,5.7165,0.019382,5163.9
0.27557,12759,0.055952,11.57,0,13.451,0.031454,417.94,0.037505,0
0,43381,0.19697,0,0,51.299,0.00094746,0.50316,0,0
