1.4182,0.3189,0.31281,0.3385,0.31302,0.29979,0.29625,0.40452,0.29618,0.29615
0.29563,2.5621,0.35763,0.33654,0.31193,0.31482,0.29573,0.40411,0.29564,0.29563
0.30816,0.30816,4.5737,0.35061,0.32507,0.31181,0.3082,0.41663,0.30818,0.30816
0.29792,0.29792,0.29792,6.7171,0.31562,0.31556,0.29797,0.35471,0.29799,0.29792
0.29549,0.29549,0.29549,0.29549,9.0553,0.31716,0.29554,0.32386,0.29554,0.29549
0.29696,0.29696,0.29696,0.29696,0.29696,10.932,0.29706,0.38828,0.29704,0.29696
0.29322,0.29322,0.29322,0.29322,0.29322,0.29322,12.997,0.35559,0.29329,0.29322
0.29344,0.29344,0.29344,0.29344,0.29344,0.29344,0.29344,16.189,0.29347,0.29352
0.29492,0.29492,0.29492,0.29492,0.29492,0.29492,0.29492,0.29492,18.283,0.29492
0.28297,0.28297,0.28297,0.28297,0.28297,0.28297,0.28297,0.28297,0.28297,20.283
0.4686,0.4686,0.4686,0.4686,0.4686,0.4686,2.166,2.2781,2.4485,3.3825
0.48612,0.48612,0.91544,1.4602,1.7316,0.73865,0.48612,0.52094,0.48619,0.48612
0.3882,0.64121,0.40194,0.42154,0.39055,1.8673,0.38822,0.46063,2.9638,0.3882
0.38582,0.38582,0.91359,0.39566,0.39197,1.9587,2.4182,0.43221,0.38625,0.38582
0.37082,0.37082,0.37082,0.37082,1.7241,0.3998,0.37083,2.6178,2.5927,0.37082
0.37154,0.37154,0.37154,0.37154,2.2878,2.0811,0.37235,0.41857,0.39161,4.3749
0.3983,0.3983,0.3983,0.3983,0.3983,2.8031,0.41455,3.7842,0.4705,2.9167
0.3896,0.3896,0.3896,1.8996,0.39484,0.3896,0.38971,3.3503,0.41698,4.3802
0.4748,0.4748,1.4157,0.49324,0.65543,0.48354,0.55371,3.9956,0.4748,0.47484
0.47669,0.47669,0.47669,2.2818,0.55321,0.49609,4.0878,0.47679,0.47682,0.47669
0.37046,0.37046,1.0323,0.45544,0.49567,0.57501,0.37171,0.37048,3.0193,2.4727
0.30239,0.30239,0.30239,0.30239,0.30239,2.7465,2.2913,0.37448,0.30241,4.3202
0.30694,0.70183,0.32635,0.42449,0.31893,0.32045,2.7486,0.39504,0.30697,3.0039
0.37728,0.37728,0.37728,1.8359,0.42496,3.0261,0.70652,0.37729,0.37814,0.37792
0.56759,0.39849,0.39025,0.43187,0.442,0.40965,0.4694,0.43642,4.6593,0.38751
0.72138,0.38173,0.41101,0.44715,0.38587,0.46915,0.37947,0.43086,0.37943,8.211
0.38786,1.0125,0.41813,2.4408,0.43409,0.47877,0.38786,0.38788,0.38828,0.38786
0.39206,0.99709,0.40507,0.45918,2.3778,0.39588,0.39206,0.39295,0.39227,3.712
0.39336,0.39336,0.39336,0.39336,2.7778,0.48508,3.386,0.50134,0.39339,0.39336
0.67283,0.51048,0.52587,0.51736,0.50194,3.6474,0.53393,0.59119,0.49809,0.63785
0.48248,1.0656,1.751,0.62804,0.67491,0.48521,0.48248,0.48252,0.48289,0.48261
0.38827,0.38827,1.039,0.40101,1.7063,2.3387,0.38837,0.3883,0.38865,0.38827
0.38424,0.38424,0.38424,1.0848,0.41177,0.40795,0.38442,2.7193,2.9597,0.38425
0.49141,0.8486,0.49295,0.50722,0.51273,0.51471,1.9388,3.0306,0.49144,0.49141
0.29355,0.29355,0.29355,0.29355,0.29355,2.4059,2.0101,1.9237,0.33832,0.29355
0.466,0.466,0.466,0.466,0.466,0.466,5.0009,0.48507,4.7359,0.466
0.56683,0.38478,0.38554,0.39362,0.43942,0.37235,0.37187,4.0439,0.69458,0.37185
0.2854,0.74694,0.29045,0.32837,0.28801,3.2089,0.28631,0.39438,0.28545,2.289
0.38151,0.59127,0.38921,0.3878,0.78231,0.42575,0.38813,0.4244,3.3495,4.0321
0.59117,0.37183,0.37927,2.2201,0.45047,0.37279,0.36927,0.40223,0.36938,2.6321
0.62459,0.38062,0.3843,0.43084,0.3801,0.50741,3.342,0.37661,0.48674,0.37665
0.57829,0.92252,0.58887,0.67553,0.58096,1.9924,0.66729,0.65036,0.57831,4.5961
0.60814,0.39555,0.42164,0.43204,2.6117,0.39171,0.39175,0.57792,0.39173,1.3509
0.2961,0.2961,1.4413,0.3152,0.34359,0.33549,3.4208,0.33173,0.29738,0.2961
0.3631,0.3631,0.3631,0.3631,0.3631,0.3631,4.775,4.6602,0.36331,0.3631
0.3756,0.3756,0.3756,0.3756,1.5458,1.4203,0.4341,0.37566,3.3279,0.58315
0.37554,0.37554,1.1636,0.39054,2.0941,0.52789,0.37555,0.39669,0.46469,2.8413
0.31344,0.31344,1.4688,2.5175,0.33096,0.3309,0.31387,0.3693,0.31412,0.31345
0.46492,0.46492,0.46492,0.46492,0.46492,0.46492,0.46492,7.8404,0.46494,8.2927
0.37891,0.37891,0.37891,0.37891,0.37891,2.8177,0.52284,0.37891,3.2153,4.3154
0.3863,0.3863,0.3863,0.3863,0.3863,2.2762,2.1976,0.38633,2.8788,0.38633
0.37227,0.37227,0.37227,1.5545,1.5747,0.49558,0.37228,0.38995,0.44592,4.3763
0.29808,0.29808,0.29808,0.29808,2.1504,3.2534,0.299,0.41079,0.33193,0.80517
0.38281,0.38281,0.38281,1.1579,1.7806,0.4196,0.38286,2.9516,0.38281,0.38281
0.36036,0.36036,0.36036,2.092,2.8868,0.49749,0.36045,0.37723,0.36036,0.36044
0.3854,0.95476,0.41989,0.43185,0.42648,0.3854,0.38542,2.9979,0.38544,4.0482
0.36622,0.36622,0.36622,1.502,0.42885,0.36622,2.5038,0.48248,0.40148,4.2738
0.46291,0.46291,0.46291,0.46291,1.7112,2.0187,0.46297,3.2307,0.46294,0.46291
0.38482,0.38482,0.38482,0.38482,3.278,0.38483,0.38485,2.9973,0.38487,4.0476
0.38362,0.38362,0.38362,0.38362,1.9243,0.39976,2.1217,0.43222,0.38362,5.7817
0.42111,0.42111,0.99191,0.49388,0.42418,2.3527,0.54052,0.42111,0.69134,3.492
0.37672,0.37672,0.37672,0.37672,0.37672,1.4214,0.37703,2.2086,4.7438,0.37672
0.38204,0.38204,0.38204,0.96969,0.3856,0.38211,1.325,0.38206,4.9756,1.6869
0.46667,0.46667,2.2756,0.55351,0.47743,0.51065,0.46741,0.46667,0.46667,7.8861
0.30523,0.30523,1.0404,0.32095,0.30841,2.8643,0.41138,0.6645,0.30525,0.49025
0.37681,0.37681,0.37681,0.90258,0.39981,0.37681,1.3344,3.8779,0.419,1.3998
0.38384,0.38384,0.38384,2.5525,0.39746,0.41505,0.41051,0.38384,4.2448,0.38385
0.38112,0.38112,0.67789,0.38331,0.96373,0.44768,3.1993,0.38118,0.53687,1.3497
0.37558,0.37558,1.0275,0.37753,0.4002,0.37853,1.8517,0.42302,2.8959,0.37558
0.37414,0.37414,0.37414,0.37414,0.37414,0.37414,0.37414,4.155,4.6276,3.2823
0.37496,0.37496,0.37496,0.37496,0.37496,0.37496,4.9742,0.43424,0.59541,7.7896
0.38233,0.38233,0.38233,1.9819,0.40878,2.061,0.42296,0.41343,0.38233,4.2094
0.38865,0.70167,0.38957,0.40997,1.4885,2.2709,0.3895,0.38877,0.38888,1.3453
0.38619,0.38619,0.38619,1.0987,0.40948,1.6802,0.5487,0.38619,2.9411,0.38681
0.49961,0.49961,0.96838,1.3927,0.53453,0.50101,0.49979,2.5778,0.50016,2.623
0.46812,0.46812,0.46812,0.46812,2.9402,0.46814,0.47552,0.46812,3.3537,4.452
0.45752,0.45752,0.45752,1.2725,0.46312,1.9882,0.45754,2.6794,0.45778,1.2738
0.39553,0.39553,0.39553,0.39553,1.8022,0.39553,1.8895,0.46051,2.9666,0.39554
0.38742,0.38742,0.94368,0.38908,0.39563,1.6924,0.55074,0.38742,2.9633,0.38742
0.38658,0.71992,0.3902,0.39133,0.39359,0.38659,1.7476,0.43763,2.5171,2.1671
0.38051,0.38051,0.38051,1.0132,1.4851,2.015,0.78915,0.38051,0.38077,0.38052
0.60241,0.60241,2.0541,0.67767,0.61926,2.3729,0.60359,0.60243,0.82322,0.60273
0.46549,0.46549,0.46549,0.46549,1.2813,2.0768,2.2215,0.50557,0.65074,0.46549
0.49789,0.49789,0.87578,0.50524,1.7585,0.4979,0.51933,2.8615,0.49789,2.2824
0.39047,0.39047,0.39047,0.39047,0.39047,4.3768,0.39165,0.41631,4.3114,0.39052
0.38761,0.62533,0.38923,0.38827,0.45449,0.41026,0.39497,2.305,3.4428,0.38761
0.46215,0.71659,0.46336,1.3831,0.46727,0.60283,0.46218,0.58738,2.6841,0.46215
0.49756,1.0083,0.50031,0.50382,0.52571,0.56143,4.3654,0.49765,0.63273,0.49756
0.46838,0.46838,0.46838,0.46838,0.46838,1.7619,0.47728,2.2914,2.4458,3.4015
0.37945,0.37945,0.37945,1.2136,0.38562,1.9579,2.414,0.42786,0.37951,0.37945
0.38955,0.59324,0.39628,0.3967,0.41764,1.0844,0.42506,4.9503,0.38955,0.38955
0.45699,0.45699,0.45699,0.45699,1.2868,1.781,0.45719,0.47304,0.50924,8.4572
0.4817,0.4817,0.4817,2.3859,0.60953,0.49197,0.49705,2.9206,0.61653,0.48171
0.41163,0.41163,1.1219,0.48515,0.41529,0.43141,2.2331,0.75219,0.52103,2.0568
0.48147,0.48147,0.48147,0.48147,4.3467,2.9484,0.48147,0.48152,0.48147,0.48171
0.53315,0.38076,0.38261,0.42608,0.48707,2.3227,0.4016,0.41325,0.37654,4.1482
0.5689,0.5689,1.0982,0.57092,0.57823,0.56922,1.6579,0.6067,2.3655,4.5051
0.46015,0.80291,0.46115,1.3922,1.7725,0.46387,0.46021,0.49603,0.46038,1.5207
0.33352,0.30017,0.29645,0.31603,0.29467,1.2657,2.5607,1.1907,0.29356,0.29355
0.46335,0.46335,0.46335,1.4477,1.8993,0.4647,0.46335,0.47161,2.9635,0.46347
0.37665,0.37665,0.92326,0.40402,0.39316,0.38081,2.0724,0.38645,0.37673,7.7961
0.65035,0.60035,0.63207,0.61715,0.62608,0.60773,0.611,3.0173,3.4739,0.59944
0.48982,0.48982,0.48982,1.4045,0.50463,0.49423,2.1521,0.48984,2.7772,0.94452
0.38698,0.38698,0.38698,0.38698,0.38698,0.38698,3.2572,3.3453,0.41437,4.3783
0.47719,0.47719,0.47719,0.47719,1.6094,0.56765,1.9843,3.005,0.47721,0.47725
0.37936,0.61559,0.38807,0.38645,0.83099,0.40256,0.37936,0.41096,4.7142,1.1887
0.47917,0.47917,0.47917,1.1908,0.49066,0.47947,0.47917,2.0739,2.2909,4.4567
0.37937,0.37937,0.37937,0.37937,0.37937,0.37937,0.37937,0.37937,9.1964,7.8064
0.38951,0.38951,0.38951,0.38951,3.4468,0.41178,0.41673,0.38951,4.2517,0.38951
0.37196,1.1318,0.40755,0.38063,0.46113,0.37342,0.37196,0.42462,0.37197,8.3722
0.38247,0.38247,0.38247,0.38247,2.2493,0.4022,0.45786,5.5059,0.38247,0.38247
0.3755,0.64248,0.37971,0.37656,1.7526,0.37551,0.3755,2.7305,0.3755,2.2491
0.51679,0.3834,0.38353,0.50804,1.6849,0.51351,0.37996,0.39866,0.50358,4.1695
0.37077,0.37077,0.37077,0.37077,0.37077,2.3259,0.37078,2.6235,2.5927,0.37077
0.38626,0.38626,0.38626,0.38626,0.38626,0.38626,2.6916,2.5895,2.5908,0.38654
0.46511,0.68604,0.46694,0.47764,0.46642,1.8214,0.53441,2.7001,0.63393,0.46511
0.39006,1.1483,0.39526,0.43066,0.54556,0.41642,0.39013,0.40349,3.5213,0.39006
0.50647,0.4687,0.47247,0.49312,0.46925,1.1917,2.2331,0.71857,0.46837,4.4861
0.61635,0.61635,0.61635,1.3355,0.62234,1.7788,0.71223,0.61635,2.7372,2.6502
0.38547,0.38547,0.8973,0.40544,0.42646,0.38992,0.39212,2.6001,2.6014,0.38548
0.65369,0.39515,0.39265,0.44572,0.489,0.39045,0.39048,3.0066,0.39048,4.0324
0.48098,0.48098,0.48098,0.48098,0.48098,5.677,0.48106,3.2643,0.481,0.48098
0.58152,0.58152,0.98732,0.59273,1.4976,0.63199,0.58154,0.63034,4.1485,0.58152
0.57815,0.5671,0.57163,0.70381,2.359,0.59969,2.494,0.61097,0.59894,0.56699
0.54857,0.38839,0.40322,0.40495,0.47965,0.43275,0.39211,0.38435,3.2207,4.3209
0.38222,0.38222,0.38222,2.165,0.38601,0.46327,0.52912,0.38225,2.3678,3.5603
0.56786,0.49384,0.47727,0.48136,0.47683,0.5223,2.0336,0.51095,2.8531,0.5734
0.3959,0.3959,0.3959,0.3959,0.3959,4.1975,0.42012,0.60476,0.39592,8.2275
0.38189,0.38189,0.38189,0.38189,0.38189,0.38189,5.8311,0.38192,2.3674,3.56
0.38111,0.38111,0.38111,0.38111,0.38111,0.38111,3.0314,0.45664,4.6346,3.2893
0.38287,0.38287,0.78112,1.6291,0.50493,0.3979,0.38287,0.43143,0.38288,5.7809
0.55412,0.39127,0.39777,0.38905,0.3977,2.0211,0.38897,0.38742,2.9633,0.38742
0.48516,0.48516,2.2975,0.49059,0.51191,0.48702,0.64848,0.48516,3.0611,0.48516
0.47587,0.81302,0.48715,0.57746,0.48979,3.9686,0.47599,0.57176,0.52481,0.47587
0.47975,0.47975,0.47975,1.2578,3.397,0.48257,0.4985,0.57195,0.47976,3.8594
0.37139,0.37139,0.37139,0.86345,1.0237,0.54035,0.37181,2.3552,0.54696,2.3815
0.46606,0.46606,0.46606,0.46606,1.3812,0.48555,0.47969,2.3666,2.2788,3.3328
0.48254,0.85293,1.0823,0.56151,0.49377,0.48374,0.48254,2.9503,0.4826,0.48268
0.37401,0.37401,0.37401,2.6429,1.4599,0.50082,0.37451,0.40313,0.37406,2.676
0.40355,0.57155,0.41181,0.43685,0.40523,1.3381,2.7902,0.49649,0.40361,2.0439
0.37526,0.37526,0.65895,0.39717,0.42414,1.236,0.37527,0.39038,2.6326,4.3611
0.45004,1.522,0.45319,0.49006,2.2505,0.45005,0.54033,0.45017,0.4503,0.45005
0.4672,0.4672,1.3339,2.1184,0.53598,0.46971,0.46976,0.57644,0.46776,2.5702
0.45509,0.45509,0.45509,0.45509,1.4333,3.7258,0.56321,0.6838,0.45509,1.9821
0.38915,0.38915,0.38915,0.38915,0.38915,0.38915,1.658,2.2593,4.661,0.38915
0.63617,0.55653,0.56538,0.55451,0.57461,0.64078,2.0452,2.7153,0.71246,0.55388
0.47888,0.59038,0.4905,0.97729,2.3139,1.3722,0.47916,0.47899,0.47889,0.47895
0.48976,0.48976,0.48976,3.6821,0.51366,2.4231,0.49,0.48978,0.49014,0.48976
0.48683,0.48683,0.48683,0.48683,0.48683,0.48683,0.48683,7.0252,3.4093,0.69883
0.47908,0.70891,0.48377,1.4529,0.5135,0.50684,0.47927,2.7064,0.47908,1.286
0.38016,0.38016,0.38016,0.93993,0.38135,0.40561,2.2772,0.38019,2.3657,3.5583
0.48179,0.79243,1.1662,0.53632,0.58103,0.522,0.5211,0.58891,0.48181,4.4672
0.3849,0.3849,1.4585,0.40614,0.44687,0.52003,0.39797,2.4474,0.38499,2.6515
0.47431,0.47431,0.47431,0.47431,0.47431,0.47431,0.47431,3.4652,2.1085,8.3021
0.48027,1.065,0.48662,0.54667,0.50885,0.57295,2.1065,0.51611,0.4804,3.6584
0.3765,0.3765,0.3765,0.3765,3.7992,0.37786,0.37683,0.42795,0.37651,8.3767
0.44816,0.36899,0.36909,0.40822,0.42786,1.439,0.36831,0.36698,3.0191,2.4423
0.5621,0.5621,1.1553,0.56406,2.2195,0.84026,0.56439,0.75718,0.69201,1.3784
0.38809,0.38809,0.95603,0.4775,0.39231,0.38809,0.44735,3.3464,0.41545,4.3794
0.45714,0.45714,0.45714,0.45714,4.4549,0.45759,0.45716,3.5335,0.45716,0.45722
0.37069,0.74272,0.37826,1.7625,0.43287,0.43454,0.46741,0.40266,0.37086,3.2808
0.38388,0.9135,0.39401,0.39075,0.56792,0.40438,0.38391,2.9191,0.8554,0.38388
0.50274,1.1807,0.50473,0.54891,0.65911,2.1926,0.50274,0.59776,0.50301,1.4594
0.46014,0.46014,0.46014,0.46014,1.3284,1.5482,0.46019,2.3907,0.64539,2.9073
0.37292,0.37292,0.37292,0.37292,0.37292,3.7001,3.4325,0.37298,0.58483,0.37292
0.46195,0.40176,0.39325,0.39712,1.4407,0.41176,0.41671,0.38949,4.2516,0.38949
0.37768,0.37768,0.72254,0.8541,0.38971,0.43246,0.41735,3.313,0.60535,0.37773
0.39127,0.39127,0.39127,0.39127,0.39127,1.3095,1.2359,3.9045,0.43339,2.6159
0.49093,1.0266,0.49843,0.50718,3.3127,0.76283,0.49094,0.4911,0.49093,0.49094
0.63363,0.4951,0.40326,0.41215,0.56187,0.47615,0.47281,0.64363,0.67352,2.477
0.62356,0.49187,1.0698,0.56003,0.49372,0.48391,0.48437,2.9533,0.48275,0.48286
0.47708,0.47708,0.47708,0.47708,0.47708,2.8697,2.6954,0.88451,0.4771,3.2629
0.47925,0.77093,0.48483,0.48311,1.5327,0.50516,0.47929,2.9147,0.61292,0.47925
0.4658,0.39078,0.41245,0.38349,1.7511,0.43052,0.38157,2.9502,0.38153,0.38153
0.38281,0.38281,0.91136,0.38479,1.7525,0.43181,0.38286,2.9516,0.38281,0.38281
0.49047,0.49047,0.49047,0.49047,0.49047,1.613,1.2919,0.64083,4.5169,0.64286
0.48039,0.48039,0.48039,0.48039,0.48039,3.6659,1.7615,0.50954,1.7903,0.48039
0.36752,0.36752,0.36752,2.0332,0.3953,0.37501,0.4351,4.6267,0.36752,0.36757
0.55937,0.45352,0.4565,0.47247,0.45564,1.9823,0.45006,2.6742,0.4503,1.2482
0.38387,0.38387,0.99833,0.39255,0.42212,0.39497,1.8568,2.8531,0.38388,0.38387
0.46194,0.46194,0.46194,0.46194,2.601,0.48086,2.8114,0.50564,0.49772,3.1769
0.47375,0.84738,0.51408,0.5829,0.48615,0.49603,1.7547,0.50299,1.7837,0.47375
0.38019,0.38019,0.38019,2.3377,0.39463,0.40615,1.8725,0.41425,1.0555,0.38019
0.53512,0.53512,0.53512,0.53512,0.53512,0.53512,0.53512,12.228,0.53531,4.4575
0.48601,0.48601,0.48601,1.8628,0.49453,0.501,0.48601,1.6279,3.3459,0.48601
0.38353,0.38353,0.76156,1.241,1.48,0.51158,0.38353,0.41249,0.38358,2.6855
0.60268,0.60268,0.60268,0.60268,3.3889,0.66201,0.80577,0.62406,3.1435,0.60271
0.29869,0.36509,0.30027,0.3112,0.2993,1.034,1.8059,0.89467,0.29871,4.3165
0.37097,0.37097,0.37097,0.92358,0.3964,1.2936,0.37098,4.1957,0.37097,1.1674
0.37666,0.37666,1.9166,0.46354,0.43877,2.4767,0.3801,0.37679,0.3768,0.37666
0.37271,0.37271,0.37271,0.37271,1.0718,2.1273,0.43726,1.6149,0.37271,4.1426
0.68293,0.51802,0.50853,0.49279,0.49278,0.67704,0.48847,0.51101,2.8532,0.57346
0.37999,0.37999,0.83406,0.50842,1.5274,0.49703,0.37999,0.39643,0.48862,4.4048
0.49724,0.49724,0.49724,0.49724,1.5224,0.5192,0.50988,2.4111,3.5475,0.49724
0.46921,0.36887,0.37226,1.2775,1.4897,0.4394,0.36765,0.39764,0.36782,2.6448
0.41158,0.41158,0.41158,0.41158,0.41158,6.442,0.49579,0.48367,0.4116,4.4294
0.38663,0.38663,0.38663,0.38663,1.4007,0.38686,0.387,1.968,4.7103,0.38663
0.39168,0.39168,0.39168,0.39168,1.2836,0.42241,1.6926,0.48024,2.5225,2.1694
0.37015,0.37015,1.3584,0.42465,2.1512,0.5528,0.37015,0.39633,0.47923,0.37015
0.75209,0.57318,0.57926,2.0793,0.7302,0.65343,0.76076,0.61062,0.57127,0.57106
0.45875,0.45875,0.76202,0.46908,0.45994,1.5766,0.51322,2.2953,0.61633,2.8271
0.47674,0.47674,0.47674,1.4557,0.51824,0.49367,2.491,2.1109,0.47726,0.47674
0.48945,0.38601,0.37784,0.4017,1.4518,2.2139,0.51995,0.37712,0.37725,0.377
0.58093,0.9462,0.60204,2.1143,0.72166,1.2455,0.58093,0.58095,0.58144,0.58093
0.38409,0.38409,0.38409,1.2639,0.43394,0.38867,2.1681,0.38409,0.38419,7.8036
0.39315,0.39315,0.39315,0.39315,4.8227,0.39518,0.39315,0.48065,1.1331,3.8021
0.37425,0.37425,0.37425,0.37425,0.37425,1.4679,1.3803,4.5585,0.42809,0.37427
0.43741,0.39257,0.39644,0.39492,0.54619,0.39777,1.4104,0.40317,5.2431,0.39145
0.84465,0.41411,0.42053,0.501,0.41486,0.40836,0.40692,3.3959,0.4069,0.40699
0.29613,0.59283,0.31178,0.32761,0.29881,2.4804,0.29681,0.36005,0.3207,4.3216
0.48842,0.48842,0.48842,0.48842,0.48842,3.0385,0.48844,4.8899,0.74421,0.48842
0.37294,0.37294,0.37294,0.37294,1.2935,2.6833,0.45793,2.0086,0.37294,0.3731
0.45894,0.67393,0.4612,0.46268,0.48059,0.46458,0.45909,1.9256,3.6519,2.491
0.59561,0.49749,0.5396,1.5561,0.53731,0.49752,0.49594,2.9552,0.49651,0.4962
0.38693,0.38693,0.8561,0.38916,0.8327,0.38693,0.40519,3.997,0.46072,1.4232
0.50208,0.50208,0.50208,1.1554,0.50344,1.5809,0.53045,0.66294,1.4661,4.5016
0.49473,0.65354,0.49639,0.52474,0.49613,1.279,2.4941,0.86854,0.61791,0.64479
0.37942,0.37942,1.1799,0.40779,0.38291,0.38511,0.40828,1.6463,0.37943,7.8065
0.47409,0.47409,0.47409,0.47409,1.2631,1.3433,2.9872,0.52302,0.47416,3.1891
0.47104,0.38652,0.38212,0.38975,0.40908,0.38073,0.38089,1.9623,4.7052,0.38052
0.38423,0.38423,0.50851,0.39383,0.40565,0.76132,1.8195,0.38428,3.2133,1.1424
0.38016,0.38016,0.38016,1.0041,0.38148,0.40852,2.4945,0.38019,2.5932,1.3732
0.3899,0.3899,0.3899,0.97831,1.4203,0.42111,0.41657,0.3899,4.252,0.3899
0.57487,1.2167,0.58162,0.58603,0.63815,0.61168,0.57529,0.78893,2.6862,2.6131
0.47172,0.47172,0.47172,1.0418,0.48097,0.48349,1.5561,0.67088,2.4961,3.3662
0.50096,0.50096,0.50096,0.50096,0.50096,0.50096,3.9982,4.2684,0.55168,1.2095
0.38315,0.38315,0.38315,0.38315,1.4098,1.6636,2.9657,0.44704,0.38318,0.38321
0.3792,0.3792,1.9166,0.44353,0.38561,0.40467,0.45941,2.8405,0.37921,0.37928
0.47103,0.3791,0.38327,0.385,0.38239,1.9886,2.1332,0.41813,0.56323,0.37807
0.3892,0.3892,0.3892,0.3892,0.3892,0.3892,1.4593,1.9664,3.9919,2.3994
0.37587,0.37587,1.6502,0.73632,0.70315,0.53519,0.40081,0.39971,0.37596,2.6411
0.41163,0.41163,0.65909,0.43724,0.41291,1.125,2.2302,0.75164,0.52367,2.0568
0.38533,0.56201,0.38725,0.4155,0.38657,0.38736,2.0525,0.43239,2.3679,3.587
0.38601,0.38601,0.38601,0.89614,1.0622,0.46327,3.657,0.38606,0.38605,1.3452
0.47601,0.39507,0.39747,0.40149,0.39522,0.41791,1.4166,4.5706,0.45,0.39378
0.74097,0.47719,0.49943,0.49499,0.48731,0.52624,1.9044,0.50696,1.3051,0.47425
0.49341,0.49341,0.49341,1.5312,0.51011,0.49824,2.1118,0.71085,0.59548,4.4934
0.45744,0.45744,0.45744,0.45744,0.45744,3.4404,0.45745,1.6647,2.6794,0.45744
0.49109,0.49109,1.6102,0.51107,0.50405,0.52722,1.8678,0.55994,1.3223,0.49109
0.81131,0.66137,0.65939,0.82345,2.4747,0.67105,0.72553,0.72369,0.6584,3.3553
0.3935,0.3935,0.3935,0.3935,0.3935,0.3935,0.3935,6.0321,2.9137,3.3067
0.49927,0.36246,0.37297,0.38034,0.36305,1.211,3.7558,0.36019,0.36016,0.3604
0.38768,0.57925,0.39403,0.39441,0.41411,1.0414,0.38774,4.1438,0.38768,2.906
0.38008,0.38008,0.38008,1.4003,0.39625,0.43136,4.2268,0.38021,0.38022,3.5582
0.3921,0.3921,0.3921,0.96127,0.76488,0.3921,0.40737,3.4108,0.8747,1.4222
0.49373,0.49373,0.49373,0.49373,3.2217,0.51973,1.9866,0.5278,1.1693,0.49373
0.37985,0.37985,0.37985,0.37985,0.37985,0.37985,6.3143,0.43877,2.9553,0.37985
0.45323,0.45323,0.45323,0.45323,2.2394,2.6992,0.45332,0.53149,0.59947,2.9004
0.50457,0.75017,0.51041,0.55084,0.50685,0.56466,2.0132,1.1011,0.50458,4.5224
0.38389,0.38389,0.38389,0.79036,0.40673,1.0815,0.3839,3.2759,0.38389,4.3869
