0.011048,0.011048,0.015625,0.022097,0.03125,0.044194,0.062499,0.088387,0.125,0.17677,0.25,0.35355,0.5,0.7071,0.0044794
0.011049,0.011049,0.015625,0.022097,0.03125,0.044194,0.0625,0.088388,0.125,0.17678,0.25,0.35355,0.5,0.70711,1.7092e-05
0.011049,0.011049,0.015625,0.022097,0.03125,0.044194,0.0625,0.088388,0.125,0.17678,0.25,0.35355,0.5,0.70711,0
0.011049,0.011049,0.015625,0.022097,0.03125,0.044194,0.0625,0.088388,0.125,0.17678,0.25,0.35355,0.5,0.70711,0
0.011049,0.011049,0.015625,0.022097,0.03125,0.044194,0.0625,0.088388,0.125,0.17678,0.25,0.35355,0.5,0.70711,0
2.0532e-08,2.0532e-08,2.9037e-08,4.1065e-08,5.8074e-08,8.213e-08,1.1615e-07,1.6426e-07,2.323e-07,3.2852e-07,4.646e-07,6.5704e-07,9.2919e-07,1.3141e-06,1
0.011049,0.011049,0.015625,0.022097,0.03125,0.044194,0.0625,0.088388,0.125,0.17678,0.25,0.35355,0.5,0.70711,0
6.7653e-19,6.7653e-19,9.5676e-19,1.3531e-18,1.9135e-18,2.7061e-18,3.827e-18,5.4122e-18,7.6541e-18,1.0824e-17,1.5308e-17,2.1649e-17,3.0616e-17,4.3298e-17,1
0.0028488,0.0028488,0.0040288,0.0056975,0.0080575,0.011395,0.016115,0.02279,0.03223,0.04558,0.06446,0.091161,0.12892,0.18232,0.96619
0.0012141,0.0012141,0.0017171,0.0024283,0.0034341,0.0048566,0.0068682,0.0097132,0.013736,0.019426,0.027473,0.038853,0.054946,0.077705,0.99395
0.0059884,0.0059884,0.0084688,0.011977,0.016938,0.023954,0.033875,0.047907,0.067751,0.095814,0.1355,0.19163,0.271,0.38326,0.84038
0.0041015,0.0041015,0.0058004,0.008203,0.011601,0.016406,0.023202,0.032812,0.046403,0.065624,0.092806,0.13125,0.18561,0.2625,0.92855
0.0019411,0.0019411,0.0027451,0.0038822,0.0054903,0.0077644,0.010981,0.015529,0.021961,0.031058,0.043922,0.062115,0.087844,0.12423,0.98445
0.0088656,0.0088656,0.012538,0.017731,0.025076,0.035462,0.050151,0.070925,0.1003,0.14185,0.20061,0.2837,0.40121,0.5674,0.59676
0.00059529,0.00059529,0.00084187,0.0011906,0.0016837,0.0023812,0.0033675,0.0047623,0.0067349,0.0095246,0.01347,0.019049,0.02694,0.038099,0.99855
0.00029369,0.00029369,0.00041534,0.00058738,0.00083068,0.0011748,0.0016614,0.0023495,0.0033227,0.004699,0.0066454,0.009398,0.013291,0.018796,0.99965
0.0034187,0.0034187,0.0048347,0.0068374,0.0096695,0.013675,0.019339,0.027349,0.038678,0.054699,0.077356,0.1094,0.15471,0.2188,0.95094
0.0073034,0.0073034,0.010329,0.014607,0.020657,0.029214,0.041314,0.058427,0.082629,0.11685,0.16526,0.23371,0.33051,0.46742,0.75038
0.0049392,0.0049392,0.006985,0.0098783,0.01397,0.019757,0.02794,0.039513,0.05588,0.079026,0.11176,0.15805,0.22352,0.31611,0.89452
0.0023647,0.0023647,0.0033442,0.0047294,0.0066884,0.0094588,0.013377,0.018918,0.026754,0.037835,0.053507,0.075671,0.10701,0.15134,0.97684
0.010368,0.010368,0.014662,0.020735,0.029324,0.041471,0.058648,0.082941,0.1173,0.16588,0.23459,0.33177,0.46919,0.66353,0.34562
0.0015554,0.0015554,0.0021996,0.0031107,0.0043993,0.0062215,0.0087985,0.012443,0.017597,0.024886,0.035194,0.049772,0.070388,0.099544,0.99005
0.00089051,0.00089051,0.0012594,0.001781,0.0025187,0.003562,0.0050375,0.0071241,0.010075,0.014248,0.02015,0.028496,0.0403,0.056992,0.99675
0.0017452,0.0017452,0.0024682,0.0034905,0.0049363,0.006981,0.0098726,0.013962,0.019745,0.027924,0.03949,0.055848,0.078981,0.1117,0.98745
0.0080635,0.0080635,0.011403,0.016127,0.022807,0.032254,0.045614,0.064508,0.091228,0.12902,0.18246,0.25803,0.36491,0.51606,0.68366
0.0037443,0.0037443,0.0052953,0.0074887,0.010591,0.014977,0.021181,0.029955,0.042362,0.059909,0.084725,0.11982,0.16945,0.23964,0.94083
0.0031232,0.0031232,0.0044169,0.0062464,0.0088337,0.012493,0.017667,0.024986,0.035335,0.049971,0.07067,0.099942,0.14134,0.19988,0.95924
0.0066128,0.0066128,0.0093519,0.013226,0.018704,0.026451,0.037408,0.052902,0.074815,0.1058,0.14963,0.21161,0.29926,0.42322,0.80112
0.0044965,0.0044965,0.006359,0.008993,0.012718,0.017986,0.025436,0.035972,0.050872,0.071944,0.10174,0.14389,0.20349,0.28778,0.91344
0.0054359,0.0054359,0.0076875,0.010872,0.015375,0.021744,0.03075,0.043487,0.0615,0.086974,0.123,0.17395,0.246,0.3479,0.8706
0.0096596,0.0096596,0.013661,0.019319,0.027321,0.038638,0.054643,0.077276,0.10929,0.15455,0.21857,0.30911,0.43714,0.61821,0.48544
0.002147,0.002147,0.0030363,0.004294,0.0060726,0.0085879,0.012145,0.017176,0.02429,0.034352,0.048581,0.068703,0.097161,0.13741,0.98095
0.0025996,0.0025996,0.0036764,0.0051993,0.0073529,0.010399,0.014706,0.020797,0.029411,0.041594,0.058823,0.083188,0.11765,0.16638,0.97193
0.0010534,0.0010534,0.0014897,0.0021067,0.0029794,0.0042134,0.0059587,0.0084269,0.011917,0.016854,0.023835,0.033707,0.04767,0.067415,0.99545
0.0013825,0.0013825,0.0019552,0.002765,0.0039103,0.0055301,0.0078207,0.01106,0.015641,0.02212,0.031283,0.04424,0.062565,0.088481,0.99214
0.010857,0.010857,0.015354,0.021714,0.030708,0.043427,0.061415,0.086854,0.12283,0.17371,0.24566,0.34742,0.49132,0.69483,0.18554
0.00074165,0.00074165,0.0010489,0.0014833,0.0020977,0.0029666,0.0041954,0.0059332,0.0083908,0.011866,0.016782,0.023733,0.033563,0.047466,0.99775
0.00045612,0.00045612,0.00064506,0.00091225,0.0012901,0.0018245,0.0025802,0.003649,0.0051605,0.007298,0.010321,0.014596,0.020642,0.029192,0.99915
0.00011308,0.00011308,0.00015992,0.00022617,0.00031985,0.00045233,0.00063969,0.00090466,0.0012794,0.0018093,0.0025588,0.0036187,0.0051176,0.0072373,0.99995
0.00019183,0.00019183,0.00027129,0.00038366,0.00054257,0.00076732,0.0010851,0.0015346,0.0021703,0.0030693,0.0043406,0.0061385,0.0086812,0.012277,0.99985
0.0003679,0.0003679,0.00052028,0.00073579,0.0010406,0.0014716,0.0020811,0.0029432,0.0041623,0.0058863,0.0083246,0.011773,0.016649,0.023545,0.99945
0.0062918,0.0062918,0.0088979,0.012584,0.017796,0.025167,0.035592,0.050334,0.071183,0.10067,0.14237,0.20134,0.28473,0.40267,0.82204
0.0035773,0.0035773,0.0050591,0.0071547,0.010118,0.014309,0.020236,0.028619,0.040473,0.057237,0.080946,0.11447,0.16189,0.22895,0.94614
0.0029842,0.0029842,0.0042203,0.0059683,0.0084405,0.011937,0.016881,0.023873,0.033762,0.047747,0.067524,0.095493,0.13505,0.19099,0.96284
0.00096945,0.00096945,0.001371,0.0019389,0.002742,0.0038778,0.005484,0.0077556,0.010968,0.015511,0.021936,0.031022,0.043872,0.062045,0.99615
0.0076751,0.0076751,0.010854,0.01535,0.021709,0.0307,0.043417,0.061401,0.086834,0.1228,0.17367,0.2456,0.34734,0.49121,0.71934
0.0084606,0.0084606,0.011965,0.016921,0.02393,0.033843,0.047861,0.067685,0.095721,0.13537,0.19144,0.27074,0.38289,0.54148,0.64313
0.0051822,0.0051822,0.0073288,0.010364,0.014658,0.020729,0.029315,0.041458,0.05863,0.082916,0.11726,0.16583,0.23452,0.33166,0.88318
0.002479,0.002479,0.0035059,0.0049581,0.0070117,0.0099161,0.014023,0.019832,0.028047,0.039664,0.056094,0.079329,0.11219,0.15866,0.97451
0.0042942,0.0042942,0.006073,0.0085885,0.012146,0.017177,0.024292,0.034354,0.048584,0.068708,0.097167,0.13742,0.19433,0.27483,0.92138
0.0047135,0.0047135,0.0066659,0.0094269,0.013332,0.018854,0.026663,0.037708,0.053327,0.075416,0.10665,0.15083,0.21331,0.30166,0.90444
0.0069505,0.0069505,0.0098295,0.013901,0.019659,0.027802,0.039318,0.055604,0.078636,0.11121,0.15727,0.22242,0.31454,0.44483,0.77734
0.0057048,0.0057048,0.0080678,0.01141,0.016136,0.022819,0.032271,0.045638,0.064542,0.091276,0.12908,0.18255,0.25817,0.36511,0.8564
0.0092685,0.0092685,0.013108,0.018537,0.026215,0.037074,0.05243,0.074148,0.10486,0.1483,0.20972,0.29659,0.41944,0.59318,0.54431
0.0016524,0.0016524,0.0023369,0.0033048,0.0046737,0.0066096,0.0093474,0.013219,0.018695,0.026438,0.03739,0.052877,0.074779,0.10575,0.98876
0.0032664,0.0032664,0.0046194,0.0065328,0.0092388,0.013066,0.018478,0.026131,0.036955,0.052263,0.073911,0.10453,0.14782,0.20905,0.9553
0.010037,0.010037,0.014195,0.020074,0.028389,0.040149,0.056779,0.080297,0.11356,0.16059,0.22712,0.32119,0.45423,0.64238,0.41798
0.0018395,0.0018395,0.0026015,0.0036791,0.005203,0.0073581,0.010406,0.014716,0.020812,0.029433,0.041624,0.058865,0.083248,0.11773,0.98605
0.0039216,0.0039216,0.005546,0.0078432,0.011092,0.015686,0.022184,0.031373,0.044368,0.062746,0.088736,0.12549,0.17747,0.25098,0.9349
0.0027234,0.0027234,0.0038515,0.0054468,0.007703,0.010894,0.015406,0.021787,0.030812,0.043575,0.061624,0.087149,0.12325,0.1743,0.96915
0.0014676,0.0014676,0.0020754,0.0029351,0.0041509,0.0058702,0.0083018,0.01174,0.016604,0.023481,0.033207,0.046962,0.066414,0.093924,0.99114
0.0020388,0.0020388,0.0028833,0.0040776,0.0057666,0.0081552,0.011533,0.01631,0.023066,0.032621,0.046133,0.065242,0.092266,0.13048,0.98283
0.0022506,0.0022506,0.0031828,0.0045012,0.0063656,0.0090023,0.012731,0.018005,0.025462,0.036009,0.050925,0.072018,0.10185,0.14404,0.97904
0.0011311,0.0011311,0.0015996,0.0022622,0.0031993,0.0045245,0.0063986,0.0090489,0.012797,0.018098,0.025594,0.036196,0.051188,0.072391,0.99475
0.011003,0.011003,0.01556,0.022005,0.03112,0.044011,0.062241,0.088022,0.12448,0.17604,0.24896,0.35209,0.49793,0.70418,0.090996
0.010652,0.010652,0.015064,0.021304,0.030128,0.042607,0.060256,0.085215,0.12051,0.17043,0.24102,0.34086,0.48205,0.68172,0.26564
0.0013019,0.0013019,0.0018412,0.0026039,0.0036824,0.0052078,0.0073649,0.010416,0.01473,0.020831,0.02946,0.041662,0.058919,0.083324,0.99304
0.00081975,0.00081975,0.0011593,0.0016395,0.0023186,0.003279,0.0046372,0.006558,0.0092744,0.013116,0.018549,0.026232,0.037098,0.052464,0.99725
0.00067252,0.00067252,0.00095108,0.001345,0.0019022,0.0026901,0.0038043,0.0053801,0.0076087,0.01076,0.015217,0.021521,0.030435,0.043041,0.99815
0.00053031,0.00053031,0.00074997,0.0010606,0.0014999,0.0021212,0.0029999,0.0042425,0.0059998,0.008485,0.012,0.01697,0.023999,0.03394,0.99885
0.00024887,0.00024887,0.00035195,0.00049773,0.0007039,0.00099547,0.0014078,0.0019909,0.0028156,0.0039819,0.0056312,0.0079637,0.011262,0.015927,0.99975
0.0023076,0.0023076,0.0032635,0.0046152,0.0065269,0.0092305,0.013054,0.018461,0.026108,0.036922,0.052216,0.073844,0.10443,0.14769,0.97795
0.010945,0.010945,0.015479,0.02189,0.030957,0.04378,0.061914,0.08756,0.12383,0.17512,0.24766,0.35024,0.49531,0.70048,0.1368
0.0029162,0.0029162,0.0041242,0.0058325,0.0082484,0.011665,0.016497,0.02333,0.032993,0.04666,0.065987,0.09332,0.13197,0.18664,0.96454
0.0098505,0.0098505,0.013931,0.019701,0.027861,0.039402,0.055723,0.078804,0.11145,0.15761,0.22289,0.31522,0.44578,0.63043,0.4529
0.0038326,0.0038326,0.0054201,0.0076652,0.01084,0.01533,0.021681,0.030661,0.043361,0.061322,0.086722,0.12264,0.17344,0.24529,0.93791
0.0050596,0.0050596,0.0071553,0.010119,0.014311,0.020238,0.028621,0.040477,0.057242,0.080953,0.11448,0.16191,0.22897,0.32381,0.88899
0.0020909,0.0020909,0.0029569,0.0041817,0.0059138,0.0083634,0.011828,0.016727,0.023655,0.033454,0.047311,0.066908,0.094622,0.13382,0.98193
0.0036598,0.0036598,0.0051757,0.0073195,0.010351,0.014639,0.020703,0.029278,0.041406,0.058556,0.082811,0.11711,0.16562,0.23423,0.94355
0.0061379,0.0061379,0.0086803,0.012276,0.017361,0.024552,0.034721,0.049103,0.069442,0.098206,0.13888,0.19641,0.27777,0.39282,0.8315
0.0078671,0.0078671,0.011126,0.015734,0.022252,0.031469,0.044503,0.062937,0.089007,0.12587,0.17801,0.25175,0.35603,0.5035,0.70213
0.0086627,0.0086627,0.012251,0.017325,0.024502,0.034651,0.049003,0.069301,0.098007,0.1386,0.19601,0.2772,0.39203,0.55441,0.6207
0.0025396,0.0025396,0.0035916,0.0050793,0.0071832,0.010159,0.014366,0.020317,0.028733,0.040634,0.057465,0.081268,0.11493,0.16254,0.97323
0.0067788,0.0067788,0.0095867,0.013558,0.019173,0.027115,0.038347,0.05423,0.076693,0.10846,0.15339,0.21692,0.30677,0.43384,0.78966
0.0064511,0.0064511,0.0091233,0.012902,0.018247,0.025804,0.036493,0.051609,0.072986,0.10322,0.14597,0.20644,0.29194,0.41287,0.81184
0.0090671,0.0090671,0.012823,0.018134,0.025646,0.036268,0.051291,0.072537,0.10258,0.14507,0.20516,0.29015,0.41033,0.58029,0.57143
0.010518,0.010518,0.014875,0.021037,0.02975,0.042073,0.059501,0.084146,0.119,0.16829,0.238,0.33659,0.476,0.67317,0.30609
0.0046018,0.0046018,0.0065079,0.0092036,0.013016,0.018407,0.026032,0.036814,0.052063,0.073628,0.10413,0.14726,0.20825,0.29451,0.90914
0.0055678,0.0055678,0.0078741,0.011136,0.015748,0.022271,0.031496,0.044543,0.062993,0.089085,0.12599,0.17817,0.25197,0.35634,0.86374
0.0058445,0.0058445,0.0082654,0.011689,0.016531,0.023378,0.033062,0.046756,0.066123,0.093512,0.13225,0.18702,0.26449,0.37405,0.84864
0.0071251,0.0071251,0.010076,0.01425,0.020153,0.0285,0.040305,0.057001,0.080611,0.114,0.16122,0.228,0.32244,0.456,0.76429
0.0074888,0.0074888,0.010591,0.014978,0.021182,0.029955,0.042363,0.059911,0.084726,0.11982,0.16945,0.23964,0.33891,0.47928,0.73525
0.0033429,0.0033429,0.0047275,0.0066857,0.009455,0.013371,0.01891,0.026743,0.03782,0.053486,0.07564,0.10697,0.15128,0.21394,0.95315
0.0043936,0.0043936,0.0062135,0.0087872,0.012427,0.017574,0.024854,0.035149,0.049708,0.070297,0.099415,0.14059,0.19883,0.28119,0.91754
0.0053082,0.0053082,0.0075069,0.010616,0.015014,0.021233,0.030028,0.042466,0.060056,0.084931,0.12011,0.16986,0.24022,0.33973,0.87703
0.0094667,0.0094667,0.013388,0.018933,0.026776,0.037867,0.053552,0.075734,0.1071,0.15147,0.21421,0.30294,0.42841,0.60587,0.51561
0.0082589,0.0082589,0.01168,0.016518,0.02336,0.033036,0.046719,0.066071,0.093439,0.13214,0.18688,0.26428,0.37375,0.52857,0.66426
0.0011731,0.0011731,0.0016591,0.0023463,0.0033181,0.0046926,0.0066363,0.0093851,0.013273,0.01877,0.026545,0.03754,0.05309,0.075081,0.99435
0.0048259,0.0048259,0.0068248,0.0096517,0.01365,0.019303,0.027299,0.038607,0.054598,0.077214,0.1092,0.15443,0.21839,0.30886,0.89957
0.00093048,0.00093048,0.0013159,0.001861,0.0026318,0.0037219,0.0052636,0.0074439,0.010527,0.014888,0.021054,0.029775,0.042109,0.059551,0.99645
0.00033189,0.00033189,0.00046936,0.00066378,0.00093873,0.0013276,0.0018775,0.0026551,0.0037549,0.0053102,0.0075098,0.01062,0.01502,0.021241,0.99955
0.010209,0.010209,0.014438,0.020418,0.028876,0.040836,0.057751,0.081673,0.1155,0.16335,0.231,0.32669,0.46201,0.65338,0.38235
0.0041987,0.0041987,0.0059378,0.0083973,0.011876,0.016795,0.023751,0.033589,0.047502,0.067179,0.095005,0.13436,0.19001,0.26871,0.92499
0.00401,0.00401,0.005671,0.0080199,0.011342,0.01604,0.022684,0.03208,0.045368,0.064159,0.090735,0.12832,0.18147,0.25664,0.93182
0.0030512,0.0030512,0.004315,0.0061024,0.0086301,0.012205,0.01726,0.02441,0.03452,0.048819,0.069041,0.097638,0.13808,0.19528,0.96112
0.0034993,0.0034993,0.0049488,0.0069987,0.0098976,0.013997,0.019795,0.027995,0.03959,0.055989,0.079181,0.11198,0.15836,0.22396,0.94852
0.0027859,0.0027859,0.0039398,0.0055718,0.0078797,0.011144,0.015759,0.022287,0.031519,0.044574,0.063037,0.089148,0.12607,0.1783,0.96769
0.0015107,0.0015107,0.0021364,0.0030213,0.0042728,0.0060426,0.0085455,0.012085,0.017091,0.02417,0.034182,0.048341,0.068364,0.096682,0.99061
0.0024198,0.0024198,0.0034221,0.0048396,0.0068442,0.0096792,0.013688,0.019358,0.027377,0.038717,0.054754,0.077434,0.10951,0.15487,0.97573
0.0026632,0.0026632,0.0037663,0.0053264,0.0075326,0.010653,0.015065,0.021305,0.030131,0.042611,0.060261,0.085222,0.12052,0.17044,0.97052
0.0014254,0.0014254,0.0020159,0.0028509,0.0040318,0.0057018,0.0080635,0.011404,0.016127,0.022807,0.032254,0.045614,0.064508,0.091228,0.99165
0.0017909,0.0017909,0.0025327,0.0035817,0.0050653,0.0071634,0.010131,0.014327,0.020261,0.028654,0.040523,0.057308,0.081045,0.11462,0.98678
0.0019892,0.0019892,0.0028132,0.0039785,0.0056264,0.007957,0.011253,0.015914,0.022506,0.031828,0.045011,0.063656,0.090023,0.12731,0.98366
0.00063636,0.00063636,0.00089995,0.0012727,0.0017999,0.0025454,0.0035998,0.0050909,0.0071996,0.010182,0.014399,0.020363,0.028798,0.040727,0.99834
0.0016968,0.0016968,0.0023996,0.0033936,0.0047993,0.0067872,0.0095985,0.013574,0.019197,0.027149,0.038394,0.054297,0.076788,0.10859,0.98814
0.0021977,0.0021977,0.003108,0.0043954,0.006216,0.0087907,0.012432,0.017581,0.024864,0.035163,0.049728,0.070326,0.099456,0.14065,0.98002
0.0012538,0.0012538,0.0017732,0.0025077,0.0035464,0.0050154,0.0070928,0.010031,0.014186,0.020062,0.028371,0.040123,0.056743,0.080246,0.99355
0.0031972,0.0031972,0.0045215,0.0063944,0.009043,0.012789,0.018086,0.025577,0.036172,0.051155,0.072344,0.10231,0.14469,0.20462,0.95722
0.0018857,0.0018857,0.0026667,0.0037713,0.0053335,0.0075427,0.010667,0.015085,0.021334,0.030171,0.042668,0.060341,0.085336,0.12068,0.98533
0.0016092,0.0016092,0.0022758,0.0032185,0.0045516,0.0064369,0.0091032,0.012874,0.018206,0.025748,0.036413,0.051495,0.072825,0.10299,0.98934
0.0010062,0.0010062,0.001423,0.0020124,0.002846,0.0040248,0.0056919,0.0080496,0.011384,0.016099,0.022768,0.032198,0.045535,0.064396,0.99585
0.011037,0.011037,0.015609,0.022075,0.031218,0.04415,0.062437,0.088299,0.12487,0.1766,0.24975,0.3532,0.4995,0.70639,0.045027
0.01077,0.01077,0.01523,0.021539,0.030461,0.043078,0.060922,0.086156,0.12184,0.17231,0.24369,0.34462,0.48737,0.68925,0.22334
0.00070824,0.00070824,0.0010016,0.0014165,0.0020032,0.002833,0.0040064,0.005666,0.0080129,0.011332,0.016026,0.022664,0.032052,0.045328,0.99795
0.00039984,0.00039984,0.00056546,0.00079968,0.0011309,0.0015994,0.0022618,0.0031987,0.0045237,0.0063975,0.0090474,0.012795,0.018095,0.02559,0.99935
0.0010881,0.0010881,0.0015389,0.0021763,0.0030777,0.0043526,0.0061555,0.0087052,0.012311,0.01741,0.024622,0.034821,0.049244,0.069641,0.99515
0.00077401,0.00077401,0.0010946,0.001548,0.0021892,0.003096,0.0043784,0.0061921,0.0087569,0.012384,0.017514,0.024768,0.035028,0.049536,0.99755
0.0013378,0.0013378,0.001892,0.0026757,0.003784,0.0053514,0.007568,0.010703,0.015136,0.021405,0.030272,0.042811,0.060544,0.085622,0.99264
0.00042865,0.00042865,0.00060621,0.00085731,0.0012124,0.0017146,0.0024248,0.0034292,0.0048497,0.0068585,0.0096993,0.013717,0.019399,0.027434,0.99925
0.00084826,0.00084826,0.0011996,0.0016965,0.0023992,0.003393,0.0047985,0.0067861,0.0095969,0.013572,0.019194,0.027144,0.038388,0.054289,0.99705
0.000482,0.000482,0.00068165,0.000964,0.0013633,0.001928,0.0027266,0.003856,0.0054532,0.007712,0.010906,0.015424,0.021813,0.030848,0.99905
0.00050662,0.00050662,0.00071647,0.0010132,0.0014329,0.0020265,0.0028659,0.004053,0.0057318,0.008106,0.011464,0.016212,0.022927,0.032424,0.99895
0.00055284,0.00055284,0.00078183,0.0011057,0.0015637,0.0022113,0.0031273,0.0044227,0.0062546,0.0088454,0.012509,0.017691,0.025019,0.035382,0.99875
0.00103,0.00103,0.0014566,0.0020599,0.0029131,0.0041198,0.0058263,0.0082396,0.011653,0.016479,0.023305,0.032959,0.04661,0.065917,0.99565
0.0019137,0.0019137,0.0027064,0.0038274,0.0054127,0.0076547,0.010825,0.015309,0.021651,0.030619,0.043302,0.061238,0.086603,0.12248,0.98489
0.00057485,0.00057485,0.00081296,0.0011497,0.0016259,0.0022994,0.0032518,0.0045988,0.0065037,0.0091976,0.013007,0.018395,0.026015,0.03679,0.99865
0.010903,0.010903,0.015419,0.021806,0.030838,0.043612,0.061677,0.087224,0.12335,0.17445,0.24671,0.3489,0.49341,0.69779,0.16186
0.0006154,0.0006154,0.0008703,0.0012308,0.0017406,0.0024616,0.0034812,0.0049232,0.0069624,0.0098464,0.013925,0.019693,0.02785,0.039385,0.99845
0.0021187,0.0021187,0.0029963,0.0042374,0.0059926,0.0084748,0.011985,0.01695,0.02397,0.033899,0.047941,0.067799,0.095882,0.1356,0.98145
0.0011096,0.0011096,0.0015693,0.0022193,0.0031385,0.0044386,0.0062771,0.0088772,0.012554,0.017754,0.025108,0.035509,0.050217,0.071017,0.99495
0.0015789,0.0015789,0.0022329,0.0031578,0.0044658,0.0063156,0.0089316,0.012631,0.017863,0.025262,0.035726,0.050525,0.071453,0.10105,0.98975
0.0046573,0.0046573,0.0065864,0.0093146,0.013173,0.018629,0.026346,0.037258,0.052691,0.074517,0.10538,0.14903,0.21077,0.29807,0.90682
0.0017208,0.0017208,0.0024335,0.0034415,0.004867,0.006883,0.009734,0.013766,0.019468,0.027532,0.038936,0.055064,0.077872,0.11013,0.9878
0.0099454,0.0099454,0.014065,0.019891,0.02813,0.039782,0.05626,0.079563,0.11252,0.15913,0.22504,0.31825,0.45008,0.6365,0.43558
0.0034592,0.0034592,0.004892,0.0069184,0.0097841,0.013837,0.019568,0.027674,0.039136,0.055347,0.078272,0.11069,0.15654,0.22139,0.94973
0.0033043,0.0033043,0.004673,0.0066086,0.0093459,0.013217,0.018692,0.026434,0.037384,0.052869,0.074767,0.10574,0.14953,0.21147,0.95424
0.0011523,0.0011523,0.0016296,0.0023047,0.0032593,0.0046093,0.0065186,0.0092187,0.013037,0.018437,0.026074,0.036875,0.052149,0.073749,0.99455
0.0079647,0.0079647,0.011264,0.015929,0.022528,0.031859,0.045055,0.063718,0.09011,0.12743,0.18022,0.25487,0.36044,0.50974,0.69307
0.0036183,0.0036183,0.005117,0.0072365,0.010234,0.014473,0.020468,0.028946,0.040936,0.057892,0.081872,0.11578,0.16374,0.23157,0.94486
0.0097552,0.0097552,0.013796,0.01951,0.027592,0.039021,0.055183,0.078041,0.11037,0.15608,0.22073,0.31216,0.44147,0.62433,0.4695
0.0056358,0.0056358,0.0079702,0.011272,0.01594,0.022543,0.031881,0.045087,0.063762,0.090173,0.12752,0.18035,0.25505,0.36069,0.86012
0.010445,0.010445,0.014772,0.020891,0.029544,0.041782,0.059088,0.083564,0.11818,0.16713,0.23635,0.33425,0.47271,0.66851,0.32587
0.0073964,0.0073964,0.01046,0.014793,0.02092,0.029586,0.04184,0.059171,0.083681,0.11834,0.16736,0.23669,0.33472,0.47337,0.74288
0.0060629,0.0060629,0.0085743,0.012126,0.017149,0.024252,0.034297,0.048503,0.068594,0.097007,0.13719,0.19401,0.27438,0.38803,0.83599
0.0062146,0.0062146,0.0087888,0.012429,0.017578,0.024858,0.035155,0.049717,0.07031,0.099434,0.14062,0.19887,0.28124,0.39774,0.82682
0.0068635,0.0068635,0.0097065,0.013727,0.019413,0.027454,0.038826,0.054908,0.077652,0.10982,0.1553,0.21963,0.31061,0.43926,0.78364
0.0083606,0.0083606,0.011824,0.016721,0.023647,0.033443,0.047295,0.066885,0.09459,0.13377,0.18918,0.26754,0.37836,0.53508,0.65375
0.00777,0.00777,0.010988,0.01554,0.021977,0.03108,0.043954,0.06216,0.087907,0.12432,0.17581,0.24864,0.35163,0.49728,0.71095
0.003088,0.003088,0.0043671,0.0061761,0.0087343,0.012352,0.017469,0.024704,0.034937,0.049408,0.069874,0.098817,0.13975,0.19763,0.96015
0.010976,0.010976,0.015522,0.021952,0.031045,0.043904,0.06209,0.087808,0.12418,0.17562,0.24836,0.35123,0.49672,0.70247,0.11445
0.010712,0.010712,0.015149,0.021424,0.030299,0.042849,0.060597,0.085697,0.12119,0.17139,0.24239,0.34279,0.48478,0.68558,0.24489
0.0045488,0.0045488,0.006433,0.0090976,0.012866,0.018195,0.025732,0.03639,0.051464,0.072781,0.10293,0.14556,0.20586,0.29112,0.91132
0.004151,0.004151,0.0058704,0.0083019,0.011741,0.016604,0.023481,0.033208,0.046963,0.066416,0.093926,0.13283,0.18785,0.26566,0.92674
0.0024484,0.0024484,0.0034626,0.0048969,0.0069252,0.0097937,0.01385,0.019587,0.027701,0.039175,0.055402,0.07835,0.1108,0.1567,0.97514
0.0037896,0.0037896,0.0053593,0.0075792,0.010719,0.015158,0.021437,0.030317,0.042875,0.060634,0.085749,0.12127,0.1715,0.24254,0.93934
0.0085605,0.0085605,0.012106,0.017121,0.024213,0.034242,0.048426,0.068484,0.096851,0.13697,0.1937,0.27394,0.3874,0.54787,0.6322
0.0087631,0.0087631,0.012393,0.017526,0.024786,0.035052,0.049572,0.070105,0.099143,0.14021,0.19829,0.28042,0.39657,0.56084,0.60904
0.0065319,0.0065319,0.0092375,0.013064,0.018475,0.026128,0.03695,0.052255,0.0739,0.10451,0.1478,0.20902,0.2956,0.41804,0.80653
0.008966,0.008966,0.01268,0.017932,0.02536,0.035864,0.050719,0.071728,0.10144,0.14346,0.20288,0.28691,0.40575,0.57382,0.58435
0.0031615,0.0031615,0.0044711,0.006323,0.0089421,0.012646,0.017884,0.025292,0.035769,0.050584,0.071537,0.10117,0.14307,0.20234,0.95819
0.0072133,0.0072133,0.010201,0.014427,0.020402,0.028853,0.040805,0.057707,0.08161,0.11541,0.16322,0.23083,0.32644,0.46165,0.75747
0.0020643,0.0020643,0.0029194,0.0041286,0.0058388,0.0082572,0.011678,0.016514,0.023355,0.033029,0.04671,0.066058,0.09342,0.13212,0.9824
0.0095636,0.0095636,0.013525,0.019127,0.02705,0.038254,0.0541,0.076509,0.1082,0.15302,0.2164,0.30604,0.4328,0.61207,0.50075
0.0047702,0.0047702,0.0067461,0.0095404,0.013492,0.019081,0.026984,0.038162,0.053969,0.076323,0.10794,0.15265,0.21587,0.30529,0.902
0.0093689,0.0093689,0.01325,0.018738,0.026499,0.037476,0.052999,0.074951,0.106,0.1499,0.21199,0.29981,0.42399,0.59961,0.53004
0.0028835,0.0028835,0.0040779,0.005767,0.0081558,0.011534,0.016312,0.023068,0.032623,0.046136,0.065246,0.092272,0.13049,0.18454,0.96535
0.0075809,0.0075809,0.010721,0.015162,0.021442,0.030324,0.042884,0.060647,0.085768,0.12129,0.17154,0.24259,0.34307,0.48518,0.72747
0.0052436,0.0052436,0.0074155,0.010487,0.014831,0.020974,0.029662,0.041949,0.059324,0.083897,0.11865,0.16779,0.2373,0.33559,0.88022
0.0059153,0.0059153,0.0083654,0.011831,0.016731,0.023661,0.033462,0.047322,0.066924,0.094644,0.13385,0.18929,0.26769,0.37858,0.84461
0.011023,0.011023,0.015589,0.022047,0.031179,0.044093,0.062358,0.088187,0.12472,0.17637,0.24943,0.35275,0.49886,0.7055,0.06753
0.0049969,0.0049969,0.0070666,0.0099937,0.014133,0.019987,0.028267,0.039975,0.056533,0.07995,0.11307,0.1599,0.22613,0.3198,0.89189
0.003878,0.003878,0.0054843,0.0077559,0.010969,0.015512,0.021937,0.031024,0.043874,0.062047,0.087748,0.12409,0.1755,0.24819,0.93638
0.00816,0.00816,0.01154,0.01632,0.02308,0.03264,0.04616,0.06528,0.09232,0.13056,0.18464,0.26112,0.36928,0.52224,0.6742
0.0044457,0.0044457,0.0062872,0.0088914,0.012574,0.017783,0.025149,0.035566,0.050297,0.071131,0.10059,0.14226,0.20119,0.28453,0.91548
0.0063734,0.0063734,0.0090134,0.012747,0.018027,0.025494,0.036054,0.050987,0.072107,0.10197,0.14421,0.20395,0.28843,0.4079,0.81686
0.0070358,0.0070358,0.0099501,0.014072,0.0199,0.028143,0.0398,0.056286,0.079601,0.11257,0.1592,0.22515,0.3184,0.45029,0.77104
0.0025077,0.0025077,0.0035465,0.0050155,0.007093,0.010031,0.014186,0.020062,0.028372,0.040124,0.056744,0.080248,0.11349,0.1605,0.97391
0.0037006,0.0037006,0.0052334,0.0074011,0.010467,0.014802,0.020934,0.029604,0.041867,0.059209,0.083734,0.11842,0.16747,0.23684,0.94225
0.01029,0.01029,0.014552,0.020579,0.029104,0.041159,0.058208,0.082318,0.11642,0.16464,0.23283,0.32927,0.46566,0.65854,0.36423
0.0011939,0.0011939,0.0016884,0.0023877,0.0033767,0.0047754,0.0067534,0.0095508,0.013507,0.019102,0.027014,0.038203,0.054028,0.076407,0.99415
0.0057754,0.0057754,0.0081677,0.011551,0.016335,0.023102,0.032671,0.046203,0.065341,0.092406,0.13068,0.18481,0.26136,0.36963,0.8525
0.0053707,0.0053707,0.0075953,0.010741,0.015191,0.021483,0.030381,0.042966,0.060762,0.085931,0.12152,0.17186,0.24305,0.34372,0.87391
0.0066934,0.0066934,0.0094659,0.013387,0.018932,0.026774,0.037864,0.053547,0.075727,0.10709,0.15145,0.21419,0.30291,0.42838,0.79561
0.010586,0.010586,0.01497,0.021171,0.029941,0.042342,0.059881,0.084685,0.11976,0.16937,0.23952,0.33874,0.47905,0.67748,0.28646
0.0039654,0.0039654,0.005608,0.0079308,0.011216,0.015862,0.022432,0.031723,0.044864,0.063447,0.089727,0.12689,0.17945,0.25379,0.93338
0.0055028,0.0055028,0.0077821,0.011006,0.015564,0.022011,0.031128,0.044022,0.062257,0.088044,0.12451,0.17609,0.24903,0.35218,0.86715
0.0091713,0.0091713,0.01297,0.018343,0.02594,0.036685,0.051881,0.07337,0.10376,0.14674,0.20752,0.29348,0.41505,0.58696,0.55764
0.0051229,0.0051229,0.0072449,0.010246,0.01449,0.020492,0.02898,0.040983,0.057959,0.081967,0.11592,0.16393,0.23184,0.32787,0.88601
0.0048832,0.0048832,0.0069059,0.0097664,0.013812,0.019533,0.027623,0.039065,0.055247,0.078131,0.11049,0.15626,0.22099,0.31252,0.89703
0.0018141,0.0018141,0.0025655,0.0036282,0.0051311,0.0072565,0.010262,0.014513,0.020524,0.029026,0.041049,0.058052,0.082097,0.1161,0.98644
0.0027551,0.0027551,0.0038963,0.0055102,0.0077926,0.01102,0.015585,0.022041,0.031171,0.044082,0.062341,0.088164,0.12468,0.17633,0.96841
0.0026933,0.0026933,0.0038089,0.0053867,0.0076179,0.010773,0.015236,0.021547,0.030472,0.043093,0.060943,0.086186,0.12189,0.17237,0.96984
0.010127,0.010127,0.014322,0.020255,0.028644,0.040509,0.057289,0.081018,0.11458,0.16204,0.22915,0.32407,0.45831,0.64815,0.39978
0.0033817,0.0033817,0.0047824,0.0067633,0.0095648,0.013527,0.01913,0.027053,0.038259,0.054107,0.076518,0.10821,0.15304,0.21643,0.95201
0.0040542,0.0040542,0.0057335,0.0081084,0.011467,0.016217,0.022934,0.032433,0.045868,0.064867,0.091736,0.12973,0.18347,0.25947,0.93025
0.0022236,0.0022236,0.0031446,0.0044472,0.0062892,0.0088943,0.012578,0.017789,0.025157,0.035577,0.050314,0.071155,0.10063,0.14231,0.97954
0.0028176,0.0028176,0.0039847,0.0056353,0.0079695,0.011271,0.015939,0.022541,0.031878,0.045082,0.063756,0.090164,0.12751,0.18033,0.96695
0.00065452,0.00065452,0.00092563,0.001309,0.0018513,0.0026181,0.0037025,0.0052362,0.0074051,0.010472,0.01481,0.020945,0.02962,0.041889,0.99825
0.002948,0.002948,0.0041691,0.0058961,0.0083383,0.011792,0.016677,0.023584,0.033353,0.047169,0.066706,0.094337,0.13341,0.18867,0.96375
0.0042476,0.0042476,0.006007,0.0084952,0.012014,0.01699,0.024028,0.033981,0.048056,0.067962,0.096113,0.13592,0.19223,0.27185,0.92315
0.0022765,0.0022765,0.0032195,0.004553,0.006439,0.0091061,0.012878,0.018212,0.025756,0.036424,0.051512,0.072848,0.10302,0.1457,0.97855
0.0012341,0.0012341,0.0017452,0.0024681,0.0034905,0.0049363,0.006981,0.0098726,0.013962,0.019745,0.027924,0.03949,0.055848,0.078981,0.99375
0.00069033,0.00069033,0.00097627,0.0013807,0.0019525,0.0027613,0.0039051,0.0055226,0.0078101,0.011045,0.01562,0.02209,0.031241,0.044181,0.99805
0.0025676,0.0025676,0.0036311,0.0051351,0.0072622,0.01027,0.014524,0.02054,0.029049,0.041081,0.058097,0.082162,0.11619,0.16432,0.97264
0.002628,0.002628,0.0037166,0.0052561,0.0074332,0.010512,0.014866,0.021024,0.029733,0.042048,0.059465,0.084097,0.11893,0.16819,0.9713
0.0023336,0.0023336,0.0033002,0.0046671,0.0066003,0.0093343,0.013201,0.018669,0.026401,0.037337,0.052803,0.074674,0.10561,0.14935,0.97745
0.0015346,0.0015346,0.0021702,0.0030691,0.0043404,0.0061382,0.0086808,0.012276,0.017362,0.024553,0.034723,0.049106,0.069446,0.098212,0.99031
0.002173,0.002173,0.003073,0.0043459,0.006146,0.0086918,0.012292,0.017384,0.024584,0.034767,0.049168,0.069535,0.098337,0.13907,0.98047
0.0020152,0.0020152,0.00285,0.0040304,0.0056999,0.0080609,0.0114,0.016122,0.0228,0.032244,0.045599,0.064487,0.091199,0.12897,0.98323
0.0032307,0.0032307,0.0045688,0.0064613,0.0091377,0.012923,0.018275,0.025845,0.036551,0.051691,0.073102,0.10338,0.1462,0.20676,0.9563
0.0035359,0.0035359,0.0050005,0.0070717,0.010001,0.014143,0.020002,0.028287,0.040004,0.056574,0.080008,0.11315,0.16002,0.2263,0.94742
0.0043473,0.0043473,0.0061481,0.0086947,0.012296,0.017389,0.024592,0.034779,0.049184,0.069557,0.098369,0.13911,0.19674,0.27823,0.91934
0.0012826,0.0012826,0.0018139,0.0025652,0.0036277,0.0051304,0.0072554,0.010261,0.014511,0.020521,0.029022,0.041043,0.058043,0.082086,0.99324
0.0030151,0.0030151,0.0042641,0.0060303,0.0085281,0.012061,0.017056,0.024121,0.034112,0.048242,0.068225,0.096485,0.13645,0.19297,0.96205
0.0019665,0.0019665,0.002781,0.003933,0.005562,0.0078659,0.011124,0.015732,0.022248,0.031464,0.044496,0.062927,0.088993,0.12585,0.98405
0.0023902,0.0023902,0.0033803,0.0047805,0.0067606,0.0095609,0.013521,0.019122,0.027042,0.038244,0.054085,0.076487,0.10817,0.15297,0.97632
0.0017663,0.0017663,0.0024979,0.0035326,0.0049959,0.0070652,0.0099917,0.01413,0.019983,0.028261,0.039967,0.056522,0.079934,0.11304,0.98714
0.011045,0.011045,0.01562,0.02209,0.031241,0.044181,0.062481,0.088362,0.12496,0.17672,0.24992,0.35345,0.49985,0.70689,0.024835
0.0018608,0.0018608,0.0026316,0.0037217,0.0052633,0.0074434,0.010527,0.014887,0.021053,0.029774,0.042106,0.059547,0.084212,0.11909,0.98572
0.0013566,0.0013566,0.0019185,0.0027132,0.003837,0.0054264,0.0076741,0.010853,0.015348,0.021705,0.030696,0.043411,0.061392,0.086822,0.99244
0.00072485,0.00072485,0.0010251,0.0014497,0.0020502,0.0028994,0.0041004,0.0057988,0.0082007,0.011598,0.016401,0.023195,0.032803,0.04639,0.99785
0.0014865,0.0014865,0.0021022,0.002973,0.0042045,0.005946,0.0084089,0.011892,0.016818,0.023784,0.033636,0.047568,0.067272,0.095136,0.99092
0.0014441,0.0014441,0.0020423,0.0028883,0.0040846,0.0057765,0.0081692,0.011553,0.016338,0.023106,0.032677,0.046212,0.065354,0.092424,0.99143
0.00075789,0.00075789,0.0010718,0.0015158,0.0021436,0.0030316,0.0042873,0.0060631,0.0085745,0.012126,0.017149,0.024252,0.034298,0.048505,0.99765
0.0014004,0.0014004,0.0019805,0.0028008,0.003961,0.0056017,0.007922,0.011203,0.015844,0.022407,0.031688,0.044813,0.063376,0.089627,0.99195
0.00078962,0.00078962,0.0011167,0.0015792,0.0022334,0.0031585,0.0044668,0.0063169,0.0089335,0.012634,0.017867,0.025268,0.035734,0.050536,0.99745
0.0016339,0.0016339,0.0023106,0.0032677,0.0046212,0.0065354,0.0092425,0.013071,0.018485,0.026142,0.03697,0.052283,0.07394,0.10457,0.98901
0.00080455,0.00080455,0.0011378,0.0016091,0.0022756,0.0032182,0.0045512,0.0064364,0.0091024,0.012873,0.018205,0.025746,0.03641,0.051491,0.99735
0.00086325,0.00086325,0.0012208,0.0017265,0.0024416,0.003453,0.0048833,0.006906,0.0097666,0.013812,0.019533,0.027624,0.039066,0.055248,0.99695
0.010822,0.010822,0.015304,0.021643,0.030608,0.043287,0.061217,0.086573,0.12243,0.17315,0.24487,0.34629,0.48973,0.69259,0.20164
0.0016693,0.0016693,0.0023607,0.0033385,0.0047214,0.0066771,0.0094428,0.013354,0.018886,0.026708,0.037771,0.053417,0.075543,0.10683,0.98853
0.00083438,0.00083438,0.00118,0.0016688,0.00236,0.0033375,0.00472,0.006675,0.0094399,0.01335,0.01888,0.0267,0.03776,0.0534,0.99715
0.00090443,0.00090443,0.0012791,0.0018089,0.0025581,0.0036177,0.0051162,0.0072354,0.010232,0.014471,0.020465,0.028942,0.04093,0.057883,0.99665
0.00087686,0.00087686,0.0012401,0.0017537,0.0024801,0.0035074,0.0049603,0.0070149,0.0099206,0.01403,0.019841,0.02806,0.039682,0.056119,0.99685
0.0013231,0.0013231,0.0018711,0.0026461,0.0037422,0.0052922,0.0074844,0.010584,0.014969,0.021169,0.029937,0.042338,0.059875,0.084676,0.99281
0.0012683,0.0012683,0.0017937,0.0025367,0.0035874,0.0050733,0.0071748,0.010147,0.01435,0.020293,0.028699,0.040587,0.057398,0.081173,0.99339
0.00094364,0.00094364,0.0013345,0.0018873,0.002669,0.0037745,0.005338,0.0075491,0.010676,0.015098,0.021352,0.030196,0.042704,0.060393,0.99635
0.00095642,0.00095642,0.0013526,0.0019128,0.0027052,0.0038257,0.0054103,0.0076514,0.010821,0.015303,0.021641,0.030605,0.043283,0.061211,0.99625
0.00091781,0.00091781,0.001298,0.0018356,0.002596,0.0036712,0.0051919,0.0073425,0.010384,0.014685,0.020768,0.02937,0.041535,0.05874,0.99655
0.00098181,0.00098181,0.0013885,0.0019636,0.002777,0.0039272,0.005554,0.0078545,0.011108,0.015709,0.022216,0.031418,0.044432,0.062836,0.99605
0.0010759,0.0010759,0.0015215,0.0021518,0.0030431,0.0043036,0.0060862,0.0086072,0.012172,0.017214,0.024345,0.034429,0.04869,0.068857,0.99525
0.0010181,0.0010181,0.0014399,0.0020363,0.0028797,0.0040725,0.0057594,0.0081451,0.011519,0.01629,0.023038,0.03258,0.046075,0.065161,0.99575
0.0010416,0.0010416,0.0014731,0.0020833,0.0029462,0.0041665,0.0058924,0.0083331,0.011785,0.016666,0.02357,0.033332,0.047139,0.066665,0.99555
0.00099471,0.00099471,0.0014067,0.0019894,0.0028135,0.0039789,0.005627,0.0079577,0.011254,0.015915,0.022508,0.031831,0.045016,0.063662,0.99594
0.0023492,0.0023492,0.0033223,0.0046985,0.0066446,0.0093969,0.013289,0.018794,0.026578,0.037588,0.053157,0.075175,0.10631,0.15035,0.97713
0.001065,0.001065,0.0015061,0.00213,0.0030122,0.0042599,0.0060244,0.0085198,0.012049,0.01704,0.024098,0.034079,0.048195,0.068159,0.99535
0.0010989,0.0010989,0.0015541,0.0021979,0.0031082,0.0043957,0.0062165,0.0087914,0.012433,0.017583,0.024866,0.035166,0.049732,0.070331,0.99505
0.0050284,0.0050284,0.0071112,0.010057,0.014222,0.020114,0.028445,0.040227,0.05689,0.080454,0.11378,0.16091,0.22756,0.32182,0.89044
0.0030698,0.0030698,0.0043414,0.0061396,0.0086827,0.012279,0.017365,0.024558,0.034731,0.049117,0.069462,0.098234,0.13892,0.19647,0.96063
0.0011203,0.0011203,0.0015843,0.0022405,0.0031686,0.0044811,0.0063372,0.0089622,0.012674,0.017924,0.025349,0.035849,0.050698,0.071697,0.99485
0.0029656,0.0029656,0.004194,0.0059312,0.0083879,0.011862,0.016776,0.023725,0.033552,0.047449,0.067103,0.094898,0.13421,0.1898,0.96334
0.0022934,0.0022934,0.0032433,0.0045867,0.0064866,0.0091735,0.012973,0.018347,0.025947,0.036694,0.051893,0.073388,0.10379,0.14678,0.97822
0.0011418,0.0011418,0.0016147,0.0022836,0.0032294,0.0045671,0.0064589,0.0091342,0.012918,0.018268,0.025835,0.036537,0.051671,0.073074,0.99465
0.0052756,0.0052756,0.0074608,0.010551,0.014922,0.021102,0.029843,0.042205,0.059686,0.084409,0.11937,0.16882,0.23874,0.33764,0.87865
0.0025245,0.0025245,0.0035702,0.0050491,0.0071404,0.010098,0.014281,0.020196,0.028562,0.040392,0.057123,0.080785,0.11425,0.16157,0.97355
0.0031412,0.0031412,0.0044423,0.0062823,0.0088846,0.012565,0.017769,0.025129,0.035538,0.050259,0.071077,0.10052,0.14215,0.20103,0.95874
0.0037229,0.0037229,0.0052649,0.0074457,0.01053,0.014891,0.02106,0.029783,0.042119,0.059566,0.084239,0.11913,0.16848,0.23826,0.94152
0.009899,0.009899,0.013999,0.019798,0.027999,0.039596,0.055997,0.079192,0.11199,0.15838,0.22399,0.31677,0.44798,0.63354,0.44414
0.010407,0.010407,0.014718,0.020815,0.029437,0.04163,0.058873,0.083259,0.11775,0.16652,0.23549,0.33304,0.47098,0.66607,0.33571
0.0088144,0.0088144,0.012465,0.017629,0.024931,0.035258,0.049862,0.070515,0.099724,0.14103,0.19945,0.28206,0.39889,0.56412,0.60294
0.0038547,0.0038547,0.0054513,0.0077094,0.010903,0.015419,0.021805,0.030837,0.043611,0.061675,0.087221,0.12335,0.17444,0.2467,0.93717
0.0037659,0.0037659,0.0053258,0.0075318,0.010652,0.015064,0.021303,0.030127,0.042606,0.060254,0.085213,0.12051,0.17043,0.24102,0.94014
0.0078186,0.0078186,0.011057,0.015637,0.022114,0.031274,0.044228,0.062549,0.088457,0.1251,0.17691,0.25019,0.35383,0.50039,0.70656
0.0047421,0.0047421,0.0067064,0.0094842,0.013413,0.018968,0.026825,0.037937,0.053651,0.075874,0.1073,0.15175,0.2146,0.3035,0.90321
0.0073503,0.0073503,0.010395,0.014701,0.02079,0.029401,0.04158,0.058803,0.08316,0.11761,0.16632,0.23521,0.33264,0.47042,0.74661
0.0099908,0.0099908,0.014129,0.019982,0.028258,0.039963,0.056516,0.079926,0.11303,0.15985,0.22607,0.31971,0.45213,0.63941,0.42698
0.0080136,0.0080136,0.011333,0.016027,0.022666,0.032054,0.045331,0.064108,0.090663,0.12822,0.18133,0.25643,0.36265,0.51287,0.68844
0.0070808,0.0070808,0.010014,0.014162,0.020028,0.028323,0.040055,0.056647,0.08011,0.11329,0.16022,0.22659,0.32044,0.45317,0.76765
0.0011835,0.0011835,0.0016737,0.0023669,0.0033473,0.0047339,0.0066947,0.0094677,0.013389,0.018935,0.026779,0.037871,0.053558,0.075742,0.99425
0.0034788,0.0034788,0.0049197,0.0069576,0.0098395,0.013915,0.019679,0.02783,0.039358,0.05566,0.078716,0.11132,0.15743,0.22264,0.94914
0.0056019,0.0056019,0.0079223,0.011204,0.015845,0.022408,0.031689,0.044815,0.063378,0.089631,0.12676,0.17926,0.25351,0.35852,0.86194
0.0034398,0.0034398,0.0048646,0.0068795,0.0097291,0.013759,0.019458,0.027518,0.038916,0.055036,0.077833,0.11007,0.15567,0.22014,0.9503
0.0067349,0.0067349,0.0095246,0.01347,0.019049,0.02694,0.038099,0.053879,0.076197,0.10776,0.15239,0.21552,0.30479,0.43104,0.79274
0.0062527,0.0062527,0.0088427,0.012505,0.017685,0.025011,0.035371,0.050022,0.070741,0.10004,0.14148,0.20009,0.28296,0.40017,0.82446
0.0036393,0.0036393,0.0051467,0.0072786,0.010293,0.014557,0.020587,0.029114,0.041174,0.058229,0.082348,0.11646,0.1647,0.23291,0.94419
0.0043188,0.0043188,0.0061077,0.0086376,0.012215,0.017275,0.024431,0.03455,0.048862,0.069101,0.097723,0.1382,0.19545,0.2764,0.92044
0.0054683,0.0054683,0.0077334,0.010937,0.015467,0.021873,0.030934,0.043747,0.061867,0.087493,0.12373,0.17499,0.24747,0.34997,0.86894
0.009016,0.009016,0.012751,0.018032,0.025501,0.036064,0.051002,0.072128,0.102,0.14426,0.20401,0.28851,0.40802,0.57702,0.57801
0.0095153,0.0095153,0.013457,0.019031,0.026913,0.038061,0.053827,0.076122,0.10765,0.15224,0.21531,0.30449,0.43061,0.60898,0.50823
0.0089161,0.0089161,0.012609,0.017832,0.025219,0.035665,0.050437,0.071329,0.10087,0.14266,0.20175,0.28532,0.4035,0.57063,0.5906
0.0057391,0.0057391,0.0081163,0.011478,0.016233,0.022956,0.032465,0.045913,0.06493,0.091826,0.12986,0.18365,0.25972,0.3673,0.85451
0.007915,0.007915,0.011194,0.01583,0.022387,0.03166,0.044774,0.06332,0.089548,0.12664,0.1791,0.25328,0.35819,0.50656,0.69772
0.010081,0.010081,0.014256,0.020161,0.028513,0.040323,0.057025,0.080646,0.11405,0.16129,0.2281,0.32258,0.4562,0.64517,0.4093
0.0096116,0.0096116,0.013593,0.019223,0.027186,0.038446,0.054371,0.076893,0.10874,0.15379,0.21749,0.30757,0.43497,0.61514,0.49317
0.0063347,0.0063347,0.0089586,0.012669,0.017917,0.025339,0.035834,0.050678,0.071669,0.10136,0.14334,0.20271,0.28668,0.40542,0.81932
0.010927,0.010927,0.015454,0.021855,0.030907,0.043709,0.061814,0.087419,0.12363,0.17484,0.24726,0.34967,0.49451,0.69935,0.14779
0.0020515,0.0020515,0.0029012,0.004103,0.0058025,0.0082059,0.011605,0.016412,0.02321,0.032824,0.04642,0.065647,0.09284,0.13129,0.98261
0.0016205,0.0016205,0.0022917,0.003241,0.0045835,0.006482,0.009167,0.012964,0.018334,0.025928,0.036668,0.051856,0.073336,0.10371,0.98919
0.0031792,0.0031792,0.0044961,0.0063584,0.0089921,0.012717,0.017984,0.025434,0.035969,0.050867,0.071937,0.10173,0.14387,0.20347,0.95771
0.001163,0.001163,0.0016447,0.002326,0.0032895,0.004652,0.006579,0.0093041,0.013158,0.018608,0.026316,0.037216,0.052632,0.074433,0.99445
0.0028997,0.0028997,0.0041008,0.0057994,0.0082015,0.011599,0.016403,0.023197,0.032806,0.046395,0.065612,0.09279,0.13122,0.18558,0.96495
0.01074,0.01074,0.015189,0.021481,0.030378,0.042961,0.060756,0.085922,0.12151,0.17184,0.24302,0.34369,0.48605,0.68738,0.23459
0.0038114,0.0038114,0.0053902,0.0076228,0.01078,0.015246,0.021561,0.030491,0.043121,0.060983,0.086243,0.12197,0.17249,0.24393,0.93862
0.0054023,0.0054023,0.00764,0.010805,0.01528,0.021609,0.03056,0.043218,0.06112,0.086436,0.12224,0.17287,0.24448,0.34575,0.87232
0.01025,0.01025,0.014495,0.020499,0.02899,0.040999,0.057981,0.081997,0.11596,0.16399,0.23192,0.32799,0.46385,0.65598,0.37335
0.0061773,0.0061773,0.0087361,0.012355,0.017472,0.024709,0.034944,0.049419,0.069889,0.098837,0.13978,0.19767,0.27955,0.39535,0.8291
0.0050889,0.0050889,0.0071968,0.010178,0.014394,0.020356,0.028787,0.040712,0.057575,0.081423,0.11515,0.16285,0.2303,0.32569,0.88761
0.0039877,0.0039877,0.0056394,0.0079754,0.011279,0.015951,0.022558,0.031901,0.045116,0.063803,0.090231,0.12761,0.18046,0.25521,0.9326
0.0083074,0.0083074,0.011748,0.016615,0.023497,0.03323,0.046994,0.066459,0.093987,0.13292,0.18797,0.26584,0.37595,0.53167,0.65928
0.0084117,0.0084117,0.011896,0.016823,0.023792,0.033647,0.047584,0.067294,0.095168,0.13459,0.19034,0.26917,0.38067,0.53835,0.64835
0.003106,0.003106,0.0043925,0.0062119,0.008785,0.012424,0.01757,0.024848,0.03514,0.049695,0.07028,0.099391,0.14056,0.19878,0.95968
0.0028675,0.0028675,0.0040553,0.005735,0.0081106,0.01147,0.016221,0.02294,0.032442,0.04588,0.064885,0.091761,0.12977,0.18352,0.96574
0.0069052,0.0069052,0.0097654,0.01381,0.019531,0.027621,0.039062,0.055242,0.078123,0.11048,0.15625,0.22097,0.31249,0.44193,0.78064
0.0076291,0.0076291,0.010789,0.015258,0.021578,0.030517,0.043157,0.061033,0.086314,0.12207,0.17263,0.24413,0.34525,0.48826,0.72333
0.010989,0.010989,0.015541,0.021979,0.031082,0.043957,0.062165,0.087914,0.12433,0.17583,0.24866,0.35166,0.49732,0.70332,0.1035
0.0036803,0.0036803,0.0052047,0.0073605,0.010409,0.014721,0.020819,0.029442,0.041638,0.058884,0.083275,0.11777,0.16655,0.23554,0.9429
0.0035577,0.0035577,0.0050314,0.0071155,0.010063,0.014231,0.020126,0.028462,0.040251,0.056924,0.080502,0.11385,0.161,0.2277,0.94674
0.0094189,0.0094189,0.01332,0.018838,0.026641,0.037675,0.053281,0.075351,0.10656,0.1507,0.21312,0.3014,0.42625,0.60281,0.52274
0.0049675,0.0049675,0.0070252,0.0099351,0.01405,0.01987,0.028101,0.03974,0.056201,0.079481,0.1124,0.15896,0.2248,0.31792,0.89324
0.0039436,0.0039436,0.005577,0.0078871,0.011154,0.015774,0.022308,0.031548,0.044616,0.063097,0.089232,0.12619,0.17846,0.25239,0.93414
0.00649,0.00649,0.0091782,0.01298,0.018356,0.02596,0.036713,0.05192,0.073426,0.10384,0.14685,0.20768,0.2937,0.41536,0.8093
0.0093169,0.0093169,0.013176,0.018634,0.026352,0.037267,0.052704,0.074535,0.10541,0.14907,0.21082,0.29814,0.42163,0.59628,0.53751
0.0058804,0.0058804,0.0083162,0.011761,0.016632,0.023522,0.033265,0.047043,0.066529,0.094087,0.13306,0.18817,0.26612,0.37635,0.8466
0.01033,0.01033,0.014608,0.02066,0.029217,0.041319,0.058434,0.082638,0.11687,0.16528,0.23374,0.33055,0.46747,0.6611,0.35482
0.0033611,0.0033611,0.0047533,0.0067222,0.0095066,0.013444,0.019013,0.026889,0.038027,0.053778,0.076053,0.10756,0.15211,0.21511,0.95262
0.0012041,0.0012041,0.0017029,0.0024082,0.0034058,0.0048165,0.0068115,0.0096329,0.013623,0.019266,0.027246,0.038532,0.054492,0.077064,0.99405
0.002404,0.002404,0.0033997,0.0048079,0.0067994,0.0096159,0.013599,0.019232,0.027198,0.038463,0.054396,0.076927,0.10879,0.15385,0.97605
0.0052135,0.0052135,0.007373,0.010427,0.014746,0.020854,0.029492,0.041708,0.058984,0.083416,0.11797,0.16683,0.23594,0.33367,0.88167
0.0049112,0.0049112,0.0069455,0.0098225,0.013891,0.019645,0.027782,0.03929,0.055564,0.07858,0.11113,0.15716,0.22226,0.31432,0.89578
0.0021597,0.0021597,0.0030543,0.0043194,0.0061086,0.0086388,0.012217,0.017278,0.024434,0.034555,0.048869,0.069111,0.097737,0.13822,0.98071
0.004032,0.004032,0.0057021,0.0080641,0.011404,0.016128,0.022809,0.032256,0.045617,0.064512,0.091234,0.12902,0.18247,0.25805,0.93104
0.0075335,0.0075335,0.010654,0.015067,0.021308,0.030134,0.042616,0.060268,0.085231,0.12054,0.17046,0.24107,0.34093,0.48214,0.7315
0.0013669,0.0013669,0.0019331,0.0027338,0.0038662,0.0054676,0.0077323,0.010935,0.015465,0.02187,0.030929,0.043741,0.061859,0.087481,0.99232
0.0097097,0.0097097,0.013732,0.019419,0.027463,0.038839,0.054926,0.077678,0.10985,0.15536,0.21971,0.31071,0.43941,0.62142,0.47716
0.0019544,0.0019544,0.002764,0.0039089,0.005528,0.0078177,0.011056,0.015635,0.022112,0.031271,0.044224,0.062542,0.088448,0.12508,0.98423
0.0092193,0.0092193,0.013038,0.018439,0.026076,0.036877,0.052152,0.073754,0.1043,0.14751,0.20861,0.29502,0.41722,0.59003,0.55112
0.0085124,0.0085124,0.012038,0.017025,0.024077,0.034049,0.048153,0.068099,0.096307,0.1362,0.19261,0.2724,0.38523,0.54479,0.6375
0.0056718,0.0056718,0.0080212,0.011344,0.016042,0.022687,0.032085,0.045374,0.064169,0.090749,0.12834,0.1815,0.25668,0.363,0.85819
0.0065706,0.0065706,0.0092922,0.013141,0.018584,0.026282,0.037169,0.052565,0.074338,0.10513,0.14868,0.21026,0.29735,0.42052,0.80395
0.0087109,0.0087109,0.012319,0.017422,0.024638,0.034844,0.049276,0.069687,0.098552,0.13937,0.1971,0.27875,0.39421,0.5575,0.61515
0.0061021,0.0061021,0.0086297,0.012204,0.017259,0.024408,0.034519,0.048817,0.069038,0.097634,0.13808,0.19527,0.27615,0.39054,0.83365
0.0020031,0.0020031,0.0028328,0.0040062,0.0056657,0.0080125,0.011331,0.016025,0.022663,0.03205,0.045325,0.0641,0.090651,0.1282,0.98343
0.0058089,0.0058089,0.008215,0.011618,0.01643,0.023236,0.03286,0.046471,0.06572,0.092943,0.13144,0.18589,0.26288,0.37177,0.85064
0.010962,0.010962,0.015502,0.021924,0.031005,0.043847,0.062009,0.087694,0.12402,0.17539,0.24804,0.35078,0.49608,0.70156,0.12512
0.001224,0.001224,0.001731,0.0024481,0.0034621,0.0048961,0.0069242,0.0097923,0.013848,0.019585,0.027697,0.039169,0.055393,0.078338,0.99385
0.0082117,0.0082117,0.011613,0.016423,0.023226,0.032847,0.046453,0.065694,0.092905,0.13139,0.18581,0.26278,0.37162,0.52555,0.66902
0.0032866,0.0032866,0.004648,0.0065732,0.0092959,0.013146,0.018592,0.026293,0.037184,0.052586,0.074367,0.10517,0.14873,0.21034,0.95474
0.0046317,0.0046317,0.0065502,0.0092633,0.0131,0.018527,0.026201,0.037053,0.052401,0.074107,0.1048,0.14821,0.20961,0.29643,0.9079
0.0091148,0.0091148,0.01289,0.01823,0.025781,0.036459,0.051561,0.072919,0.10312,0.14584,0.20625,0.29167,0.41249,0.58335,0.56517
0.0047992,0.0047992,0.006787,0.0095983,0.013574,0.019197,0.027148,0.038393,0.054296,0.076786,0.10859,0.15357,0.21718,0.30715,0.90074
0.0041286,0.0041286,0.0058387,0.0082572,0.011677,0.016514,0.023355,0.033029,0.04671,0.066057,0.093419,0.13211,0.18684,0.26423,0.92756
0.0053383,0.0053383,0.0075495,0.010677,0.015099,0.021353,0.030198,0.042706,0.060396,0.085412,0.12079,0.17082,0.24158,0.34165,0.87554
0.0017318,0.0017318,0.0024492,0.0034636,0.0048983,0.0069273,0.0097967,0.013855,0.019593,0.027709,0.039187,0.055418,0.078373,0.11084,0.98765
0.0015211,0.0015211,0.0021512,0.0030423,0.0043024,0.0060845,0.0086048,0.012169,0.01721,0.024338,0.034419,0.048676,0.068839,0.097353,0.99048
0.0060281,0.0060281,0.0085251,0.012056,0.01705,0.024113,0.0341,0.048225,0.068201,0.09645,0.1364,0.1929,0.2728,0.3858,0.83805
0.0018028,0.0018028,0.0025496,0.0036057,0.0050992,0.0072113,0.010198,0.014423,0.020397,0.028845,0.040794,0.057691,0.081587,0.11538,0.9866
0.0019294,0.0019294,0.0027286,0.0038589,0.0054573,0.0077178,0.010915,0.015436,0.021829,0.030871,0.043658,0.061742,0.087317,0.12348,0.98464
0.0041762,0.0041762,0.0059061,0.0083525,0.011812,0.016705,0.023624,0.03341,0.047249,0.06682,0.094498,0.13364,0.189,0.26728,0.92582
0.002435,0.002435,0.0034436,0.0048699,0.0068871,0.0097398,0.013774,0.01948,0.027548,0.038959,0.055097,0.077919,0.11019,0.15584,0.97541
0.0021347,0.0021347,0.0030189,0.0042694,0.0060378,0.0085387,0.012076,0.017077,0.024151,0.034155,0.048302,0.06831,0.096605,0.13662,0.98117
0.0074391,0.0074391,0.01052,0.014878,0.021041,0.029756,0.042082,0.059512,0.084163,0.11902,0.16833,0.23805,0.33665,0.4761,0.73937
0.0098072,0.0098072,0.013869,0.019614,0.027739,0.039229,0.055478,0.078458,0.11096,0.15692,0.22191,0.31383,0.44382,0.62766,0.46053
0.0042251,0.0042251,0.0059752,0.0084502,0.01195,0.0169,0.023901,0.033801,0.047802,0.067602,0.095603,0.1352,0.19121,0.27041,0.92401
0.01068,0.01068,0.015104,0.021361,0.030209,0.042722,0.060418,0.085443,0.12084,0.17089,0.24167,0.34177,0.48334,0.68355,0.25603
0.0081144,0.0081144,0.011476,0.016229,0.022951,0.032458,0.045902,0.064915,0.091804,0.12983,0.18361,0.25966,0.36722,0.51932,0.67869
0.0059547,0.0059547,0.0084212,0.011909,0.016842,0.023819,0.033685,0.047637,0.067369,0.095274,0.13474,0.19055,0.26948,0.3811,0.84234
0.010794,0.010794,0.015265,0.021588,0.03053,0.043176,0.06106,0.086352,0.12212,0.1727,0.24424,0.34541,0.48848,0.69082,0.21347
0.0072616,0.0072616,0.010269,0.014523,0.020539,0.029047,0.041078,0.058093,0.082156,0.11619,0.16431,0.23237,0.32862,0.46474,0.75368
0.01017,0.01017,0.014383,0.02034,0.028766,0.040681,0.057532,0.081362,0.11506,0.16272,0.23013,0.32545,0.46025,0.6509,0.39074
0.005537,0.005537,0.0078305,0.011074,0.015661,0.022148,0.031322,0.044296,0.062644,0.088592,0.12529,0.17718,0.25058,0.35437,0.86537
0.004852,0.004852,0.0068618,0.009704,0.013724,0.019408,0.027447,0.038816,0.054894,0.077632,0.10979,0.15526,0.21958,0.31053,0.89842
0.011013,0.011013,0.015574,0.022025,0.031148,0.04405,0.062297,0.088101,0.12459,0.1762,0.24919,0.3524,0.49837,0.70481,0.080666
0.0028323,0.0028323,0.0040054,0.0056645,0.0080109,0.011329,0.016022,0.022658,0.032044,0.045316,0.064087,0.090633,0.12817,0.18127,0.96659
0.0021025,0.0021025,0.0029734,0.004205,0.0059468,0.00841,0.011894,0.01682,0.023787,0.03364,0.047574,0.06728,0.095148,0.13456,0.98173
0.0032149,0.0032149,0.0045466,0.0064299,0.0090932,0.01286,0.018186,0.02572,0.036373,0.051439,0.072746,0.10288,0.14549,0.20576,0.95673
