0.85946,0.83114,0.83198,0.83209,0.83199,0.83093,0.83158,0.83123,0.8321,0.83157,0.8319,0.83127,0.83053,0.83162,6.6888
0.83154,0.85962,0.83137,0.83158,0.83173,0.83079,0.8311,0.83176,0.83141,0.83144,0.8319,0.83312,0.83149,0.83157,6.687
0.83095,0.83105,0.85885,0.83216,0.83182,0.83107,0.83111,0.83139,0.8314,0.83144,0.83309,0.83227,0.83145,0.83157,6.6871
0.83141,0.83195,0.83205,0.86128,0.83133,0.83169,0.83087,0.83144,0.83142,0.8317,0.83135,0.8324,0.83175,0.83154,6.6869
0.83142,0.83127,0.83179,0.83144,0.85903,0.83162,0.83156,0.83131,0.83093,0.83138,0.83219,0.83124,0.83135,0.83174,6.6902
0.83172,0.83022,0.83113,0.83108,0.83181,0.85818,0.83155,0.83148,0.83188,0.8313,0.83136,0.83261,0.83092,0.83191,6.6909
0.83155,0.8319,0.83157,0.83173,0.83164,0.8311,0.8586,0.83144,0.83159,0.83065,0.83166,0.83126,0.83265,0.83142,6.6883
0.83122,0.83181,0.83192,0.83146,0.83256,0.82998,0.83125,0.86047,0.8314,0.83078,0.83179,0.83224,0.8321,0.83176,6.6882
0.83145,0.83117,0.8319,0.83192,0.83148,0.83136,0.83219,0.83138,0.85855,0.83153,0.83187,0.83124,0.83175,0.83155,6.687
0.83155,0.83095,0.8314,0.83146,0.83198,0.83177,0.83152,0.83165,0.83194,0.85816,0.83189,0.83158,0.8319,0.83108,6.6872
0.83134,0.83128,0.8319,0.83482,0.83149,0.83192,0.83154,0.83114,0.83132,0.83116,0.85835,0.83008,0.83175,0.83156,6.6863
0.83191,0.83061,0.83171,0.83135,0.83179,0.83204,0.83148,0.83162,0.83183,0.83159,0.83299,0.85869,0.83048,0.8312,6.6874
0.83159,0.83222,0.83163,0.83109,0.83187,0.83227,0.83096,0.83188,0.83058,0.83178,0.83187,0.83158,0.85798,0.83089,6.6883
0.83161,0.83161,0.83143,0.83162,0.83149,0.83078,0.83094,0.83107,0.83159,0.83199,0.83223,0.83169,0.83175,0.85915,6.6891
2.5368e-05,1.4707e-05,1.1835e-07,1.6207e-05,1.1605e-05,6.0973e-06,1.0092e-05,0,3.0148e-06,2.1648e-05,1.0446e-05,3.4189e-07,1.0554e-05,5.9274e-09,30
2.5368e-05,1.4707e-05,1.1835e-07,1.6207e-05,1.1605e-05,6.0973e-06,1.0092e-05,0,3.0148e-06,2.1648e-05,1.0446e-05,3.4189e-07,1.0554e-05,5.9274e-09,30
0.85912,0.85816,0.85835,0.85852,0.85823,0.85984,0.85727,0.85779,0.85833,0.85784,0.85849,0.85788,0.85915,0.86044,6.2988
0,1.4707e-05,0,8.1009e-06,0,6.0973e-06,1.0092e-05,0.83217,0.8377,0.85104,1.0446e-05,3.4189e-07,1.0554e-05,3.2187e-08,24.971
0.84825,8.0466e-05,0.84252,0.0026606,0.0012133,6.1525e-06,1.0466e-05,0,3.9699e-05,0,0.83422,3.3698e-07,0,0,25.11
5.2961e-06,0.85782,0,0.8199,0.83066,3.5186e-07,0.0010521,0,0,0.0002375,3.3557e-05,0.0029002,0.00012931,7.2877e-10,25.096
0.00010541,0.00025694,0.00082473,0.00038918,5.2737e-09,0,0.82743,0,0.040382,0.032434,0.00049822,1.6987e-05,0.79835,0.85569,25.52
1.4976e-10,0.0032225,0.0048731,0.0048863,0.011892,0.82585,0.0074962,0.0028962,0.0077492,0,0.77982,0.85744,0.006188,0,25.262
3.3716e-05,0,0.008426,0.84894,1.6608e-05,5.55e-05,0.0077652,0.001921,0.0056768,0.044085,0.84202,0.0073793,0.83186,0.021281,24.966
0,0.00079534,0.83112,0.00042455,0.82846,0.00013085,0.82187,0.025513,6.952e-05,0,0,0.077855,0,0,25.289
0.85655,0.82987,0.0045828,0,0.011955,0.028718,0.00055992,0.0020966,0,0.85547,0.0039861,0.013104,0.10367,0,24.887
0,0,0.8557,0.83981,0,0.84131,0,0.081623,0.030513,0,0,0.00022443,0.0058886,0.10737,25.291
0.049532,0.00079534,0,0.00042455,0.82846,0.8301,0,0,0.85585,0.00078762,0,0.00083139,0.00042373,0,25.423
1.9291e-05,0,0.014477,0.83694,0,0,0,0,0.0074689,0.85736,0.0013981,0.83807,0,0.03529,25.493
0.014229,0.82746,0.85809,0,0.00062169,0,0.026548,0.022079,0.82995,0,0.0041983,0.0012917,0.0010182,0.017543,25.468
0.0014718,0.00045811,0.0013061,0.0092263,0.73484,0.023872,0,0.81786,0,0.022372,0,0,0.81748,0.0032782,25.869
0.049162,0.0057541,0.00087669,0.0076145,0.00044416,0.03533,0.83569,0.78908,0.0038973,0,0.80962,1.5408e-05,0,0.0014451,25.754
0.016242,0,0,0,0.85133,0.017711,0,8.6707e-07,0.0034319,0.83317,0.047635,5.2379e-06,0.0057688,0.83368,25.366
0.77673,0.023977,0.035656,0.011643,0.03277,0.0044015,8.3994e-07,0,0.01914,0.006287,0,0.84932,0,0.84618,25.368
0.034061,0.030103,3.9848e-10,0.00017497,0.00020465,0.85843,0.82997,0.0011856,3.0999e-06,0.81467,0.016553,3.4189e-07,0,1.5396e-09,25.015
0.83062,0,0.00052572,0.068536,0,0,0.83456,0.0026949,0.8448,0,0.0041309,0.051847,0.006188,0,25.362
0,0.76023,0.000373,0.071496,0.017863,0.11702,0,4.9655e-07,0,0,0.78607,0.0051988,0,0.83016,25.651
2.5368e-05,0.85827,0.014782,0,1.0998e-06,6.0973e-06,1.0092e-05,0,0.0073335,0.0051721,0,0.82488,0.81653,0.00021111,25.64
0,0.0034218,0.84148,0,0.06901,0.026835,0.0039926,0.0018681,0,0.80939,0.065282,0,0.85585,0.0018775,25.196
0.84347,0.010552,0.00019428,0.79958,0.061061,3.5186e-07,0.0010521,0.85549,0,0.01506,0.0067536,0.011328,0,0.15858,26.347
0,0.00033402,0.79576,0,0.050837,0.015929,0,0.80505,0,0.078423,0,0.79906,0,0.0010891,25.898
0.84825,0,0.030101,0.0030732,0.0015971,0.76078,0.0061506,0.02056,0.0018831,0,0,0.00806,0.78479,0.01205,26.149
0,0.8164,0.0002475,0.036255,0.0012079,0.84731,0,0.6649,0.00012429,0.036197,0,0.055255,0,0.025416,26.801
0,0.00025662,0.039756,7.6084e-07,0.019268,0,0.0053485,0.0028962,0.83889,0.0023651,0.053652,0.0018738,0.81661,0.01323,26.688
0.044643,0.045397,0,0.00043148,0,0.0088475,0,0,0.0036683,0.80238,0.84099,0.043758,0.0027857,0.0099395,28.009
0.024357,0.020426,0.0057831,0.81091,0.027613,0.03532,0,0.20911,0.83607,0,0.0034584,0.11244,0.045625,0.76901,25.867
0.012377,0.00013385,0,0.081623,0.85133,0.011667,0,0,0,0,0.047777,0.84959,0.040372,0,27.451
0.75554,0.00058411,0,0,0.042652,0.02719,0.82494,0,0.0027084,0.84896,0.0010491,0.84949,0.83891,0.0048926,22.025
2.6851e-06,1.4707e-05,0.76193,6.262e-07,0,0,1.0155e-05,0.03562,0.00031348,1.1257e-07,1.1133e-05,0.048082,0,0.80853,27.727
0.0051104,0.73314,0.01995,0,0.026875,6.0973e-06,0.81353,0.021219,0,0,0.015832,0,0.026414,3.2187e-08,28.103
0.80482,0.8185,0.095011,0.0032122,0.83267,0.0043217,0,0.83143,0.81972,0,1.0707e-05,0.036941,0.049752,0.0016572,22.053
0.799,0.043964,0,0.81434,0,0.85341,0,0.00027297,0.83242,0.83055,0.03752,0.012576,0.0016115,0.025925,22.867
0.0034418,0.83439,0.78134,0.027734,0.7939,0,0,0.022959,0.0014774,0.001517,0.84506,0.028826,0.79437,0,22.227
0.062003,0,0.83492,0.80337,0,0.054998,0.83987,0.77686,0.012954,0.85127,0.0013563,0.041962,0.015167,0,22.401
0.74964,2.5082e-05,0.014672,0.00038918,0.81614,0.0044101,0.78958,0.0064793,0,0.033008,0.84021,0.075842,0.0211,0.83619,22.272
0,0.00033402,0.79576,0.018166,0.76165,0.85485,0,0.80505,0,0.078423,0.84383,0.023863,0,0.0010891,22.719
0,0.85875,0.0052331,0.77692,0.027165,1.0856e-06,0.77708,0.0052148,0.83693,0.84594,0.013344,0,0.76399,0.0020994,22.502
0.015991,0.82646,9.1267e-06,0.012648,0.79947,0.80715,0.032933,0.0068709,0.044696,0.083844,2.6632e-06,0,0.83328,0.80612,22.208
0.75238,0,0.82894,0.010457,0.0056486,0.82456,0.83655,0.018202,0.0076131,0.028891,0,0.82872,0,4.4526e-05,25.215
0.0083299,0.030404,0.80019,0,0.0059924,0.0044306,0.7956,0,0.84576,0.050381,0.7887,0.8181,0.00027646,0.63096,22.396
0,0.83048,0.038051,0.80408,0.012149,2.1589e-05,0.55212,0.77466,0.0080843,0.00021444,0.015149,0.83863,0,0,24.21
0.80573,0.029246,0.85841,0.82709,0.7892,0,0.0047678,0.065128,0.0043399,2.4136e-07,0.042579,0.00014491,0.79992,0.0080461,22.598
0.73176,0.027042,0.013822,0.74171,0,0,0.0017559,0.09379,0,0.76321,0.13852,0,0.8325,0.80801,25.066
0.8131,0,0,0,0.00050291,0.74779,0.0060331,0.83068,0.015321,0.73592,0.0015094,0.76861,1.8407e-05,0.073763,24.809
0.76965,0.81084,0.79594,0,0.69122,0.79836,0,0,0,0.00023798,0.021917,0,0,0.013898,24.158
0.031017,0.077252,0.000413,0.79366,0.00025071,0.76798,0.84737,0.75026,0.80372,0,0.014978,0,0,0,24.452
0.028705,0.00022471,0.029833,0.81194,0.00067692,0.75034,0.00051286,0.77641,0.043349,0.13331,0.81915,0,0,0.82322,23.746
0.033485,0.027173,0,0.82377,0.83298,0.82533,0.82144,0.039775,0.034401,0.025764,0,0.77439,0.050111,0.80891,21.255
0.74768,0.012411,0.016681,0.85448,0.85267,0.10899,0.11685,0.00076576,0.72356,0.000435,0.77604,0.00016816,0.00091612,0.0080461,23.12
0.062003,0.74704,0.00029873,0.13208,0.011649,0.0095277,0,0.77686,0,0.81611,0,0.0028658,0.0070099,0.84622,24.263
0,0.00028388,0,7.1117e-07,0.026243,0.84721,3.9414e-05,0.80719,0.82222,0.035189,0.0015049,0.84287,0.80216,0.033036,22.304
0.099423,0,0.7394,0.81988,0,0.036918,0,0,0.0024696,0.027791,0.81907,0.78368,1.2794e-05,0,24.283
0,0.00043593,0.041209,0.86051,0.0017406,0.84721,0,0.80004,0.02063,0.82709,0.00066272,0.00065829,0.82415,0.012173,22.481
2.5368e-05,1.4707e-05,0.83681,8.1009e-06,1.1605e-05,0.82879,1.0092e-05,0,0.81815,0.75025,1.0446e-05,0.83201,0.019673,0.0092837,22.365
0.83265,0.74873,0.043455,0.81141,0,0.066989,0.84564,0.076823,0,0,0.80944,0.0083121,0.011432,0.014977,22.237
0.83094,0.7555,0.12238,0.01114,0.092727,0.046831,0.71206,0.78223,0.0005658,0,0,0.00022169,0.8218,0.026346,22.862
0,0.75114,0.00010801,0,0.76385,0.0052645,0.78681,0.0070849,0.84754,0.012382,0.81214,0,0.0054538,0.002697,24.091
0.050752,0.02643,0.76586,0.0034257,0.85896,0,0.0063559,0.0027456,0.81832,5.4976e-05,0,0.79196,0.78279,0.76901,21.701
0.76376,0,0.0008883,0.039366,0.053848,0.03558,0.00014498,0.7813,0.83385,0,0,0,0.73412,0.83642,23.124
0.037116,0.0003333,0.0021121,8.092e-06,0.035645,0.022525,0,0,0.0070382,1.4988e-05,0.78192,0.83503,0.78278,0.81052,24.664
0.8266,0.026952,0,0.0040497,0.045545,0.81609,0.064098,0.65887,0.83351,0.0013097,0.75372,0.011835,0.011746,0.00019531,24.007
0.85223,0,0.015709,0,0.81089,0.00093606,0,0.016922,0.012846,0.00020371,0,5.1056e-09,0,0.033935,26.934
0.011804,0.00074826,9.1143e-10,0,0.00016722,0.83808,0,0,0.025365,0.00085387,0.039927,0.0017749,0.00043016,0.81804,27.322
0.81551,0.80442,0,0.71565,0.026936,0.74497,0.0027825,0,0.0038226,0.037801,0,0.036488,0.0093793,0.75408,25.267
0.00011117,0.81252,0.010659,0.81469,0.0053035,0.8234,0.0054422,0,0,0.78718,0.82932,0.0060719,2.0619e-05,0.014385,23.418
0.80909,0.023763,1.871e-05,0.029863,0.7353,0.75289,0.020389,0.80314,0.0029919,0,0.0065895,0.039317,0.011839,0.84293,23.837
0.81034,0.019914,0.64529,0.0036466,0,0.017838,0.80965,0.046926,0.0017949,0.74352,0.031811,0,0.12089,0.80831,24.557
0.014059,0.82746,0.83963,0,0,0,0.00080347,0.75001,0.022884,0.77984,0.79338,0.0027313,0.00044773,0,24.773
0.0089843,0,0.82615,0.82133,0.85753,0.022669,0.0109,0.0015436,0.06471,0.85102,0.72072,0,0.050808,0.014809,23.003
0.092225,0.013863,0,0.015581,0.78023,0.016004,0,0.80773,0.69432,0.0057151,0.74364,0.0049789,0,0.7853,23.625
0,0.10716,0.64085,0,0,0.70531,0.12459,0.74583,0,0.13074,0.0011705,0.0043473,0.81601,0.75924,26.25
2.5368e-05,0.017018,1.1835e-07,0.020027,0.10979,0.00024618,0.84444,0,3.0148e-06,4.3167e-09,1.0142e-05,0.79553,0,3.2187e-08,26.756
0.019279,0.032206,0.0039148,0.00032471,0,0.085422,0.0013802,0.027059,0.76138,0.015932,0.036391,0.78879,0,0.10668,28.874
0.023995,3.7549e-06,0.00020824,0.0093264,0.82533,0.01633,0,0.078015,0.85568,0.81356,0.77289,0,0.80324,0.0089687,22.411
4.6782e-07,0.7839,0.00032203,8.1009e-06,0.63706,0.014513,0,0.77641,0.058822,2.1648e-05,0.80954,0.79567,0,2.2106e-10,23.625
0.044915,0,0,0.0039124,0.83249,0.044294,0.0023999,0.039775,0,0.025764,0.81128,0.00043598,0.050111,0.015268,27.619
0.76116,0.84017,0.014748,0.82326,0.0065326,0.015385,0.08576,0,0.82017,0.069899,0.016913,0.82268,0,0,22.789
0.0031454,0.75833,0.016026,0.0085744,0.052415,0.015373,0.0016639,0.013651,0.8218,0.81835,0.81291,0.82173,0.0021558,0,23.254
0.8331,0,0.0049322,0.0001312,0.70068,0.04843,0.0089235,0.80816,0.0022668,0.8394,0.78962,0.060679,0.093902,0.054864,24.267
0.010626,0.81786,0.83192,0.83146,0.83926,0.82991,0.0016956,0.78614,0.02696,0,0.025808,0.014616,0,0.83712,18.573
0,0.83951,0.029321,0.0061346,0,0.8474,0.76012,0.18206,0.85256,0.1444,0.022223,0.71407,0,0.043054,22.491
0.02501,0.11859,0,0.20135,0,0.00020456,0.85821,0.85792,0.83942,0.72584,0.0020464,0.83295,0.0057978,0.80917,21.419
0,0.086759,0,0.0084684,0.84131,0.028609,0.73506,0.071274,0.060536,0.80821,0.77316,0.79337,0.0052864,0,24.391
0.019116,0.0029457,0.79028,0.80421,0.82877,0.015567,0.79046,0,0,0.71504,0,0.0025945,0.83195,0.83025,19.694
0.84967,0.0024299,0,0.80983,0.7808,0.0021611,0,0.83274,0.8377,0.84795,0,0.74088,1.0554e-05,2.2147e-08,19.963
0.0014718,0.85522,0.0060741,0.00012507,0.83151,0.79871,0.78427,0.81786,0.00010384,0,0.84746,0.038122,0.833,0.060598,18.766
0.81076,0.076707,0.82814,0.75627,0,0,0.83159,0.83123,0.83194,0.018095,0.022353,0,0.0028422,0.85073,18.604
0.79513,0.71465,0.0088971,0.0070817,0.84129,0.7921,0,0.0076923,0.81219,0.132,1.2554e-07,0.76707,0.001009,0.7313,21.4
0.030802,1.4667e-05,0.00022842,0.81195,0.0038978,0.00019222,0,0,0.013295,2.1535e-05,0.043844,1.1921e-08,0.005157,0,29.401
0,0.00065462,0,0.77693,0.84037,0.81521,0.051349,0.0425,0.75621,0.060471,0.78013,0.81745,0.8567,0.11633,21.161
0.024483,0.043789,0.022214,0,0,0.017807,0.038771,0.77039,0.0052617,3.6068e-05,0.040889,0,1.7072e-05,0,28.497
0,7.4748e-06,7.5152e-08,0.000526,0.84041,0.81903,0.052267,0.042328,0.024971,0.84657,8.3407e-07,0.00043654,0.83233,0,24.419
0,0.060479,0.0026081,0.81121,0.00054284,0.82805,0.826,0,0.82087,0.80395,0.76018,0,0.0092526,0.82103,19.043
0.7902,0.72772,0.73587,0.83018,0.79411,0.014051,0.8186,1.8038e-05,0.019909,0,0.015324,0.8318,0.00050582,0.027915,21.086
0.0129,0.73711,1.272e-07,0,0.80588,0.02798,0.68683,0.80608,0.038672,2.3975e-06,5.7401e-05,0.012585,0.0050108,0.84846,25.178
0.046788,0.040214,0.84252,0.031664,0.024474,0,1.0466e-05,0.80998,0,0,0.82606,0.1503,0.83038,0,24.13
0.10148,0,0.81661,0.83626,0.0030267,0.02142,0.81526,0,0.83227,0.010879,0.83063,0,0.79666,0.030672,20.226
0,0.0043882,0.20256,0.83184,0.00079524,0.012749,0.84587,0.00013557,0.002627,8.8116e-05,0.01422,0.011443,0,0.77204,25.767
0.040221,0.75261,0.6972,0.84522,0.025195,0.82076,0.026787,0.8244,0.85711,0.00075689,0.0026776,0.0026234,0.81552,0.00029537,20.07
0.7431,5.4058e-05,0.044915,0.75719,0.017959,0.0043258,0.85269,0.85914,0.7577,0.015593,0.80864,0.78838,0.0059071,0,20.142
0.84751,0.85388,0.00013615,0,0.70658,0.77087,0.75693,0.74097,3.037e-06,0.80657,0.015104,0,0.0074971,0,22.03
0.011662,0.79226,0.76815,0,0.77698,0,0,0.0039229,0.021416,0.78927,0.0014643,0.00063476,0,0.002256,25.464
0.021116,0.014494,0.83725,0.74171,0,0,0,0.73981,0.83022,0.85068,0.0085124,3.7122e-05,0.73218,0.80815,20.521
0.8349,0.027042,0.76715,0.74171,0,0.84555,0,0.09379,0.011327,0.80845,0,0.76783,0.8325,0.01247,21.295
0.82899,0.045028,0.011262,0,2.0311e-05,0,6.0549e-05,0.038048,0.81852,2.0758e-08,0.8005,3.174e-07,0,0.81898,24.029
0.042178,0.71823,0.81575,0,0.83677,0.76949,0,0.83613,0.045678,0,0,0.74191,0.79392,0,20.606
0.050978,0,0.69184,0.0041117,0.025195,0.8182,0.026787,0.0015353,0.7928,0.00075689,0.77411,0.0028084,0.00014163,0.72924,24.171
0.00013955,0.7917,0.72761,0.83433,0,0.032757,0.83896,0.81759,0.00022129,0.03911,0.81768,0.045916,0.050545,0.75694,20.861
0.81273,0.80183,0.0076699,0,0,0.83783,8.812e-06,0.00023488,0.0078964,0,0.81975,0.00042357,1.0705e-05,0.0038342,24.396
0.81498,0.18555,0,0,0,0.0070241,0,0,0.10648,0.0023054,0.80902,0.012793,0.78754,0.017726,24.923
0,0.010753,0.8491,0.016358,0.0047161,0.85927,0.00022619,0.0015278,0,0.83967,0.79361,0,6.6348e-05,0.001077,24.413
0.71554,0.015641,0.028931,0.0013498,0.76802,0.00032918,0.0006896,0,0.0038392,0.030713,0,0,0.84255,0.85569,24.926
0.84401,0.006151,0.85812,0.011072,0.041639,0.0096742,0.76386,0.794,0.75984,0.81459,0.84666,0.0028097,9.4359e-06,0.017765,21.806
0.76991,0.01122,0.84584,0,0.79073,0.84209,0.76874,0.010122,0.78229,0.00052387,0.82511,0.0092574,1.0645e-05,0.00048092,20.328
0.010845,0.00066457,0.8113,0,0.031483,0.79818,0.82891,6.2044e-06,0.012763,0.013228,0,0.00010647,0.80262,0.035931,24.477
0.00011654,0.77225,0.0043467,0.80739,0.8461,0.016523,0,0.81549,0.0073419,0.76709,0.78586,0.23025,0.84101,0.0026729,19.429
0.015985,0,0.80556,0.82408,0.82776,0.82612,0.81653,0,0.82984,0.82626,0.03701,0.010453,0.0098874,0.01227,19.357
0.85249,0.75238,0.043815,0.050606,0.79784,0,0.043434,0.007065,0,0.83566,0.78603,0.84569,0.071406,0.8183,20.099
0.00053787,0.00016596,0,0.015641,0.00413,0.085422,0.077533,0.029842,0.81383,0.17723,0.74368,0.045027,4.845e-05,0,26.88
0.85316,0.80206,0.00014386,0.80872,0.0053903,0.016619,0.016627,0.047455,0.0080823,0.0046951,0.025303,0.23025,0.85492,0,23.816
0.026277,0.82982,0,0.83184,0,0.0045158,0.71048,0,0.014559,0.83334,0.039806,0.76294,0,0.83349,21.596
0.023551,0,0.0015968,0,0.79643,0.80801,0.784,0,0.041051,0.033974,0.00010292,0,0.018117,0.002467,26.179
0.80958,0.71088,0.85714,0,7.5674e-05,0,0,0.07496,0.8487,0.77005,0.82586,0.0027373,0.84306,0.77392,20.014
0,0.82964,0.8353,0.0061346,0.69285,0.037187,0.78736,0.18206,0.82999,0.13057,0.022723,0,0.85283,0.0078714,20.563
1.7855e-05,0.7502,0.79065,0.02514,0.0041277,0.022831,0.036527,0,0,0.078423,0.0017198,0.82837,0,0.0027564,26.144
0,5.6272e-05,0.83042,8.3115e-06,0.77353,0.0078442,0.00013082,0,9.1883e-05,0,0.80468,0.85146,0.005702,0.7405,22.814
0.028382,0.76131,0.7078,0.78846,0,0.77244,0.75704,0.0036512,0,0.022646,0.82985,0.68805,0.83412,0.010757,19.801
0.016124,0.85816,0.73845,0.12037,0.07917,0.85153,0.83164,0.68877,0.0024954,0,0.017426,0.83549,0.0055759,0.83478,19.938
0.046356,0,0.047459,0,0.014195,7.0429e-06,0.83258,0,0.83045,0.81166,0,0.028727,0.0036956,0,27.337
0.028937,0.80211,0,0.78785,0.027723,0.7705,0,6.4101e-05,0.10329,2.7303e-05,0.00037822,0.85738,0.79759,0.82292,20.936
0,0.040499,0.000107,2.9747e-05,0.01942,0.80634,0.81882,0.001671,0,5.8102e-11,0.79517,0.0032318,0,0.046969,26.224
0.75139,0.0055017,0.029318,0.82479,0.020701,0.73899,0.78762,0.027045,0.064157,0.14628,0.019672,0.012092,0.0064367,0,25.352
0.7907,0,0.00052634,0.016195,0.81408,0.82631,0.84436,0.74051,0.84946,0.025869,0.0091319,0.81498,0.010784,0,19.256
0.0030673,0.01548,0.85781,0,0,0.075448,0.77908,0.03098,3.0148e-06,0,0.82143,0.048416,0.032359,0.0017716,25.509
0.80749,0.72827,0.74014,0.74613,4.5987e-05,0.6887,0.0001307,0.84542,0.0010075,0.79757,0,0.022176,9.936e-06,0.045821,21.637
0.00041042,0.83299,0.0054091,0.012553,0.026654,0.011754,0.83269,0.81834,0.82238,0.023749,0.8533,0.71255,0.83186,0.018705,19.497
0.81715,0.83046,0.67589,0.044577,0.010085,0.85142,0.025136,0.038648,0.78432,0,0.040211,0.78695,0.75828,0.042096,20.553
0.0012005,0.046949,0,0.81867,0.024063,0,0.74765,0.13099,0.043575,0.0068255,0,0.79488,0.74191,0.073993,24.908
0.83118,0.016119,0,0.01501,0.79827,0,0.018361,0.80745,0.0076091,0,0.018108,0.84538,0.063048,0.03,24.894
0.76801,0.0022743,0.64588,0.69077,0.017803,0.70373,0,4.9824e-06,0.78335,0.0025358,0.029229,0,0.77196,0.84623,24.239
0,0.7668,0,8.1399e-06,0,1.2965e-07,0.033749,0.82401,0.80505,2.1648e-05,1.0446e-05,0.76041,1.0554e-05,2.2129e-08,24.244
0.0060506,0.82196,0.84374,8.1009e-06,0.84094,6.0973e-06,1.0092e-05,0.83134,0.8377,0.85104,0,0.00084893,1.0554e-05,0.84093,18.283
0,0.78317,0.12086,0.75519,0.83028,0.00091207,0.8533,0.026056,0.012868,0.003489,0.84257,0.0067986,0.81809,0.82346,19.816
0.75386,0.019017,0.0083129,0.81867,0.81614,0.78949,0.76451,0.018373,0.8361,0.0061031,0.011838,0.011465,0.82092,0,19.472
0.016242,0.000132,0,0.8354,0.85133,0.011667,0,8.6707e-07,0.0034044,0,0.047635,0.81455,0.79374,0.83368,22.137
0.83471,0.018132,0.043869,0.063259,0.0048651,0.022272,0,0.14199,0.81021,0.83344,0.83553,0.80425,0.78927,0,20.594
0.016403,0.80346,0.086104,0,0.82908,0.0050687,0.010286,0.016572,0.012694,0.013962,0.00042103,0.78806,0.00071446,0.7434,24.258
0.035592,0.00020869,0.664,2.7724e-07,0.84323,0.83686,0,8.6472e-07,0.0032786,0.0002485,0.81982,0.0084151,0.76305,0.81375,21.502
0.7869,0.054944,0,0.83569,0.76471,0.00061551,0,0,0.0083356,0,0.11993,0.023594,0.0078051,0.84161,24.375
0.83535,0.00088563,0,0,0.83634,1.2323e-07,0.00025117,0,0.81532,4.5633e-05,0.015752,0.73706,0.73414,0.00054244,22.982
0.047241,0.02719,0,0.82377,0.83298,0.064266,0.84017,0.039775,0.83364,0.025764,0.0089338,0.7616,0.050111,7.4868e-05,22.723
0.0083785,0.67472,4.702e-05,0.0054518,0.71242,0.81551,0.025855,0.033195,0.82846,0.78521,0.775,0,0,0,22.489
0,0,0.82894,0.010457,0,7.0582e-06,0.83655,0.018202,0.007305,0.76527,0,0.82869,0,4.4526e-05,25.647
0.82619,0.018763,0.044587,0.016746,0.0047411,0.02033,0.80241,0.011714,0,0.04782,0.75119,0.75771,0.030857,0.16909,24.397
0.00080117,0.7859,0,0.045772,0.0020818,0.020758,0.74755,0.0014493,0.058539,0.75244,0.76315,5.3704e-05,8.6487e-05,0.043016,24.761
0.67609,0.85056,0.00066398,8.3853e-06,0.00026103,0,2.1501e-08,0.73871,0.024255,0,0.81194,0.0022534,0.7301,0.81527,22.093
0.020467,0.018132,0.67366,0.063259,0.004171,0.61095,0.015725,0.70811,0.81021,0.82173,0.84514,0.00075114,0.78927,0.039939,22.02
0.83357,0.0067701,0.043455,0.81061,0,0,0,0.089154,0,0.84007,0.80944,0,0.011432,0.014977,26
2.4009e-06,0.059484,0.78164,0,0,0.00065122,0,0.75565,0.81535,0,0,0.046348,0.0010177,0.74429,26.457
0.74837,0.82786,0.0027291,0.0034053,0.023749,0.0096742,0.73436,0.0064759,0.76158,0,0.040524,0.0028097,9.4359e-06,0.84699,24.674
0.019116,0.0029457,0.85719,0.0012658,0.8249,0.015567,0.78938,0,0,0.79833,0.82673,0.0026725,0,0.83641,20.553
0.01153,0.086759,0,0.0084684,0.84131,0,0.73506,0.071274,0.80101,0.80821,0,0.79337,0.83955,0,22.082
0.78368,0.058734,0,0.015529,0.010575,0.074084,0,0.76504,8.9464e-05,0.74228,0.032852,0,0.71936,6.461e-08,25.572
0,0.038578,0.00047638,0.8314,0.84924,0.11655,0,0.832,0,0,0.76013,0.0057131,0.0087793,0,23.769
0.0062641,0.83168,0.00025582,0.010571,0.0053185,0.0066171,0.75274,0.0090662,0.0056866,0.80396,0.85805,0.81333,0.836,0.85883,19.218
0.019782,0.11565,0.85841,0.85497,0,0.0073681,0,0.65075,0.67885,0.11314,0.80586,0.00014441,0.027489,0.016813,23.994
0.7613,0.042215,0.015568,0.78495,0.0077037,0.76666,0.0001374,0.0079276,0.83415,0.060161,0.83083,0.78892,0.0059071,0.11227,20.804
0.76386,0.76451,0.85757,0.77955,0.010436,0.00039824,0,0.026056,0.026624,0.027524,0.84257,0.72681,0.8319,0.82346,19.435
0,0.012677,0.80373,0.062878,0,0.022032,0,0.14057,0.80403,0,0.80427,0.80425,0.78927,0,23.522
0,0.74553,0.020553,0,0.17406,0.095838,0.00013107,3.759e-05,0.001368,0.0018715,0.040221,0.14998,0.0323,0.015528,29.651
0.84115,0.03978,0.74732,0.056058,0.70024,0.85698,0.038376,0.18047,0.0023118,0,0.0020313,0.73504,0.78371,0.62399,21.551
0.74301,0.055623,0.82529,0.038821,0.83985,6.7593e-06,0.017473,0.15943,0.83387,0,0,0.034771,8.1179e-05,0.81618,22.42
0.79984,0.81286,0.85809,0,0,0.066159,0.74511,5.5662e-05,0.82985,0.8138,0.0041983,0.082484,0.00054185,0.011618,22.05
0.78559,0.00025951,0.83969,0.001401,0.0054087,6.1525e-06,0.69264,0,3.9699e-05,0.13167,0.022151,3.3698e-07,0.75472,0,24.62
0.74106,0.83439,0.77645,0.0024253,0.7159,0.035144,0.0001419,0.84844,0,0.013788,0.78092,0.022824,0,0,21.926
0.081388,0.0031229,0.091168,0.0085126,0.052415,0.79732,0.79402,0.013935,0.7131,0.82201,0.81324,0.82317,7.3197e-06,0.004024,21.988
0.0055944,0.76575,0.12238,0.7917,0.77893,0.023942,0.82989,0.78495,0.00022696,0.021645,7.4645e-05,0,0.81756,0,22.664
0,0.72075,0.72605,1.0355e-05,0.85134,0,0.78591,0.7681,0.005428,0.04914,0,0.81693,0,0,23.785
2.7311e-06,0.85746,0.79454,0.73894,0.048544,0,0.78867,0,3.0148e-06,1.1967e-07,0.00026754,0.01595,1.0554e-05,3.2093e-08,26.046
0.036353,0.04545,0.00045517,0.081064,0.83529,0.066238,0.8314,0.83131,0.83141,0.85096,0.76038,0.068804,0.082588,0.044641,21.563
0.83054,0.014445,0.7954,0,0.69189,0,1.0092e-05,0,3.0148e-06,0.013769,1.0853e-08,0.8216,1.0554e-05,3.2093e-08,25.177
3.7004e-05,0.81098,0.011471,0.68955,5.1728e-05,0.0015142,0.0003208,0.013491,0.77351,0.12778,0.035794,0,0.82596,0.75839,24.903
0.0069281,0.70112,0.031117,0.074208,0.012926,0.79067,0.79225,0.79659,0.0019555,0.082542,0,0.74412,0.79392,0,22.555
0.00094576,1.4707e-05,2.674e-05,0.00032265,1.5237e-05,6.0973e-06,9.2244e-06,0.077195,0,2.1648e-05,0,0.092714,0.80555,0.0094483,29.268
0,0.010803,0.84823,0.0044728,0.0047161,0.015687,0.10996,0.0015702,0.79071,0.80924,0.065282,0,0,0.001077,25.427
0,3.4954e-06,0,8.0786e-06,1.1605e-05,0.82879,2.0799e-08,0,0,0.75326,1.0446e-05,0.84917,0.019673,0.0092837,25.621
0.85074,0.0029809,0.024362,0.001347,0,0.046418,0.73476,0.071421,0.79817,0,0.034962,0.7218,0.85044,0.73431,22.875
0.022892,0.8176,0.0016952,0.0027257,0.79364,0.024925,0,0.015882,0.83051,0,0.040378,0.018413,0.032156,0.86027,24.816
0.74694,0.18555,0,0,0.843,0.82893,0.034623,0,0.10648,0.0023054,0.83315,0.012793,0.78947,0.017497,21.802
0.0069281,0,0.030274,0.074208,0.01291,0.00053646,0.79225,0.77272,0.0019551,0.0050356,0,0,0.79392,0,26.781
0,0.85536,0.79527,0.77294,0.71594,0.74631,0.002713,0,0.82961,0.00029277,0.022588,2.0216e-05,0,0.010932,25.055
0.041253,0.020752,0.00011228,0.85441,0,0.047416,0.82153,0.78392,0.76949,0.052449,0,0.0017052,0.78902,0.82478,21.134
0.6081,9.9683e-08,0.01556,0.025995,1.6916e-07,0.0018672,0.75758,0.8368,0.012948,0,0.00015479,0.002503,1.0645e-05,0.00090733,26.88
0.049823,0.76131,0.73412,0,0,0.77244,0.023884,0.0036512,9.7434e-05,0.022646,0.0056748,0.0076929,0.83412,0,25.474
1.4354e-06,0.014191,0.014477,0.81624,0,0,0,0.81998,0.0074689,0.84827,0.0013981,0.067053,0,0.033622,25.52
0.8305,0.78171,0,0.83417,0.74986,0.74213,0,0,0.83186,0.85783,7.3947e-05,0.78784,0.78284,0,16.846
0.84981,0.07718,0,0,0.037277,0.0020437,0.0056139,0.06446,0.81502,0.83504,0.011396,0.037141,6.7823e-08,0,25.672
0.050978,0,0.69308,2.1327e-05,0.025195,0.83397,0.026787,0.0015353,0.85711,0.00075689,0.0026776,0.0026234,0.81552,0.00061797,25.172
0.041253,0.020283,0.0040068,0.054281,0,0.78681,0.8222,0.078276,0.72706,0.052711,0,0.0011519,0,0.82109,25.18
0.036925,0,0,0.071179,0.0021908,0.8257,0.030765,0.72867,0.0023128,0.74556,0.8435,0.83727,0.0055592,0.85088,22.292
8.4091e-05,0.0014161,0,0.0087915,0.052415,0.0044323,0.79715,0.013651,0,0.8406,0.81786,0.026888,0.75056,0,24.563
0.7862,0,0.015848,0.78495,0.83211,0.026282,0.0010518,0.0074931,0,0.061283,0,0.73333,0.0057977,0,24.524
0.84692,0.013536,0.0079051,0.00071131,0,0.028399,0.0053385,0.83122,0.045796,0.1764,0.81826,0.8213,0.011567,0.00066601,24.701
0.040221,0.013285,0.69308,0.0007109,0.025195,0,0.026787,0.8244,0.85711,0.00075689,0.0026776,0.0026234,0.81552,0.00061797,24.637
0.045607,0.024874,0.038844,0.00026157,0.0054728,0,0,2.3059e-05,0.84063,0.0033781,0.84048,0.0018738,0.81661,0.82721,23.652
0.035581,0.071427,0.093029,0.0069946,0.63706,6.0973e-06,1.0092e-05,0,0.00014238,1.2334e-05,0.0004704,3.4189e-07,0,4.0521e-10,29.521
0.54753,0.83072,0.80712,0.043724,0.19658,0.12221,0.00043254,0,4.1005e-05,0.76555,0.049129,0,0.045311,0.81878,25.057
0.055645,0.011897,0,0.80147,0.74658,0,0.0034586,0.021267,0.81513,0.022855,0.01604,0.011253,0.8346,0.024028,24.575
0.023685,0.04046,0.75564,0.76864,0.00401,0.00019435,0.015713,0.75983,0.014525,0.75043,0.81313,0.81622,0.83154,0.79939,18.364
0,0.0028722,0.85707,0.84018,0.001568,9.2879e-08,0.73361,0.00013611,0,0.036472,0.0042713,0.69574,0,0.0096654,24.653
0.072614,0.82133,0.00077311,0,0.00067589,0.0053383,0.82097,0.83337,0.79594,0.18651,0.00051397,0.0015213,0,0.0094409,24.44
0.034117,0.021048,0.85577,0.0037822,0.84186,0.85843,0.82136,0.017716,0,0,1.0506e-05,4.6401e-05,0,0.82393,22.936
0.0037787,0.71465,0.0001677,0.0072267,0,0.7921,0.022483,0.0076923,0.0021878,0.08251,0,0.78548,0,0.029907,26.278
0.81422,0.72696,0.82727,0.78844,0.81076,0.030258,0.85076,0.77823,0,0.81607,0,0,0.0069959,0.80149,16.528
0.016981,0.72827,0.72287,0.74613,0.83511,0.039969,0.0001307,0,0.0010195,0.0082584,0.048348,0.81248,0.80816,0.12246,22.458
0.012321,0,0.027119,0.78067,0.84906,0.84533,0,0,0.00535,0.83317,0.047635,0,0.01041,0.0071855,23.956
0.02501,0.83075,0.014777,0.82574,0.8329,0.00013196,0.052673,0.82519,0,0.72899,0,0.7308,0.067285,0.80886,20.855
0.0004455,0.021308,0,0.82125,0.0020818,0.020833,0.7002,0.0015313,0.05826,0.76446,0.0037535,3.2351e-06,0.0065981,0.00070321,26.341
0.034061,0.8372,0,0,0.050961,0.0049003,0,0,0.82019,0.81441,0.016525,3.4189e-07,5.7389e-05,1.5396e-09,25.748
0.81444,0.00064877,0.03058,0,0.10762,0.78694,0.79366,4.6338e-06,0.046277,0.027941,0,0.033871,0.79234,0.82967,22.477
0,9.9683e-08,0.019843,0,0,0.0018672,0.75758,0.8368,0.012948,0.78981,0,0.15046,0.00022664,0.00066043,25.387
0.74651,0.032936,0.82961,0.79873,0.0054723,0.82414,0.021145,0.83691,0,0.02662,0.81963,0.82957,0.008753,0.02467,20.322
0.77602,0.012726,0.016174,0.011218,0.85493,0.77032,3.3575e-05,0.013882,0.013985,0.75888,0.032216,0.77049,0.018259,0.029071,23.918
0.062003,0.042029,0,0.13208,0.011649,0.00011727,0.72092,0.77686,0,0.83848,0,0,0.78066,0.84622,23.691
0.022337,0.77495,0.84206,0.75548,0.00032024,0.012159,0.058599,0,0.032586,0.80644,0.0015411,0.0018779,0.025995,0,24.412
0,0.045121,0.84252,0.032343,0.023967,6.1525e-06,1.0466e-05,0,0,0,0.017288,0.79039,0.73768,0,26.386
0,0.72411,0.0085423,0.0069774,0.0001971,0.85843,0.019682,0.0053592,0,0.81036,0.016553,3.4189e-07,0,1.5396e-09,25.677
0.73922,0.80216,0.74025,0.073252,0.84932,0.027811,0.017571,0.69819,0.0033892,0.024952,0.030731,5.1287e-06,0.83032,0.83317,20.43
0.027745,0,0.085378,0.00013309,0.69979,0.050304,0.0090319,0.808,0.0022668,0.8394,0,0,0.09692,0.054864,27.443
0.84204,0.00052388,0.0062792,0,3.9993e-06,0.83627,0.77188,0.05976,3.0148e-06,0.80379,0.82654,0.018957,1.0554e-05,0.0017367,22.661
0.0074066,0.83956,0.0019451,0.0037917,0.79332,0,0,0.0068709,0.046271,0.083844,0,0,0.82495,0,25.116
0.06032,0,0.70493,0.81173,0.010158,0.85133,0.84662,0.026579,0.0037518,0.8276,0.036435,0.78362,0.026154,0.85936,19.592
0.047239,0.00088526,0.73072,0.073269,0,0.76199,0.012671,0.84786,0.0012915,0.81043,0.061753,0,0.059265,0.036506,24.362
0.011729,0.0003536,0,0.75962,0.00017292,0.84093,0,0.0004266,0.73655,0,0.0029244,0.0009008,0.03197,1.0334e-05,26.793
0.00023321,0.014445,0.79454,0,0.048544,0,1.0092e-05,0,3.0148e-06,1.1967e-07,1.0853e-08,0.01595,1.0554e-05,3.2093e-08,28.974
0.062764,0.6518,0,0,0.001412,0.064718,0.83171,8.0019e-05,4.3226e-05,0,0.010789,0.73653,0.1831,0.8242,25.056
0,0.00044573,0.73083,0.82767,0,0.01453,0,0.079713,0,0.057222,0.00054968,7.5695e-05,0.81584,0.024638,25.921
5.2961e-06,0.76379,0,0.8199,0.0087168,0.072603,0.0010521,0,0.75423,0.0002375,1.1905e-06,0.0029002,0.00012931,7.2877e-10,27.518
0,0.039536,0.0067021,0,0.058046,0.78622,0.83158,0.0082117,0.018759,0.037148,0.8314,0.82075,0.018864,0.84632,22.628
0,0.7216,0.027651,0.074108,0.84579,0.022188,0.026548,0.16894,0.79042,0.053822,0.045037,0.81443,0.0010095,0,24.202
0.01153,0.085792,0.76115,0.8228,0.84131,0,0.00010662,0.020789,0.82616,0.80901,0,0.75816,0.84005,5.2532e-07,19.836
0.0004455,0.010924,0,0.82392,0.0020818,0.020677,0.74755,0.0014337,0.058104,0,0.79923,0,0.0065981,0.043016,26.294
0.043191,0.026434,0.77054,0.0065102,0.84295,0,0.028167,0.020789,0.046442,0,0.00015597,0.0034816,0.84005,0,26.011
0.011931,0.72275,0.0047898,0.80378,0,0.77252,0.82713,0.080059,0.805,7.0485e-05,0.79383,0.002771,0.00057453,0.014578,21.885
0,0.00076589,0.0062792,0.014862,0.82485,0.81461,0.77208,0.043097,1.3786e-05,0.84143,0.0034718,0.0191,0.2035,0.83023,22.203
0.0082093,0.67472,0,0.0091303,0.73469,0,0,0.74303,0,0.027121,0,0,0,0,27.083
0.025716,0.00092728,0,0,0,0.002487,0.040328,0.79091,0.0027112,0.75018,8.4833e-06,0.84801,0.10995,0.00903,27.101
0.023945,0.74298,0.026289,0.00037113,0.79475,0.83475,0.038341,0,0.041051,0.034259,0,0,0.010428,0.002467,26.413
0.84477,0.81828,0.0052237,0.012792,0.033323,0.012686,0.011542,0.77265,0.71617,0,0,0.84527,0.83787,0.011683,21.423
0.011804,1.2996e-05,2.648e-09,0,0,0.83808,0,0,0.007432,0.00078762,0.034111,0.0017747,0.00043016,0,28.948
0,0.063501,0.12704,0.79494,0.026189,0.80831,0.8312,0.84131,0,0.002005,0.051623,0.83846,0.054596,0.0053267,21.438
0.047556,0.78706,0.0055917,0,0.01059,0.011457,0,0.79197,0.005707,0.76145,0,0.0011569,0.78452,0.022893,25.843
0.82311,0.6866,0.071896,0.0010237,0.00020701,0.70915,0.85587,0.76731,0.043933,0.028536,0.77882,0.0003351,0.17536,0,23.378
0.00024649,0.84627,0.70897,0,0.00082967,0.78667,0,0.15322,0.83168,0.018069,0.027532,0,3.5298e-05,0.85005,22.736
0,0.029246,0.77094,0.82709,0.7892,0.85484,0,0.065128,0.0040011,2.4136e-07,0.042579,0.0059352,0.81809,0.0066802,22.89
0.00024406,0,0.0006646,0,0,0.00093606,0.69435,0.016679,0.0015649,0.082384,0.26413,0,0,0.030626,29.205
0.7922,0.018278,0.84987,0.83146,0.78054,0.80988,0.018361,0.80706,0.83108,0.035553,0.0015075,0.83332,0.82113,0.035314,15.911
0.012653,0.00052388,0.0062792,0.8413,3.9993e-06,0.081821,0.77911,0.73752,3.0148e-06,0.85253,0.83023,0.045974,0.050667,0.0017367,22.792
0.031937,0.011105,0.84535,0.0011593,0.76849,0.84243,0.7631,0.84463,0.8208,0.83528,3.977e-05,0.83345,0,0,17.8
0.02501,0.094663,0,0.20135,0,0.00013196,0.052673,0.14936,0,0.72584,0.0063824,0.73109,0,0.80886,26.02
0.033031,0.78858,0.031291,0.81199,6.5711e-09,0.047769,0.038253,0.83612,0.8341,0.83177,0,0,0,0.030171,24.175
0.021213,0.00033795,5.6282e-07,0.0097585,0.00015574,0.82879,2.0799e-08,0,0.00013708,0.75326,0.81254,0.82642,0.8051,0,22.568
0.012067,0.74667,0.13567,0.020692,0.78031,0.016898,0.0081445,0.001671,0.0024947,0.85093,0.83646,0.00061618,0.076831,0.035343,24.445
0.84284,0.78669,0.00062551,0.82947,0.812,0.00016993,0.01462,0.030506,0.78533,0.0016197,0.79116,0.79176,0.00049612,0.85229,18.418
0.83866,0.82169,0.042815,2.4621e-05,0.00043747,0,0.011458,0.78346,0,0,0.015693,0.035223,0.030372,0.0025217,26.903
0.02262,0.022114,0.0057831,0.76615,0.85419,0.0015325,0.060663,0.78049,0.011398,0.024533,0,0.082643,0.026346,0.76901,24.204
0.83471,0.018132,0.83469,0.062081,0.0048651,0.022272,0,0.14199,0,0.83344,0.83548,0.052324,0.78927,0,23.13
0,0.10716,0.64085,0,0,0,0.12459,0.74583,0,0,0.0011705,0.8476,0.81601,0.75924,24.739
0.024357,0.020426,0.0057831,0.03011,0.036273,0.03532,0,0.20351,0.020768,0.024533,8.8753e-05,0.10428,0.045625,0.76901,29.139
0.58353,0.00045486,0.00029873,0.80337,0.012118,0.02261,0.75695,0.81808,0.012998,0.73835,0.012776,0.019543,0.78956,5.884e-06,22.956
0.024058,0.077252,0.00055245,0.75303,0.00025071,0,0.00065203,0.75026,0.80371,3.1575e-05,1.1816e-05,0.0061628,0.73706,0,25.064
0.04422,0.059303,0.84535,0.0011593,0.76849,6.1525e-06,0.76286,0.015578,0.8208,0,3.977e-05,0.77799,0,0,23.296
0,0.001125,1.1835e-07,8.1399e-06,1.1605e-05,1.2965e-07,1.0092e-05,0,0.80505,2.1648e-05,1.0446e-05,3.4189e-07,1.0554e-05,3.2187e-08,28.617
0.84265,0.038826,0,0.071873,0.027956,0.72597,0.0054309,0.094283,0.012404,0,0.7829,0.80388,6.7823e-08,0.76602,23.816
0,8.0466e-05,0.034929,0.0026606,0.0012133,0.015164,9.0048e-05,0,0.0038813,0,0.83422,0,5.401e-05,0,28.427
0.78368,0.058738,0.095643,0.01549,0.64218,0.074084,0,0.013569,8.9464e-05,0.74228,0.0006546,0,0.68148,1.9441e-09,26.61
0,0.00033402,0.10505,0.018166,0.76165,0.85485,0,0.80424,0,0.079526,0,0.023866,0,0.0010891,25.968
0.0017376,0.73616,0.0013275,0,0,0.011467,0.8049,0,2.5355e-05,0.76052,0.0013981,0.83785,0,0.035235,24.98
0.04422,0.084047,0,0.032785,0.76849,0,0.83095,0.83364,0.049928,0.00017546,0.050656,0.76183,0.83179,0,23.058
0.84825,0,0.80469,0.0026606,0.0012133,0.83086,0.033522,0,0,0,0.85639,0.010828,0.0083315,0.80792,22.102
0,0.043789,0.014281,0.00024034,0,0.017807,0.038771,0.012218,0.0052617,0.85356,0.040889,0,1.7072e-05,0,28.334
0.63694,0.82572,0.84541,0.029186,0,0.75352,0,0,0.016321,0.028693,0.0042834,0.72004,0,0.80128,22.752
0.79499,0,0.80556,0.78622,0.82776,0.82612,0.02226,0,0,0,0,0.010929,0.0010498,0.012344,23.009
0.04422,0.045121,0.84615,0.032357,0.76849,6.1525e-06,0.76286,0.015578,0.0036437,0,0.017288,0.79039,0.80659,0,23.269
0.83698,0.07718,0,0.0019864,0.02869,0.0092855,0.0054309,0.093555,0.011787,0.0088746,0.011396,0,6.7823e-08,0,29.705
0,0.0050892,0.19657,0.83184,0.00079524,0.022533,0.84587,0.00013557,0.78453,0.00052776,0.032079,0.011443,0,0.014596,26.308
2.3815e-05,0.014445,1.1835e-07,0.060734,0,6.0973e-06,9.9484e-06,0,2.9721e-06,1.1967e-07,1.0252e-05,0.70275,1.0554e-05,3.2187e-08,29.919
0.83198,0.80354,0.017127,0.83861,0.067331,0.82952,0,0.16111,0.00092686,0,0.83867,0.81958,0.75888,0.02583,19.817
0,0.73536,0.010726,0.00055889,0.0001026,0.00018881,1.0083e-05,0,0.00016135,3.1527e-05,1.0992e-05,3.2996e-07,0.73426,0.85275,26.381
0.034673,0.83187,3.9848e-10,0.8238,0.85057,0.85801,0,0.012545,0.002651,0.010823,0.81197,0,0,0,21.841
0.0046982,0.83046,0,0.034058,0.83124,0.83204,0.83147,0,0.83183,0.012413,0.8335,0.85869,0.83004,0.0065713,16.758
0.7907,0.74915,0.00052634,0.80277,0.81408,0.82631,0.84436,0.74051,0.0033827,0.025869,0.0091319,0.8084,0.010784,0,17.97
0.80226,0,0,0.0094364,1.1508e-05,0.029614,0.81676,9.7908e-05,0.012763,0.68851,0,0.004167,0.013053,0.0013837,26.478
0.049133,5.3299e-06,0,0,0,0.02719,0,3.7811e-05,0.0027084,0.84896,0,0.84797,0.83917,0.014756,25.545
0.83118,0,0.83192,0.01501,0.78915,0,0.018361,0.80745,0.8314,0,0.018108,0.83332,0.014363,0.03,20.658
0,0.037913,0.83235,0.81589,0.81387,0.85231,0.019559,0.73888,0,0.80758,0.83463,0.83572,0.0030567,0,17.998
2.6001e-05,0.036963,0.009232,0,0.034912,5.9676e-06,0.014047,0,0,0.81754,0.00069446,0.011358,0.8481,0.78261,25.998
0.00041466,0.00065462,0,0.81413,0.82377,0.81521,0.051349,0.00016326,0.75621,0.78946,0.78013,0.79095,0,0.83885,19.784
0.72693,0.85962,0.0060251,0.85999,0.83173,0.83073,0.012622,0.83176,0.83141,0.85078,0.8319,0.0093047,0,0.060936,15.411
0.83866,0.82169,0.77352,2.4621e-05,0.032323,0,0.011458,0.030649,0.00085972,0,0.015653,0.0027121,0.030372,2.2775e-05,26.091
0.0013054,0.67409,0.013912,0.042793,0.00081402,0.032695,0.0075921,0.79513,0.18466,0.011643,0.76567,0.031636,2.8751e-05,0,27.873
0.039638,0.0014161,0,0.0087915,0.81692,0.0044323,0.79715,0,0,0,0.81786,0.8127,0.75056,0.012857,23.5
0.83866,5.5485e-05,0.77572,0.80946,0.053302,0,0.011521,0.75376,0.021292,0.79541,0,0,0.030372,0.72289,22.534
0.079384,0.67955,0.07705,0.016556,0,0.00095117,0.80197,0.030982,0,0.0066271,0.83267,0.82335,0.00016166,0.071083,25.72
0.00012225,0,0.66504,0.73353,0.0050066,0.84633,0.0082671,0.7514,0.01234,0.045592,0.8149,0.011548,0.83931,3.154e-08,22.652
0.81648,0.015492,0.043821,0.74297,0.0027775,0.72289,0.0070508,0.01057,0.051757,0,0.82511,0.0060049,1.0645e-05,0.0063239,25.932
0.82526,0.0030148,0.00088697,0.0092263,0.060981,0.03558,0.00014074,0.81786,0.83919,0.0012008,0.78597,0,0.76934,0,22.475
0.76669,0,0.015848,0.78495,0.84842,0.83834,0,0.0074931,0,0.060161,0.78654,0.73333,0.0059071,0.0027305,21.87
0.062888,0.012497,0.0014658,0.79249,0.0014564,0.72303,0.0014139,0.83076,0.0036419,0.83528,0,0.8302,0.00012347,0,22.594
0.022844,0.077252,0.00055245,0.75303,0.00025071,0.7528,0.00065203,0.75026,0.80371,0,0.014978,0.84427,0,0,23.024
0,0.8346,0.81353,0.83041,0.79742,0.032546,0.85338,0.035,0,0.80645,0.84161,0.02263,0.83724,0.00034345,17.298
0,0.76439,0.79065,0.0044342,0.0041277,0.015929,0.036527,0.80505,0,0.078423,0.0017198,0.057352,0,0.0010891,26.125
0.75041,0.01096,0.81767,0.051119,0.81027,0.77532,0.06251,0.77372,0,0.82472,0,0.77454,0.025741,0.76544,20.079
0.80714,0,0.045687,0.00013309,0.76244,0.050074,0.79364,0.8031,0,0,0.033429,0,0.79717,0.80085,23.17
0.015117,0.77603,0,0.033347,0.85133,0.018013,0.78145,8.2647e-05,0.80879,0.79737,0.047635,1.7085e-07,0.0057688,0,23.18
0.829,0.81375,0.0030834,0,0.85019,6.0973e-06,0.82528,0.83134,0.83758,0.82495,0.0088315,0.81938,0.0092926,0.84093,15.157
0.016242,0.024517,0,0.00025879,0.83777,0.017797,0,8.6707e-07,0.086079,0.83587,0.85408,3.0073e-06,0.81801,0.82745,22.818
0.80014,0.05521,1.1551e-07,0.83569,0,0.80696,0.053599,0,2.0538e-08,4.3892e-09,2.2573e-05,0.8392,0.026338,0.83711,22.233
0.084617,0.00010814,0,8.1009e-06,0.037417,0.7937,1.0419e-05,0.0026282,0.00025707,0.0055725,1.9956e-09,0.80672,0.75496,0.81052,24.422
0.00024313,0.84627,0.65727,4.0632e-07,0.00082967,0.02173,0,0.15322,0.83168,0.00069121,0.82252,0,3.5298e-05,0.85005,22.698
0.023551,0,0.0015968,0.037623,0.85873,0.80801,0.78384,0.80297,0.062856,0.81236,0.00010292,0.037219,0.016373,0.002467,22.75
0.82525,0.69087,0.033186,0.0014214,0.71031,0.028053,0,0.05999,0.039025,0,0.76421,0.012321,0.0049536,0,26.653
0.81698,0.82982,0,0.8608,0,0.8294,0.71724,0.05873,0.014559,0.83334,0.75991,0.76294,0,0.82081,18.079
2.5368e-05,0.0056276,0.832,0.044135,0.85284,0.82896,0.047168,0.18561,0.82477,0,1.1112e-05,0.71436,0.019673,0,22.86
0.047239,0.00088526,0.73072,0.073269,0,0.75435,0.012671,0.84447,0.0012915,0.81043,0.03936,0.80175,0.83338,0.0094456,21.181
0.014229,0.82746,0.83963,0,0,0,0.026548,0.021258,0.85134,0.77984,0.77562,0.0027313,0.00044773,0,23.254
0.01779,0.018331,0.76182,0.72723,0,0.77593,0.7515,0.0048381,0,0.033917,0.82159,0.00058597,0.032547,0.014352,24.329
0.028326,0.00022471,0.029833,0.81853,0.00067692,0.01498,0.00051286,0.77641,0.043349,0,0.81915,0.79534,0,0.82322,22.578
0.088476,0.019996,0.0054528,0.76615,0.85419,0.088495,0.069524,0.68171,0.0066121,0.024263,0,0.78033,0.026268,0.0085766,24.523
0.015991,0.83956,9.1267e-06,0.79438,0.8327,0,0,0.79095,0.8351,0.00025986,0,0,0.82495,0,20.71
0,0.028309,0.029321,0.0025231,0,0.84479,0.76012,0.18206,0.0057306,0.0041771,0,0.70508,5.3245e-05,0,26.005
4.5543e-05,0.00033402,0.79576,0,0.0063569,0.015321,0.7739,0.80505,0.019786,0.078423,0,0.79906,0.00025999,0.63403,24.057
0.028937,0.053802,0.01853,0.78785,0.027723,0.73754,0,6.4101e-05,0.10329,0,0.00035715,0.038839,0.79759,0.82292,25.561
0.81284,0.77972,0.82832,0.01034,0.031061,0.070225,0.79031,0.65804,0,0.0093969,0,0.067809,0.030057,0,23.411
0.10476,0.75161,0.13567,0.020692,0.72546,0.0092576,0.0081445,0,0.0024947,0.85093,0.81821,0.81557,0.82747,0.0082823,21.535
0.8215,0.7663,0,0.010335,0.028259,0.068453,0.052991,0.65887,0.76051,0.0013097,0.78673,0,0.011746,0.00019676,25.064
0.82462,0,0.79576,0.816,0,0.82757,0.7739,0.80598,0.84593,0.81099,0,0.80083,0,0.63403,15.325
0.74768,5.2977e-05,0.00055729,0.010594,0.85264,0.042366,0.11685,0,0.72356,9.7306e-06,0.77392,0.83294,0.012797,0.0080461,23.41
0.054956,0.03865,0.014163,0.00010392,0.00086115,0.028752,0.024569,0.83659,0.76778,0.67133,0.76345,0.0045792,0.034324,0.72446,25.132
0.74964,0.019211,0.0085178,0.0068613,0.81614,0.0044101,0.78958,0.0064793,0,0.7958,0.0072133,0.075842,0,0.81315,22.336
0.72698,0.80515,0.010303,0.0040462,0.035042,0.6425,0.0006096,0.8271,0.80716,0.83784,0.0023931,0.74086,0.1107,0.036266,21.532
0.0082093,0.67472,4.702e-05,0.0091607,0.71242,0.81551,0.00011111,0.77762,0,0.78521,0.79275,0,0,0,23.853
0.041436,0.0049719,0,0.082075,0.007104,0.79819,0.84617,0.76699,3.0999e-06,0.79348,0.015732,0.81985,0.021082,0.81674,21.68
0.82963,0.014445,0.8076,0.041919,0.76775,0,0.75983,0.01573,3.0231e-06,0.013531,0.79771,0.82404,0.022534,0.00022397,21.694
0.028937,0.80211,0,0.78785,0.027723,0,0,6.664e-05,0.014794,2.7303e-05,0.00037822,0.85722,0,0.84618,23.671
0,0,0.067525,0.017094,0,0.021823,0.81526,0,0.81409,0,0.79729,0,0.79666,0.012649,24.308
0.012067,0.74401,0.82189,0.020692,0.79435,0.0092576,0.0078375,0,0.85203,0.84997,0.81407,0.73476,0.83142,0.84193,16.572
0.8143,0.72987,0.82875,0.15953,0,0.011624,0.82924,0.00020355,3.6508e-05,0.11369,0.77933,0,0.79484,0.82286,20.824
0.085871,0.013863,0,0.050565,0.78023,0.79636,0,0.80773,0.0050323,0.0057952,0,0.80964,0,0.80959,22.823
0.81278,0.011797,0.00045951,0.83568,0.011986,0.064718,0.83162,8.0019e-05,0,0.82144,0,0.73653,0.16542,0.8242,21.474
0,0.043789,0.014281,0.8043,0.014795,0.017807,0.09822,0.012218,0.035233,0,0.040889,0.75256,1.7072e-05,2.1905e-08,27.024
0.81869,0.077252,0.000413,0.72155,0.00025071,0.77024,0.066173,0.75026,0.80372,0,0.014978,0,0,0,23.388
0.82601,0.75229,0.0018487,0.82133,0.78044,0.02292,0.82348,0.0016725,0.06471,0.84939,0.72072,0.81493,0.050808,0.11081,18.949
0.85491,0.0029809,0.042639,4.1081e-05,1.8501e-05,0.0037217,0,0.85183,0.79817,0.020187,0.034962,0.73201,0,0.73431,24.429
0.83375,0.83439,0.7822,0,0.7159,0,0,0.022959,0.0014774,0.01361,0.78843,0.8346,0.7934,0,19.519
0.094683,9.4971e-05,0.8445,0.84706,0.82845,0.83011,0,0.81637,0.85585,0.00078762,0.81697,0.00083139,0.00042373,0,18.65
