0.011049,0.011049,0.015625,0.022097,0.03125,0.044194,0.0625,0.088388,0.125,0.17678,0.25,0.35355,0.5,0.70711,0
2.5167e-08,2.5167e-08,3.5592e-08,5.0334e-08,7.1183e-08,1.0067e-07,1.4237e-07,2.0134e-07,2.8473e-07,4.0267e-07,5.6947e-07,8.0535e-07,1.1389e-06,1.6107e-06,1
0.011049,0.011049,0.015625,0.022097,0.03125,0.044194,0.0625,0.088388,0.125,0.17678,0.25,0.35355,0.5,0.70711,0
6.7653e-19,6.7653e-19,9.5676e-19,1.3531e-18,1.9135e-18,2.7061e-18,3.827e-18,5.4122e-18,7.654e-18,1.0824e-17,1.5308e-17,2.1649e-17,3.0616e-17,4.3298e-17,1
0.0028515,0.0028515,0.0040327,0.005703,0.0080653,0.011406,0.016131,0.022812,0.032261,0.045624,0.064523,0.091249,0.12905,0.1825,0.96615
0.005989,0.005989,0.0084698,0.011978,0.01694,0.023956,0.033879,0.047912,0.067758,0.095825,0.13552,0.19165,0.27103,0.3833,0.84035
0.0012139,0.0012139,0.0017168,0.0024279,0.0034335,0.0048558,0.0068671,0.0097115,0.013734,0.019423,0.027468,0.038846,0.054937,0.077692,0.99395
0.0041019,0.0041019,0.005801,0.0082039,0.011602,0.016408,0.023204,0.032816,0.046408,0.065631,0.092816,0.13126,0.18563,0.26252,0.92854
0.0088625,0.0088625,0.012533,0.017725,0.025067,0.03545,0.050134,0.0709,0.10027,0.1418,0.20054,0.2836,0.40107,0.5672,0.59718
0.0019361,0.0019361,0.0027381,0.0038723,0.0054763,0.0077446,0.010953,0.015489,0.021905,0.030978,0.04381,0.061957,0.08762,0.12391,0.98454
0.00059653,0.00059653,0.00084362,0.0011931,0.0016872,0.0023861,0.0033745,0.0047723,0.006749,0.0095445,0.013498,0.019089,0.026996,0.038178,0.99855
0.00029338,0.00029338,0.0004149,0.00058676,0.0008298,0.0011735,0.0016596,0.002347,0.0033192,0.0046941,0.0066384,0.0093881,0.013277,0.018776,0.99965
0.010367,0.010367,0.014661,0.020734,0.029322,0.041467,0.058644,0.082935,0.11729,0.16587,0.23457,0.33174,0.46915,0.66348,0.34583
0.0073024,0.0073024,0.010327,0.014605,0.020654,0.02921,0.041309,0.058419,0.082617,0.11684,0.16523,0.23368,0.33047,0.46735,0.75045
0.00236,0.00236,0.0033376,0.00472,0.0066751,0.00944,0.01335,0.01888,0.0267,0.03776,0.053401,0.07552,0.1068,0.15104,0.97693
0.0049406,0.0049406,0.0069871,0.0098812,0.013974,0.019762,0.027948,0.039525,0.055897,0.07905,0.11179,0.1581,0.22359,0.3162,0.89447
0.0034184,0.0034184,0.0048344,0.0068368,0.0096687,0.013674,0.019337,0.027347,0.038675,0.054694,0.07735,0.10939,0.1547,0.21878,0.95094
0.0015575,0.0015575,0.0022026,0.003115,0.0044052,0.00623,0.0088105,0.01246,0.017621,0.02492,0.035242,0.04984,0.070484,0.099679,0.99004
0.0008914,0.0008914,0.0012606,0.0017828,0.0025212,0.0035656,0.0050425,0.0071312,0.010085,0.014262,0.02017,0.028525,0.04034,0.057049,0.99675
0.0025944,0.0025944,0.0036691,0.0051889,0.0073382,0.010378,0.014676,0.020756,0.029353,0.041511,0.058706,0.083022,0.11741,0.16604,0.97205
0.0037437,0.0037437,0.0052945,0.0074875,0.010589,0.014975,0.021178,0.02995,0.042356,0.0599,0.084711,0.1198,0.16942,0.2396,0.94085
0.0096597,0.0096597,0.013661,0.019319,0.027322,0.038639,0.054644,0.077278,0.10929,0.15456,0.21857,0.30911,0.43715,0.61822,0.48541
0.0044989,0.0044989,0.0063624,0.0089978,0.012725,0.017996,0.025449,0.035991,0.050899,0.071982,0.1018,0.14396,0.2036,0.28793,0.91335
0.010866,0.010866,0.015367,0.021733,0.030735,0.043466,0.06147,0.086931,0.12294,0.17386,0.24588,0.34772,0.49176,0.69545,0.18085
0.0080598,0.0080598,0.011398,0.01612,0.022797,0.032239,0.045593,0.064478,0.091186,0.12896,0.18237,0.25791,0.36474,0.51583,0.68404
0.0021416,0.0021416,0.0030286,0.0042831,0.0060573,0.0085663,0.012115,0.017133,0.024229,0.034265,0.048458,0.06853,0.096916,0.13706,0.98105
0.0054349,0.0054349,0.0076861,0.01087,0.015372,0.02174,0.030745,0.043479,0.061489,0.086959,0.12298,0.17392,0.24596,0.34784,0.87065
0.0066097,0.0066097,0.0093476,0.013219,0.018695,0.026439,0.03739,0.052878,0.074781,0.10576,0.14956,0.21151,0.29912,0.42302,0.80134
0.0031226,0.0031226,0.0044161,0.0062453,0.0088321,0.012491,0.017664,0.024981,0.035329,0.049962,0.070657,0.099924,0.14131,0.19985,0.95925
0.0017428,0.0017428,0.0024647,0.0034856,0.0049293,0.0069711,0.0098587,0.013942,0.019717,0.027885,0.039435,0.055769,0.078869,0.11154,0.98749
0.0013827,0.0013827,0.0019555,0.0027655,0.003911,0.0055309,0.0078219,0.011062,0.015644,0.022124,0.031288,0.044248,0.062576,0.088495,0.99215
0.0010531,0.0010531,0.0014893,0.0021062,0.0029786,0.0042124,0.0059572,0.0084248,0.011914,0.01685,0.023829,0.033699,0.047658,0.067398,0.99545
0.00074135,0.00074135,0.0010484,0.0014827,0.0020969,0.0029654,0.0041937,0.0059308,0.0083874,0.011862,0.016775,0.023723,0.03355,0.047446,0.99775
0.00045657,0.00045657,0.00064569,0.00091314,0.0012914,0.0018263,0.0025827,0.0036526,0.0051655,0.0073051,0.010331,0.01461,0.020662,0.02922,0.99915
0.00011133,0.00011133,0.00015744,0.00022265,0.00031487,0.0004453,0.00062975,0.0008906,0.0012595,0.0017812,0.002519,0.0035624,0.005038,0.0071248,0.99995
0.00019181,0.00019181,0.00027127,0.00038363,0.00054253,0.00076726,0.0010851,0.0015345,0.0021701,0.003069,0.0043403,0.0061381,0.0086805,0.012276,0.99985
0.0027195,0.0027195,0.0038459,0.005439,0.0076919,0.010878,0.015384,0.021756,0.030768,0.043512,0.061535,0.087024,0.12307,0.17405,0.96924
0.0035775,0.0035775,0.0050594,0.007155,0.010119,0.01431,0.020237,0.02862,0.040475,0.05724,0.08095,0.11448,0.1619,0.22896,0.94614
0.00036675,0.00036675,0.00051867,0.0007335,0.0010373,0.001467,0.0020747,0.002934,0.0041493,0.005868,0.0082986,0.011736,0.016597,0.023472,0.99945
0.0084576,0.0084576,0.011961,0.016915,0.023922,0.03383,0.047843,0.067661,0.095687,0.13532,0.19137,0.27064,0.38275,0.54129,0.64345
0.0047136,0.0047136,0.0066661,0.0094273,0.013332,0.018855,0.026664,0.037709,0.053329,0.075418,0.10666,0.15084,0.21331,0.30167,0.90444
0.0069469,0.0069469,0.0098243,0.013894,0.019649,0.027787,0.039297,0.055575,0.078595,0.11115,0.15719,0.2223,0.31438,0.4446,0.77764
0.0042956,0.0042956,0.0060749,0.0085912,0.01215,0.017182,0.0243,0.034365,0.048599,0.068729,0.097198,0.13746,0.1944,0.27492,0.92134
0.010032,0.010032,0.014187,0.020064,0.028375,0.040128,0.056749,0.080255,0.1135,0.16051,0.227,0.32102,0.45399,0.64204,0.41905
0.0092664,0.0092664,0.013105,0.018533,0.026209,0.037066,0.052419,0.074131,0.10484,0.14826,0.20967,0.29652,0.41935,0.59305,0.54463
0.011002,0.011002,0.01556,0.022005,0.031119,0.044009,0.062239,0.088019,0.12448,0.17604,0.24895,0.35207,0.49791,0.70415,0.091424
0.010651,0.010651,0.015062,0.021301,0.030124,0.042602,0.060249,0.085204,0.1205,0.17041,0.24099,0.34082,0.48199,0.68164,0.26605
0.0076739,0.0076739,0.010853,0.015348,0.021705,0.030696,0.04341,0.061391,0.086821,0.12278,0.17364,0.24557,0.34728,0.49113,0.71945
0.0051811,0.0051811,0.0073272,0.010362,0.014654,0.020725,0.029309,0.041449,0.058618,0.082898,0.11724,0.1658,0.23447,0.33159,0.88325
0.0062906,0.0062906,0.0088962,0.012581,0.017792,0.025162,0.035585,0.050325,0.07117,0.10065,0.14234,0.2013,0.28468,0.4026,0.82213
0.0039175,0.0039175,0.0055402,0.0078351,0.01108,0.01567,0.022161,0.03134,0.044322,0.062681,0.088644,0.12536,0.17729,0.25072,0.93504
0.0029842,0.0029842,0.0042203,0.0059684,0.0084405,0.011937,0.016881,0.023873,0.033762,0.047747,0.067524,0.095494,0.13505,0.19099,0.96285
0.005703,0.005703,0.0080653,0.011406,0.016131,0.022812,0.032261,0.045624,0.064522,0.091248,0.12904,0.1825,0.25809,0.36499,0.85652
0.0022484,0.0022484,0.0031797,0.0044968,0.0063595,0.0089936,0.012719,0.017987,0.025438,0.035975,0.050876,0.071949,0.10175,0.1439,0.97909
0.0032663,0.0032663,0.0046193,0.0065326,0.0092385,0.013065,0.018477,0.026131,0.036954,0.052261,0.073908,0.10452,0.14782,0.20904,0.95532
0.00096908,0.00096908,0.0013705,0.0019382,0.002741,0.0038763,0.0054819,0.0077526,0.010964,0.015505,0.021928,0.03101,0.043855,0.062021,0.99615
0.0018368,0.0018368,0.0025977,0.0036736,0.0051953,0.0073473,0.010391,0.014695,0.020781,0.029389,0.041562,0.058778,0.083125,0.11756,0.9861
0.0014679,0.0014679,0.002076,0.0029359,0.0041519,0.0058717,0.0083039,0.011743,0.016608,0.023487,0.033216,0.046974,0.066431,0.093948,0.99115
0.0024791,0.0024791,0.003506,0.0049583,0.007012,0.0099165,0.014024,0.019833,0.028048,0.039666,0.056096,0.079332,0.11219,0.15866,0.97452
0.0011319,0.0011319,0.0016007,0.0022637,0.0032014,0.0045275,0.0064028,0.0090549,0.012806,0.01811,0.025611,0.03622,0.051222,0.07244,0.99475
0.0016455,0.0016455,0.0023271,0.003291,0.0046541,0.0065819,0.0093083,0.013164,0.018617,0.026328,0.037233,0.052656,0.074466,0.10531,0.98885
0.0020321,0.0020321,0.0028738,0.0040642,0.0057477,0.0081284,0.011495,0.016257,0.022991,0.032514,0.045981,0.065027,0.091962,0.13005,0.98295
0.0012918,0.0012918,0.0018269,0.0025837,0.0036538,0.0051673,0.0073077,0.010335,0.014615,0.020669,0.029231,0.041338,0.058461,0.082677,0.99315
0.00081933,0.00081933,0.0011587,0.0016387,0.0023174,0.0032773,0.0046348,0.0065546,0.0092696,0.013109,0.018539,0.026218,0.037078,0.052437,0.99725
0.0006725,0.0006725,0.00095105,0.001345,0.0019021,0.00269,0.0038042,0.00538,0.0076084,0.01076,0.015217,0.02152,0.030434,0.04304,0.99815
0.00053049,0.00053049,0.00075023,0.001061,0.0015005,0.002122,0.0030009,0.004244,0.0060019,0.0084879,0.012004,0.016976,0.024007,0.033952,0.99885
0.00024784,0.00024784,0.0003505,0.00049568,0.000701,0.00099137,0.001402,0.0019827,0.002804,0.0039655,0.005608,0.0079309,0.011216,0.015862,0.99975
0.0024195,0.0024195,0.0034216,0.0048389,0.0068433,0.0096778,0.013687,0.019356,0.027373,0.038711,0.054746,0.077423,0.10949,0.15485,0.97573
0.0027851,0.0027851,0.0039388,0.0055703,0.0078775,0.01114,0.015755,0.022281,0.03151,0.044562,0.06302,0.089124,0.12604,0.17825,0.96771
0.0013354,0.0013354,0.0018885,0.0026708,0.0037771,0.0053416,0.0075541,0.010683,0.015108,0.021366,0.030217,0.042733,0.060433,0.085465,0.99267
0.0033417,0.0033417,0.0047259,0.0066834,0.0094518,0.013367,0.018904,0.026734,0.037807,0.053467,0.075614,0.10693,0.15123,0.21387,0.95317
0.0041973,0.0041973,0.0059359,0.0083946,0.011872,0.016789,0.023743,0.033578,0.047487,0.067157,0.094974,0.13431,0.18995,0.26863,0.92504
0.0034969,0.0034969,0.0049453,0.0069937,0.0098906,0.013987,0.019781,0.027975,0.039562,0.05595,0.079125,0.1119,0.15825,0.2238,0.94863
0.0040081,0.0040081,0.0056683,0.0080161,0.011337,0.016032,0.022673,0.032064,0.045346,0.064129,0.090692,0.12826,0.18138,0.25652,0.9319
0.0018858,0.0018858,0.0026669,0.0037715,0.0053337,0.0075431,0.010667,0.015086,0.021335,0.030172,0.04267,0.060344,0.08534,0.12069,0.98535
0.0086597,0.0086597,0.012247,0.017319,0.024493,0.034639,0.048987,0.069278,0.097973,0.13856,0.19595,0.27711,0.39189,0.55422,0.62105
0.0098492,0.0098492,0.013929,0.019698,0.027858,0.039397,0.055716,0.078794,0.11143,0.15759,0.22286,0.31517,0.44572,0.63035,0.45315
0.005059,0.005059,0.0071545,0.010118,0.014309,0.020236,0.028618,0.040472,0.057236,0.080943,0.11447,0.16189,0.22894,0.32377,0.88904
0.0090648,0.0090649,0.01282,0.01813,0.025639,0.036259,0.051279,0.072519,0.10256,0.14504,0.20511,0.29008,0.41023,0.58015,0.57173
0.010945,0.010945,0.015479,0.02189,0.030958,0.043781,0.061916,0.087562,0.12383,0.17512,0.24766,0.35025,0.49532,0.7005,0.13648
0.0071219,0.0071219,0.010072,0.014244,0.020144,0.028487,0.040287,0.056975,0.080575,0.11395,0.16115,0.2279,0.3223,0.4558,0.76453
0.006776,0.006776,0.0095827,0.013552,0.019165,0.027104,0.038331,0.054208,0.076662,0.10842,0.15332,0.21683,0.30665,0.43366,0.78986
0.0046047,0.0046047,0.006512,0.0092094,0.013024,0.018419,0.026048,0.036837,0.052096,0.073675,0.10419,0.14735,0.20838,0.2947,0.90903
0.010205,0.010205,0.014432,0.020409,0.028863,0.040819,0.057726,0.081637,0.11545,0.16327,0.23091,0.32655,0.46181,0.6531,0.38335
0.0078654,0.0078654,0.011123,0.015731,0.022247,0.031462,0.044493,0.062923,0.088987,0.12585,0.17797,0.25169,0.35595,0.50338,0.70232
0.0074856,0.0074856,0.010586,0.014971,0.021173,0.029943,0.042345,0.059885,0.08469,0.11977,0.16938,0.23954,0.33876,0.47908,0.73551
0.005843,0.005843,0.0082633,0.011686,0.016527,0.023372,0.033053,0.046744,0.066106,0.093488,0.13221,0.18698,0.26442,0.37395,0.84873
0.0094655,0.0094655,0.013386,0.018931,0.026772,0.037862,0.053545,0.075724,0.10709,0.15145,0.21418,0.3029,0.42836,0.60579,0.51581
0.0082568,0.0082568,0.011677,0.016514,0.023354,0.033027,0.046708,0.066055,0.093415,0.13211,0.18683,0.26422,0.37366,0.52844,0.66451
0.0036601,0.0036601,0.0051761,0.0073202,0.010352,0.01464,0.020705,0.029281,0.041409,0.058561,0.082818,0.11712,0.16564,0.23425,0.94355
0.0064484,0.0064484,0.0091194,0.012897,0.018239,0.025794,0.036478,0.051587,0.072955,0.10317,0.14591,0.20635,0.29182,0.4127,0.81204
0.010768,0.010768,0.015228,0.021535,0.030456,0.043071,0.060911,0.086141,0.12182,0.17228,0.24364,0.34456,0.48729,0.68913,0.22419
0.010516,0.010516,0.014871,0.021031,0.029743,0.042062,0.059485,0.084125,0.11897,0.16825,0.23794,0.3365,0.47588,0.673,0.3069
0.0038294,0.0038294,0.0054156,0.0076589,0.010831,0.015318,0.021663,0.030635,0.043325,0.061271,0.08665,0.12254,0.1733,0.24508,0.93803
0.0061372,0.0061372,0.0086793,0.012274,0.017359,0.024549,0.034717,0.049098,0.069434,0.098195,0.13887,0.19639,0.27774,0.39278,0.83155
0.0043965,0.0043965,0.0062176,0.0087931,0.012435,0.017586,0.024871,0.035172,0.049741,0.070345,0.099482,0.14069,0.19896,0.28138,0.91742
0.0053054,0.0053054,0.0075029,0.010611,0.015006,0.021222,0.030012,0.042443,0.060023,0.084886,0.12005,0.16977,0.24009,0.33954,0.87718
0.0048242,0.0048242,0.0068224,0.0096483,0.013645,0.019297,0.02729,0.038593,0.054579,0.077187,0.10916,0.15437,0.21832,0.30875,0.89965
0.005566,0.005566,0.0078715,0.011132,0.015743,0.022264,0.031486,0.044528,0.062972,0.089055,0.12594,0.17811,0.25189,0.35622,0.86385
0.00063525,0.00063525,0.00089838,0.0012705,0.0017968,0.002541,0.0035935,0.005082,0.007187,0.010164,0.014374,0.020328,0.028748,0.040656,0.99835
0.0029162,0.0029162,0.0041241,0.0058323,0.0082482,0.011665,0.016496,0.023329,0.032993,0.046659,0.065985,0.093317,0.13197,0.18663,0.96455
0.011037,0.011037,0.015609,0.022075,0.031219,0.04415,0.062437,0.0883,0.12487,0.1766,0.24975,0.3532,0.4995,0.7064,0.044964
0.0011733,0.0011733,0.0016593,0.0023466,0.0033185,0.0046931,0.0066371,0.0093862,0.013274,0.018772,0.026548,0.037545,0.053097,0.07509,0.99435
0.0026541,0.0026541,0.0037535,0.0053082,0.0075069,0.010616,0.015014,0.021233,0.030028,0.042465,0.060055,0.084931,0.12011,0.16986,0.97074
0.0031926,0.0031926,0.004515,0.0063851,0.0090299,0.01277,0.01806,0.025541,0.03612,0.051081,0.07224,0.10216,0.14448,0.20432,0.95736
0.0014253,0.0014253,0.0020156,0.0028505,0.0040313,0.0057011,0.0080625,0.011402,0.016125,0.022804,0.03225,0.045608,0.0645,0.091217,0.99165
0.00093073,0.00093073,0.0013163,0.0018615,0.0026325,0.0037229,0.005265,0.0074459,0.01053,0.014892,0.02106,0.029783,0.04212,0.059567,0.99645
0.002082,0.002082,0.0029444,0.004164,0.0058889,0.0083281,0.011778,0.016656,0.023555,0.033312,0.047111,0.066625,0.094222,0.13325,0.9821
0.0030505,0.0030505,0.004314,0.006101,0.0086281,0.012202,0.017256,0.024404,0.034512,0.048808,0.069024,0.097615,0.13805,0.19523,0.96115
0.0016975,0.0016975,0.0024006,0.003395,0.0048012,0.00679,0.0096025,0.01358,0.019205,0.02716,0.03841,0.05432,0.07682,0.10864,0.98814
0.0015105,0.0015105,0.0021362,0.003021,0.0042724,0.006042,0.0085447,0.012084,0.017089,0.024168,0.034179,0.048336,0.068358,0.096673,0.99062
0.001602,0.001602,0.0022656,0.0032041,0.0045312,0.0064081,0.0090625,0.012816,0.018125,0.025633,0.03625,0.051265,0.0725,0.10253,0.98945
0.0021916,0.0021916,0.0030994,0.0043832,0.0061988,0.0087664,0.012398,0.017533,0.024795,0.035066,0.04959,0.070131,0.099181,0.14026,0.98014
0.0017916,0.0017916,0.0025337,0.0035831,0.0050673,0.0071663,0.010135,0.014333,0.020269,0.028665,0.040539,0.05733,0.081077,0.11466,0.98679
0.0010062,0.0010062,0.001423,0.0020125,0.0028461,0.0040249,0.0056921,0.0080499,0.011384,0.0161,0.022768,0.032199,0.045537,0.064399,0.99585
0.0019847,0.0019847,0.0028067,0.0039693,0.0056135,0.0079387,0.011227,0.015877,0.022454,0.031755,0.044908,0.063509,0.089816,0.12702,0.98375
0.0023081,0.0023081,0.0032642,0.0046162,0.0065284,0.0092325,0.013057,0.018465,0.026113,0.03693,0.052227,0.07386,0.10445,0.14772,0.97795
0.0012531,0.0012531,0.0017722,0.0025062,0.0035443,0.0050124,0.0070886,0.010025,0.014177,0.02005,0.028354,0.040099,0.056709,0.080198,0.99355
0.0025397,0.0025397,0.0035917,0.0050795,0.0071835,0.010159,0.014367,0.020318,0.028734,0.040636,0.057468,0.081272,0.11494,0.16254,0.97323
0.00033363,0.00033363,0.00047182,0.00066726,0.00094365,0.0013345,0.0018873,0.002669,0.0037746,0.0053381,0.0075492,0.010676,0.015098,0.021352,0.99955
0.00070759,0.00070759,0.0010007,0.0014152,0.0020014,0.0028304,0.0040027,0.0056607,0.0080054,0.011321,0.016011,0.022643,0.032022,0.045286,0.99795
0.00039918,0.00039918,0.00056452,0.00079836,0.001129,0.0015967,0.0022581,0.0031934,0.0045162,0.0063869,0.0090324,0.012774,0.018065,0.025547,0.99935
0.00077478,0.00077478,0.0010957,0.0015496,0.0021914,0.0030991,0.0043828,0.0061982,0.0087656,0.012396,0.017531,0.024793,0.035062,0.049586,0.99755
0.0010882,0.0010882,0.001539,0.0021765,0.003078,0.004353,0.006156,0.0087059,0.012312,0.017412,0.024624,0.034824,0.049248,0.069647,0.99515
0.00084899,0.00084899,0.0012007,0.001698,0.0024013,0.003396,0.0048026,0.0067919,0.0096053,0.013584,0.019211,0.027168,0.038421,0.054336,0.99705
0.00042973,0.00042973,0.00060773,0.00085945,0.0012155,0.0017189,0.0024309,0.0034378,0.0048618,0.0068756,0.0097236,0.013751,0.019447,0.027503,0.99924
0.0004828,0.0004828,0.00068278,0.0009656,0.0013656,0.0019312,0.0027311,0.0038624,0.0054623,0.0077248,0.010925,0.01545,0.021849,0.030899,0.99905
0.00050761,0.00050761,0.00071787,0.0010152,0.0014357,0.0020304,0.0028715,0.0040609,0.005743,0.0081218,0.011486,0.016244,0.022972,0.032487,0.99895
0.00055294,0.00055294,0.00078198,0.0011059,0.001564,0.0022118,0.0031279,0.0044235,0.0062558,0.0088471,0.012512,0.017694,0.025023,0.035388,0.99875
0.00057494,0.00057494,0.00081308,0.0011499,0.0016262,0.0022997,0.0032523,0.0045995,0.0065047,0.009199,0.013009,0.018398,0.026019,0.036796,0.99865
0.0010303,0.0010303,0.001457,0.0020605,0.002914,0.004121,0.005828,0.0082421,0.011656,0.016484,0.023312,0.032968,0.046624,0.065937,0.99565
0.00111,0.00111,0.0015698,0.00222,0.0031395,0.0044399,0.006279,0.0088799,0.012558,0.01776,0.025116,0.03552,0.050232,0.071039,0.99495
0.0021139,0.0021139,0.0029895,0.0042278,0.0059791,0.0084557,0.011958,0.016911,0.023916,0.033823,0.047833,0.067645,0.095665,0.13529,0.98154
0.0022196,0.0022196,0.003139,0.0044392,0.006278,0.0088785,0.012556,0.017757,0.025112,0.035514,0.050224,0.071028,0.10045,0.14206,0.97962
0.0013574,0.0013574,0.0019196,0.0027147,0.0038392,0.0054295,0.0076784,0.010859,0.015357,0.021718,0.030714,0.043436,0.061427,0.086871,0.99244
0.002509,0.002509,0.0035483,0.0050181,0.0070966,0.010036,0.014193,0.020072,0.028386,0.040145,0.056773,0.080289,0.11355,0.16058,0.97388
0.0022763,0.0022763,0.0032192,0.0045526,0.0064384,0.0091052,0.012877,0.01821,0.025753,0.036421,0.051507,0.072842,0.10301,0.14568,0.97855
0.0026877,0.0026877,0.003801,0.0053754,0.0076019,0.010751,0.015204,0.021502,0.030408,0.043003,0.060816,0.086006,0.12163,0.17201,0.96997
0.0040546,0.0040546,0.0057341,0.0081093,0.011468,0.016219,0.022937,0.032437,0.045873,0.064874,0.091746,0.12975,0.18349,0.2595,0.93025
0.0023886,0.0023886,0.0033779,0.0047771,0.0067559,0.0095542,0.013512,0.019108,0.027023,0.038217,0.054047,0.076434,0.10809,0.15287,0.97636
0.011023,0.011023,0.015588,0.022045,0.031177,0.044091,0.062354,0.088181,0.12471,0.17636,0.24941,0.35273,0.49883,0.70545,0.068495
0.0028175,0.0028175,0.0039846,0.005635,0.0079691,0.01127,0.015938,0.02254,0.031876,0.04508,0.063753,0.09016,0.12751,0.18032,0.96694
0.00061543,0.00061543,0.00087034,0.0012309,0.0017407,0.0024617,0.0034814,0.0049234,0.0069628,0.0098468,0.013926,0.019694,0.027851,0.039387,0.99845
0.0083569,0.0083569,0.011818,0.016714,0.023637,0.033427,0.047274,0.066855,0.094547,0.13371,0.18909,0.26742,0.37819,0.53484,0.65415
0.0059153,0.0059153,0.0083655,0.011831,0.016731,0.023661,0.033462,0.047322,0.066924,0.094645,0.13385,0.18929,0.2677,0.37858,0.84465
0.005634,0.005634,0.0079676,0.011268,0.015935,0.022536,0.031871,0.045072,0.063741,0.090144,0.12748,0.18029,0.25496,0.36057,0.86023
0.0099417,0.0099417,0.01406,0.019883,0.028119,0.039767,0.056239,0.079534,0.11248,0.15907,0.22496,0.31813,0.44991,0.63627,0.43631
0.010585,0.010585,0.01497,0.02117,0.029939,0.042341,0.059879,0.084681,0.11976,0.16936,0.23951,0.33872,0.47903,0.67745,0.28658
0.0042459,0.0042459,0.0060046,0.0084917,0.012009,0.016983,0.024018,0.033967,0.048036,0.067934,0.096073,0.13587,0.19215,0.27173,0.92323
0.0075791,0.0075791,0.010718,0.015158,0.021437,0.030316,0.042874,0.060633,0.085748,0.12127,0.1715,0.24253,0.34299,0.48506,0.72765
0.0066923,0.0066923,0.0094644,0.013385,0.018929,0.026769,0.037858,0.053539,0.075715,0.10708,0.15143,0.21415,0.30286,0.42831,0.7957
0.0068608,0.0068608,0.0097027,0.013722,0.019405,0.027443,0.038811,0.054887,0.077621,0.10977,0.15524,0.21955,0.31049,0.43909,0.78385
0.010908,0.010908,0.015427,0.021817,0.030854,0.043634,0.061708,0.087268,0.12342,0.17454,0.24683,0.34907,0.49366,0.69814,0.15885
0.010287,0.010287,0.014549,0.020575,0.029097,0.04115,0.058195,0.0823,0.11639,0.1646,0.23278,0.3292,0.46556,0.6584,0.36475
0.0038732,0.0038732,0.0054776,0.0077465,0.010955,0.015493,0.02191,0.030986,0.043821,0.061972,0.087641,0.12394,0.17528,0.24789,0.93655
0.0093668,0.0093668,0.013247,0.018734,0.026493,0.037467,0.052986,0.074934,0.10597,0.14987,0.21195,0.29974,0.42389,0.59947,0.53037
0.0048812,0.0048812,0.0069031,0.0097624,0.013806,0.019525,0.027612,0.03905,0.055224,0.078099,0.11045,0.1562,0.2209,0.3124,0.89714
0.0011523,0.0011523,0.0016297,0.0023047,0.0032593,0.0046094,0.0065186,0.0092187,0.013037,0.018437,0.026074,0.036875,0.052149,0.07375,0.99455
0.0087606,0.0087606,0.012389,0.017521,0.024779,0.035043,0.049558,0.070085,0.099115,0.14017,0.19823,0.28034,0.39646,0.56068,0.60934
0.0036189,0.0036189,0.0051179,0.0072378,0.010236,0.014476,0.020472,0.028951,0.040943,0.057903,0.081887,0.11581,0.16377,0.23161,0.94484
0.0070336,0.0070336,0.009947,0.014067,0.019894,0.028134,0.039788,0.056269,0.079576,0.11254,0.15915,0.22507,0.3183,0.45015,0.77121
0.0063693,0.0063693,0.0090076,0.012739,0.018015,0.025477,0.03603,0.050955,0.072061,0.10191,0.14412,0.20382,0.28824,0.40764,0.81714
0.0097556,0.0097556,0.013797,0.019511,0.027593,0.039022,0.055186,0.078045,0.11037,0.15609,0.22074,0.31218,0.44149,0.62436,0.46945
0.0043453,0.0043453,0.0061451,0.0086905,0.01229,0.017381,0.024581,0.034762,0.049161,0.069524,0.098322,0.13905,0.19664,0.2781,0.91943
0.0091662,0.0091662,0.012963,0.018332,0.025926,0.036665,0.051852,0.07333,0.1037,0.14666,0.20741,0.29332,0.41482,0.58664,0.55831
0.0079623,0.0079623,0.01126,0.015925,0.022521,0.031849,0.045041,0.063698,0.090083,0.1274,0.18017,0.25479,0.36033,0.50959,0.6933
0.0051201,0.0051201,0.0072409,0.01024,0.014482,0.02048,0.028964,0.040961,0.057928,0.081922,0.11585,0.16384,0.23171,0.32769,0.88616
0.0073933,0.0073933,0.010456,0.014787,0.020911,0.029573,0.041823,0.059146,0.083646,0.11829,0.16729,0.23659,0.33458,0.47317,0.74313
0.0085578,0.0085578,0.012103,0.017116,0.024205,0.034231,0.04841,0.068463,0.096821,0.13692,0.19364,0.27385,0.38728,0.5477,0.63252
0.0089633,0.0089633,0.012676,0.017927,0.025352,0.035853,0.050704,0.071706,0.10141,0.14341,0.20282,0.28683,0.40563,0.57365,0.58474
0.0030851,0.0030851,0.0043631,0.0061703,0.0087261,0.012341,0.017452,0.024681,0.034904,0.049362,0.069809,0.098724,0.13962,0.19745,0.96025
0.0077697,0.0077697,0.010988,0.015539,0.021976,0.031079,0.043952,0.062158,0.087904,0.12432,0.17581,0.24863,0.35162,0.49726,0.71097
0.01082,0.01082,0.015301,0.02164,0.030603,0.043279,0.061206,0.086558,0.12241,0.17312,0.24482,0.34623,0.48965,0.69247,0.20245
0.0045511,0.0045511,0.0064363,0.0091023,0.012873,0.018205,0.025745,0.036409,0.05149,0.072818,0.10298,0.14564,0.20596,0.29127,0.91125
0.0062126,0.0062126,0.0087859,0.012425,0.017572,0.02485,0.035144,0.049701,0.070288,0.099402,0.14058,0.1988,0.28115,0.39761,0.82694
0.0095628,0.0095628,0.013524,0.019126,0.027048,0.038251,0.054096,0.076503,0.10819,0.15301,0.21638,0.30601,0.43276,0.61202,0.50091
0.010119,0.010119,0.014311,0.020239,0.028622,0.040477,0.057243,0.080954,0.11449,0.16191,0.22897,0.32382,0.45795,0.64763,0.40155
0.0046594,0.0046594,0.0065893,0.0093187,0.013179,0.018637,0.026357,0.037275,0.052715,0.07455,0.10543,0.1491,0.21086,0.2982,0.90674
0.0065279,0.0065279,0.0092319,0.013056,0.018464,0.026112,0.036928,0.052223,0.073855,0.10445,0.14771,0.20889,0.29542,0.41779,0.80682
0.0060632,0.0060632,0.0085747,0.012126,0.017149,0.024253,0.034299,0.048506,0.068597,0.097012,0.1372,0.19402,0.27439,0.38805,0.83602
0.0081586,0.0081586,0.011538,0.016317,0.023076,0.032634,0.046152,0.065269,0.092304,0.13054,0.18461,0.26107,0.36922,0.52215,0.67434
0.0016684,0.0016684,0.0023595,0.0033368,0.0047189,0.0066735,0.0094378,0.013347,0.018876,0.026694,0.037751,0.053388,0.075502,0.10678,0.98855
0.010976,0.010976,0.015523,0.021953,0.031046,0.043905,0.062091,0.087811,0.12418,0.17562,0.24837,0.35124,0.49673,0.70248,0.1143
0.010712,0.010712,0.015149,0.021423,0.030297,0.042846,0.060594,0.085693,0.12119,0.17139,0.24238,0.34277,0.48475,0.68554,0.2451
0.00721,0.00721,0.010197,0.01442,0.020393,0.02884,0.040786,0.05768,0.081572,0.11536,0.16314,0.23072,0.32629,0.46144,0.75775
0.0053685,0.0053685,0.0075922,0.010737,0.015184,0.021474,0.030369,0.042948,0.060738,0.085896,0.12148,0.17179,0.24295,0.34358,0.87402
0.00323,0.00323,0.004568,0.0064601,0.0091359,0.01292,0.018272,0.02584,0.036544,0.051681,0.073087,0.10336,0.14617,0.20672,0.95632
0.0049984,0.0049984,0.0070687,0.0099967,0.014137,0.019993,0.028275,0.039987,0.05655,0.079974,0.1131,0.15995,0.2262,0.31989,0.89182
0.0054998,0.0054998,0.0077779,0.011,0.015556,0.021999,0.031112,0.043998,0.062223,0.087997,0.12445,0.17599,0.24889,0.35199,0.86732
0.0033029,0.0033029,0.0046709,0.0066057,0.0093419,0.013211,0.018684,0.026423,0.037368,0.052846,0.074735,0.10569,0.14947,0.21138,0.95428
0.0041484,0.0041484,0.0058667,0.0082968,0.011733,0.016594,0.023467,0.033187,0.046934,0.066374,0.093867,0.13275,0.18773,0.2655,0.92685
0.010444,0.010444,0.01477,0.020888,0.02954,0.041776,0.05908,0.083551,0.11816,0.1671,0.23632,0.33421,0.47264,0.66841,0.32629
0.0057712,0.0057712,0.0081617,0.011542,0.016323,0.023085,0.032647,0.046169,0.065293,0.092338,0.13059,0.18468,0.26117,0.36935,0.85275
0.0039615,0.0039615,0.0056024,0.007923,0.011205,0.015846,0.02241,0.031692,0.044819,0.063384,0.089639,0.12677,0.17928,0.25354,0.93354
0.0028835,0.0028835,0.0040779,0.005767,0.0081557,0.011534,0.016311,0.023068,0.032623,0.046136,0.065246,0.092271,0.13049,0.18454,0.96535
0.0037007,0.0037007,0.0052336,0.0074015,0.010467,0.014803,0.020935,0.029606,0.041869,0.059212,0.083738,0.11842,0.16748,0.23685,0.94225
0.0027502,0.0027502,0.0038894,0.0055005,0.0077788,0.011001,0.015558,0.022002,0.031115,0.044004,0.062231,0.088008,0.12446,0.17602,0.96854
0.00065409,0.00065409,0.00092503,0.0013082,0.0018501,0.0026164,0.0037001,0.0052328,0.0074002,0.010466,0.0148,0.020931,0.029601,0.041862,0.99825
0.0037873,0.0037873,0.0053561,0.0075747,0.010712,0.015149,0.021424,0.030299,0.042849,0.060597,0.085698,0.12119,0.1714,0.24239,0.93942
0.0052414,0.0052414,0.0074124,0.010483,0.014825,0.020966,0.02965,0.041931,0.0593,0.083862,0.1186,0.16772,0.2372,0.33545,0.88033
0.0047672,0.0047672,0.0067418,0.0095344,0.013484,0.019069,0.026967,0.038137,0.053934,0.076275,0.10787,0.15255,0.21574,0.3051,0.90214
0.0031579,0.0031579,0.0044659,0.0063157,0.0089318,0.012631,0.017864,0.025263,0.035727,0.050526,0.071454,0.10105,0.14291,0.2021,0.95829
0.0035351,0.0035351,0.0049994,0.0070702,0.0099987,0.01414,0.019997,0.028281,0.039995,0.056561,0.07999,0.11312,0.15998,0.22625,0.94745
0.0019122,0.0019122,0.0027043,0.0038244,0.0054086,0.0076488,0.010817,0.015298,0.021634,0.030595,0.043268,0.061191,0.086537,0.12238,0.98493
0.0029483,0.0029483,0.0041695,0.0058965,0.0083389,0.011793,0.016678,0.023586,0.033356,0.047172,0.066711,0.094344,0.13342,0.18869,0.96375
0.001532,0.001532,0.0021665,0.0030639,0.004333,0.0061278,0.008666,0.012256,0.017332,0.024511,0.034664,0.049023,0.069328,0.098045,0.99035
0.0033781,0.0033781,0.0047774,0.0067562,0.0095548,0.013512,0.01911,0.027025,0.038219,0.05405,0.076438,0.1081,0.15288,0.2162,0.95213
0.0011941,0.0011941,0.0016886,0.0023881,0.0033773,0.0047762,0.0067546,0.0095524,0.013509,0.019105,0.027018,0.03821,0.054037,0.076419,0.99415
0.00186,0.00186,0.0026305,0.0037201,0.005261,0.0074401,0.010522,0.01488,0.021044,0.02976,0.042088,0.059521,0.084175,0.11904,0.98575
0.0019607,0.0019607,0.0027729,0.0039214,0.0055457,0.0078428,0.011091,0.015686,0.022183,0.031371,0.044366,0.062743,0.088732,0.12549,0.98413
0.0034551,0.0034551,0.0048862,0.0069102,0.0097725,0.01382,0.019545,0.027641,0.03909,0.055281,0.07818,0.11056,0.15636,0.22113,0.94985
0.0044445,0.0044445,0.0062855,0.008889,0.012571,0.017778,0.025142,0.035556,0.050284,0.071112,0.10057,0.14222,0.20114,0.28445,0.91554
0.0015785,0.0015785,0.0022324,0.003157,0.0044647,0.0063141,0.0089295,0.012628,0.017859,0.025256,0.035718,0.050513,0.071436,0.10103,0.98974
0.011046,0.011046,0.015622,0.022092,0.031243,0.044184,0.062486,0.088369,0.12497,0.17674,0.24994,0.35347,0.49989,0.70695,0.021271
0.0030156,0.0030156,0.0042646,0.0060311,0.0085293,0.012062,0.017059,0.024124,0.034117,0.048249,0.068234,0.096498,0.13647,0.193,0.96205
0.002567,0.002567,0.0036303,0.0051341,0.0072607,0.010268,0.014521,0.020536,0.029043,0.041073,0.058085,0.082145,0.11617,0.16429,0.97264
0.0016246,0.0016246,0.0022975,0.0032492,0.0045951,0.0064984,0.0091902,0.012997,0.01838,0.025994,0.036761,0.051988,0.073521,0.10398,0.98914
0.0024528,0.0024528,0.0034688,0.0049056,0.0069376,0.0098112,0.013875,0.019622,0.02775,0.039245,0.055501,0.07849,0.111,0.15698,0.97506
0.0023346,0.0023346,0.0033017,0.0046692,0.0066033,0.0093385,0.013207,0.018677,0.026413,0.037354,0.052826,0.074708,0.10565,0.14942,0.97742
0.0026217,0.0026217,0.0037076,0.0052433,0.0074152,0.010487,0.01483,0.020973,0.029661,0.041946,0.059321,0.083893,0.11864,0.16779,0.97144
0.0017185,0.0017185,0.0024304,0.0034371,0.0048607,0.0068741,0.0097215,0.013748,0.019443,0.027496,0.038886,0.054993,0.077772,0.10999,0.98784
0.0013109,0.0013109,0.0018538,0.0026217,0.0037076,0.0052434,0.0074153,0.010487,0.014831,0.020974,0.029661,0.041947,0.059322,0.083894,0.99294
0.00069074,0.00069074,0.00097685,0.0013815,0.0019537,0.002763,0.0039074,0.0055259,0.0078148,0.011052,0.01563,0.022104,0.031259,0.044207,0.99805
0.0012733,0.0012733,0.0018007,0.0025465,0.0036013,0.005093,0.0072026,0.010186,0.014405,0.020372,0.02881,0.040744,0.057621,0.081488,0.99335
0.00072477,0.00072477,0.001025,0.0014495,0.00205,0.0028991,0.0040999,0.0057982,0.0081999,0.011596,0.0164,0.023193,0.032799,0.046385,0.99785
0.00075785,0.00075785,0.0010718,0.0015157,0.0021435,0.0030314,0.0042871,0.0060628,0.0085741,0.012126,0.017148,0.024251,0.034297,0.048503,0.99765
0.0012351,0.0012351,0.0017467,0.0024702,0.0034933,0.0049403,0.0069867,0.0098807,0.013973,0.019761,0.027947,0.039523,0.055893,0.079045,0.99375
0.0014867,0.0014867,0.0021025,0.0029734,0.004205,0.0059468,0.00841,0.011894,0.01682,0.023787,0.03364,0.047574,0.06728,0.095149,0.99091
0.0020536,0.0020536,0.0029043,0.0041073,0.0058086,0.0082145,0.011617,0.016429,0.023234,0.032858,0.046468,0.065716,0.092937,0.13143,0.98259
0.0020111,0.0020111,0.0028441,0.0040222,0.0056883,0.0080444,0.011377,0.016089,0.022753,0.032178,0.045506,0.064355,0.091012,0.12871,0.9833
0.0014429,0.0014429,0.0020405,0.0028858,0.0040811,0.0057715,0.0081622,0.011543,0.016324,0.023086,0.032649,0.046172,0.065297,0.092344,0.99145
0.0014001,0.0014001,0.00198,0.0028001,0.00396,0.0056002,0.0079199,0.0112,0.01584,0.022401,0.03168,0.044802,0.063359,0.089604,0.99195
0.00080419,0.00080419,0.0011373,0.0016084,0.0022746,0.0032168,0.0045492,0.0064335,0.0090984,0.012867,0.018197,0.025734,0.036393,0.051468,0.99735
0.0017609,0.0017609,0.0024903,0.0035219,0.0049807,0.0070437,0.0099613,0.014087,0.019923,0.028175,0.039845,0.05635,0.079691,0.1127,0.98722
0.00087667,0.00087667,0.0012398,0.0017533,0.0024796,0.0035067,0.0049592,0.0070133,0.0099184,0.014027,0.019837,0.028053,0.039673,0.056107,0.99685
0.00083441,0.00083441,0.00118,0.0016688,0.0023601,0.0033376,0.0047201,0.0066753,0.0094403,0.013351,0.018881,0.026701,0.037761,0.053402,0.99715
0.00078901,0.00078901,0.0011158,0.001578,0.0022317,0.0031561,0.0044633,0.0063121,0.0089267,0.012624,0.017853,0.025248,0.035707,0.050497,0.99745
0.0018189,0.0018189,0.0025724,0.0036379,0.0051448,0.0072758,0.01029,0.014552,0.020579,0.029103,0.041158,0.058206,0.082316,0.11641,0.98638
0.002172,0.002172,0.0030717,0.004344,0.0061434,0.008688,0.012287,0.017376,0.024573,0.034752,0.049147,0.069504,0.098294,0.13901,0.9805
0.00086272,0.00086272,0.0012201,0.0017254,0.0024401,0.0034509,0.0048803,0.0069018,0.0097606,0.013804,0.019521,0.027607,0.039042,0.055214,0.99695
0.00094441,0.00094441,0.0013356,0.0018888,0.0026712,0.0037777,0.0053424,0.0075553,0.010685,0.015111,0.02137,0.030221,0.042739,0.060442,0.99635
0.00090462,0.00090462,0.0012793,0.0018092,0.0025586,0.0036185,0.0051173,0.0072369,0.010235,0.014474,0.020469,0.028948,0.040938,0.057895,0.99665
0.00091763,0.00091763,0.0012977,0.0018353,0.0025954,0.0036705,0.0051909,0.007341,0.010382,0.014682,0.020764,0.029364,0.041527,0.058728,0.99655
0.00098188,0.00098188,0.0013886,0.0019638,0.0027772,0.0039275,0.0055544,0.0078551,0.011109,0.01571,0.022217,0.03142,0.044435,0.062841,0.99605
0.00095669,0.00095669,0.001353,0.0019134,0.0027059,0.0038268,0.0054119,0.0076535,0.010824,0.015307,0.021647,0.030614,0.043295,0.061228,0.99625
0.0017756,0.0017756,0.0025111,0.0035513,0.0050223,0.0071025,0.010045,0.014205,0.020089,0.02841,0.040178,0.05682,0.080356,0.11364,0.98701
0.00099419,0.00099419,0.001406,0.0019884,0.002812,0.0039768,0.005624,0.0079535,0.011248,0.015907,0.022496,0.031814,0.044992,0.063628,0.99595
0.0010181,0.0010181,0.0014398,0.0020362,0.0028797,0.0040725,0.0057594,0.008145,0.011519,0.01629,0.023037,0.03258,0.046075,0.06516,0.99575
0.0010762,0.0010762,0.001522,0.0021525,0.0030441,0.004305,0.0060881,0.0086099,0.012176,0.01722,0.024353,0.03444,0.048705,0.068879,0.99525
0.0010646,0.0010646,0.0015056,0.0021293,0.0030113,0.0042586,0.0060226,0.0085172,0.012045,0.017034,0.02409,0.034069,0.04818,0.068137,0.99535
0.0013706,0.0013706,0.0019383,0.0027412,0.0038766,0.0054823,0.0077532,0.010965,0.015506,0.021929,0.031013,0.043859,0.062025,0.087717,0.9923
0.0010422,0.0010422,0.0014739,0.0020844,0.0029477,0.0041687,0.0058955,0.0083374,0.011791,0.016675,0.023582,0.03335,0.047164,0.0667,0.99555
0.0020675,0.0020675,0.0029239,0.004135,0.0058477,0.0082699,0.011695,0.01654,0.023391,0.03308,0.046782,0.06616,0.093564,0.13232,0.98235
0.0011209,0.0011209,0.0015852,0.0022418,0.0031704,0.0044836,0.0063407,0.0089671,0.012681,0.017934,0.025363,0.035868,0.050726,0.071737,0.99485
0.0020959,0.0020959,0.0029641,0.0041918,0.0059281,0.0083836,0.011856,0.016767,0.023713,0.033535,0.047425,0.067069,0.09485,0.13414,0.98185
0.0026704,0.0026704,0.0037765,0.0053408,0.0075531,0.010682,0.015106,0.021363,0.030212,0.042727,0.060425,0.085454,0.12085,0.17091,0.97037
0.0031035,0.0031035,0.004389,0.006207,0.0087781,0.012414,0.017556,0.024828,0.035112,0.049656,0.070225,0.099312,0.14045,0.19862,0.95975
0.0029659,0.0029659,0.0041945,0.0059319,0.0083889,0.011864,0.016778,0.023727,0.033556,0.047455,0.067111,0.09491,0.13422,0.18982,0.96331
0.0026376,0.0026376,0.0037302,0.0052753,0.0074604,0.010551,0.014921,0.021101,0.029841,0.042202,0.059683,0.084404,0.11937,0.16881,0.97109
0.0034762,0.0034762,0.0049162,0.0069525,0.0098323,0.013905,0.019665,0.02781,0.039329,0.05562,0.078658,0.11124,0.15732,0.22248,0.94925
0.0033984,0.0033984,0.004806,0.0067968,0.0096121,0.013594,0.019224,0.027187,0.038448,0.054374,0.076897,0.10875,0.15379,0.2175,0.95152
0.0044712,0.0044712,0.0063232,0.0089424,0.012646,0.017885,0.025293,0.035769,0.050586,0.071539,0.10117,0.14308,0.20234,0.28616,0.91448
0.0072562,0.0072562,0.010262,0.014512,0.020524,0.029025,0.041047,0.05805,0.082095,0.1161,0.16419,0.2322,0.32838,0.4644,0.75411
0.0018724,0.0018724,0.002648,0.0037449,0.0052961,0.0074898,0.010592,0.01498,0.021184,0.029959,0.042368,0.059918,0.084737,0.11984,0.98555
0.0011628,0.0011628,0.0016445,0.0023257,0.003289,0.0046513,0.006578,0.0093027,0.013156,0.018605,0.026312,0.037211,0.052624,0.074421,0.99445
0.0049105,0.0049105,0.0069445,0.009821,0.013889,0.019642,0.027778,0.039284,0.055556,0.078568,0.11111,0.15714,0.22222,0.31427,0.89585
0.0022624,0.0022624,0.0031996,0.0045249,0.0063991,0.0090497,0.012798,0.018099,0.025597,0.036199,0.051193,0.072398,0.10239,0.1448,0.97882
0.0043707,0.0043707,0.0061811,0.0087414,0.012362,0.017483,0.024724,0.034966,0.049449,0.069931,0.098897,0.13986,0.19779,0.27972,0.91844
0.010406,0.010406,0.014716,0.020812,0.029433,0.041624,0.058866,0.083249,0.11773,0.1665,0.23546,0.33299,0.47093,0.66599,0.33614
0.0054011,0.0054012,0.0076384,0.010802,0.015277,0.021605,0.030554,0.043209,0.061107,0.086418,0.12221,0.17284,0.24443,0.34567,0.87239
0.0084072,0.0084072,0.01189,0.016814,0.023779,0.033629,0.047558,0.067257,0.095116,0.13451,0.19023,0.26903,0.38047,0.53806,0.64885
0.009014,0.009014,0.012748,0.018028,0.025496,0.036056,0.050991,0.072112,0.10198,0.14422,0.20396,0.28845,0.40793,0.5769,0.5783
0.0076263,0.0076263,0.010785,0.015253,0.02157,0.030505,0.043141,0.06101,0.086281,0.12202,0.17256,0.24404,0.34513,0.48808,0.72359
0.008109,0.008109,0.011468,0.016218,0.022936,0.032436,0.045871,0.064872,0.091743,0.12974,0.18349,0.25949,0.36697,0.51898,0.67923
0.0037658,0.0037658,0.0053257,0.0075317,0.010651,0.015063,0.021303,0.030127,0.042606,0.060253,0.085211,0.12051,0.17042,0.24101,0.94012
0.0024339,0.0024339,0.003442,0.0048678,0.0068841,0.0097356,0.013768,0.019471,0.027536,0.038942,0.055073,0.077885,0.11015,0.15577,0.97545
0.0070777,0.0070777,0.010009,0.014155,0.020019,0.028311,0.040037,0.056621,0.080075,0.11324,0.16015,0.22649,0.3203,0.45297,0.7679
0.0097078,0.0097078,0.013729,0.019416,0.027458,0.038831,0.054915,0.077662,0.10983,0.15532,0.21966,0.31065,0.43932,0.6213,0.47751
0.0040311,0.0040311,0.0057009,0.0080623,0.011402,0.016125,0.022804,0.032249,0.045607,0.064498,0.091214,0.129,0.18243,0.25799,0.9311
0.010246,0.010246,0.014491,0.020493,0.028981,0.040986,0.057962,0.081971,0.11592,0.16394,0.23185,0.32788,0.4637,0.65577,0.37413
0.0058791,0.0058791,0.0083143,0.011758,0.016629,0.023516,0.033257,0.047033,0.066515,0.094066,0.13303,0.18813,0.26606,0.37626,0.84669
0.010618,0.010618,0.015017,0.021237,0.030033,0.042474,0.060067,0.084947,0.12013,0.16989,0.24027,0.33979,0.48053,0.67958,0.27634
0.0059515,0.0059515,0.0084168,0.011903,0.016834,0.023806,0.033667,0.047612,0.067334,0.095225,0.13467,0.19045,0.26934,0.3809,0.84255
0.0010984,0.0010984,0.0015534,0.0021968,0.0031067,0.0043936,0.0062134,0.0087871,0.012427,0.017574,0.024854,0.035148,0.049707,0.070297,0.99505
0.00633,0.00633,0.008952,0.01266,0.017904,0.02532,0.035808,0.05064,0.071616,0.10128,0.14323,0.20256,0.28646,0.40512,0.81962
0.0086082,0.0086082,0.012174,0.017216,0.024348,0.034433,0.048696,0.068866,0.097391,0.13773,0.19478,0.27546,0.38956,0.55093,0.6269
0.0088112,0.0088112,0.012461,0.017622,0.024922,0.035245,0.049844,0.07049,0.099688,0.14098,0.19937,0.28196,0.39875,0.56392,0.60334
0.010682,0.010682,0.015106,0.021363,0.030212,0.042727,0.060425,0.085453,0.12085,0.17091,0.2417,0.34181,0.4834,0.68362,0.25569
0.0066509,0.0066509,0.0094058,0.013302,0.018812,0.026604,0.037623,0.053207,0.075247,0.10641,0.15049,0.21283,0.30099,0.42566,0.79854
0.0091154,0.0091154,0.012891,0.018231,0.025782,0.036462,0.051565,0.072923,0.10313,0.14585,0.20626,0.29169,0.41252,0.58339,0.56515
0.0099873,0.0099873,0.014124,0.019975,0.028248,0.039949,0.056497,0.079898,0.11299,0.1598,0.22599,0.31959,0.45197,0.63919,0.4277
0.011031,0.011031,0.0156,0.022062,0.031201,0.044124,0.062401,0.088249,0.1248,0.1765,0.2496,0.35299,0.49921,0.70599,0.056374
0.0058075,0.0058075,0.0082131,0.011615,0.016426,0.02323,0.032852,0.04646,0.065705,0.092921,0.13141,0.18584,0.26282,0.37168,0.85071
0.0096111,0.0096111,0.013592,0.019222,0.027184,0.038444,0.054369,0.076889,0.10874,0.15378,0.21747,0.30756,0.43495,0.61511,0.49325
0.0060258,0.0060258,0.0085217,0.012052,0.017043,0.024103,0.034087,0.048206,0.068174,0.096412,0.13635,0.19282,0.2727,0.38565,0.8382
0.0045775,0.0045775,0.0064736,0.0091551,0.012947,0.01831,0.025894,0.03662,0.051789,0.073241,0.10358,0.14648,0.20716,0.29296,0.91015
0.0065683,0.0065683,0.009289,0.013137,0.018578,0.026273,0.037156,0.052547,0.074312,0.10509,0.14862,0.21019,0.29725,0.42037,0.80412
0.010888,0.010888,0.015398,0.021776,0.030797,0.043553,0.061593,0.087106,0.12319,0.17421,0.24637,0.34842,0.49274,0.69685,0.16983
0.009896,0.009896,0.013995,0.019792,0.02799,0.039584,0.05598,0.079168,0.11196,0.15834,0.22392,0.31667,0.44784,0.63334,0.4447
0.0075325,0.0075325,0.010653,0.015065,0.021305,0.03013,0.04261,0.06026,0.085221,0.12052,0.17044,0.24104,0.34088,0.48208,0.73159
0.0098028,0.0098028,0.013863,0.019606,0.027726,0.039211,0.055453,0.078422,0.11091,0.15684,0.22181,0.31369,0.44362,0.62738,0.46133
0.010162,0.010162,0.014372,0.020325,0.028744,0.04065,0.057488,0.0813,0.11498,0.1626,0.22995,0.3252,0.4599,0.6504,0.39239
0.0089128,0.0089128,0.012605,0.017826,0.025209,0.035651,0.050419,0.071303,0.10084,0.14261,0.20167,0.28521,0.40335,0.57042,0.59101
0.0074397,0.0074398,0.010521,0.01488,0.021043,0.029759,0.042086,0.059518,0.084171,0.11904,0.16834,0.23807,0.33668,0.47614,0.73933
0.0085077,0.0085077,0.012032,0.017015,0.024063,0.034031,0.048127,0.068061,0.096253,0.13612,0.19251,0.27224,0.38501,0.54449,0.63805
0.0064084,0.0064084,0.0090629,0.012817,0.018126,0.025634,0.036252,0.051268,0.072503,0.10254,0.14501,0.20507,0.29001,0.41014,0.81462
0.005668,0.005668,0.0080157,0.011336,0.016031,0.022672,0.032063,0.045344,0.064126,0.090687,0.12825,0.18137,0.2565,0.36275,0.8584
0.010795,0.010795,0.015266,0.02159,0.030532,0.043179,0.061065,0.086359,0.12213,0.17272,0.24426,0.34543,0.48852,0.69087,0.21314
0.0067337,0.0067337,0.0095229,0.013467,0.019046,0.026935,0.038091,0.053869,0.076183,0.10774,0.15237,0.21548,0.30473,0.43096,0.79284
0.0094165,0.0094165,0.013317,0.018833,0.026634,0.037666,0.053268,0.075332,0.10654,0.15066,0.21307,0.30133,0.42614,0.60266,0.52308
0.004795,0.004795,0.0067812,0.0095901,0.013562,0.01918,0.027125,0.03836,0.054249,0.07672,0.1085,0.15344,0.217,0.30688,0.90095
0.00871,0.00871,0.012318,0.01742,0.024636,0.03484,0.049271,0.06968,0.098542,0.13936,0.19708,0.27872,0.39417,0.55744,0.6153
0.0092162,0.0092162,0.013034,0.018432,0.026067,0.036865,0.052135,0.07373,0.10427,0.14746,0.20854,0.29492,0.41708,0.58984,0.55158
0.0052726,0.0052726,0.0074566,0.010545,0.014913,0.021091,0.029826,0.042181,0.059653,0.084362,0.11931,0.16872,0.23861,0.33745,0.87883
0.011013,0.011013,0.015575,0.022027,0.031151,0.044054,0.062302,0.088108,0.1246,0.17622,0.24921,0.35243,0.49841,0.70486,0.079769
0.010076,0.010076,0.014249,0.020152,0.028499,0.040303,0.056997,0.080606,0.11399,0.16121,0.22799,0.32242,0.45598,0.64485,0.41038
0.0064879,0.0064879,0.0091753,0.012976,0.018351,0.025952,0.036701,0.051903,0.073402,0.10381,0.1468,0.20761,0.29361,0.41523,0.80944
0.0069041,0.0069041,0.0097639,0.013808,0.019528,0.027616,0.039055,0.055233,0.078111,0.11047,0.15622,0.22093,0.31244,0.44186,0.78073
0.001142,0.001142,0.001615,0.002284,0.00323,0.0045679,0.00646,0.0091359,0.01292,0.018272,0.02584,0.036543,0.05168,0.073087,0.99465
0.0069897,0.0069897,0.0098849,0.013979,0.01977,0.027959,0.03954,0.055917,0.079079,0.11183,0.15816,0.22367,0.31632,0.44734,0.77449
0.0042218,0.0042218,0.0059706,0.0084437,0.011941,0.016887,0.023882,0.033775,0.047765,0.067549,0.095529,0.1351,0.19106,0.2702,0.92413
0.0035988,0.0035988,0.0050894,0.0071975,0.010179,0.014395,0.020358,0.02879,0.040715,0.05758,0.081431,0.11516,0.16286,0.23032,0.94547
0.0037229,0.0037229,0.005265,0.0074458,0.01053,0.014892,0.02106,0.029783,0.04212,0.059566,0.084239,0.11913,0.16848,0.23827,0.94153
0.0068176,0.0068176,0.0096416,0.013635,0.019283,0.027271,0.038566,0.054541,0.077133,0.10908,0.15427,0.21816,0.30853,0.43633,0.78692
0.0078169,0.0078169,0.011055,0.015634,0.02211,0.031268,0.044219,0.062535,0.088438,0.12507,0.17688,0.25014,0.35375,0.50028,0.70671
0.0016569,0.0016569,0.0023432,0.0033138,0.0046864,0.0066276,0.0093729,0.013255,0.018746,0.02651,0.037491,0.053021,0.074983,0.10604,0.98871
0.0093156,0.0093156,0.013174,0.018631,0.026349,0.037262,0.052697,0.074525,0.10539,0.14905,0.21079,0.2981,0.42158,0.5962,0.53771
0.0082077,0.0082077,0.011608,0.016415,0.023215,0.032831,0.04643,0.065662,0.09286,0.13132,0.18572,0.26265,0.37144,0.5253,0.66943
0.0046312,0.0046312,0.0065495,0.0092624,0.013099,0.018525,0.026198,0.03705,0.052396,0.074099,0.10479,0.1482,0.20958,0.2964,0.90794
0.0054672,0.0054672,0.0077318,0.010934,0.015464,0.021869,0.030927,0.043737,0.061854,0.087475,0.12371,0.17495,0.24742,0.3499,0.86899
0.0048523,0.0048523,0.0068622,0.0097046,0.013724,0.019409,0.027449,0.038818,0.054897,0.077637,0.10979,0.15527,0.21959,0.31055,0.89844
0.0073473,0.0073473,0.010391,0.014695,0.020781,0.029389,0.041562,0.058778,0.083125,0.11756,0.16625,0.23511,0.3325,0.47023,0.74687
0.0062504,0.0062504,0.0088394,0.012501,0.017679,0.025002,0.035358,0.050003,0.070715,0.10001,0.14143,0.20001,0.28286,0.40003,0.82462
0.010327,0.010327,0.014605,0.020654,0.029209,0.041308,0.058419,0.082617,0.11684,0.16523,0.23367,0.33047,0.46735,0.66093,0.35551
0.0077207,0.0077207,0.010919,0.015441,0.021837,0.030883,0.043675,0.061765,0.08735,0.12353,0.1747,0.24706,0.3494,0.49412,0.71536
0.001543,0.001543,0.0021821,0.0030859,0.0043642,0.0061719,0.0087284,0.012344,0.017457,0.024688,0.034913,0.049375,0.069827,0.09875,0.99022
0.0012241,0.0012241,0.0017312,0.0024483,0.0034624,0.0048966,0.0069248,0.0097932,0.01385,0.019586,0.027699,0.039173,0.055399,0.078345,0.99385
0.0060998,0.0060998,0.0086264,0.0122,0.017253,0.024399,0.034506,0.048798,0.069011,0.097596,0.13802,0.19519,0.27604,0.39039,0.83384
0.0019484,0.0019484,0.0027554,0.0038967,0.0055108,0.0077935,0.011022,0.015587,0.022043,0.031174,0.044087,0.062348,0.088173,0.1247,0.98434
0.010844,0.010844,0.015336,0.021688,0.030672,0.043376,0.061344,0.086753,0.12269,0.17351,0.24537,0.34701,0.49075,0.69402,0.19151
0.0071653,0.0071653,0.010133,0.014331,0.020267,0.028661,0.040533,0.057323,0.081067,0.11465,0.16213,0.22929,0.32427,0.45858,0.7612
0.0061743,0.0061743,0.0087318,0.012349,0.017464,0.024697,0.034927,0.049395,0.069854,0.098789,0.13971,0.19758,0.27942,0.39516,0.82932
0.0083082,0.0083082,0.01175,0.016616,0.023499,0.033233,0.046998,0.066466,0.093997,0.13293,0.18799,0.26586,0.37599,0.53173,0.65923
0.0027042,0.0027042,0.0038243,0.0054084,0.0076486,0.010817,0.015297,0.021634,0.030594,0.043267,0.061189,0.086534,0.12238,0.17307,0.96959
0.0035547,0.0035547,0.0050271,0.0071093,0.010054,0.014219,0.020108,0.028437,0.040217,0.056875,0.080433,0.11375,0.16087,0.2275,0.94685
0.01048,0.01048,0.014821,0.02096,0.029642,0.04192,0.059284,0.08384,0.11857,0.16768,0.23713,0.33536,0.47427,0.67072,0.31671
0.0028999,0.0028999,0.0041011,0.0057999,0.0082023,0.0116,0.016405,0.0232,0.032809,0.046399,0.065618,0.092798,0.13124,0.1856,0.96494
0.0049697,0.0049697,0.0070282,0.0099394,0.014056,0.019879,0.028113,0.039758,0.056226,0.079515,0.11245,0.15903,0.2249,0.31806,0.89315
0.010991,0.010991,0.015543,0.021981,0.031086,0.043962,0.062172,0.087924,0.12434,0.17585,0.24869,0.3517,0.49737,0.70339,0.10245
0.0041716,0.0041716,0.0058996,0.0083432,0.011799,0.016686,0.023598,0.033373,0.047196,0.066746,0.094393,0.13349,0.18879,0.26698,0.926
0.0039859,0.0039859,0.0056369,0.0079717,0.011274,0.015943,0.022547,0.031887,0.045095,0.063774,0.09019,0.12755,0.18038,0.2551,0.93267
0.010552,0.010552,0.014923,0.021104,0.029846,0.042208,0.059691,0.084416,0.11938,0.16883,0.23877,0.33766,0.47753,0.67533,0.29642
0.0028674,0.0028674,0.0040551,0.0057348,0.0081102,0.01147,0.01622,0.022939,0.032441,0.045878,0.064882,0.091757,0.12976,0.18351,0.96575
0.0056009,0.0056009,0.0079208,0.011202,0.015842,0.022403,0.031683,0.044807,0.063367,0.089614,0.12673,0.17923,0.25347,0.35846,0.86199
0.010741,0.010741,0.015189,0.021481,0.030379,0.042962,0.060758,0.085925,0.12152,0.17185,0.24303,0.3437,0.48606,0.6874,0.23449
0.005532,0.005532,0.0078234,0.011064,0.015647,0.022128,0.031294,0.044256,0.062587,0.088512,0.12517,0.17702,0.25035,0.35405,0.86563
0.0051513,0.0051513,0.0072851,0.010303,0.01457,0.020605,0.02914,0.041211,0.058281,0.082421,0.11656,0.16484,0.23312,0.32968,0.88468
0.0030673,0.0030673,0.0043378,0.0061346,0.0086756,0.012269,0.017351,0.024538,0.034702,0.049076,0.069405,0.098153,0.13881,0.19631,0.96071
0.001184,0.001184,0.0016745,0.0023681,0.003349,0.0047362,0.0066979,0.0094723,0.013396,0.018945,0.026792,0.037889,0.053583,0.075778,0.99425
0.0080094,0.0080094,0.011327,0.016019,0.022654,0.032038,0.045308,0.064075,0.090616,0.12815,0.18123,0.2563,0.36246,0.5126,0.68885
0.001613,0.001613,0.0022811,0.003226,0.0045623,0.0064521,0.0091246,0.012904,0.018249,0.025808,0.036498,0.051616,0.072997,0.10323,0.9893
0.0050268,0.0050269,0.007109,0.010054,0.014218,0.020107,0.028436,0.040215,0.056872,0.08043,0.11374,0.16086,0.22749,0.32172,0.89052
0.0045258,0.0045258,0.0064005,0.0090517,0.012801,0.018103,0.025602,0.036207,0.051204,0.072414,0.10241,0.14483,0.20482,0.28965,0.91227
0.0047401,0.0047401,0.0067035,0.0094802,0.013407,0.01896,0.026814,0.037921,0.053628,0.075841,0.10726,0.15168,0.21451,0.30337,0.90332
0.0040767,0.0040767,0.0057654,0.0081535,0.011531,0.016307,0.023061,0.032614,0.046123,0.065228,0.092246,0.13046,0.18449,0.26091,0.92944
0.002493,0.002493,0.0035256,0.004986,0.0070512,0.0099719,0.014102,0.019944,0.028205,0.039888,0.05641,0.079776,0.11282,0.15955,0.97422
0.002932,0.002932,0.0041465,0.005864,0.008293,0.011728,0.016586,0.023456,0.033172,0.046912,0.066344,0.093824,0.13269,0.18765,0.96417
0.0019244,0.0019244,0.0027214,0.0038487,0.0054429,0.0076974,0.010886,0.015395,0.021772,0.03079,0.043543,0.061579,0.087086,0.12316,0.98473
0.011043,0.011043,0.015617,0.022086,0.031234,0.044172,0.062468,0.088344,0.12494,0.17669,0.24987,0.35337,0.49975,0.70675,0.032109
0.0053382,0.0053382,0.0075493,0.010676,0.015099,0.021353,0.030197,0.042705,0.060395,0.085411,0.12079,0.17082,0.24158,0.34164,0.87555
0.0021595,0.0021595,0.0030539,0.0043189,0.0061079,0.0086379,0.012216,0.017276,0.024432,0.034551,0.048863,0.069103,0.097726,0.13821,0.98073
0.0018487,0.0018487,0.0026145,0.0036974,0.005229,0.0073949,0.010458,0.01479,0.020916,0.02958,0.041832,0.059159,0.083664,0.11832,0.98591
0.0036377,0.0036377,0.0051445,0.0072754,0.010289,0.014551,0.020578,0.029102,0.041156,0.058203,0.082311,0.11641,0.16462,0.23281,0.94426
0.003807,0.003807,0.0053839,0.0076139,0.010768,0.015228,0.021535,0.030456,0.043071,0.060911,0.086142,0.12182,0.17228,0.24365,0.93877
0.0017321,0.0017321,0.0024495,0.0034641,0.004899,0.0069283,0.0097981,0.013857,0.019596,0.027713,0.039192,0.055426,0.078384,0.11085,0.98764
