0,0,0,0,0,0,0,0,2.4821e-09,5.4078e-07,1.0047e-08,4.6035e-07,0.63124,0.47929,0.0012263
0,0,0,0,0,0,0,0,0,0,1.0001,0,0,0,1.5182e-08
1.6915e-10,1.3606e-06,9.0213e-14,1.3551e-06,4.5442e-11,1.3606e-06,4.9034e-11,1.3584e-06,1.3582e-06,1.3582e-06,1.3586e-06,1.3579,1.3584e-06,0,1.3584e-06
2.2727e-13,5.0424e-10,5.706e-13,9.3127e-07,2.1253e-14,9.8614e-07,4.1095e-13,1.0901e-06,4.1666e-09,1.0007e-06,1.3753e-08,1.0002e-06,1.0002,0,9.9751e-07
0,0,0,0,0,0,0,0,0,0,0,0,0,1.3007,2.9432e-06
0,0,0,0,0,0,0,0,0,0,0,0,0,0,1
0,0,0,0,0,0,0,0,0,0,0,0,0,1.3007,3.08e-06
0,0,0,0,0,0,0,0,0,0,1.0001,0,0,0,1.5182e-08
3.7533e-13,2.4763e-09,2.132e-12,1.3449e-06,3.7727e-12,1.0103e-08,9.6703e-13,8.2269e-08,3.1472e-09,9.0164e-07,5.9574e-09,1.349e-07,0.64429,0.46315,0
0,0,0,5.4384e-07,2.7226e-11,5.107e-08,3.7745e-11,8.9588e-08,2.2565e-09,6.1015e-09,5.6701e-09,7.2347e-06,0.42467,0.749,4.2494e-05
1.7869e-14,8.6388e-11,1.1443e-13,2.1489e-07,3.9686e-13,1.3318e-06,1.1449e-12,1.4981e-08,1.9057e-09,0,4.3709e-09,4.4074e-06,0.38172,0.8047,7.4038e-06
2.7538e-14,9.0226e-11,1.3053e-13,6.0832e-08,4.2775e-11,5.4556e-07,1.8082e-16,6.8169e-07,2.1115e-09,1.0222e-06,6.3054e-09,1.0262e-05,0.39838,0.78283,5.3333e-06
3.9577e-13,1.3551e-09,9.3116e-13,1.713e-07,1.0231e-12,1.5524e-07,1.3189e-11,6.0948e-07,1.3014e-09,0,5.5629e-09,3.6758e-06,0.39046,0.79321,0.00011273
1.5353e-14,5.7477e-11,4.3348e-14,3.8041e-07,2.8452e-13,2.8647e-07,2.4019e-11,0,1.6469e-09,4.9706e-09,9.6881e-09,1.3994e-05,1.0002,0,3.679e-05
5.9757e-15,3.5009e-11,2.5723e-14,1.0122e-06,4.5282e-11,2.5665e-08,0,7.212e-07,3.5609e-09,2.631e-08,8.4234e-09,1.11e-05,0.9512,0.063791,3.1469e-05
0,0,0,0,0,0,0,0,0,0,0.97482,0,0.93562,0,1.5182e-08
4.6565e-15,1.0172e-11,2.58e-14,8.5664e-07,2.1186e-12,3.0007e-10,7.6959e-13,2.6212e-08,1.4265e-09,0,3.2409e-09,3.7038e-06,0.27354,0.94581,3.5718e-05
2.4663e-13,1.3728e-09,1.6954e-12,2.9495e-07,1.5358e-11,4.6516e-07,4.2032e-11,1.237e-09,3.5046e-09,6.0605e-07,8.1115e-09,5.5482e-06,0.67341,0.42507,3.5403e-05
1.4278e-13,7.8288e-10,3.6078e-13,8.967e-08,3.8672e-11,1.741e-09,2.0772e-11,1.1192e-09,3.8628e-09,1.015e-06,1.0901e-08,6.2329e-06,0.99197,0.010704,2.5594e-05
0,0,0,0,0,1.2891e-06,4.731e-11,8.4908e-07,3.816e-09,8.6434e-07,8.0904e-09,1.1045e-05,0.73874,0.34021,3.9052e-05
3.3138e-13,1.1272e-09,2.0362e-12,3.2132e-07,0,0,3.8742e-13,4.3942e-07,1.5424e-09,8.9719e-10,1.1833e-08,8.5783e-06,0.99258,0.0099453,3.1276e-05
1.5135e-13,4.9781e-10,8.8644e-13,1.488e-07,1.1381e-13,6.2378e-07,0,2.8412e-07,1.5188e-09,1.0993e-06,5.1745e-09,3.3377e-06,0.38829,0.79619,3.1388e-05
7.2539e-14,3.9042e-10,5.0956e-13,4.0959e-07,1.6281e-11,1.3014e-06,1.9493e-12,1.3989e-09,3.0908e-09,2.7609e-08,7.6272e-09,9.6882e-06,1.0002,0,2.9877e-05
9.5193e-15,6.5559e-11,6.5529e-14,4.3718e-08,2.6074e-11,4.2678e-08,2.1612e-13,7.1552e-07,1.6337e-09,9.5811e-09,2.9367e-09,5.2036e-06,0.098787,1.1709,0.0016283
2.5889e-14,7.2241e-11,1.319e-13,4.1453e-08,2.7874e-11,6.1715e-07,2.5782e-11,1.1897e-06,3.1515e-09,1.6556e-08,7.0785e-09,8.173e-07,0.52159,0.62252,5.3166e-05
2.5387e-13,4.9028e-10,4.1751e-13,9.3926e-07,0,7.7271e-07,2.5147e-11,3.967e-08,3.0742e-09,0,5.4814e-09,2.3014e-06,0.46196,0.70027,2.6618e-05
5.593e-15,1.5137e-11,2.689e-14,7.5982e-07,1.7217e-12,5.1175e-08,1.3998e-11,3.6459e-07,1.9938e-09,8.6107e-07,6.3006e-09,5.1222e-06,0.4622,0.6999,3.8339e-05
0,0,0,3.4194e-07,1.6919e-11,4.0891e-07,2.2358e-12,3.5264e-08,1.4941e-09,5.2113e-09,3.7627e-09,5.8547e-06,0.43114,0.74018,3.7007e-05
1.6419e-14,1.0432e-10,1.2113e-13,9.9111e-08,1.7617e-14,6.0276e-07,1.9812e-11,1.2476e-06,2.5856e-09,8.0458e-07,5.9284e-09,7.5947e-06,0.20823,1.0308,2.1568e-06
5.2758e-14,3.3728e-10,1.6564e-13,4.4207e-07,4.3565e-13,2.4292e-09,1.2748e-13,2.6294e-07,3.2747e-09,0,7.66e-09,1.0208e-05,0.62563,0.48723,3.7222e-05
3.9682e-13,1.2061e-09,1.4158e-12,3.7638e-07,4.5004e-11,7.4361e-07,5.1668e-14,6.688e-07,2.9725e-09,1.298e-08,6.0363e-09,8.2478e-06,0.51937,0.62535,4.1302e-05
2.8754e-13,8.52e-10,1.3655e-12,1.2564e-06,9.8975e-12,0,3.2151e-11,9.4859e-07,3.8765e-09,1.2945e-08,1.4853e-08,2.5518e-05,1.0002,0,2.8761e-06
1.2618e-16,3.786e-13,3.9757e-16,7.9003e-08,3.8653e-14,1.1848e-06,2.5922e-14,1.263e-06,3.1984e-09,0,1.0832e-08,0,0.74939,0.32623,3.4913e-05
1.0592e-14,2.566e-11,4.9014e-14,4.9647e-07,2.3117e-11,5.5233e-09,1.4138e-11,1.1042e-06,2.8157e-09,8.0005e-07,8.1427e-09,8.6593e-06,0.74347,0.33394,3.7946e-05
4.696e-14,1.493e-10,2.1466e-13,2.8576e-07,1.3237e-11,0,8.5847e-12,1.6673e-08,9.2414e-10,4.6338e-07,3.0099e-09,7.986e-07,0.20382,1.0363,2.5578e-05
1.1458e-14,7.3997e-11,8.791e-14,6.7145e-08,9.6473e-12,1.0198e-06,3.3837e-11,2.085e-08,1.6753e-09,0,2.6136e-09,2.897e-06,0.20398,1.0355,3.2741e-05
2.2561e-13,1.3701e-09,1.6893e-12,2.2296e-07,1.1835e-11,6.7339e-07,3.3779e-13,1.9117e-08,1.2364e-09,2.4902e-07,2.92e-09,3.3292e-06,0.40113,0.77971,3.6065e-05
5.9515e-15,1.744e-11,3.2305e-14,8.8387e-09,3.8002e-13,2.8158e-08,5.1782e-14,4.3199e-08,1.0585e-10,1.8233e-09,4.4316e-10,6.3567e-07,0.41925,0.7557,2.8084e-05
4.1953e-13,1.1864e-09,9.8135e-13,9.8524e-07,1.7672e-12,7.0977e-07,0,1.0935e-08,2.222e-09,5.4524e-07,6.9241e-09,5.8146e-06,0.20734,1.0312,3.3808e-05
1.2191e-13,2.5742e-10,4.7461e-13,6.256e-08,4.4972e-11,3.993e-07,1.1201e-11,1.8123e-08,1.319e-09,0,2.4172e-09,4.7008e-07,0.16076,1.0921,4.4466e-05
1.7575e-13,1.1248e-09,1.0108e-12,6.6061e-07,2.6982e-11,1.0105e-08,1.354e-12,0,1.6628e-09,3.5571e-07,4.657e-09,5.8388e-06,0.42608,0.74679,2.8149e-05
2.3504e-14,6.8263e-11,1.0985e-13,1.7032e-08,9.5666e-12,7.5202e-08,1.5625e-11,4.3271e-07,3.3174e-09,6.4133e-09,1.4744e-08,1.316e-05,0.72023,0.36427,2.7421e-05
3.134e-15,1.064e-11,5.1832e-15,8.5802e-07,3.4167e-12,0,1.8718e-11,7.0606e-07,2.5669e-09,2.079e-08,5.6421e-09,4.9076e-07,0.40004,0.78068,4.1571e-05
9.4477e-14,2.6851e-10,5.0903e-13,1.5393e-07,7.3308e-15,6.6153e-09,1.015e-11,3.9866e-07,2.8491e-09,5.805e-07,7.8606e-09,6.0026e-06,1.0002,0,2.9459e-05
4.8243e-13,2.5966e-09,1.2881e-12,5.4848e-07,9.6696e-13,9.3684e-07,5.141e-13,7.8045e-07,3.2785e-09,1.4302e-08,5.7884e-09,7.5819e-06,0.58639,0.53818,4.0301e-05
1.2108e-13,4.4995e-10,5.4029e-13,9.5764e-07,1.0431e-11,3.2328e-07,2.1387e-11,0,2.1102e-09,1.0577e-06,6.7966e-09,6.026e-06,0.93945,0.079136,3.3391e-05
3.3829e-15,9.0568e-12,1.7938e-14,1.8557e-08,7.8826e-12,7.9172e-07,2.3546e-11,2.4132e-08,1.1258e-09,3.3063e-08,5.3051e-09,3.5147e-06,0.67453,0.42392,1.5494e-07
0,0,0,0,0,6.9056e-07,4.7169e-13,0,2.4561e-09,5.7641e-07,1.0939e-08,5.619e-06,1.0002,3.8457e-05,7.0171e-07
3.9921e-13,7.7154e-10,1.2111e-12,1.9137e-07,1.8543e-11,4.5068e-09,3.0026e-13,2.5739e-07,2.207e-09,6.1975e-07,5.778e-09,3.3485e-06,0.73885,0.34014,1.3262e-05
2.3612e-14,1.8373e-10,1.4004e-13,3.069e-08,3.7102e-11,3.7423e-08,4.1604e-11,0,1.6243e-09,6.6189e-09,1.1841e-08,5.9979e-06,0.99525,0.0064718,2.0071e-05
4.2854e-13,2.5045e-09,1.147e-12,1.7222e-07,1.1067e-11,5.2851e-07,1.5924e-13,1.3114e-06,6.6503e-09,4.9186e-08,1.2323e-08,3.248e-06,1.0002,0,2.5746e-05
2.3119e-13,6.6681e-10,9.2439e-13,2.1031e-07,9.5784e-12,0,1.3016e-11,9.4424e-11,1.3215e-09,1.1164e-08,7.4206e-09,5.1546e-07,0.6014,0.5191,3.2022e-05
1.6606e-13,4.1906e-10,7.1466e-13,1.2067e-07,6.5111e-12,1.5909e-07,3.0935e-11,1.6561e-08,9.6966e-10,2.2565e-07,4.7552e-09,5.758e-06,0.30447,0.90511,0
1.1043e-13,2.771e-10,4.4627e-13,8.8067e-08,6.641e-12,1.5869e-07,2.8707e-11,3.1796e-07,2.2236e-09,9.5189e-07,5.7703e-09,7.2761e-06,0.5655,0.56561,3.9098e-05
3.0639e-13,7.9375e-10,6.4405e-13,6.2664e-07,5.8569e-13,5.7977e-07,4.3916e-11,9.475e-07,3.7168e-09,3.7291e-08,7.0809e-09,1.3858e-05,0.53022,0.61132,5.1134e-05
7.768e-14,1.7438e-10,1.5077e-13,1.0279e-06,1.2597e-12,0,4.7817e-11,1.0098e-06,3.9583e-09,9.874e-07,7.9244e-09,1.295e-05,1.0002,0,4.4578e-05
8.1115e-16,4.4553e-12,3.9379e-15,4.6933e-07,0,7.1767e-07,0,0,1.6269e-09,3.7223e-07,4.9059e-09,1.5085e-06,0.64952,0.45628,2.8052e-05
3.3769e-16,2.9568e-12,2.2749e-15,1.6238e-08,1.5762e-11,3.7657e-07,9.1798e-14,2.9803e-07,2.8093e-09,4.5575e-07,5.6111e-09,7.0614e-06,0.67308,0.42553,6.2478e-06
1.7828e-13,1.2653e-09,3.6077e-13,1.1392e-07,4.2473e-11,4.8137e-13,0,1.7911e-07,1.0705e-09,2.6878e-07,1.0335e-08,7.1458e-06,0.70094,0.38941,2.2083e-06
1.0848e-13,8.0393e-10,3.9357e-13,3.6265e-07,9.3456e-13,1.416e-08,4.6243e-14,7.8673e-07,1.7853e-09,1.0505e-08,3.0021e-09,7.257e-06,0.10897,1.1593,0
3.3557e-13,1.1809e-09,2.0897e-12,3.432e-07,3.3582e-11,2.4854e-08,2.3503e-11,6.0519e-07,2.1375e-09,6.1954e-07,5.4719e-09,2.0606e-06,0.39411,0.7885,3.6967e-05
2.4598e-13,7.2876e-10,1.0772e-12,9.8453e-07,1.191e-12,7.2893e-08,8.1455e-14,1.5418e-09,6.2941e-09,6.3277e-08,1.121e-08,1.3235e-05,1.0002,0,2.2614e-05
1.1043e-13,2.8454e-10,4.0136e-13,3.4024e-07,3.3751e-12,0,4.5396e-11,0,2.5889e-09,0,5.0271e-09,1.3822e-06,0.62658,0.486,4.5198e-05
4.8013e-14,2.9291e-10,2.4817e-13,2.0036e-07,2.0162e-11,3.0865e-08,0,7.6656e-07,1.4196e-09,1.0185e-12,6.1413e-09,3.4593e-06,0.52074,0.62355,3.1388e-05
3.3245e-15,2.5332e-11,2.5999e-14,1.7679e-08,1.7992e-11,1.1548e-06,5.6081e-13,5.4289e-07,2.1342e-09,4.1007e-07,5.6989e-09,6.6752e-06,0.47833,0.67878,6.1239e-06
7.8368e-14,5.9945e-10,4.9429e-13,9.7276e-08,3.7715e-12,3.8951e-07,8.0595e-12,0,2.0304e-09,3.0038e-07,3.6319e-09,4.2862e-06,0.51399,0.6325,1.4117e-06
1.6298e-13,5.5367e-10,6.9609e-13,4.2864e-07,1.2137e-12,3.3298e-09,3.2269e-13,2.7214e-08,2.6739e-09,1.2694e-06,6.128e-09,1.3766e-07,0.64026,0.46835,3.7627e-05
7.9782e-14,2.1547e-10,1.4618e-13,5.7446e-08,3.9629e-11,7.8543e-07,4.7266e-11,1.1812e-08,2.4058e-09,4.9615e-07,6.5588e-09,1.1958e-05,0.64804,0.45819,4.1853e-05
3.2621e-13,2.5048e-09,2.0129e-12,4.2055e-07,3.1139e-13,1.32e-09,3.811e-11,0,1.5765e-09,8.083e-10,1.1524e-08,9.7988e-06,0.99524,0.0064718,1.937e-05
9.7833e-14,5.8651e-10,5.5394e-13,4.9223e-07,9.4435e-14,3.3637e-08,0,8.3491e-07,1.5659e-09,5.917e-07,5.4994e-09,3.8018e-06,0.53648,0.60308,3.6902e-05
2.3101e-13,1.224e-09,1.3254e-12,2.5398e-07,2.2609e-11,8.758e-07,1.7866e-11,6.257e-07,2.9534e-09,8.3268e-07,7.7611e-09,1.0977e-05,0.74299,0.33454,2.6871e-05
2.3511e-13,1.3395e-09,1.5696e-12,2.9197e-07,1.3162e-11,0,1.2454e-11,1.6673e-08,1.3199e-09,8.6188e-10,2.8179e-09,3.4025e-06,0.25487,0.96941,2.6851e-05
0,0,0,1.3365e-07,0,2.6515e-07,1.2799e-11,4.9876e-07,1.7926e-09,3.6522e-07,5.2974e-09,7.5197e-06,0.52621,0.61653,3.4902e-05
9.6131e-14,5.9067e-10,7.2337e-13,3.8742e-07,0,9.2043e-07,2.1764e-11,5.5881e-07,3.9658e-09,6.1866e-08,1.4085e-08,1.44e-05,0.99963,0.00075726,2.4789e-05
3.1924e-15,1.0466e-11,1.3121e-14,6.6218e-08,0,2.8749e-08,3.0356e-13,6.4431e-08,3.506e-09,0,6.2634e-09,5.7199e-06,0.97459,0.03333,2.3818e-05
1.577e-13,4.1571e-10,3.3338e-13,8.6688e-08,3.6692e-11,1.0101e-09,1.859e-11,0,2.9506e-09,6.7696e-07,5.7456e-09,5.2033e-06,0.44738,0.71907,3.1496e-05
7.635e-16,2.3637e-12,2.4777e-15,4.8538e-07,2.2829e-11,6.6154e-07,3.6186e-14,7.0873e-07,3.1591e-09,4.4957e-08,1.1053e-08,0,0.74939,0.32619,3.0159e-05
4.6222e-14,2.5009e-10,2.8838e-13,6.7065e-07,1.2374e-12,1.3121e-06,2.6983e-11,2.5871e-09,3.5961e-09,1.1449e-06,7.5761e-09,1.08e-05,0.71608,0.36957,4.9774e-05
5.7071e-16,3.9463e-12,3.6165e-15,2.1729e-08,1.5855e-14,9.2959e-09,3.7687e-14,2.5363e-08,2.8268e-09,1.3543e-06,9.4487e-09,1.142e-05,1.0002,0,3.0576e-05
1.8756e-15,1.2259e-11,1.3465e-14,2.864e-07,2.6572e-13,4.6178e-07,1.2964e-11,2.5461e-07,1.4476e-09,0,3.0894e-09,3.5493e-06,0.26996,0.95015,4.2704e-06
3.5032e-13,1.7475e-09,8.4853e-13,1.7409e-07,6.3942e-13,3.2226e-07,9.0904e-14,0,2.6629e-09,5.4779e-08,4.1826e-09,5.5575e-06,0.73837,0.34068,3.0298e-05
2.6258e-13,8.757e-10,1.3797e-12,2.306e-07,1.3145e-13,1.3596e-08,5.2964e-12,1.7964e-07,1.7329e-09,7.079e-07,3.786e-09,6.353e-07,0.32409,0.8798,2.7964e-05
1.1042e-14,5.8658e-11,4.9413e-14,7.632e-08,2.6996e-11,7.3474e-07,3.0095e-11,8.1897e-07,2.5173e-09,6.7762e-07,1.2464e-08,1.1255e-05,0.9833,0.022047,2.8651e-05
0,0,0,4.3512e-07,1.5925e-11,4.5663e-07,2.5858e-12,1.8315e-08,1.6373e-09,6.67e-07,5.8193e-09,8.5943e-06,0.45624,0.70788,2.8128e-05
2.8688e-13,1.5794e-09,1.8311e-12,2.9534e-07,1.5787e-12,3.4452e-09,7.644e-12,8.7126e-07,1.6213e-09,5.5721e-07,8.7103e-09,4.2507e-06,0.65406,0.45034,2.6775e-05
5.2654e-13,1.3442e-09,1.9474e-12,1.3108e-06,3.9681e-11,3.396e-08,4.6961e-11,6.8334e-08,4.5548e-09,9.0864e-07,1.2592e-08,1.5845e-05,0.9959,0.0056171,2.7513e-05
1.5132e-13,2.9345e-10,4.8335e-13,3.6768e-07,2.0088e-11,6.2639e-09,1.3093e-11,1.8826e-08,3.7206e-09,2.1836e-08,1.1887e-08,8.7001e-06,0.92173,0.10212,3.0636e-05
2.5721e-13,8.0202e-10,1.0445e-12,7.0846e-07,0,5.6336e-07,1.3738e-12,3.7232e-08,1.7141e-09,1.1038e-08,3.6529e-09,1.023e-06,0.52408,0.61924,3.1069e-05
3.805e-15,2.8083e-11,2.1058e-14,7.6286e-07,2.8636e-11,7.4024e-07,2.862e-11,4.076e-09,3.3791e-09,5.1322e-08,6.7489e-09,1.0356e-05,0.6674,0.43323,2.8283e-05
2.8605e-14,7.7935e-11,1.3479e-13,2.5433e-08,9.4755e-12,1.1528e-08,1.8049e-11,4.7677e-07,1.2669e-09,0,5.3007e-09,4.4319e-06,0.35154,0.84276,0.0011826
7.3707e-16,1.4088e-12,2.3044e-15,1.6256e-08,1.943e-11,1.9352e-08,0,5.8243e-09,1.2667e-09,2.2994e-07,2.9373e-09,1.875e-06,0.45897,0.704,4.3122e-05
0,0,0,1.1736e-06,0,8.1676e-07,0,1.1238e-06,3.6947e-09,8.1401e-08,9.2875e-09,1.0945e-05,0.75859,0.31428,3.6687e-05
1.8651e-13,6.5582e-10,8.1157e-13,1.2269e-06,1.2636e-11,4.8922e-07,3.1982e-11,0,3.405e-09,1.2894e-07,6.9637e-09,5.0097e-06,0.93906,0.079632,3.6612e-05
9.6874e-15,2.5975e-11,4.6509e-14,1.3157e-06,2.9805e-12,9.0871e-08,2.444e-11,7.3771e-08,2.6124e-09,1.2588e-07,6.5151e-09,5.2515e-06,0.4622,0.6999,3.6061e-05
3.6822e-15,1.2287e-11,2.3115e-14,3.1829e-07,3.9468e-11,5.725e-07,0,2.1834e-09,2.0588e-09,4.4358e-09,9.3198e-09,1.6431e-05,0.93292,0.087566,2.6663e-05
2.95e-13,8.5179e-10,1.3254e-12,7.7175e-07,8.2376e-12,0,5.084e-13,7.233e-07,2.9534e-09,5.797e-07,1.3868e-08,1.9042e-05,1.0002,0,3.158e-06
4.1115e-13,7.9026e-10,1.6873e-12,2.6554e-07,0,1.3441e-06,0,1.7455e-08,2.2069e-09,0,9.2252e-09,4.3185e-06,0.64202,0.4659,3.5201e-05
1.8376e-13,5.0826e-10,4.1581e-13,1.2686e-06,1.2486e-12,1.5627e-08,3.3668e-13,5.1117e-07,2.7961e-09,1.7571e-09,7.4585e-09,5.6122e-06,0.62917,0.48288,1.1706e-06
0,0,0,1.1352e-06,0,5.7555e-07,0,4.9421e-08,2.379e-09,4.7888e-08,5.8104e-09,7.3324e-06,0.45162,0.71354,3.5318e-05
2.0017e-14,6.8519e-11,1.1766e-13,2.1646e-08,7.9601e-12,9.1306e-08,3.2769e-12,3.2982e-07,1.9393e-09,1.1865e-06,4.7028e-09,1.8547e-06,0.34771,0.84901,3.3672e-05
4.5571e-13,1.1984e-09,2.0857e-12,5.9385e-07,0,1.0561e-07,4.3075e-11,3.6812e-08,1.609e-09,5.4237e-08,4.4529e-09,5.401e-06,0.46764,0.69278,4.8576e-05
1.3198e-14,1.0674e-10,9.4364e-14,1.5304e-08,1.0683e-11,2.4879e-07,1.8066e-13,3.7981e-07,1.3174e-09,4.9341e-10,2.951e-09,1.3313e-06,0.36381,0.8281,3.5599e-05
2.1149e-13,4.9947e-10,4.3284e-13,3.7451e-07,4.5299e-13,0,2.0092e-11,3.8884e-07,1.5258e-09,1.613e-08,3.3071e-09,5.1179e-06,0.11239,1.1554,5.7686e-05
3.9905e-13,2.4491e-09,1.258e-12,3.9885e-07,1.9355e-12,0,1.7699e-11,4.8001e-08,4.0288e-09,7.9923e-07,1.0487e-08,6.6415e-07,0.71735,0.36792,3.4802e-05
2.9063e-13,9.569e-10,1.1339e-12,7.7439e-07,0,6.7578e-08,2.5056e-12,1.2666e-06,3.0792e-09,1.7577e-08,5.5637e-09,5.5095e-07,0.77224,0.29653,5.284e-08
2.7849e-13,6.3541e-10,9.3344e-13,1.7778e-07,3.0257e-11,0,1.0316e-11,4.0936e-07,1.4691e-09,2.8544e-07,2.8591e-09,2.6703e-06,0.10065,1.1707,4.3489e-05
0,0,0,5.7812e-07,2.1455e-14,1.1714e-06,6.8074e-14,7.0515e-07,2.966e-09,1.2559e-06,5.9293e-09,5.7671e-06,0.58102,0.54543,2.3088e-05
0,0,0,5.0944e-07,2.1797e-11,5.065e-08,3.1131e-11,2.5156e-09,1.9233e-09,4.537e-07,5.5081e-09,3.8994e-06,0.71734,0.36813,3.4263e-05
2.5667e-14,8.401e-11,1.5569e-13,3.4587e-07,9.1945e-14,3.4839e-08,4.4912e-11,1.2016e-08,1.5535e-09,6.2154e-07,7.9558e-09,4.0779e-06,1.0002,0,3.8188e-05
1.4958e-14,4.2198e-11,3.216e-14,7.1932e-07,3.9568e-11,2.1918e-09,1.2763e-12,7.6265e-07,2.4831e-09,8.5148e-09,4.4664e-09,3.4479e-06,0.33045,0.87123,3.3833e-05
4.1621e-13,1.0849e-09,7.9691e-13,1.2306e-07,6.3112e-12,4.1884e-07,1.0041e-11,1.1209e-06,5.7302e-09,1.21e-06,1.2035e-08,3.3284e-06,0.99832,0.0024706,4.2098e-05
0,0,0,2.4771e-07,2.5601e-11,1.0786e-06,0,0,1.9188e-09,0,7.3162e-09,4.3898e-06,0.5601,0.57236,3.4593e-05
4.9235e-16,1.5468e-12,2.0158e-15,8.0805e-09,4.6333e-15,1.7503e-07,4.1644e-12,3.7467e-07,8.9143e-10,2.2719e-07,2.1525e-09,1.4584e-06,0.19047,1.0532,3.6462e-05
1.2622e-13,3.3079e-10,6.7804e-13,4.7123e-07,1.8046e-11,0,2.7594e-11,5.3126e-07,1.9267e-09,1.8608e-08,3.5506e-09,1.016e-07,0.4967,0.65534,2.2296e-05
2.9071e-13,7.0837e-10,5.5251e-13,4.5234e-07,1.1674e-11,2.531e-08,7.2338e-13,3.7327e-07,1.2043e-09,3.2657e-07,3.4808e-09,8.1936e-06,0.34347,0.85414,4.5582e-06
7.3025e-14,1.5895e-10,3.7705e-13,8.7181e-07,2.06e-11,7.395e-08,1.8492e-11,2.6662e-09,2.5753e-09,7.1664e-08,5.8781e-09,1.0199e-05,0.54679,0.5904,4.2289e-07
3.1524e-13,2.3736e-09,7.0738e-13,2.244e-07,4.3905e-13,1.9408e-13,2.9721e-13,7.8667e-08,4.4634e-10,9.2368e-08,4.3943e-09,2.8899e-06,0.47919,0.67768,2.1227e-06
1.741e-13,5.1906e-10,1.0484e-12,9.0147e-07,1.0896e-13,5.8862e-08,3.6859e-13,1.4447e-09,1.4676e-09,1.1951e-08,2.8626e-09,3.6587e-06,0.2632,0.95855,2.7037e-05
3.3589e-13,2.0114e-09,2.0351e-12,6.09e-07,2.465e-13,8.5366e-07,1.1156e-12,7.9715e-09,1.964e-09,9.4023e-07,6.3146e-09,9.1569e-06,0.53615,0.60357,4.2455e-05
2.6349e-14,1.27e-10,1.5645e-13,6.986e-07,4.1229e-11,4.4605e-08,2.5042e-11,8.0056e-07,4.0752e-09,1.2302e-08,8.3844e-09,3.1292e-06,0.65232,0.45192,0.0010164
3.7564e-13,1.1143e-09,1.6285e-12,2.7552e-07,1.4088e-11,4.8064e-08,0,3.3166e-07,3.3914e-09,1.3032e-08,5.3113e-09,7.9242e-06,0.64044,0.46809,1.6252e-05
0,0,0,1.704e-07,1.1083e-11,6.3705e-07,1.3042e-11,4.1567e-07,1.8423e-09,0,6.8024e-09,5.1632e-06,0.5218,0.62219,3.2347e-05
0,0,0,4.4597e-07,2.4096e-12,3.8227e-07,3.6744e-11,0,1.5362e-09,2.876e-07,4.641e-09,5.4493e-06,0.39053,0.79332,3.4591e-05
2.4977e-13,7.0163e-10,9.8219e-13,1.9848e-07,1.3821e-13,6.7152e-10,1.9339e-11,4.8088e-07,1.5066e-09,7.982e-10,1.1785e-08,6.4967e-06,0.99673,0.0045299,1.5816e-05
6.1651e-17,2.9916e-13,1.8092e-16,1.8542e-08,3.2035e-14,9.6281e-10,2.8544e-13,3.5626e-08,7.0548e-11,4.8636e-10,6.1884e-10,5.9003e-09,0.63992,0.46878,2.415e-05
3.512e-15,1.1536e-11,1.3857e-14,5.5777e-08,0,1.2081e-06,2.9193e-11,0,2.1968e-09,5.9513e-07,5.7788e-09,4.1127e-06,0.46503,0.69621,3.6863e-05
1.2892e-14,4.1532e-11,5.3867e-14,3.0344e-07,1.3097e-12,1.0945e-08,0,1.9984e-08,1.5935e-09,3.3883e-07,7.5495e-09,3.02e-06,0.47492,0.68318,4.8463e-05
1.448e-13,1.0627e-09,3.1309e-13,3.2015e-07,1.2764e-11,1.9742e-08,0,1.8085e-07,1.0569e-09,2.8733e-07,1.0742e-08,6.4826e-06,0.70094,0.38943,2.4324e-06
5.3668e-14,2.9564e-10,2.7612e-13,2.1157e-07,1.0857e-11,2.2286e-07,0,6.7398e-09,6.9395e-10,2.2892e-08,1.5697e-09,1.7111e-06,0.20026,1.0407,2.2905e-05
3.0188e-13,9.3664e-10,6.3148e-13,1.2642e-07,8.3742e-13,5.5243e-09,3.1655e-12,3.6285e-07,1.841e-09,5.8356e-07,9.3814e-09,2.5216e-06,0.65406,0.45034,2.7985e-05
1.7022e-13,6.1075e-10,7.9013e-13,6.3338e-07,2.6384e-11,3.9702e-08,6.3248e-15,5.0129e-07,2.4175e-09,1.3337e-06,6.8748e-09,7.6821e-06,0.75902,0.31379,3.529e-05
1.7191e-14,8.3195e-11,9.1397e-14,6.9374e-08,3.8816e-11,7.3112e-08,2.8371e-11,4.6916e-07,1.9403e-09,4.3438e-07,9.8375e-09,6.5787e-06,0.7498,0.32575,3.4358e-05
4.9089e-14,1.0016e-10,2.4391e-13,4.5557e-08,2.9812e-11,1.3043e-06,2.5641e-12,8.8142e-07,2.6931e-09,5.7181e-07,1.4496e-08,2.2504e-06,1.0002,0,4.1981e-05
4.0203e-13,1.3119e-09,6.6932e-13,1.949e-07,0,3.8692e-07,1.6994e-11,2.8367e-07,1.4287e-09,3.0172e-08,8.5088e-09,6.6814e-06,0.60282,0.5169,5.7569e-05
1.6328e-15,3.2926e-12,5.4324e-15,3.1988e-07,6.5279e-14,6.2935e-08,1.7566e-11,7.4495e-07,5.599e-09,3.2174e-09,1.1393e-08,2.6509e-06,0.95881,0.053861,3.2184e-05
3.3658e-18,1.1073e-14,1.5954e-17,1.6596e-08,8.6929e-13,5.2118e-07,6.2413e-12,6.0052e-11,6.9036e-10,1.3354e-08,4.4853e-09,2.8345e-06,0.45311,0.71163,2.9969e-05
2.9058e-13,9.7375e-10,5.8152e-13,1.137e-07,1.4637e-11,7.8934e-09,9.4653e-12,2.538e-07,2.487e-09,6.7675e-07,5.4277e-09,1.8974e-06,0.40317,0.77671,3.4416e-05
1.6938e-16,3.3992e-13,5.644e-16,1.8985e-08,4.0633e-11,6.1739e-07,7.3918e-13,0,4.421e-09,8.16e-07,9.3833e-09,4.9078e-06,1.0002,3.4963e-05,6.9807e-07
1.1675e-13,3.1795e-10,5.6682e-13,5.0686e-07,9.7361e-12,4.6803e-07,7.1218e-14,2.3203e-09,4.8047e-09,4.7068e-08,1.1802e-08,1.7039e-05,0.9976,0.0034237,3.5498e-05
2.3132e-13,5.0101e-10,8.7543e-13,6.6759e-07,1.237e-12,6.0082e-07,4.0971e-11,6.208e-07,3.0786e-09,7.9179e-07,7.1732e-09,1.652e-06,0.64405,0.46341,4.1577e-05
1.5619e-13,4.2781e-10,7.2113e-13,1.1153e-07,0,7.4955e-08,3.9619e-13,2.6442e-07,8.07e-10,9.7835e-08,1.99e-09,2.212e-06,0.19227,1.0508,3.0584e-05
9.961e-14,2.8013e-10,4.6389e-13,8.1589e-07,4.1547e-11,7.299e-09,2.4973e-11,4.2474e-08,2.1034e-09,4.0303e-09,7.5699e-09,5.5134e-06,0.18413,1.0617,4.8837e-05
2.9029e-15,1.5174e-11,2.0247e-14,2.1247e-08,2.0986e-11,2.3441e-07,1.9352e-11,3.3296e-07,2.0921e-09,7.5099e-08,4.3668e-09,4.2846e-06,0.51073,0.63662,3.4946e-05
7.6815e-14,2.0054e-10,1.5092e-13,2.9705e-08,1.5919e-11,2.7662e-07,7.5954e-12,0,2.5142e-09,4.7637e-08,4.3857e-09,6.1424e-06,0.73111,0.35014,3.3061e-05
1.1705e-13,2.0926e-10,1.9698e-13,7.4467e-07,1.3219e-12,0,3.914e-13,1.028e-08,3.0515e-09,6.6484e-07,7.7353e-09,4.9255e-06,0.62125,0.49306,2.7667e-05
5.8147e-14,1.8147e-10,2.117e-13,5.2703e-07,4.5128e-12,9.8992e-09,1.1572e-11,6.6767e-09,1.2235e-09,8.0487e-08,4.9877e-09,7.7465e-06,0.4216,0.75302,2.8242e-05
1.9114e-13,5.3122e-10,1.0807e-12,1.8847e-07,3.4284e-13,1.2471e-06,9.9536e-13,2.096e-08,1.7047e-09,4.6877e-07,3.4995e-09,4.8884e-06,0.37413,0.81455,7.6448e-06
5.4452e-13,1.7504e-09,1.3105e-12,3.4875e-07,4.0371e-13,6.3109e-07,3.4659e-11,8.5693e-09,4.7499e-09,5.4087e-07,1.1599e-08,1.9215e-05,1.0002,0,2.5668e-05
4.2664e-13,9.9128e-10,1.3836e-12,1.1342e-06,5.1069e-12,0,4.5041e-12,1.2653e-07,3.0576e-09,1.9152e-08,5.0859e-09,1.6557e-06,0.56566,0.56554,3.2911e-05
1.0929e-13,3.6157e-10,6.2817e-13,9.418e-08,1.6011e-11,1.1899e-09,2.9351e-11,7.3742e-07,1.8579e-09,3.8232e-07,7.935e-09,7.9404e-06,0.99657,0.0047454,3.6573e-05
3.6937e-13,1.0819e-09,1.8822e-12,5.2224e-07,0,0,8.1249e-13,2.041e-07,1.7174e-09,3.5239e-07,4.3859e-09,9.4807e-08,0.50156,0.64895,3.2507e-05
4.7822e-16,1.4981e-12,2.5457e-15,4.7416e-07,2.1122e-11,5.4362e-09,3.2011e-11,5.1776e-07,2.8828e-09,1.0526e-06,1.3341e-08,8.0481e-06,1.0002,0,4.8252e-05
3.0466e-15,7.4464e-12,6.2459e-15,5.5623e-07,1.4101e-13,3.5392e-07,1.5016e-11,8.4136e-09,4.8815e-09,8.0943e-09,7.7801e-09,7.304e-06,0.62803,0.48423,2.9737e-05
1.7533e-14,9.8671e-11,1.2164e-13,2.93e-07,5.085e-13,5.8533e-07,3.6147e-11,1.2997e-09,1.7472e-09,6.0634e-07,4.1361e-09,5.1949e-06,0.73126,0.34983,4.326e-05
5.7788e-14,1.5253e-10,2.2047e-13,5.816e-07,2.3161e-13,8.3801e-07,2.7921e-13,4.5965e-07,2.3423e-09,1.5089e-09,6.2065e-09,4.7167e-06,0.53734,0.60202,2.1172e-05
0,0,0,6.0435e-07,3.7441e-12,4.0591e-07,2.4386e-12,3.534e-07,1.9415e-09,7.8157e-07,6.9873e-09,1.0355e-05,0.99957,0.000848,3.0331e-05
4.3885e-14,1.5279e-10,2.1556e-13,5.3354e-07,1.9735e-12,0,2.9646e-11,3.8835e-07,2.0869e-09,2.31e-08,4.0449e-09,5.2937e-06,0.73126,0.34983,3.8568e-05
1.9674e-14,6.2049e-11,1.0598e-13,7.1674e-07,2.5659e-13,1.2497e-06,4.828e-11,1.3308e-06,3.4638e-09,3.2126e-08,1.2624e-08,1.5184e-05,0.99577,0.0058584,4.285e-05
3.6009e-13,2.3097e-09,1.0414e-12,2.9147e-07,7.1072e-13,2.5145e-07,2.0151e-11,9.8139e-07,2.2026e-09,7.9698e-07,4.6062e-09,1.7965e-06,0.34819,0.84847,0
8.9942e-17,1.7686e-13,3.3509e-16,3.5252e-07,1.6737e-12,3.7214e-07,1.2502e-11,1.071e-09,2.1822e-09,6.6912e-07,4.4324e-09,1.4145e-06,0.12983,1.1322,2.2942e-06
1.7668e-13,5.1739e-10,9.6105e-13,2.6417e-07,1.4079e-11,8.4946e-07,3.5655e-11,3.3309e-08,2.2265e-09,2.6468e-08,4.8282e-09,4.8758e-06,0.39321,0.78957,3.7879e-05
2.4089e-13,7.6459e-10,1.2203e-12,1.6845e-07,8.1055e-12,5.3919e-07,2.4556e-11,1.2847e-06,2.7751e-09,1.2144e-08,6.467e-09,7.6364e-07,0.52514,0.61788,4.5529e-05
1.0546e-13,3.3435e-10,4.5195e-13,3.7061e-07,6.1795e-13,3.3527e-07,2.1688e-11,2.9811e-07,1.6921e-09,4.1676e-07,3.7908e-09,8.7565e-07,0.321,0.88359,4.2976e-05
2.4962e-13,7.9493e-10,1.3335e-12,2.4007e-07,1.0355e-11,1.2397e-06,3.2024e-12,9.3749e-07,2.6771e-09,4.8897e-07,1.4638e-08,1.8092e-06,1.0002,0,3.3784e-05
0,0,0,9.6551e-11,1.6046e-17,5.4936e-07,1.4257e-11,7.1356e-07,1.4404e-09,3.8599e-09,5.6598e-09,1.6753e-06,0.65998,0.44269,2.0605e-05
4.4147e-15,1.2242e-11,1.5394e-14,4.7277e-07,2.055e-11,5.2142e-07,2.1886e-11,5.3439e-07,2.6216e-09,5.985e-07,6.7187e-09,1.0201e-05,0.62949,0.48242,3.1912e-05
1.7975e-13,4.5406e-10,8.2854e-13,1.2541e-06,0,5.8145e-07,3.0144e-11,7.3313e-09,3.113e-09,6.7805e-07,1.0016e-08,1.1756e-05,0.6722,0.42662,3.2631e-05
1.6009e-13,4.0836e-10,3.6437e-13,3.1405e-07,1.1521e-11,3.8857e-07,1.45e-11,2.7416e-08,1.4396e-09,3.8981e-09,7.3985e-09,1.0668e-05,0.55017,0.58529,4.4934e-05
9.9757e-15,2.7331e-11,4.9476e-14,2.6072e-07,2.6179e-11,3.2093e-08,1.0396e-11,5.608e-07,3.2225e-09,5.2476e-10,6.9376e-09,9.4003e-08,0.97136,0.037532,2.5623e-05
2.4291e-13,7.0931e-10,1.2123e-12,2.0323e-07,3.1521e-11,2.4805e-09,1.1462e-11,4.394e-07,1.8513e-09,3.0436e-07,7.7644e-09,1.0699e-05,0.99656,0.0047458,3.831e-05
4.7497e-13,1.3233e-09,2.0334e-12,7.1638e-07,0,5.5714e-07,8.1891e-14,2.4495e-09,5.6536e-09,5.652e-08,1.2017e-08,1.2665e-05,1.0002,0,3.927e-05
0,0,0,1.594e-07,1.4033e-12,3.3715e-07,4.4351e-11,1.183e-06,2.7565e-09,4.0428e-07,5.9928e-09,9.8098e-06,0.45877,0.70423,3.3223e-05
8.4683e-14,2.5433e-10,4.4918e-13,1.252e-07,6.146e-12,3.9937e-07,7.8491e-13,8.0491e-07,1.5099e-09,2.4169e-08,3.7059e-09,5.3606e-06,0.42191,0.75208,2.7757e-05
1.3514e-13,4.7006e-10,7.1492e-13,5.8212e-07,3.176e-11,7.0844e-07,0,7.1054e-07,3.637e-09,7.5834e-07,8.2332e-09,8.2547e-06,0.51296,0.63403,4.4213e-05
2.4517e-14,1.2469e-10,1.3788e-13,3.3645e-07,1.5548e-13,5.2173e-07,2.2679e-13,2.7701e-07,1.4184e-09,2.7938e-07,4.344e-09,3.0488e-06,0.3614,0.83091,2.4863e-05
2.6436e-13,6.2235e-10,9.9882e-13,6.3518e-07,0,9.4554e-11,2.0909e-13,2.1868e-08,2.9835e-09,6.6413e-07,1.2637e-08,7.6478e-06,0.93796,0.081013,3.7471e-05
9.4343e-15,4.4041e-11,5.4527e-14,8.4538e-08,3.2865e-11,2.2718e-07,5.9949e-13,3.4984e-07,1.1883e-09,2.4674e-07,3.0703e-09,3.9518e-06,0.33502,0.8652,2.8479e-05
6.7648e-16,1.7867e-12,3.1121e-15,2.6e-09,2.8106e-12,7.3829e-07,0,8.7362e-07,1.8205e-09,1.8176e-07,9.4385e-09,8.3071e-06,1.0002,0,2.7213e-05
3.6022e-14,2.6697e-10,2.4269e-13,4.1822e-08,2.8039e-11,6.08e-07,4.6062e-13,3.3867e-07,1.7791e-09,4.7329e-09,4.0269e-09,2.5508e-06,0.51965,0.6251,3.8179e-05
2.7102e-14,1.7178e-10,1.4767e-13,3.2342e-08,1.3594e-11,2.144e-07,3.3317e-11,0,8.1807e-10,2.1238e-07,7.6168e-09,8.2648e-06,0.61819,0.49699,3.7309e-05
1.3672e-14,7.6953e-11,7.1794e-14,8.3221e-07,0,7.2914e-08,0,6.0225e-07,2.3125e-09,3.6735e-07,6.6982e-09,9.233e-06,0.74844,0.32752,4.3331e-06
3.3951e-13,8.5326e-10,6.1006e-13,5.8705e-07,7.3537e-12,0,1.3649e-11,5.2481e-07,2.0542e-09,4.8682e-07,9.7957e-09,1.3527e-05,0.71298,0.37428,3.7556e-06
1.1449e-13,9.4829e-10,9.4882e-13,2.7807e-07,3.8174e-13,1.703e-08,0,0,1.064e-09,1.2488e-07,7.5689e-09,1.1855e-05,1.0002,0,2.3907e-05
1.8903e-14,5.0288e-11,8.2417e-14,1.4818e-08,1.9691e-11,1.9118e-07,3.6001e-11,1.8996e-08,1.0686e-09,1.4959e-07,2.4624e-09,2.7695e-06,0.19605,1.0461,0
2.7498e-13,6.087e-10,8.376e-13,1.2705e-07,1.3456e-11,3.3159e-09,3.6522e-11,3.114e-07,2.8043e-09,4.6249e-08,5.5291e-09,3.4531e-06,0.73885,0.34014,1.3915e-05
3.0506e-13,4.9996e-10,1.0741e-12,1.7082e-07,1.1648e-13,7.0898e-07,9.2027e-13,1.5578e-08,1.0783e-09,0,3.7441e-09,5.6617e-07,0.2566,0.9675,3.2352e-05
0,0,0,8.7437e-07,0,6.1281e-08,2.305e-12,0,4.5151e-09,4.7122e-08,7.2646e-09,3.6886e-08,0.62314,0.49042,3.39e-05
1.0385e-12,3.0867e-09,2.0829e-12,4.3701e-07,2.5025e-16,4.816e-07,1.383e-11,3.6045e-08,1.444e-09,1.7115e-08,3.5007e-09,5.4058e-06,0.30723,0.90155,4.0115e-05
2.125e-16,6.5908e-13,1.0517e-15,3.6429e-08,3.1065e-11,3.1199e-07,2.3205e-11,5.0673e-07,1.728e-09,7.9032e-07,5.2447e-09,2.1006e-06,0.38898,0.79525,5.3949e-06
8.9935e-16,2.5029e-12,3.4185e-15,8.8405e-07,2.6956e-12,1.2563e-06,2.7333e-12,1.1209e-08,3.2176e-09,1.3018e-06,1.5169e-08,9.6762e-06,1.0002,0,4.0182e-05
6.3633e-14,1.5667e-10,3.1077e-13,6.4486e-07,1.2723e-14,4.9866e-07,1.6779e-11,5.1277e-07,2.6147e-09,0,6.2955e-09,6.2826e-06,0.62629,0.48659,0
2.5429e-14,6.9805e-11,1.361e-13,2.1092e-08,2.1239e-11,1.0228e-06,1.4652e-11,7.1789e-08,2.065e-09,3.3087e-07,3.8021e-09,6.4398e-06,0.39816,0.78334,3.9626e-05
1.0491e-15,2.344e-12,4.7166e-15,5.0247e-07,2.1992e-11,1.1754e-06,0,0,3.223e-09,5.673e-07,1.2107e-08,1.7844e-05,0.72586,0.35694,3.1743e-05
0,0,0,3.3012e-07,2.1622e-11,0,1.8904e-11,1.1749e-06,3.0728e-09,3.6721e-08,7.1337e-09,1.1009e-05,0.60806,0.51013,3.1261e-05
8.2355e-14,2.9071e-10,3.5952e-13,6.6006e-08,2.7031e-11,3.6196e-07,0,0,1.9271e-09,8.608e-07,4.4319e-09,4.3271e-07,0.38335,0.80262,3.4515e-05
1.2278e-13,6.682e-10,7.6637e-13,1.3424e-07,1.2479e-11,4.6783e-07,9.4096e-12,3.9831e-07,1.7102e-09,4.6862e-07,4.009e-09,6.8632e-06,0.38791,0.79639,3.2457e-05
2.3746e-13,6.6999e-10,1.2021e-12,9.201e-07,1.9874e-12,3.4319e-07,1.9967e-11,6.4694e-10,2.6321e-09,8.641e-08,5.5607e-09,8.7542e-06,0.43833,0.73136,3.5617e-05
3.7533e-14,2.1801e-10,1.0305e-13,1.797e-07,7.2119e-12,3.558e-08,5.6546e-12,2.0854e-07,7.7655e-10,4.848e-09,4.3384e-09,5.8286e-06,0.50786,0.64089,3.9257e-05
2.6602e-15,7.723e-12,1.0384e-14,1.2522e-06,1.5311e-12,0,2.7307e-11,2.0859e-09,2.672e-09,5.8334e-07,7.4132e-09,6.6271e-06,1.0002,0,3.6487e-05
1.3862e-14,3.9536e-11,7.9803e-14,5.8327e-08,2.8833e-12,4.7592e-08,1.1488e-11,1.0344e-07,9.1514e-10,4.4072e-07,5.325e-09,2.9309e-06,0.358,0.83527,3.0218e-05
1.0667e-13,6.3268e-10,7.7175e-13,1.1743e-07,0,3.9175e-07,4.2222e-11,5.3042e-07,4.4474e-09,8.0739e-07,1.2691e-08,9.9293e-06,0.93134,0.089642,3.7066e-05
9.4949e-15,2.7996e-11,2.1371e-14,1.0681e-07,4.5687e-12,6.2947e-07,0,2.5604e-09,9.1535e-10,2.2928e-08,2.1443e-09,2.0844e-06,0.2047,1.0352,2.7567e-05
1.372e-13,2.9155e-10,6.5494e-13,3.9717e-07,1.2247e-14,8.8982e-07,1.8522e-11,5.2744e-07,2.6909e-09,8.2371e-07,1.3524e-08,1.5383e-05,0.99755,0.0034692,2.6399e-05
2.5248e-13,7.362e-10,5.2123e-13,1.9151e-07,1.1884e-12,7.1712e-09,4.5607e-12,5.1624e-07,2.4984e-09,7.1856e-08,1.0154e-08,5.3798e-06,0.65406,0.45033,4.2056e-05
0,0,0,0,0,0,0,0,0,0,0.98955,0,0.39834,0,1.5182e-08
1.5926e-15,4.9448e-12,8.4898e-15,6.9173e-07,0,4.7543e-07,4.0215e-11,1.9078e-09,2.0342e-09,1.9761e-10,4.5114e-09,5.6239e-06,0.65663,0.44691,3.4049e-05
3.9763e-14,9.1663e-11,7.875e-14,5.2634e-07,2.0536e-11,0,1.6781e-11,6.1038e-07,2.5648e-09,5.2053e-07,4.7898e-09,9.0551e-06,0.47455,0.68371,4.1024e-05
4.2258e-13,1.3765e-09,1.5637e-12,3.0406e-07,1.8481e-12,6.7648e-07,1.4471e-11,4.0488e-07,2.0135e-09,3.2381e-09,4.0551e-09,2.5614e-06,0.51669,0.62892,4.0081e-05
4.6965e-14,3.0747e-10,3.5438e-13,6.7274e-08,2.4707e-11,2.772e-07,9.8666e-12,9.9826e-07,2.3013e-09,8.064e-07,4.4354e-09,1.8251e-06,0.35173,0.84382,0
2.0118e-13,7.8097e-10,9.0279e-13,5.9082e-07,0,5.159e-08,2.796e-11,1.2102e-06,3.089e-09,1.6981e-08,5.1912e-09,1.0169e-06,0.77223,0.29652,2.973e-05
9.642e-14,2.504e-10,4.7152e-13,7.8127e-08,3.7416e-11,2.4293e-08,2.9511e-11,1.1783e-06,2.433e-09,5.152e-07,7.6993e-09,6.5468e-06,0.60965,0.50814,4.2274e-05
0,0,0,6.5129e-07,2.36e-14,1.3063e-06,7.9651e-14,0,2.4929e-09,7.4673e-07,4.771e-09,4.5663e-06,0.46287,0.69915,2.4383e-05
3.1985e-13,1.7579e-09,2.0242e-12,2.8516e-07,2.5793e-11,3.4232e-08,1.0902e-11,0,1.2179e-09,3.4018e-07,3.295e-09,4.4985e-06,0.56039,0.57229,2.6449e-05
9.4339e-15,2.0283e-11,5.2679e-14,6.9957e-07,1.5389e-12,7.1213e-09,6.0794e-13,2.032e-08,1.1398e-09,4.8025e-07,3.2397e-09,3.6793e-06,0.27055,0.94933,3.3181e-05
6.3751e-14,1.6897e-10,2.4252e-13,1.8957e-07,8.3583e-12,5.6557e-07,1.5347e-11,1.948e-08,1.2868e-09,3.5733e-07,2.6005e-09,4.2533e-06,0.26866,0.95233,4.315e-06
2.6263e-13,1.5571e-09,1.8836e-12,2.7377e-07,2.3649e-11,3.341e-07,3.3718e-11,5.1693e-07,2.37e-09,6.8603e-09,5.2841e-09,1.9171e-06,0.38773,0.79678,2.7402e-05
1.4406e-13,2.6584e-10,2.3986e-13,4.7259e-07,2.4725e-11,5.7282e-07,2.1574e-11,2.8337e-08,2.4707e-09,4.314e-07,5.5839e-09,1.941e-06,0.46196,0.70031,3.0324e-05
1.1345e-12,3.3213e-09,1.8719e-12,5.7645e-07,1.5718e-13,2.9708e-09,1.6427e-11,4.3207e-07,1.7743e-09,1.6217e-08,9.4927e-09,1.1459e-05,0.74464,0.33266,4.1598e-05
3.3761e-14,1.1477e-10,2.0084e-13,1.1233e-07,2.2889e-14,2.1386e-07,2.6563e-15,1.4831e-07,1.1998e-09,6.271e-07,3.3295e-09,5.899e-06,0.40697,0.7718,2.1745e-07
1.8763e-13,1.0646e-09,1.3706e-12,2.483e-07,1.1375e-11,4.4893e-07,0,8.1134e-10,3.3026e-09,5.408e-07,7.7615e-09,9.2586e-06,0.68479,0.41028,3.7773e-05
1.2748e-15,7.9543e-12,7.842e-15,2.8056e-08,2.2629e-11,1.504e-07,7.2923e-12,5.1154e-07,1.2387e-09,6.6093e-07,6.772e-09,7.9151e-06,0.90458,0.12429,0.0012749
9.2176e-17,5.5596e-13,6.8027e-16,6.8414e-08,2.8549e-11,7.003e-07,1.1381e-12,0,1.7403e-09,4.2037e-07,3.9654e-09,4.5669e-06,0.65728,0.44649,2.3631e-05
2.0462e-14,5.9277e-11,9.3392e-14,7.1909e-08,2.237e-13,3.9152e-08,1.1263e-11,1.222e-07,1.0798e-09,2.0544e-07,5.0296e-09,5.0622e-06,0.69632,0.39479,0.0010455
3.0316e-13,7.7701e-10,6.1843e-13,6.7621e-07,1.7078e-12,4.7817e-07,1.773e-11,5.092e-07,2.6421e-09,1.1242e-06,6.8621e-09,1.1002e-05,0.6248,0.48853,0
6.6538e-14,2.1837e-10,3.631e-13,6.2162e-08,3.9087e-12,1.4633e-08,2.5244e-14,3.762e-09,7.2179e-10,2.452e-07,3.0396e-09,4.9008e-06,0.31049,0.89732,4.6707e-05
2.0124e-14,1.4326e-10,9.9636e-14,8.9317e-07,3.5724e-11,1.4228e-07,5.2932e-13,8.2045e-07,3.2447e-09,1.063e-06,1.2818e-08,2.1647e-05,1.0002,0,3.2599e-05
3.3414e-14,9.5659e-11,7.1824e-14,3.1677e-07,1.5765e-11,1.7121e-08,0,3.3542e-07,2.6454e-09,6.1937e-07,5.3174e-09,6.8159e-06,0.47744,0.68004,3.6572e-05
2.0094e-13,6.1502e-10,1.0874e-12,7.5185e-07,1.2619e-12,3.3618e-07,1.036e-13,2.984e-08,1.823e-09,8.4727e-07,5.497e-09,8.6244e-06,0.43735,0.73283,4.0758e-05
2.031e-13,5.898e-10,1.016e-12,2.4402e-07,8.4493e-12,1.1132e-08,3.5447e-13,6.6077e-07,4.1583e-09,1.3204e-08,7.5106e-09,1.3931e-05,0.99326,0.0090419,5.064e-05
1.4908e-13,3.4329e-10,4.9998e-13,1.0356e-06,7.8953e-14,9.3313e-07,0,5.3324e-08,3.202e-09,0,6.6783e-09,6.7747e-06,0.20207,1.0384,3.3393e-05
4.0971e-15,2.4936e-11,2.5829e-14,3.2834e-07,1.4937e-11,3.8428e-07,1.131e-13,3.7769e-07,1.7206e-09,2.9465e-07,5.1505e-09,7.3428e-06,0.4398,0.72892,4.6674e-06
4.4391e-13,1.1126e-09,1.5323e-12,3.2349e-07,4.4543e-11,5.5528e-07,2.3912e-11,1.0556e-06,3.7079e-09,6.3233e-07,6.4784e-09,7.7935e-06,0.51848,0.62661,3.6805e-05
0,0,0,2.7679e-07,1.8929e-11,2.2612e-08,1.8728e-11,0,1.0316e-09,2.4794e-07,4.6905e-09,5.5793e-06,0.38275,0.80335,3.6227e-05
0,0,0,8.0432e-07,3.7807e-11,4.8732e-08,3.0816e-13,0,1.7503e-09,2.8557e-07,8.7129e-09,1.9535e-05,0.94225,0.075425,2.5652e-05
7.2741e-13,3.8923e-09,2.0101e-12,3.0776e-07,1.5068e-11,1.8754e-08,1.3202e-13,1.1088e-06,5.7451e-09,1.1446e-06,1.1941e-08,3.13e-06,1.0002,0,3.0608e-05
0,0,0,1.7096e-07,7.4735e-12,2.1874e-07,4.699e-13,2.2654e-07,3.3114e-09,4.3347e-08,1.1159e-08,7.3948e-07,0.74939,0.32619,2.5651e-05
2.0823e-16,6.2778e-13,1.1785e-15,2.7581e-09,1.7519e-13,1.109e-06,2.6911e-11,0,5.6235e-09,1.2897e-07,1.2241e-08,1.9918e-05,1.0002,0,4.2474e-05
1.1587e-15,6.1633e-12,7.5439e-15,3.189e-07,1.9424e-11,3.4526e-07,3.5334e-11,5.1991e-07,2.3334e-09,6.327e-09,4.9509e-09,1.8964e-06,0.38868,0.79532,3.0853e-05
8.1201e-16,2.5962e-12,3.2322e-15,1.0225e-08,5.2411e-15,5.4534e-07,8.6751e-13,7.0281e-07,1.3467e-09,5.1119e-07,3.5603e-09,8.406e-06,0.31638,0.88939,4.8939e-05
3.6358e-15,1.0511e-11,6.1276e-15,5.8324e-08,2.933e-11,4.7041e-07,2.3194e-11,7.788e-09,1.266e-09,4.3611e-09,2.6571e-09,3.9476e-06,0.37291,0.81611,3.0799e-05
0,0,0,7.2054e-07,2.2582e-12,5.9527e-07,2.0348e-11,2.2257e-08,2.2751e-09,6.1452e-07,6.0004e-09,7.1706e-06,0.569,0.5609,2.694e-05
1.3995e-14,4.9192e-11,7.4728e-14,6.1857e-08,3.7458e-11,5.7564e-07,1.7732e-11,7.1374e-07,2.6498e-09,1.271e-06,9.4434e-09,1.4251e-05,0.67823,0.41877,3.1865e-05
1.0091e-15,6.8411e-12,3.6042e-15,5.6111e-07,3.0811e-11,8.5728e-07,2.9685e-11,1.1889e-06,4.1353e-09,1.2736e-07,1.0383e-08,8.7987e-06,0.95518,0.05857,4.8549e-05
7.2127e-14,2.0981e-10,1.3588e-13,3.1429e-08,1.4419e-11,6.7946e-11,2.1195e-11,1.9842e-07,2.838e-09,5.1965e-07,1.2154e-08,6.6412e-06,0.99198,0.01071,3.8529e-05
4.3668e-13,1.1967e-09,7.7312e-13,3.4098e-07,4.4889e-13,5.62e-07,3.1987e-11,2.0069e-08,1.8335e-09,3.7161e-07,4.645e-09,6.3258e-06,0.46699,0.69368,4.2387e-05
6.5819e-16,2.0164e-12,3.291e-15,1.4054e-07,5.6235e-12,1.0808e-06,7.4145e-13,9.4316e-07,2.6623e-09,7.8601e-07,8.223e-09,8.4226e-06,0.72805,0.35399,3.4401e-05
4.0018e-15,3.2119e-11,2.8337e-14,3.3688e-08,3.2587e-11,2.6335e-09,7.7226e-12,2.8257e-07,1.1548e-09,5.3807e-09,4.2471e-09,4.5593e-06,0.51398,0.63245,3.3294e-05
1.3224e-13,8.1745e-10,8.9075e-13,1.2664e-07,1.8762e-11,7.5939e-09,4.2637e-11,1.7518e-08,1.1703e-09,4.7675e-07,4.238e-09,4.5454e-06,0.56126,0.57131,3.3124e-05
3.2967e-13,8.193e-10,7.1407e-13,6.3772e-07,1.1684e-11,6.8229e-09,9.0525e-14,3.1255e-08,1.4642e-09,4.0448e-09,7.6999e-09,1.142e-05,0.56063,0.57168,3.6979e-05
3.338e-14,1.0549e-10,1.8598e-13,1.056e-06,1.9652e-12,5.568e-08,3.8314e-11,1.1242e-06,6.2039e-09,1.0518e-09,1.2182e-08,1.4429e-07,0.9818,0.023978,2.5773e-05
5.4139e-16,4.3777e-12,7.6822e-15,6.025e-08,4.2523e-11,7.5393e-07,1.2161e-12,3.3041e-09,1.5806e-09,5.5602e-08,3.8863e-09,3.9949e-06,0.37067,0.81878,2.8157e-05
2.1637e-13,7.5126e-10,4.3361e-13,1.1326e-07,3.5875e-12,4.6926e-07,0,6.2921e-07,1.7127e-09,3.3385e-08,1.0914e-08,1.3074e-05,0.74464,0.33269,4.1815e-05
0,0,0,6.313e-07,1.4422e-11,2.9449e-08,3.6502e-11,1.3164e-09,5.1237e-09,1.2717e-07,1.0129e-08,1.1914e-05,0.95472,0.059255,2.483e-05
9.6524e-16,7.1256e-12,6.2429e-15,4.3597e-08,3.83e-11,3.9141e-09,8.546e-12,3.3273e-07,2.6819e-09,8.6602e-07,6.3274e-09,1.037e-05,0.71513,0.37084,2.4012e-05
7.3386e-14,2.4368e-10,4.6823e-13,9.7814e-08,3.0655e-11,6.3706e-07,1.316e-12,1.2424e-06,3.4845e-09,8.1856e-07,9.1772e-09,1.0409e-05,0.9577,0.055335,3.2487e-05
2.9219e-14,7.5896e-11,1.3688e-13,3.2924e-07,4.4762e-13,3.8153e-07,6.1038e-13,1.1055e-06,2.5471e-09,5.6245e-07,7.2146e-09,1.0634e-05,0.64807,0.458,4.2083e-05
3.8241e-13,1.1196e-09,1.4869e-12,1.2488e-06,4.6537e-12,9.4135e-07,1.4657e-11,2.2888e-08,3.2066e-09,2.8016e-12,7.7729e-09,4.2807e-06,0.75579,0.31796,3.0697e-05
9.8648e-13,2.3459e-09,1.6695e-12,3.2752e-07,1.4163e-11,5.2839e-09,1.1466e-11,2.2786e-10,3.0703e-09,6.0163e-07,1.2548e-08,1.3715e-05,0.9596,0.052865,3.3541e-05
1.892e-13,5.2403e-10,8.0163e-13,6.572e-07,6.6042e-13,6.5191e-08,1.8531e-13,3.5946e-07,1.5097e-09,6.7213e-07,8.6919e-09,4.3113e-06,0.64692,0.45982,2.6692e-05
1.0111e-14,3.3459e-11,4.777e-14,1.9724e-07,1.1162e-13,1.4232e-07,7.3556e-12,4.7197e-07,1.2334e-09,5.8073e-07,6.7892e-09,7.143e-06,0.73934,0.33902,0.0012702
0,0,0,2.622e-07,7.3309e-12,6.4327e-07,1.1276e-13,4.3642e-07,1.7294e-09,7.1531e-07,4.369e-09,6.8665e-06,0.42488,0.74871,1.8595e-05
9.5742e-15,7.0174e-11,5.9413e-14,3.6472e-07,5.0636e-13,1.9608e-08,1.6079e-11,3.7816e-07,1.4099e-09,3.0041e-10,4.6274e-09,5.3089e-06,0.38275,0.80379,2.568e-05
1.3711e-13,3.8955e-10,6.7837e-13,1.2119e-07,1.766e-11,1.3609e-08,8.3605e-12,1.1198e-08,7.9879e-10,1.8563e-07,3.136e-09,4.9628e-06,0.48673,0.66842,3.1877e-05
2.1119e-13,7.3506e-10,7.5639e-13,3.8198e-07,7.3232e-13,4.3233e-07,0,5.0698e-07,1.5651e-09,0,2.9555e-09,4.41e-07,0.39925,0.7817,5.2901e-06
2.2026e-14,4.0983e-11,9.7805e-14,1.7727e-08,1.1499e-11,5.4759e-07,1.1496e-12,2.2569e-08,9.8037e-10,1.7351e-07,4.6215e-09,7.2345e-06,0.38828,0.79623,4.2339e-05
3.2276e-13,1.75e-09,1.9464e-12,3.6491e-07,4.2546e-11,1.2541e-06,2.5683e-11,4.8351e-08,3.2419e-09,9.3283e-07,8.0183e-09,1.1603e-05,0.74299,0.33454,3.1488e-05
3.0715e-13,9.61e-10,1.7554e-12,2.696e-07,2.9528e-11,3.1589e-08,2.0865e-11,5.616e-07,5.7513e-09,1.1266e-06,1.2787e-08,5.348e-06,1.0002,0,3.7589e-05
2.8632e-13,1.5738e-09,1.9529e-12,4.2488e-07,1.0965e-12,6.889e-07,1.2818e-12,1.1467e-06,3.4793e-09,8.248e-07,9.6027e-09,8.6689e-06,0.96495,0.045886,2.7814e-05
1.326e-14,3.6907e-11,2.0366e-14,4.6741e-08,1.6901e-11,7.6353e-07,2.8992e-11,5.1186e-07,2.4411e-09,4.5154e-08,1.4303e-08,1.5737e-05,1.0002,0,3.8265e-05
1.5662e-13,9.743e-10,9.8264e-13,2.8582e-07,9.3515e-14,3.948e-07,5.2963e-13,2.6068e-08,9.1237e-10,4.5053e-07,6.8934e-09,9.3893e-06,0.48987,0.6638,4.6424e-05
1.1991e-14,3.0022e-11,5.0812e-14,4.7423e-08,1.3213e-11,1.3182e-07,1.874e-13,6.348e-07,1.5255e-09,3.2674e-07,8.7019e-09,9.0859e-06,0.6356,0.47459,2.2944e-05
8.7548e-15,1.6115e-11,1.4812e-14,5.0831e-07,0,1.1997e-08,1.1325e-11,0,3.5642e-09,8.3663e-07,1.4551e-08,8.75e-06,1.0002,0,3.0026e-05
1.1463e-13,2.9782e-10,2.1807e-13,5.4697e-08,1.7631e-11,2.4711e-09,5.867e-12,0,1.8915e-09,4.6823e-07,5.226e-09,4.5031e-06,0.75306,0.32155,3.322e-05
5.1342e-13,1.2006e-09,9.3621e-13,1.9716e-07,7.1307e-12,2.9038e-09,5.8055e-12,1.2042e-10,1.7629e-09,3.5256e-07,7.0207e-09,7.3526e-06,0.17938,1.0754,3.5685e-05
8.5184e-14,1.556e-10,1.6017e-13,5.2749e-07,2.0117e-11,5.4429e-07,1.9147e-11,7.032e-07,2.8184e-09,0,5.4388e-09,1.7041e-06,0.46196,0.70033,3.1796e-05
9.8235e-14,6.9115e-10,3.2726e-13,4.7117e-07,2.1586e-12,0,1.8614e-11,0,1.2464e-09,4.5028e-07,3.2232e-09,3.6901e-06,0.30146,0.90916,2.5047e-05
2.4143e-13,8.1299e-10,3.7409e-13,9.1935e-08,4.4287e-12,3.6487e-07,1.822e-11,2.8396e-07,1.157e-09,1.9436e-07,9.1056e-09,1.8344e-06,0.99461,0.007317,4.3262e-05
3.1863e-15,1.05e-11,1.229e-14,4.5702e-07,5.006e-12,3.3957e-10,1.3657e-12,3.3244e-07,1.4009e-09,3.2718e-07,6.2849e-09,7.1264e-06,0.55646,0.57717,4.0511e-05
1.0911e-13,1.5681e-10,3.9866e-13,6.7372e-08,3.1947e-11,0,1.4085e-11,9.359e-09,7.2212e-10,1.2175e-07,3.6358e-09,3.6852e-07,0.37962,0.80745,2.9778e-05
1.0552e-13,6.0069e-10,6.4561e-13,8.4238e-07,2.0856e-15,6.3965e-08,1.9684e-11,5.2958e-07,2.8541e-09,8.9957e-07,1.4169e-08,1.229e-05,1.0002,0,3.5131e-05
1.9146e-13,1.0157e-09,5.1038e-13,2.069e-07,2.1723e-11,7.5525e-07,4.7484e-13,1.1554e-08,2.3104e-09,5.8277e-07,5.187e-09,2.9799e-06,0.40153,0.77886,4.0105e-05
2.933e-13,2.1819e-09,1.0346e-12,2.1567e-07,1.0998e-11,1.2426e-08,4.1312e-14,6.9788e-07,1.6734e-09,9.7622e-09,2.9412e-09,4.966e-06,0.098788,1.1715,0.0014213
1.3327e-13,9.2997e-10,7.5556e-13,6.1733e-07,3.5355e-13,4.8968e-08,7.5731e-13,1.2456e-06,2.4426e-09,1.2369e-06,8.4375e-09,1.1141e-06,0.79788,0.26355,1.8775e-07
0,0,0,0,0,9.354e-07,2.3144e-11,7.36e-09,4.5226e-09,6.2322e-07,7.7803e-09,1.0229e-05,0.73692,0.34258,4.0742e-05
6.3301e-13,1.696e-09,1.288e-12,3.9045e-07,2.8361e-12,3.0717e-07,1.4153e-12,1.7937e-08,1.1411e-09,3.735e-09,2.3981e-09,4.3357e-06,0.20319,1.0369,1.6534e-06
0,0,0,2.4605e-07,9.738e-12,5.5703e-07,1.4319e-11,3.9342e-07,1.7791e-09,3.978e-07,4.0613e-09,8.4613e-06,0.42689,0.74626,2.9476e-05
1.0531e-14,5.5341e-11,6.8198e-14,1.2763e-07,2.2348e-13,7.8189e-07,1.7016e-13,3.2459e-07,1.6804e-09,1.4382e-08,2.8795e-09,4.0143e-06,0.3829,0.80317,8.5295e-06
3.1752e-14,9.0233e-11,1.7529e-13,1.9598e-07,8.918e-14,1.6057e-07,2.7049e-14,2.1044e-09,1.4545e-09,5.0431e-08,3.5514e-09,3.8726e-06,0.53615,0.60357,0
2.1865e-16,6.651e-13,1.2059e-15,2.6688e-07,1.0681e-11,7.1499e-07,3.1826e-11,5.1261e-07,2.9503e-09,1.0828e-06,1.3514e-08,8.2632e-06,0.9985,0.0022395,4.3831e-05
2.7913e-13,1.8006e-09,1.4705e-12,1.9539e-07,1.26e-11,6.4258e-07,3.7372e-14,2.7229e-08,2.5852e-09,6.5356e-09,5.7858e-09,5.1626e-06,0.64818,0.45794,3.9815e-05
5.2097e-15,1.5248e-11,1.1406e-14,5.0583e-08,2.8866e-11,7.1606e-07,1.9463e-11,4.2754e-07,1.7804e-09,4.3062e-07,7.9561e-09,8.3853e-06,0.6417,0.46632,3.791e-05
6.1318e-13,1.6285e-09,1.2907e-12,4.0095e-07,4.4598e-13,3.2298e-07,2.4189e-11,1.6544e-08,1.2072e-09,4.3502e-09,2.5141e-09,3.3295e-06,0.2306,1.0012,2.1552e-05
4.6715e-13,8.9501e-10,1.8556e-12,2.4174e-07,7.9632e-12,8.1429e-07,3.8588e-11,8.3771e-07,5.3164e-09,1.2636e-06,1.2251e-08,1.9713e-06,0.9952,0.0065107,3.3701e-05
2.0248e-14,5.5913e-11,7.3381e-14,1.2385e-07,4.0454e-11,5.7971e-07,4.0562e-11,7.3243e-07,3.6065e-09,6.692e-08,1.394e-08,1.7547e-05,1.0002,0,4.0163e-05
6.0094e-15,1.9394e-11,2.4505e-14,6.9056e-07,0,4.2271e-07,4.0169e-11,7.2728e-07,2.7679e-09,1.3031e-06,9.7745e-09,1.0526e-05,0.75871,0.31412,3.559e-05
0,0,0,2.218e-07,2.2959e-11,9.5384e-07,2.1166e-11,0,1.8711e-09,0,7.6809e-09,4.903e-06,0.5601,0.57237,3.1797e-05
7.6484e-14,2.1212e-10,3.9727e-13,1.0465e-06,0,9.6794e-07,1.6013e-12,4.5954e-08,3.1996e-09,6.9e-08,7.8353e-09,1.1514e-05,0.62143,0.49274,3.4829e-05
7.7496e-14,3.8291e-10,4.0248e-13,3.2811e-07,1.74e-11,6.5607e-08,2.6769e-11,4.011e-07,1.7863e-09,4.5014e-07,8.62e-09,5.5695e-06,0.7498,0.32574,3.4848e-05
6.6064e-14,3.8795e-10,4.3701e-13,3.1927e-07,2.7903e-11,3.4528e-08,2.2486e-12,0,1.2175e-09,3.3443e-07,3.2647e-09,4.7798e-06,0.5604,0.5723,2.9184e-05
1.4426e-15,9.9772e-12,8.9466e-15,1.4697e-08,1.4132e-11,9.6499e-08,3.6933e-12,1.6256e-07,1.3223e-09,3.03e-07,2.9422e-09,4.0411e-06,0.31578,0.89028,2.7766e-05
3.8896e-13,1.1791e-09,1.9032e-12,3.5001e-07,3.1545e-13,5.3509e-07,1.1057e-13,3.3808e-07,1.5533e-09,4.426e-07,3.2647e-09,3.1784e-06,0.30328,0.90696,4.5106e-06
1.1174e-13,6.3155e-10,6.71e-13,1.1276e-07,6.2575e-12,3.7662e-07,2.6611e-11,2.2179e-08,2.1516e-09,5.3758e-07,5.8683e-09,5.4303e-06,0.65027,0.45522,4.2788e-05
1.7642e-13,5.2903e-10,1.0384e-12,3.1293e-07,0,1.5756e-08,4.8072e-13,5.0205e-07,1.4929e-09,3.3189e-07,4.5658e-09,1.3537e-07,0.50157,0.64895,3.2658e-05
1.1696e-13,3.0782e-10,6.1163e-13,4.2795e-07,1.6425e-11,0,2.4275e-11,2.3781e-08,1.2516e-09,1.2455e-08,3.1945e-09,3.5637e-06,0.49538,0.65708,2.658e-05
0,0,0,1.5738e-07,1.2346e-11,3.7612e-09,3.6311e-11,3.0941e-07,2.7174e-09,3.601e-08,5.4061e-09,5.5089e-06,0.73885,0.34014,1.4077e-05
3.0989e-13,1.1834e-09,1.3874e-12,4.8068e-07,5.011e-12,1.6778e-07,1.1009e-11,0,1.0875e-09,5.0965e-07,3.4648e-09,3.5294e-06,0.51137,0.63629,3.0165e-05
0,0,0,1.0026e-07,3.5112e-12,1.9265e-07,4.341e-12,1.4653e-07,5.878e-10,2.5638e-07,7.3571e-09,1.2127e-06,0.57532,0.55305,3.0672e-05
2.4478e-13,6.7796e-10,5.1896e-13,1.565e-07,1.1065e-12,1.2247e-07,9.9764e-12,8.9176e-09,5.3475e-10,3.2144e-09,1.133e-09,1.6339e-06,0.20319,1.0369,2.2792e-05
5.8038e-14,1.5675e-10,2.9648e-13,6.2907e-07,1.0617e-13,2.5247e-08,9.4012e-13,3.8865e-07,1.7967e-09,1.2375e-06,6.4627e-09,6.1199e-06,0.96123,0.050728,4.0051e-05
4.7926e-14,1.1406e-10,2.0778e-13,3.8514e-08,1.58e-11,1.4735e-07,3.071e-11,8.7935e-07,2.1982e-09,2.8478e-10,1.0595e-08,9.1158e-06,0.7135,0.37289,2.5918e-05
0,0,0,0,0,4.6632e-07,1.0532e-13,2.2524e-07,1.6181e-09,0,6.6178e-09,8.7019e-06,0.99894,0.0016576,2.962e-05
1.0292e-13,6.1887e-10,5.822e-13,3.7485e-07,2.0117e-11,1.277e-07,4.6317e-13,4.6458e-07,1.7272e-09,2.5592e-07,8.7313e-09,9.1043e-07,1.0002,0,2.9666e-05
2.0947e-13,7.0452e-10,4.4156e-13,1.7712e-07,0,1.1201e-07,4.9021e-12,1.5735e-08,1.6224e-09,3.2163e-07,4.1917e-09,6.6856e-06,0.64555,0.46133,3.9409e-05
1.3507e-13,3.3981e-10,5.8814e-13,9.4081e-07,2.8345e-11,5.9281e-07,3.0507e-11,3.6159e-09,3.2608e-09,6.5971e-07,1.0152e-08,1.3314e-05,0.67544,0.42239,3.3372e-05
4.1729e-13,1.2217e-09,2.0552e-12,3.2805e-07,3.1107e-11,6.0091e-07,1.851e-11,5.0626e-07,2.7818e-09,5.6171e-07,8.2213e-09,8.0813e-06,0.60887,0.50908,3.3373e-05
8.282e-14,2.8938e-10,2.9512e-13,3.0298e-07,2.45e-13,8.5368e-10,3.3834e-11,3.4707e-07,1.7906e-09,6.3388e-10,1.2595e-08,6.0303e-06,1.0002,0,1.9721e-05
6.9481e-13,2.2983e-09,1.0579e-12,3.3487e-07,6.564e-17,6.411e-07,0,3.7471e-07,1.6271e-09,9.4193e-08,1.052e-08,8.1851e-06,0.73736,0.34216,5.7222e-05
9.4205e-14,6.6361e-10,6.7589e-13,9.6894e-08,8.784e-12,7.1196e-09,2.6246e-11,3.1194e-07,1.1563e-09,4.3467e-07,3.8082e-09,4.8357e-06,0.52296,0.62117,3.0672e-05
2.524e-13,8.1088e-10,1.029e-12,7.5808e-07,3.495e-12,6.7105e-07,1.0672e-11,6.0555e-07,3.2791e-09,2.6903e-12,7.2617e-09,4.001e-06,0.74377,0.33359,2.6084e-05
2.8656e-13,1.1325e-09,1.7407e-12,1.9133e-07,1.2183e-11,3.8184e-08,1.6276e-11,6.4121e-07,2.0004e-09,8.466e-07,5.9833e-09,6.7936e-07,0.51682,0.62875,4.3164e-05
7.1806e-14,1.7892e-10,1.388e-13,1.7659e-07,4.8701e-12,1.0492e-06,1.6847e-11,4.7834e-07,2.5485e-09,1.1973e-06,6.3817e-09,1.0443e-05,0.62479,0.48851,3.3785e-05
1.5149e-13,4.5293e-10,6.0735e-13,3.9604e-07,0,1.3197e-08,1.6504e-11,7.1723e-07,1.8212e-09,1.1437e-08,3.6743e-09,7.4485e-07,0.52409,0.61925,3.3205e-05
2.0168e-13,4.1873e-10,7.3407e-13,5.0989e-07,4.8409e-12,5.7903e-09,1.4069e-11,1.9905e-08,3.8748e-09,2.5108e-08,1.3188e-08,9.307e-06,1.0002,0,3.3053e-05
3.0821e-17,9.193e-14,1.0375e-16,8.2225e-09,4.413e-13,1.0545e-06,2.8897e-11,9.4094e-07,2.9847e-09,5.5544e-08,1.3052e-08,1.9634e-05,0.98343,0.02186,3.2003e-05
0,0,0,2.5037e-07,1.3162e-11,3.0746e-07,2.4932e-11,5.9417e-08,1.5321e-09,4.7851e-09,3.8196e-09,4.8994e-06,0.43115,0.74018,4.0989e-05
5.8678e-14,1.6305e-10,1.0732e-13,2.5031e-08,1.9959e-11,4.3907e-11,2.493e-11,2.7092e-07,3.3943e-09,1.6445e-09,1.1874e-08,6.6624e-06,0.99608,0.0053735,3.6264e-05
6.1154e-14,1.4637e-10,3.4057e-13,7.1889e-07,1.5734e-11,7.2271e-08,6.4158e-13,3.2867e-08,1.7589e-09,7.1377e-07,5.7922e-09,1.0097e-05,0.54581,0.59184,1.4264e-06
1.1153e-13,1.8616e-10,4.2784e-13,1.1887e-07,7.1106e-12,1.6134e-07,1.4058e-11,2.3909e-08,2.1985e-09,5.5911e-07,6.1405e-09,1.1355e-05,0.48766,0.66674,8.8876e-06
2.626e-14,1.5297e-10,2.4428e-13,3.169e-07,6.8351e-13,3.1545e-07,0,8.3655e-09,1.0906e-09,1.7139e-07,2.8153e-09,4.8373e-06,0.0828,1.1934,2.4196e-05
2.5637e-13,5.4652e-10,1.2669e-12,9.5365e-07,2.1247e-11,8.1925e-08,2.1073e-11,1.4616e-07,2.7966e-09,8.1595e-08,5.7865e-09,8.4168e-06,0.54679,0.59037,4.1638e-07
0,0,0,2.0915e-07,1.1903e-11,1.2943e-06,3.5217e-11,2.42e-08,2.8664e-09,5.3228e-08,5.9861e-09,9.0661e-06,0.47785,0.67934,1.9573e-05
0,0,0,1.181e-06,3.1726e-11,0,1.1942e-14,1.3371e-06,4.1327e-09,1.1235e-07,1.0245e-08,9.6173e-06,0.96564,0.044975,3.9911e-05
6.262e-14,1.431e-10,2.4185e-13,2.1508e-07,1.032e-11,1.2149e-08,1.0203e-11,5.8891e-07,2.605e-09,6.8569e-07,8.1886e-09,4.2148e-06,0.62674,0.48586,2.9273e-05
2.226e-14,6.3488e-11,1.2624e-13,3.3094e-07,0,0,3.8159e-13,4.3211e-07,1.4862e-09,8.1739e-10,1.1156e-08,1.1004e-05,0.99252,0.010001,1.848e-05
1.82e-13,9.3125e-10,1.0424e-12,2.164e-07,2.2803e-11,6.0153e-08,1.8183e-11,3.3235e-07,1.7519e-09,1.8733e-08,6.8413e-09,7.0712e-06,0.49152,0.66212,2.5769e-05
1.1104e-13,3.4785e-10,6.2226e-13,1.5332e-07,6.2736e-12,1.7712e-07,1.2799e-11,3.3072e-08,2.6601e-09,6.3776e-07,7.1477e-09,4.8632e-07,0.72382,0.35949,3.4335e-05
3.7547e-13,1.2515e-09,1.3764e-12,2.4918e-07,1.1187e-11,2.8305e-07,2.5216e-11,4.0795e-07,1.6856e-09,2.8701e-07,8.8587e-09,2.1354e-06,0.99461,0.007317,4.2156e-05
2.2228e-13,1.1811e-09,1.1254e-12,2.4001e-07,2.1892e-11,7.7433e-08,5.357e-13,3.3113e-07,1.8018e-09,1.1439e-08,6.7088e-09,6.8183e-06,0.49152,0.66211,3.0399e-05
8.9615e-14,6.7947e-10,5.6851e-13,4.1544e-07,1.9149e-11,9.4708e-10,7.7184e-13,3.4864e-07,3.9907e-09,4.0634e-08,6.5102e-09,1.3326e-05,0.64528,0.46173,3.7085e-05
2.839e-13,8.8283e-10,5.8904e-13,1.3344e-07,1.3916e-11,5.853e-07,5.1281e-13,5.4551e-07,2.0578e-09,7.1851e-07,5.6914e-09,4.185e-06,0.51916,0.62568,4.993e-05
3.8363e-15,2.1021e-11,2.521e-14,7.7792e-07,2.9372e-11,0,9.7892e-14,6.2174e-07,3.2259e-09,0,7.9717e-09,1.1625e-05,0.60941,0.5083,2.8684e-05
5.8852e-14,2.0384e-10,2.2083e-13,2.2279e-07,0,1.7388e-09,4.6062e-12,1.7418e-07,8.237e-10,2.9292e-10,6.1622e-09,4.2094e-06,0.76129,0.31084,2.3465e-05
1.3813e-13,4.1379e-10,6.9243e-13,1.341e-07,4.3256e-11,1.1607e-06,2.9443e-11,1.218e-06,4.3222e-09,5.9979e-08,9.6231e-09,1.4234e-05,0.73265,0.34798,3.0915e-05
1.0979e-15,2.8234e-12,6.678e-15,2.0681e-08,1.4716e-11,1.2216e-08,9.4189e-12,4.3143e-07,1.111e-09,1.8122e-07,2.3071e-09,3.7165e-06,0.19185,1.0516,2.9838e-07
1.5535e-13,1.1918e-09,5.6238e-13,4.7483e-07,4.3874e-13,7.7483e-07,4.1437e-11,1.0915e-06,3.8195e-09,8.1306e-07,1.1799e-08,7.972e-06,0.97792,0.029035,2.8218e-05
9.6769e-14,6.145e-10,7.8847e-13,6.041e-07,3.4618e-11,1.5763e-08,3.5873e-11,0,2.012e-09,8.1736e-07,1.0788e-08,1.073e-06,0.74756,0.32881,1.385e-06
1.6624e-13,5.3422e-10,8.2963e-13,1.4716e-07,8.1213e-12,4.555e-07,5.3915e-13,4.6746e-09,2.687e-09,3.3583e-07,1.7341e-08,5.7033e-07,0.99233,0.010236,2.8113e-05
0,0,0,3.3694e-07,0,6.6031e-07,3.9881e-14,0,2.7824e-09,6.6273e-07,5.3108e-09,1.643e-06,0.46287,0.69915,2.3999e-05
2.1093e-13,6.378e-10,9.7574e-13,1.622e-07,1.7806e-12,0,1.1728e-11,2.2883e-07,8.0188e-10,1.8914e-07,4.1424e-09,6.2023e-06,0.2904,0.92403,4.6043e-05
7.1067e-14,2.0664e-10,4.2177e-13,4.3632e-07,1.7605e-13,5.8661e-07,7.6478e-13,5.5213e-09,1.4364e-09,4.7926e-08,3.4722e-09,3.8038e-06,0.53616,0.60362,0
0,0,0,1.6802e-07,1.003e-11,1.268e-06,2.3104e-11,9.2577e-07,3.51e-09,7.2918e-07,8.7504e-09,1.2499e-05,0.70532,0.38354,4.4101e-07
8.8349e-14,2.2365e-10,3.623e-13,6.2823e-08,2.4225e-11,2.6436e-07,3.63e-13,1.0368e-06,2.0483e-09,1.3257e-08,1.0122e-08,8.2085e-06,0.71663,0.36882,2.763e-05
0,0,0,5.8959e-07,1.5878e-12,5.0174e-07,1.6543e-11,6.2727e-07,2.7084e-09,7.0132e-07,5.7364e-09,8.2203e-06,0.569,0.56089,3.3555e-05
2.0431e-15,6.0985e-12,8.2274e-15,5.6159e-07,4.3852e-13,6.8323e-08,0,7.1365e-10,9.9005e-10,1.9771e-07,6.4689e-09,6.2859e-06,0.72911,0.35273,4.448e-05
6.4961e-15,2.3661e-11,3.4557e-14,2.9578e-08,2.1765e-11,2.8285e-07,1.1507e-13,3.0518e-07,1.1044e-09,5.3247e-07,3.3289e-09,5.3017e-06,0.39294,0.78986,5.372e-06
1.4904e-13,3.894e-10,2.6879e-13,6.9416e-08,2.9636e-11,1.3138e-09,4.3604e-11,0,4.0372e-09,1.0137e-06,1.07e-08,6.4513e-06,0.99198,0.010706,3.1248e-05
6.4639e-14,4.2315e-10,4.9321e-13,2.3758e-07,1.1061e-11,5.7644e-07,2.6945e-11,5.2812e-11,1.5623e-09,0,1.2049e-08,1.5457e-05,1.0002,0,2.1776e-06
1.2872e-13,4.4062e-10,3.0466e-13,5.6905e-08,1.4855e-13,3.0489e-07,1.2581e-11,2.574e-07,8.5862e-10,2.016e-07,3.6488e-09,4.7288e-06,0.26065,0.96229,2.8154e-05
1.8375e-13,1.0776e-09,1.0848e-12,7.9486e-07,1.5955e-15,5.3312e-08,4.4127e-11,5.133e-07,2.8173e-09,8.7963e-07,1.3464e-08,1.2303e-05,0.98392,0.021204,2.9209e-05
2.5097e-15,7.5799e-12,5.5644e-15,4.7211e-07,3.9591e-13,4.6983e-09,9.3866e-12,5.1458e-09,3.1782e-09,5.3648e-09,4.7473e-09,4.5853e-06,0.62803,0.48422,3.0379e-05
1.3083e-13,6.0084e-10,7.2672e-13,1.2034e-06,1.2721e-15,6.4346e-08,0,6.6823e-07,2.714e-09,7.5528e-07,6.1512e-09,7.6762e-06,0.93841,0.080424,3.1979e-05
6.7987e-15,1.6587e-11,1.2502e-14,3.2309e-07,1.6816e-11,5.4115e-09,1.141e-11,0,3.0983e-09,7.1763e-07,1.2199e-08,1.4756e-05,0.95959,0.052851,3.0318e-05
9.6374e-14,2.3415e-10,4.3276e-13,2.8708e-07,9.5814e-12,3.4453e-07,1.4372e-11,1.0646e-06,2.9819e-09,2.6964e-08,6.1004e-09,9.7557e-06,1.0002,0,1.7275e-06
4.1019e-14,1.2674e-10,1.8249e-13,1.6018e-07,7.5195e-12,0,7.5214e-12,6.3544e-07,1.2454e-09,3.4136e-10,2.7497e-09,4.7046e-06,0.40767,0.77068,2.9092e-05
1.8188e-15,4.9025e-12,1.1453e-14,3.6332e-08,3.0215e-11,3.0347e-07,7.0026e-13,1.6852e-08,1.0532e-09,1.7426e-07,2.2831e-09,4.2684e-06,0.19185,1.0516,0
1.4076e-13,7.5323e-10,8.8472e-13,2.5898e-07,2.7707e-11,2.598e-07,4.1123e-13,6.4802e-07,2.1492e-09,6.5833e-07,5.3846e-09,3.5291e-06,0.40316,0.77671,4.0897e-05
1.2637e-13,8.4166e-10,9.2515e-13,6.7589e-07,8.7033e-14,5.3954e-07,9.5214e-12,3.2475e-08,1.8752e-09,1.0941e-06,5.4943e-09,9.303e-06,0.9608,0.051308,3.3503e-05
5.7187e-14,2.8799e-10,3.28e-13,4.1892e-07,2.0514e-11,1.6983e-07,1.4673e-11,2.8487e-08,1.694e-09,2.1683e-08,4.1798e-09,1.3786e-06,0.32242,0.88217,2.674e-05
1.1309e-13,6.2278e-10,8.1805e-13,1.1601e-07,0,2.8029e-07,3.5493e-11,4.004e-07,1.3428e-09,2.7598e-07,3.2264e-09,2.6541e-06,0.36211,0.83004,3.8232e-05
1.6102e-13,5.813e-10,8.8205e-13,1.6933e-07,7.986e-12,4.1033e-07,5.3604e-13,3.1802e-09,9.4426e-10,1.3343e-07,6.8638e-09,2.0199e-07,0.36204,0.83024,2.7704e-05
1.9017e-14,1.1867e-10,1.1923e-13,2.8055e-07,1.4757e-11,2.9763e-08,9.7628e-12,3.3513e-07,3.6571e-09,5.5695e-09,7.0077e-09,1.0079e-05,0.62562,0.48723,3.7075e-05
8.8668e-13,2.7476e-09,1.9032e-12,3.7641e-07,2.4085e-12,1.6201e-08,9.512e-12,9.0646e-07,2.3022e-09,0,9.3314e-09,6.0915e-06,0.65411,0.4497,0.0012793
7.5324e-14,1.5477e-10,2.6313e-13,6.6709e-07,6.082e-13,1.2985e-06,1.06e-14,0,3.5274e-09,5.9847e-07,7.3191e-09,1.5907e-05,1.0002,0,2.0715e-05
6.0925e-14,3.1305e-10,3.75e-13,5.238e-07,6.1214e-16,3.2815e-08,0,3.3095e-07,1.4399e-09,4.0158e-07,3.0649e-09,2.4467e-06,0.44195,0.72632,2.9483e-05
2.4181e-15,1.4815e-11,1.1047e-14,4.9821e-07,2.285e-11,1.0282e-08,0,3.1575e-07,1.5e-09,1.1776e-08,3.7613e-09,3.5441e-06,0.4216,0.75299,2.6474e-05
