1.0157,0.53268,0.53307,0.54112,0.42865
0.54183,1.008,0.53103,0.53553,0.42455
0.53569,0.53645,1.0051,0.53601,0.42563
0.53312,0.54071,0.52639,1.0095,0.43323
0.59701,0.60534,0.59172,0.59868,0.43202
1.0869,0.18505,1.1765,1.2235,0.47665
1.2314,0.88667,0.85104,0.89472,0.35775
1.4665,1.4135,0.15375,1.211,0.56263
1.5986,1.426,1.0409,0.16285,0.51518
0.17425,1.0581,1.1352,1.2361,0.52247
0.90121,1.2489,0.36389,1.2109,0.37727
0.43739,1.2338,1.143,0.7132,0.37207
0.53355,0.56666,1.1499,1.1973,0.37026
1.1968,1.1566,0.38042,0.60473,0.4078
0.54851,0.87241,1.0334,0.49262,0.55478
1.2962,1.305,1.1047,0.28885,0.37668
1.1914,0.43432,1.1164,0.63803,0.38274
1.0116,0.45645,0.46392,1.0066,0.51093
1.2444,0.53626,0.45194,1.0469,0.41935
0.87087,0.90998,0.55641,0.51198,0.51525
0.44578,1.0345,0.51202,1.0072,0.51343
0.4667,0.97335,0.67171,1.2293,0.3728
0.96602,0.65221,0.88647,0.34612,0.42459
0.52355,0.54038,1.0225,0.95199,0.5452
0.82612,1.0497,0.5936,0.70029,0.37848
0.91314,0.46185,1.0347,0.58388,0.54816
0.43645,0.97664,0.42973,1.0089,0.42833
0.71693,0.75455,0.92063,0.73669,0.38113
0.51233,1.0922,0.91564,0.44917,0.42474
0.75139,0.72947,0.31686,1.2228,0.49379
0.78738,0.5543,0.5042,1.141,0.38587
1.3804,0.41167,0.85454,0.87855,0.37824
1.1033,0.7404,0.34178,0.71928,0.42348
1.0062,0.81397,0.54386,0.40747,0.42018
0.30915,0.8214,1.0754,0.78346,0.42109
0.74213,0.73433,0.4894,0.82127,0.39146
0.34097,1.0498,0.71098,0.78546,0.41815
0.86412,0.99766,0.32411,0.79189,0.41879
0.57623,0.54784,0.84455,0.93276,0.44002
1.4167,1.0151,0.36846,0.90509,0.37595
1.319,1.0108,0.70599,0.4749,0.37587
1.0526,0.24913,1.0524,1.0655,0.3883
0.87746,0.7324,0.7331,0.45106,0.4713
0.78164,0.45343,0.84616,0.63509,0.42765
0.29482,1.2359,1.1565,1.1582,0.37597
1.0353,0.29436,0.63832,1.0375,0.41786
0.55335,1.2378,0.75658,0.59733,0.39017
0.87585,1.1455,0.58118,0.38209,0.43102
0.3351,0.78326,0.73934,1.0227,0.547
0.90409,0.4776,0.68962,0.78374,0.50579
1.0108,1.2446,0.66182,0.47237,0.37207
1.5828,0.63331,0.62557,0.93107,0.37772
0.74915,1.2745,1.0261,0.44772,0.37441
0.90732,0.2986,0.7389,1.2148,0.5116
1.0274,0.24206,1.0449,0.89088,0.52213
0.76232,0.76752,1.1462,0.54238,0.37763
0.36737,0.6762,0.76134,1.1294,0.41864
0.98149,1.0758,1.0869,0.26872,0.50993
1.2635,0.68963,1.0037,0.46621,0.37295
0.70774,0.40825,0.73237,1.1213,0.3856
1.2345,1.2315,0.31218,0.71936,0.48087
0.4807,1.0222,0.65488,0.72923,0.52431
0.70397,0.69624,1.0173,0.5068,0.47584
1.175,0.46085,0.83511,0.59673,0.43553
1.055,0.46461,1.0362,0.46566,0.4634
1.1737,0.43959,0.58704,1.086,0.37645
1.2926,0.6526,0.70237,0.6211,0.37841
0.94506,0.66097,0.3,1.0322,0.40424
0.80485,0.79469,0.32246,0.88904,0.4977
0.81374,0.78921,0.66153,0.40225,0.3999
1.0434,1.0677,0.48433,0.48835,0.48024
0.92064,0.75471,0.48367,0.56328,0.39867
0.82555,0.83575,0.78297,0.96294,0.37307
0.53985,0.83481,0.48571,0.74185,0.4284
1.0459,0.29952,0.73398,0.82485,0.43854
0.5627,0.9332,0.63011,0.77269,0.38783
0.98997,0.58816,0.49227,1.2173,0.47555
0.53699,0.82324,0.78213,0.58448,0.4018
0.52589,0.52081,1.0787,0.78764,0.40813
0.54884,0.62943,0.57338,0.77955,0.41858
0.69619,0.72136,0.54992,0.6619,0.52179
1.3694,0.74244,0.87095,0.37309,0.41785
0.72077,0.467,0.64078,0.93586,0.42001
0.33865,0.98141,1.0197,0.73461,0.53654
0.71221,0.90353,0.41933,0.62452,0.43454
0.89467,0.5706,0.56544,0.62961,0.3912
0.88758,0.67417,0.54554,0.67337,0.44554
0.80973,1.2863,0.45231,0.65889,0.42544
0.62855,0.61605,0.50065,1.0314,0.4976
0.78216,0.754,0.68026,0.58237,0.39102
1.0683,1.0664,0.20466,1.1313,0.45062
0.36085,0.7718,0.76585,0.76546,0.428
0.91097,0.47483,1.045,0.78722,0.37572
0.71007,0.36271,1.0721,1.079,0.4005
0.54266,0.56918,0.77051,0.61114,0.41883
0.53962,0.78764,0.49095,1.1383,0.41832
0.83093,0.8518,0.44793,1.1964,0.38356
0.68215,0.76256,0.72546,0.53132,0.51517
0.51683,1.124,0.50978,0.78903,0.41763
1.0925,1.0639,0.94931,0.21795,0.43831
0.48835,0.87753,1.0963,0.82588,0.37711
0.75565,0.9819,0.92751,0.34342,0.40224
0.79669,1.0394,0.49981,0.89136,0.37112
1.0237,0.61295,0.63632,0.41246,0.43033
1.1813,1.1426,0.25987,1.1277,0.37982
1.0279,0.34064,1.0584,0.57072,0.42951
0.90262,0.92676,1.0115,0.53238,0.36857
0.77516,0.44314,0.76804,0.92167,0.48013
0.29649,0.99843,0.77717,0.93469,0.51095
0.77077,0.59524,1.0788,0.41401,0.40245
1.0625,0.21617,1.0913,0.8892,0.42969
0.72273,0.4044,0.8129,0.79905,0.41837
0.70127,0.99158,0.76798,0.69262,0.37717
0.83159,0.7979,0.43975,0.70317,0.4993
0.80836,0.80553,0.50629,0.77504,0.43182
1.0987,0.72313,0.42559,1.1956,0.37413
1.2313,0.90192,0.89432,0.45356,0.37816
0.64415,0.79539,0.56829,0.97065,0.37232
0.90818,0.60301,0.87476,0.4094,0.51042
0.35136,1.0405,1.0549,0.56552,0.42472
0.98283,0.76363,0.46717,0.89212,0.37466
0.69484,0.92616,0.64963,0.391,0.41223
0.82431,0.5864,0.53402,0.9124,0.47199
0.75881,0.98798,0.73747,0.4615,0.37904
0.49794,1.112,0.6206,0.67037,0.46716
