0.011049,0.011049,0.015625,0.022097,0.03125,0.044194,0.0625,0.088388,0.125,0.17678,0.25,0.35355,0.5,0.70711,0
2.1273e-08,2.1273e-08,3.0085e-08,4.2546e-08,6.017e-08,8.5093e-08,1.2034e-07,1.7019e-07,2.4068e-07,3.4037e-07,4.8136e-07,6.8074e-07,9.6271e-07,1.3615e-06,1
0.011049,0.011049,0.015625,0.022097,0.03125,0.044194,0.0625,0.088388,0.125,0.17678,0.25,0.35355,0.5,0.70711,0
6.7653e-19,6.7653e-19,9.5676e-19,1.3531e-18,1.9135e-18,2.7061e-18,3.827e-18,5.4122e-18,7.6541e-18,1.0824e-17,1.5308e-17,2.1649e-17,3.0616e-17,4.3298e-17,1
0.0028513,0.0028513,0.0040324,0.0057027,0.0080648,0.011405,0.01613,0.022811,0.032259,0.045621,0.064519,0.091243,0.12904,0.18249,0.96615
0.0059894,0.0059894,0.0084703,0.011979,0.016941,0.023958,0.033881,0.047915,0.067762,0.09583,0.13552,0.19166,0.27105,0.38332,0.84032
0.0012148,0.0012148,0.001718,0.0024296,0.003436,0.0048592,0.006872,0.0097185,0.013744,0.019437,0.027488,0.038874,0.054976,0.077748,0.99395
0.0041014,0.0041014,0.0058003,0.0082029,0.011601,0.016406,0.023201,0.032811,0.046402,0.065623,0.092805,0.13125,0.18561,0.26249,0.92855
0.001941,0.001941,0.002745,0.0038821,0.0054901,0.0077642,0.01098,0.015528,0.02196,0.031057,0.043921,0.062113,0.087842,0.12423,0.98445
0.0088645,0.0088645,0.012536,0.017729,0.025073,0.035458,0.050145,0.070916,0.10029,0.14183,0.20058,0.28367,0.40116,0.56733,0.5969
0.00059544,0.00059544,0.00084208,0.0011909,0.0016842,0.0023818,0.0033683,0.0047635,0.0067366,0.009527,0.013473,0.019054,0.026947,0.038108,0.99855
0.00029363,0.00029363,0.00041526,0.00058726,0.00083052,0.0011745,0.001661,0.0023491,0.0033221,0.0046981,0.0066441,0.0093962,0.013288,0.018792,0.99965
0.0049392,0.0049392,0.0069851,0.0098784,0.01397,0.019757,0.02794,0.039514,0.055881,0.079027,0.11176,0.15805,0.22352,0.31611,0.89453
0.0015611,0.0015611,0.0022078,0.0031223,0.0044156,0.0062445,0.0088311,0.012489,0.017662,0.024978,0.035324,0.049956,0.070649,0.099913,0.98997
0.0073014,0.0073014,0.010326,0.014603,0.020652,0.029206,0.041303,0.058411,0.082606,0.11682,0.16521,0.23365,0.33043,0.46729,0.75055
0.010367,0.010367,0.014661,0.020733,0.029321,0.041466,0.058642,0.082933,0.11728,0.16587,0.23457,0.33173,0.46914,0.66346,0.34592
0.0034183,0.0034183,0.0048342,0.0068366,0.0096684,0.013673,0.019337,0.027346,0.038674,0.054693,0.077348,0.10939,0.1547,0.21877,0.95094
0.002364,0.002364,0.0033432,0.004728,0.0066864,0.009456,0.013373,0.018912,0.026746,0.037824,0.053491,0.075648,0.10698,0.1513,0.97685
0.00089107,0.00089107,0.0012602,0.0017821,0.0025203,0.0035643,0.0050406,0.0071285,0.010081,0.014257,0.020163,0.028514,0.040325,0.057028,0.99675
0.0054334,0.0054334,0.007684,0.010867,0.015368,0.021734,0.030736,0.043468,0.061472,0.086935,0.12294,0.17387,0.24589,0.34774,0.87073
0.0080589,0.0080589,0.011397,0.016118,0.022794,0.032236,0.045588,0.064471,0.091176,0.12894,0.18235,0.25788,0.3647,0.51577,0.68411
0.010867,0.010867,0.015368,0.021733,0.030735,0.043466,0.06147,0.086932,0.12294,0.17386,0.24588,0.34773,0.49176,0.69546,0.18078
0.0066101,0.0066101,0.009348,0.01322,0.018696,0.02644,0.037392,0.05288,0.074784,0.10576,0.14957,0.21152,0.29914,0.42304,0.8013
0.0096599,0.0096599,0.013661,0.01932,0.027322,0.03864,0.054645,0.077279,0.10929,0.15456,0.21858,0.30912,0.43716,0.61823,0.48537
0.0017468,0.0017468,0.0024704,0.0034937,0.0049408,0.0069873,0.0098816,0.013975,0.019763,0.027949,0.039526,0.055899,0.079053,0.1118,0.98743
0.0044966,0.0044966,0.0063592,0.0089932,0.012718,0.017986,0.025437,0.035973,0.050873,0.071946,0.10175,0.14389,0.20349,0.28778,0.91345
0.0037451,0.0037451,0.0052963,0.0074901,0.010593,0.01498,0.021185,0.02996,0.042371,0.059921,0.084741,0.11984,0.16948,0.23968,0.94082
0.0031226,0.0031226,0.004416,0.0062452,0.0088321,0.01249,0.017664,0.024981,0.035328,0.049962,0.070657,0.099923,0.14131,0.19985,0.95924
0.0021467,0.0021467,0.0030359,0.0042935,0.0060719,0.0085869,0.012144,0.017174,0.024287,0.034348,0.048575,0.068695,0.09715,0.13739,0.98095
0.0025961,0.0025961,0.0036714,0.0051922,0.0073429,0.010384,0.014686,0.020769,0.029371,0.041537,0.058743,0.083075,0.11749,0.16615,0.97201
0.0013822,0.0013822,0.0019547,0.0027643,0.0039094,0.0055287,0.0078187,0.011057,0.015637,0.022115,0.031275,0.044229,0.06255,0.088459,0.99215
0.0010536,0.0010536,0.00149,0.0021071,0.0029799,0.0042143,0.0059599,0.0084285,0.01192,0.016857,0.023839,0.033714,0.047679,0.067428,0.99545
0.00074164,0.00074164,0.0010488,0.0014833,0.0020977,0.0029666,0.0041954,0.0059332,0.0083908,0.011866,0.016782,0.023733,0.033563,0.047465,0.99775
0.00045657,0.00045657,0.00064569,0.00091314,0.0012914,0.0018263,0.0025828,0.0036526,0.0051655,0.0073051,0.010331,0.01461,0.020662,0.029221,0.99915
0.00011237,0.00011237,0.00015891,0.00022473,0.00031782,0.00044946,0.00063564,0.00089893,0.0012713,0.0017979,0.0025425,0.0035957,0.0050851,0.0071914,0.99995
0.00019292,0.00019292,0.00027283,0.00038584,0.00054566,0.00077167,0.0010913,0.0015433,0.0021826,0.0030867,0.0043652,0.0061734,0.0087305,0.012347,0.99985
0.008458,0.008458,0.011961,0.016916,0.023923,0.033832,0.047846,0.067664,0.095692,0.13533,0.19138,0.27066,0.38277,0.54131,0.64341
0.0047117,0.0047117,0.0066634,0.0094234,0.013327,0.018847,0.026653,0.037694,0.053307,0.075387,0.10661,0.15077,0.21323,0.30155,0.90452
0.00097002,0.00097002,0.0013718,0.00194,0.0027436,0.0038801,0.0054872,0.0077601,0.010974,0.01552,0.021949,0.031041,0.043898,0.062081,0.99615
0.00036693,0.00036693,0.00051892,0.00073387,0.0010378,0.0014677,0.0020757,0.0029355,0.0041514,0.0058709,0.0083028,0.011742,0.016606,0.023484,0.99945
0.011002,0.011002,0.01556,0.022005,0.031119,0.044009,0.062238,0.088018,0.12448,0.17604,0.24895,0.35207,0.49791,0.70415,0.091472
0.010651,0.010651,0.015062,0.021302,0.030125,0.042603,0.06025,0.085206,0.1205,0.17041,0.241,0.34082,0.482,0.68165,0.26597
0.010032,0.010032,0.014187,0.020064,0.028374,0.040127,0.056749,0.080255,0.1135,0.16051,0.227,0.32102,0.45399,0.64204,0.41907
0.0057045,0.0057045,0.0080674,0.011409,0.016135,0.022818,0.03227,0.045636,0.064539,0.091272,0.12908,0.18254,0.25816,0.36509,0.85641
0.0076734,0.0076734,0.010852,0.015347,0.021704,0.030693,0.043407,0.061387,0.086814,0.12277,0.17363,0.24555,0.34726,0.4911,0.71951
0.0069468,0.0069468,0.0098243,0.013894,0.019649,0.027787,0.039297,0.055574,0.078594,0.11115,0.15719,0.2223,0.31438,0.44459,0.77763
0.0051801,0.0051802,0.0073258,0.01036,0.014652,0.020721,0.029303,0.041441,0.058607,0.082883,0.11721,0.16577,0.23443,0.33153,0.8833
0.0039185,0.0039185,0.0055417,0.0078371,0.011083,0.015674,0.022167,0.031348,0.044333,0.062697,0.088666,0.12539,0.17733,0.25079,0.935
0.002984,0.002984,0.00422,0.005968,0.0084401,0.011936,0.01688,0.023872,0.03376,0.047744,0.06752,0.095488,0.13504,0.19098,0.96285
0.0062898,0.0062898,0.0088951,0.01258,0.01779,0.025159,0.03558,0.050318,0.071161,0.10064,0.14232,0.20127,0.28464,0.40255,0.82215
0.0092686,0.0092686,0.013108,0.018537,0.026216,0.037074,0.052431,0.074149,0.10486,0.1483,0.20972,0.2966,0.41945,0.59319,0.54431
0.0042929,0.0042929,0.0060711,0.0085858,0.012142,0.017172,0.024284,0.034343,0.048569,0.068687,0.097137,0.13737,0.19427,0.27475,0.92143
0.0027242,0.0027242,0.0038526,0.0054484,0.0077052,0.010897,0.01541,0.021794,0.030821,0.043587,0.061642,0.087175,0.12328,0.17435,0.96915
0.0016541,0.0016541,0.0023393,0.0033083,0.0046786,0.0066165,0.0093572,0.013233,0.018714,0.026466,0.037429,0.052932,0.074857,0.10586,0.98874
0.0032691,0.0032691,0.0046232,0.0065382,0.0092464,0.013076,0.018493,0.026153,0.036986,0.052306,0.073972,0.10461,0.14794,0.20922,0.95523
0.0024772,0.0024772,0.0035033,0.0049544,0.0070066,0.0099088,0.014013,0.019818,0.028026,0.039635,0.056053,0.07927,0.11211,0.15854,0.97455
0.0014683,0.0014683,0.0020765,0.0029366,0.0041529,0.0058731,0.0083058,0.011746,0.016612,0.023492,0.033223,0.046985,0.066447,0.09397,0.99115
0.0035739,0.0035739,0.0050543,0.0071478,0.010109,0.014296,0.020217,0.028591,0.040434,0.057182,0.080868,0.11436,0.16174,0.22873,0.94625
0.00204,0.00204,0.0028849,0.0040799,0.0057699,0.0081598,0.01154,0.01632,0.023079,0.032639,0.046159,0.065279,0.092318,0.13056,0.98281
0.0018398,0.0018398,0.0026019,0.0036796,0.0052038,0.0073593,0.010408,0.014719,0.020815,0.029437,0.04163,0.058874,0.083261,0.11775,0.98605
0.0022505,0.0022505,0.0031827,0.0045011,0.0063655,0.0090022,0.012731,0.018004,0.025462,0.036009,0.050924,0.072017,0.10185,0.14403,0.97904
0.0011311,0.0011311,0.0015996,0.0022622,0.0031992,0.0045244,0.0063984,0.0090487,0.012797,0.018097,0.025594,0.036195,0.051187,0.07239,0.99475
0.0012945,0.0012945,0.0018308,0.0025891,0.0036615,0.0051782,0.0073231,0.010356,0.014646,0.020713,0.029292,0.041426,0.058585,0.082851,0.99312
0.00081998,0.00081998,0.0011596,0.00164,0.0023193,0.0032799,0.0046385,0.0065599,0.009277,0.01312,0.018554,0.026239,0.037108,0.052479,0.99725
0.00067332,0.00067332,0.00095221,0.0013466,0.0019044,0.0026933,0.0038089,0.0053865,0.0076177,0.010773,0.015235,0.021546,0.030471,0.043092,0.99815
0.0005301,0.0005301,0.00074968,0.0010602,0.0014994,0.0021204,0.0029987,0.0042408,0.0059974,0.0084816,0.011995,0.016963,0.02399,0.033927,0.99885
0.00024824,0.00024824,0.00035107,0.00049649,0.00070214,0.00099297,0.0014043,0.0019859,0.0028085,0.0039719,0.0056171,0.0079438,0.011234,0.015888,0.99975
0.0015145,0.0015145,0.0021418,0.0030289,0.0042836,0.0060579,0.0085671,0.012116,0.017134,0.024232,0.034269,0.048463,0.068537,0.096926,0.99058
0.0026585,0.0026585,0.0037597,0.005317,0.0075194,0.010634,0.015039,0.021268,0.030078,0.042536,0.060155,0.085072,0.12031,0.17014,0.97065
0.0036572,0.0036572,0.0051721,0.0073144,0.010344,0.014629,0.020688,0.029258,0.041377,0.058515,0.082753,0.11703,0.16551,0.23406,0.94363
0.0013378,0.0013378,0.0018919,0.0026755,0.0037838,0.0053511,0.0075676,0.010702,0.015135,0.021404,0.03027,0.042809,0.060541,0.085618,0.99264
0.0018892,0.0018892,0.0026718,0.0037784,0.0053435,0.0075569,0.010687,0.015114,0.021374,0.030228,0.042748,0.060455,0.085496,0.12091,0.98528
0.0023077,0.0023077,0.0032636,0.0046154,0.0065272,0.0092309,0.013054,0.018462,0.026109,0.036923,0.052218,0.073847,0.10444,0.14769,0.97795
0.0086606,0.0086606,0.012248,0.017321,0.024496,0.034642,0.048992,0.069285,0.097984,0.13857,0.19597,0.27714,0.39193,0.55428,0.62095
0.010516,0.010516,0.014872,0.021033,0.029745,0.042066,0.05949,0.084131,0.11898,0.16826,0.23796,0.33652,0.47592,0.67305,0.30668
0.0055664,0.0055664,0.007872,0.011133,0.015744,0.022265,0.031488,0.044531,0.062976,0.089062,0.12595,0.17812,0.25191,0.35625,0.86384
0.0074853,0.0074853,0.010586,0.014971,0.021172,0.029941,0.042343,0.059883,0.084687,0.11977,0.16937,0.23953,0.33875,0.47906,0.73554
0.0098497,0.0098497,0.01393,0.019699,0.027859,0.039399,0.055719,0.078798,0.11144,0.1576,0.22287,0.31519,0.44575,0.63038,0.4531
0.0043936,0.0043936,0.0062135,0.0087872,0.012427,0.017574,0.024854,0.035149,0.049708,0.070298,0.099416,0.1406,0.19883,0.28119,0.91755
0.0082584,0.0082584,0.011679,0.016517,0.023358,0.033033,0.046716,0.066067,0.093433,0.13213,0.18687,0.26427,0.37373,0.52854,0.66433
0.006447,0.006447,0.0091175,0.012894,0.018235,0.025788,0.03647,0.051576,0.07294,0.10315,0.14588,0.20631,0.29176,0.41261,0.81211
0.010768,0.010768,0.015228,0.021536,0.030456,0.043071,0.060912,0.086143,0.12182,0.17229,0.24365,0.34457,0.4873,0.68914,0.22403
0.010945,0.010945,0.015479,0.021891,0.030958,0.043781,0.061916,0.087562,0.12383,0.17512,0.24766,0.35025,0.49533,0.7005,0.13643
0.0048245,0.0048245,0.0068229,0.009649,0.013646,0.019298,0.027291,0.038596,0.054583,0.077192,0.10917,0.15438,0.21833,0.30877,0.89965
0.0067761,0.0067761,0.0095828,0.013552,0.019166,0.027104,0.038331,0.054209,0.076662,0.10842,0.15332,0.21683,0.30665,0.43367,0.78987
0.0071226,0.0071226,0.010073,0.014245,0.020146,0.02849,0.040291,0.056981,0.080583,0.11396,0.16117,0.22792,0.32233,0.45585,0.76449
0.00063565,0.00063565,0.00089895,0.0012713,0.0017979,0.0025426,0.0035958,0.0050852,0.0071916,0.01017,0.014383,0.020341,0.028766,0.040682,0.99835
0.0053052,0.0053052,0.0075027,0.01061,0.015005,0.021221,0.030011,0.042441,0.060021,0.084883,0.12004,0.16977,0.24008,0.33953,0.8772
0.0011735,0.0011735,0.0016596,0.002347,0.0033192,0.004694,0.0066383,0.009388,0.013277,0.018776,0.026553,0.037552,0.053107,0.075104,0.99435
0.010204,0.010204,0.014431,0.020408,0.028862,0.040817,0.057724,0.081633,0.11545,0.16327,0.23089,0.32653,0.46179,0.65307,0.38349
0.011037,0.011037,0.015609,0.022074,0.031218,0.044149,0.062435,0.088297,0.12487,0.17659,0.24974,0.35319,0.49948,0.70638,0.045619
0.0046017,0.0046017,0.0065078,0.0092034,0.013016,0.018407,0.026031,0.036814,0.052062,0.073627,0.10412,0.14725,0.20825,0.29451,0.90914
0.0031964,0.0031964,0.0045204,0.0063928,0.0090408,0.012786,0.018082,0.025571,0.036163,0.051142,0.072326,0.10228,0.14465,0.20457,0.95724
0.0078661,0.0078661,0.011124,0.015732,0.022249,0.031464,0.044497,0.062929,0.088995,0.12586,0.17799,0.25172,0.35598,0.50343,0.70225
0.0030533,0.0030533,0.004318,0.0061065,0.008636,0.012213,0.017272,0.024426,0.034544,0.048852,0.069088,0.097705,0.13818,0.19541,0.96107
0.0061385,0.0061385,0.0086812,0.012277,0.017362,0.024554,0.034725,0.049108,0.06945,0.098217,0.1389,0.19643,0.2778,0.39287,0.83147
0.0094645,0.0094645,0.013385,0.018929,0.02677,0.037858,0.053539,0.075716,0.10708,0.15143,0.21416,0.30286,0.42831,0.60573,0.51594
0.0029163,0.0029163,0.0041242,0.0058326,0.0082485,0.011665,0.016497,0.02333,0.032994,0.04666,0.065988,0.093321,0.13198,0.18664,0.96455
0.0041951,0.0041951,0.0059328,0.0083903,0.011866,0.016781,0.023731,0.033561,0.047462,0.067122,0.094925,0.13424,0.18985,0.26849,0.92512
0.0090638,0.0090638,0.012818,0.018128,0.025636,0.036255,0.051273,0.072511,0.10255,0.14502,0.20509,0.29004,0.41018,0.58008,0.57189
0.0020908,0.0020908,0.0029569,0.0041817,0.0059138,0.0083634,0.011828,0.016727,0.023655,0.033453,0.04731,0.066907,0.094621,0.13381,0.98194
0.0058426,0.0058426,0.0082627,0.011685,0.016525,0.02337,0.033051,0.046741,0.066102,0.093482,0.1322,0.18696,0.26441,0.37393,0.84875
0.003495,0.003495,0.0049427,0.00699,0.0098854,0.01398,0.019771,0.02796,0.039542,0.05592,0.079083,0.11184,0.15817,0.22368,0.94865
0.0050551,0.0050551,0.007149,0.01011,0.014298,0.02022,0.028596,0.040441,0.057192,0.080881,0.11438,0.16176,0.22877,0.32352,0.88923
0.004007,0.004007,0.0056667,0.008014,0.011333,0.016028,0.022667,0.032056,0.045334,0.064112,0.090668,0.12822,0.18134,0.25645,0.93193
0.00093131,0.00093131,0.0013171,0.0018626,0.0026341,0.0037252,0.0052683,0.0074505,0.010537,0.014901,0.021073,0.029802,0.042146,0.059604,0.99645
0.0024195,0.0024195,0.0034217,0.004839,0.0068433,0.0096779,0.013687,0.019356,0.027373,0.038712,0.054746,0.077423,0.10949,0.15485,0.97575
0.0038286,0.0038286,0.0054145,0.0076573,0.010829,0.015315,0.021658,0.030629,0.043316,0.061258,0.086632,0.12252,0.17326,0.24503,0.93805
0.0027885,0.0027885,0.0039435,0.005577,0.007887,0.011154,0.015774,0.022308,0.031548,0.044616,0.063096,0.089231,0.12619,0.17846,0.96764
0.0025383,0.0025383,0.0035897,0.0050765,0.0071793,0.010153,0.014359,0.020306,0.028717,0.040612,0.057435,0.081225,0.11487,0.16245,0.97327
0.0019909,0.0019909,0.0028156,0.0039819,0.0056312,0.0079638,0.011262,0.015928,0.022525,0.031855,0.04505,0.06371,0.0901,0.12742,0.98364
0.0033452,0.0033452,0.0047308,0.0066904,0.0094617,0.013381,0.018923,0.026762,0.037847,0.053523,0.075694,0.10705,0.15139,0.21409,0.95315
0.000332,0.000332,0.00046952,0.000664,0.00093903,0.001328,0.0018781,0.002656,0.0037561,0.005312,0.0075122,0.010624,0.015024,0.021248,0.99955
0.0017939,0.0017939,0.0025369,0.0035877,0.0050738,0.0071754,0.010148,0.014351,0.020295,0.028702,0.04059,0.057404,0.081181,0.11481,0.98675
0.0017021,0.0017021,0.0024071,0.0034041,0.0048142,0.0068083,0.0096284,0.013617,0.019257,0.027233,0.038513,0.054466,0.077027,0.10893,0.98807
0.0016107,0.0016107,0.0022779,0.0032214,0.0045558,0.0064429,0.0091116,0.012886,0.018223,0.025772,0.036446,0.051543,0.072893,0.10309,0.98934
0.0021966,0.0021966,0.0031065,0.0043933,0.006213,0.0087866,0.012426,0.017573,0.024852,0.035146,0.049704,0.070292,0.099409,0.14058,0.98005
0.0012536,0.0012536,0.0017728,0.0025071,0.0035456,0.0050143,0.0070913,0.010029,0.014183,0.020057,0.028365,0.040114,0.05673,0.080228,0.99354
0.0010065,0.0010065,0.0014234,0.0020129,0.0028467,0.0040259,0.0056934,0.0080517,0.011387,0.016103,0.022774,0.032207,0.045547,0.064414,0.99585
0.00070791,0.00070791,0.0010011,0.0014158,0.0020023,0.0028316,0.0040045,0.0056633,0.0080091,0.011327,0.016018,0.022653,0.032036,0.045306,0.99795
0.0003992,0.0003992,0.00056456,0.00079841,0.0011291,0.0015968,0.0022582,0.0031936,0.0045165,0.0063873,0.0090329,0.012775,0.018066,0.025549,0.99935
0.00077408,0.00077408,0.0010947,0.0015482,0.0021894,0.0030963,0.0043788,0.0061926,0.0087577,0.012385,0.017515,0.02477,0.035031,0.049541,0.99755
0.0010875,0.0010875,0.0015379,0.0021749,0.0030758,0.0043499,0.0061517,0.0086997,0.012303,0.017399,0.024607,0.034799,0.049213,0.069598,0.99515
0.0014179,0.0014179,0.0020053,0.0028359,0.0040105,0.0056717,0.008021,0.011343,0.016042,0.022687,0.032084,0.045374,0.064168,0.090748,0.99173
0.00042822,0.00042822,0.0006056,0.00085644,0.0012112,0.0017129,0.0024224,0.0034258,0.0048448,0.0068515,0.0096895,0.013703,0.019379,0.027406,0.99925
0.00084905,0.00084905,0.0012007,0.0016981,0.0024015,0.0033962,0.0048029,0.0067924,0.0096059,0.013585,0.019212,0.02717,0.038424,0.054339,0.99705
0.00048358,0.00048358,0.00068389,0.00096717,0.0013678,0.0019343,0.0027356,0.0038687,0.0054711,0.0077373,0.010942,0.015475,0.021885,0.030949,0.99905
0.00055283,0.00055283,0.00078182,0.0011057,0.0015636,0.0022113,0.0031273,0.0044226,0.0062545,0.0088453,0.012509,0.017691,0.025018,0.035381,0.99875
0.00050772,0.00050772,0.00071803,0.0010154,0.0014361,0.0020309,0.0028721,0.0040618,0.0057442,0.0081235,0.011488,0.016247,0.022977,0.032494,0.99895
0.0010301,0.0010301,0.0014568,0.0020602,0.0029135,0.0041203,0.005827,0.0082406,0.011654,0.016481,0.023308,0.032963,0.046616,0.065925,0.99565
0.0005741,0.0005741,0.0008119,0.0011482,0.0016238,0.0022964,0.0032476,0.0045928,0.0064952,0.0091856,0.01299,0.018371,0.025981,0.036742,0.99865
0.0014438,0.0014438,0.0020419,0.0028877,0.0040838,0.0057753,0.0081675,0.011551,0.016335,0.023101,0.03267,0.046203,0.06534,0.092405,0.99143
0.0021185,0.0021185,0.002996,0.004237,0.005992,0.008474,0.011984,0.016948,0.023968,0.033896,0.047936,0.067792,0.095872,0.13558,0.98145
0.00061575,0.00061575,0.0008708,0.0012315,0.0017416,0.002463,0.0034832,0.004926,0.0069664,0.009852,0.013933,0.019704,0.027866,0.039408,0.99845
0.0011095,0.0011095,0.0015691,0.0022191,0.0031383,0.0044382,0.0062765,0.0088764,0.012553,0.017753,0.025106,0.035505,0.050212,0.071011,0.99495
0.0015868,0.0015868,0.0022441,0.0031736,0.0044882,0.0063473,0.0089764,0.012695,0.017953,0.025389,0.035906,0.050778,0.071811,0.10156,0.98965
0.0051167,0.0051167,0.0072361,0.010233,0.014472,0.020467,0.028944,0.040933,0.057889,0.081867,0.11578,0.16373,0.23155,0.32747,0.88632
0.0038734,0.0038734,0.0054779,0.0077469,0.010956,0.015494,0.021911,0.030987,0.043823,0.061975,0.087646,0.12395,0.17529,0.2479,0.93654
0.0019158,0.0019158,0.0027093,0.0038316,0.0054187,0.0076632,0.010837,0.015326,0.021675,0.030653,0.043349,0.061305,0.086699,0.12261,0.98487
0.0011527,0.0011527,0.0016302,0.0023054,0.0032603,0.0046108,0.0065207,0.0092216,0.013041,0.018443,0.026083,0.036886,0.052165,0.073773,0.99455
0.005915,0.005915,0.008365,0.01183,0.01673,0.02366,0.03346,0.04732,0.06692,0.094639,0.13384,0.18928,0.26768,0.37856,0.84464
0.0036157,0.0036157,0.0051134,0.0072315,0.010227,0.014463,0.020454,0.028926,0.040907,0.057852,0.081815,0.1157,0.16363,0.23141,0.94494
0.0040547,0.0040547,0.0057342,0.0081093,0.011468,0.016219,0.022937,0.032437,0.045873,0.064875,0.091747,0.12975,0.18349,0.2595,0.93025
0.0081589,0.0081589,0.011538,0.016318,0.023077,0.032635,0.046154,0.065271,0.092307,0.13054,0.18461,0.26108,0.36923,0.52217,0.67431
0.0085593,0.0085593,0.012105,0.017119,0.024209,0.034237,0.048419,0.068474,0.096837,0.13695,0.19367,0.2739,0.38735,0.5478,0.63234
0.010287,0.010287,0.014548,0.020573,0.029095,0.041147,0.05819,0.082294,0.11638,0.16459,0.23276,0.32917,0.46552,0.65835,0.36491
0.0025066,0.0025066,0.0035449,0.0050132,0.0070898,0.010026,0.01418,0.020053,0.028359,0.040106,0.056718,0.080212,0.11344,0.16042,0.97394
0.0091648,0.0091648,0.012961,0.01833,0.025922,0.036659,0.051844,0.073318,0.10369,0.14664,0.20737,0.29327,0.41475,0.58654,0.55854
0.0054994,0.0054994,0.0077774,0.010999,0.015555,0.021998,0.031109,0.043995,0.062219,0.087991,0.12444,0.17598,0.24888,0.35196,0.86735
0.0056341,0.0056341,0.0079678,0.011268,0.015936,0.022536,0.031871,0.045073,0.063742,0.090145,0.12748,0.18029,0.25497,0.36058,0.86023
0.0097554,0.0097554,0.013796,0.019511,0.027592,0.039022,0.055185,0.078043,0.11037,0.15609,0.22074,0.31217,0.44148,0.62434,0.4695
0.0044448,0.0044448,0.0062859,0.0088896,0.012572,0.017779,0.025144,0.035559,0.050287,0.071117,0.10057,0.14223,0.20115,0.28447,0.91552
0.010585,0.010585,0.01497,0.021171,0.02994,0.042342,0.05988,0.084684,0.11976,0.16937,0.23952,0.33873,0.47904,0.67747,0.28658
0.011023,0.011023,0.015588,0.022045,0.031177,0.044091,0.062354,0.088181,0.12471,0.17636,0.24941,0.35272,0.49883,0.70545,0.068429
0.0073932,0.0073932,0.010456,0.014786,0.020911,0.029573,0.041822,0.059146,0.083644,0.11829,0.16729,0.23658,0.33458,0.47316,0.74313
0.010909,0.010909,0.015427,0.021817,0.030854,0.043634,0.061708,0.087268,0.12342,0.17454,0.24683,0.34907,0.49366,0.69814,0.15882
0.0070346,0.0070346,0.0099484,0.014069,0.019897,0.028138,0.039794,0.056277,0.079587,0.11255,0.15917,0.22511,0.31835,0.45021,0.77113
0.0065288,0.0065288,0.0092331,0.013058,0.018466,0.026115,0.036932,0.05223,0.073865,0.10446,0.14773,0.20892,0.29546,0.41784,0.80675
0.0024482,0.0024482,0.0034623,0.0048964,0.0069246,0.0097928,0.013849,0.019586,0.027698,0.039171,0.055397,0.078343,0.11079,0.15669,0.97515
0.0075793,0.0075793,0.010719,0.015159,0.021437,0.030317,0.042875,0.060634,0.08575,0.12127,0.1715,0.24254,0.343,0.48507,0.72762
0.0046571,0.0046571,0.0065862,0.0093143,0.013172,0.018629,0.026345,0.037257,0.05269,0.074514,0.10538,0.14903,0.21076,0.29806,0.90684
0.0068611,0.0068611,0.009703,0.013722,0.019406,0.027444,0.038812,0.054889,0.077624,0.10978,0.15525,0.21955,0.3105,0.43911,0.78384
0.01082,0.01082,0.015301,0.021639,0.030602,0.043278,0.061205,0.086556,0.12241,0.17311,0.24482,0.34622,0.48964,0.69245,0.20262
0.0063677,0.0063677,0.0090053,0.012735,0.018011,0.025471,0.036021,0.050942,0.072042,0.10188,0.14408,0.20377,0.28817,0.40753,0.81722
0.0083577,0.0083577,0.01182,0.016715,0.023639,0.033431,0.047278,0.066862,0.094557,0.13372,0.18911,0.26745,0.37823,0.53489,0.65406
0.0099421,0.0099421,0.01406,0.019884,0.028121,0.039768,0.056241,0.079537,0.11248,0.15907,0.22496,0.31815,0.44993,0.6363,0.43623
0.0077703,0.0077703,0.010989,0.015541,0.021978,0.031081,0.043955,0.062162,0.087911,0.12432,0.17582,0.24865,0.35164,0.4973,0.71092
0.004767,0.004767,0.0067416,0.0095341,0.013483,0.019068,0.026966,0.038136,0.053933,0.076272,0.10787,0.15254,0.21573,0.30509,0.90215
0.0095621,0.0095621,0.013523,0.019124,0.027046,0.038249,0.054092,0.076497,0.10818,0.15299,0.21637,0.30599,0.43273,0.61198,0.50099
0.010444,0.010444,0.01477,0.020887,0.029539,0.041775,0.059079,0.08355,0.11816,0.1671,0.23631,0.3342,0.47263,0.6684,0.32633
0.0072115,0.0072115,0.010199,0.014423,0.020397,0.028846,0.040795,0.057692,0.081589,0.11538,0.16318,0.23077,0.32636,0.46154,0.75761
0.010977,0.010977,0.015523,0.021953,0.031047,0.043906,0.062093,0.087813,0.12419,0.17563,0.24837,0.35125,0.49675,0.7025,0.11395
0.0011941,0.0011941,0.0016888,0.0023883,0.0033775,0.0047765,0.0067551,0.0095531,0.01351,0.019106,0.02702,0.038212,0.05404,0.076425,0.99415
0.0022234,0.0022234,0.0031444,0.0044469,0.0062888,0.0088937,0.012578,0.017787,0.025155,0.035575,0.050311,0.07115,0.10062,0.1423,0.97955
0.0026263,0.0026263,0.0037141,0.0052525,0.0074282,0.010505,0.014856,0.02101,0.029713,0.04202,0.059426,0.08404,0.11885,0.16808,0.97135
0.0048812,0.0048812,0.006903,0.0097623,0.013806,0.019525,0.027612,0.039049,0.055224,0.078099,0.11045,0.1562,0.2209,0.31239,0.89715
0.010119,0.010119,0.01431,0.020238,0.028621,0.040476,0.057242,0.080952,0.11448,0.1619,0.22897,0.32381,0.45793,0.64761,0.40154
0.0087609,0.0087609,0.01239,0.017522,0.02478,0.035044,0.049559,0.070087,0.099118,0.14017,0.19824,0.28035,0.39647,0.5607,0.60931
0.0066932,0.0066932,0.0094656,0.013386,0.018931,0.026773,0.037862,0.053546,0.075725,0.10709,0.15145,0.21418,0.3029,0.42837,0.79564
0.0043422,0.0043422,0.0061407,0.0086843,0.012281,0.017369,0.024563,0.034737,0.049126,0.069475,0.098252,0.13895,0.1965,0.2779,0.91955
0.001966,0.001966,0.0027803,0.003932,0.0055607,0.0078639,0.011121,0.015728,0.022243,0.031456,0.044485,0.062912,0.08897,0.12582,0.98405
0.0052415,0.0052415,0.0074126,0.010483,0.014825,0.020966,0.02965,0.041932,0.059301,0.083864,0.1186,0.16773,0.2372,0.33545,0.88032
0.0036984,0.0036984,0.0052303,0.0073968,0.010461,0.014794,0.020921,0.029587,0.041843,0.059174,0.083685,0.11835,0.16737,0.2367,0.94233
0.0045484,0.0045484,0.0064325,0.0090969,0.012865,0.018194,0.02573,0.036388,0.05146,0.072775,0.10292,0.14555,0.20584,0.2911,0.91135
0.010711,0.010711,0.015148,0.021422,0.030295,0.042844,0.06059,0.085688,0.12118,0.17137,0.24236,0.34275,0.48472,0.6855,0.24542
0.0033079,0.0033079,0.0046781,0.0066158,0.0093562,0.013232,0.018712,0.026463,0.037425,0.052927,0.07485,0.10585,0.1497,0.21171,0.95414
0.0042429,0.0042429,0.0060004,0.0084859,0.012001,0.016972,0.024002,0.033944,0.048003,0.067887,0.096007,0.13577,0.19201,0.27155,0.92335
0.0028835,0.0028835,0.0040779,0.005767,0.0081558,0.011534,0.016312,0.023068,0.032623,0.046136,0.065247,0.092273,0.13049,0.18455,0.96535
0.0079609,0.0079609,0.011258,0.015922,0.022517,0.031844,0.045034,0.063687,0.090068,0.12737,0.18014,0.25475,0.36027,0.5095,0.69343
0.0026887,0.0026887,0.0038023,0.0053773,0.0076047,0.010755,0.015209,0.021509,0.030419,0.043018,0.060837,0.086037,0.12167,0.17207,0.96995
0.0041484,0.0041484,0.0058668,0.0082969,0.011734,0.016594,0.023467,0.033188,0.046934,0.066375,0.093868,0.13275,0.18774,0.2655,0.92684
0.0062147,0.0062147,0.008789,0.012429,0.017578,0.024859,0.035156,0.049718,0.070312,0.099436,0.14062,0.19887,0.28125,0.39774,0.82683
0.0057726,0.0057726,0.0081636,0.011545,0.016327,0.02309,0.032655,0.04618,0.065309,0.092361,0.13062,0.18472,0.26124,0.36944,0.85268
0.0089632,0.0089632,0.012676,0.017926,0.025352,0.035853,0.050703,0.071705,0.10141,0.14341,0.20281,0.28682,0.40563,0.57364,0.58473
0.0049974,0.0049974,0.0070674,0.0099947,0.014135,0.019989,0.028269,0.039979,0.056539,0.079958,0.11308,0.15992,0.22616,0.31983,0.89189
0.0035349,0.0035349,0.0049992,0.0070699,0.0099983,0.01414,0.019997,0.02828,0.039993,0.056559,0.079987,0.11312,0.15997,0.22624,0.94744
0.0060608,0.0060608,0.0085713,0.012122,0.017143,0.024243,0.034285,0.048487,0.06857,0.096973,0.13714,0.19395,0.27428,0.38789,0.83612
0.0034559,0.0034559,0.0048874,0.0069119,0.0097748,0.013824,0.01955,0.027647,0.039099,0.055295,0.078199,0.11059,0.1564,0.22118,0.94985
0.00065388,0.00065388,0.00092473,0.0013078,0.0018495,0.0026155,0.0036989,0.005231,0.0073978,0.010462,0.014796,0.020924,0.029591,0.041848,0.99825
0.0029484,0.0029484,0.0041697,0.0058968,0.0083394,0.011794,0.016679,0.023587,0.033357,0.047175,0.066715,0.094349,0.13343,0.1887,0.96375
0.0053665,0.0053665,0.0075894,0.010733,0.015179,0.021466,0.030358,0.042932,0.060715,0.085864,0.12143,0.17173,0.24286,0.34346,0.87412
0.0093643,0.0093643,0.013243,0.018729,0.026486,0.037457,0.052972,0.074914,0.10594,0.14983,0.21189,0.29966,0.42378,0.59931,0.53072
0.0030202,0.0030202,0.0042712,0.0060403,0.0085423,0.012081,0.017085,0.024161,0.034169,0.048323,0.068339,0.096645,0.13668,0.19329,0.96192
0.0027543,0.0027543,0.0038952,0.0055086,0.0077904,0.011017,0.015581,0.022035,0.031162,0.044069,0.062323,0.088138,0.12465,0.17628,0.96843
0.0022766,0.0022766,0.0032196,0.0045532,0.0064392,0.0091064,0.012878,0.018213,0.025757,0.036426,0.051514,0.072851,0.10303,0.1457,0.97855
0.0037878,0.0037878,0.0053567,0.0075755,0.010713,0.015151,0.021427,0.030302,0.042854,0.060604,0.085707,0.12121,0.17141,0.24242,0.93941
0.0023341,0.0023341,0.0033009,0.0046681,0.0066017,0.0093363,0.013203,0.018673,0.026407,0.037345,0.052814,0.07469,0.10563,0.14938,0.97745
0.0012734,0.0012734,0.0018009,0.0025468,0.0036018,0.0050937,0.0072036,0.010187,0.014407,0.020375,0.028814,0.040749,0.057628,0.081499,0.99335
0.0016325,0.0016325,0.0023087,0.003265,0.0046173,0.0065299,0.0092347,0.01306,0.018469,0.02612,0.036939,0.052239,0.073878,0.10448,0.98904
0.0030896,0.0030896,0.0043693,0.0061792,0.0087387,0.012358,0.017477,0.024717,0.034955,0.049433,0.069909,0.098867,0.13982,0.19773,0.96011
0.0025679,0.0025679,0.0036316,0.0051358,0.0072632,0.010272,0.014526,0.020543,0.029053,0.041087,0.058105,0.082173,0.11621,0.16435,0.97262
0.0039605,0.0039605,0.005601,0.0079211,0.011202,0.015842,0.022404,0.031684,0.044808,0.063369,0.089617,0.12674,0.17923,0.25347,0.93355
0.0033805,0.0033805,0.0047808,0.0067611,0.0095616,0.013522,0.019123,0.027044,0.038246,0.054089,0.076493,0.10818,0.15299,0.21635,0.95205
0.0031559,0.0031559,0.0044631,0.0063118,0.0089262,0.012624,0.017852,0.025247,0.035705,0.050494,0.071409,0.10099,0.14282,0.20198,0.95835
0.0020145,0.0020145,0.002849,0.0040291,0.005698,0.0080582,0.011396,0.016116,0.022792,0.032233,0.045584,0.064466,0.091168,0.12893,0.98324
0.0032352,0.0032352,0.0045752,0.0064704,0.0091505,0.012941,0.018301,0.025881,0.036602,0.051763,0.073204,0.10353,0.14641,0.20705,0.95618
0.011046,0.011046,0.015622,0.022092,0.031243,0.044184,0.062486,0.088369,0.12497,0.17674,0.24994,0.35347,0.49989,0.70695,0.021118
0.0012344,0.0012344,0.0017457,0.0024687,0.0034913,0.0049375,0.0069826,0.0098749,0.013965,0.01975,0.02793,0.0395,0.055861,0.078999,0.99374
0.0023898,0.0023898,0.0033797,0.0047796,0.0067593,0.0095592,0.013519,0.019118,0.027037,0.038237,0.054075,0.076473,0.10815,0.15295,0.97633
0.00069033,0.00069033,0.00097627,0.0013807,0.0019525,0.0027613,0.0039051,0.0055226,0.0078101,0.011045,0.01562,0.02209,0.031241,0.044181,0.99805
0.0028173,0.0028173,0.0039842,0.0056345,0.0079684,0.011269,0.015937,0.022538,0.031874,0.045076,0.063748,0.090153,0.1275,0.18031,0.96695
0.0007246,0.0007246,0.0010247,0.0014492,0.0020495,0.0028984,0.0040989,0.0057968,0.0081979,0.011594,0.016396,0.023187,0.032791,0.046374,0.99785
0.0017268,0.0017268,0.002442,0.0034535,0.004884,0.0069071,0.0097681,0.013814,0.019536,0.027628,0.039072,0.055257,0.078145,0.11051,0.98772
0.0020617,0.0020617,0.0029157,0.0041234,0.0058314,0.0082469,0.011663,0.016494,0.023326,0.032987,0.046651,0.065975,0.093303,0.13195,0.98245
0.002169,0.002169,0.0030674,0.004338,0.0061349,0.008676,0.01227,0.017352,0.024539,0.034704,0.049079,0.069408,0.098158,0.13882,0.98055
0.0013557,0.0013557,0.0019172,0.0027114,0.0038344,0.0054227,0.0076689,0.010845,0.015338,0.021691,0.030675,0.043382,0.061351,0.086763,0.99245
0.0018599,0.0018599,0.0026304,0.0037199,0.0052607,0.0074398,0.010521,0.01488,0.021043,0.029759,0.042086,0.059518,0.084172,0.11904,0.98574
0.0018137,0.0018137,0.0025649,0.0036274,0.0051299,0.0072547,0.01026,0.014509,0.020519,0.029019,0.041039,0.058038,0.082078,0.11608,0.98644
0.00075735,0.00075735,0.0010711,0.0015147,0.0021421,0.0030294,0.0042842,0.0060588,0.0085685,0.012118,0.017137,0.024235,0.034274,0.048471,0.99765
0.00078984,0.00078984,0.001117,0.0015797,0.002234,0.0031594,0.004468,0.0063188,0.0089361,0.012638,0.017872,0.025275,0.035744,0.05055,0.99744
0.0017662,0.0017662,0.0024978,0.0035324,0.0049956,0.0070649,0.0099912,0.01413,0.019982,0.028259,0.039965,0.056519,0.07993,0.11304,0.98715
0.0013998,0.0013998,0.0019797,0.0027997,0.0039593,0.0055993,0.0079186,0.011199,0.015837,0.022397,0.031675,0.044795,0.063349,0.089589,0.99195
0.0015324,0.0015324,0.0021672,0.0030649,0.0043344,0.0061298,0.0086688,0.01226,0.017338,0.024519,0.034675,0.049038,0.06935,0.098076,0.99034
0.0013109,0.0013109,0.0018538,0.0026217,0.0037077,0.0052434,0.0074154,0.010487,0.014831,0.020974,0.029661,0.041948,0.059323,0.083895,0.99295
0.00080465,0.00080465,0.0011379,0.0016093,0.0022759,0.0032186,0.0045518,0.0064372,0.0091036,0.012874,0.018207,0.025749,0.036414,0.051498,0.99735
0.00087643,0.00087643,0.0012395,0.0017529,0.0024789,0.0035057,0.0049578,0.0070114,0.0099156,0.014023,0.019831,0.028046,0.039662,0.056091,0.99685
0.0014845,0.0014845,0.0020994,0.002969,0.0041988,0.005938,0.0083976,0.011876,0.016795,0.023752,0.03359,0.047504,0.067181,0.095008,0.99095
0.00083417,0.00083417,0.0011797,0.0016683,0.0023594,0.0033367,0.0047188,0.0066733,0.0094375,0.013347,0.018875,0.026693,0.03775,0.053387,0.99715
0.00091743,0.00091743,0.0012974,0.0018349,0.0025949,0.0036697,0.0051898,0.0073395,0.01038,0.014679,0.020759,0.029358,0.041518,0.058716,0.99655
0.00086285,0.00086285,0.0012203,0.0017257,0.0024405,0.0034514,0.004881,0.0069028,0.0097621,0.013806,0.019524,0.027611,0.039048,0.055223,0.99695
0.00095655,0.00095655,0.0013528,0.0019131,0.0027055,0.0038262,0.0054111,0.0076524,0.010822,0.015305,0.021644,0.03061,0.043289,0.061219,0.99625
0.00090475,0.00090475,0.0012795,0.0018095,0.002559,0.003619,0.005118,0.007238,0.010236,0.014476,0.020472,0.028952,0.040944,0.057904,0.99665
0.0016687,0.0016687,0.00236,0.0033375,0.0047199,0.006675,0.0094399,0.01335,0.01888,0.0267,0.037759,0.0534,0.075519,0.1068,0.98854
0.0013242,0.0013242,0.0018727,0.0026484,0.0037454,0.0052968,0.0074907,0.010594,0.014981,0.021187,0.029963,0.042374,0.059926,0.084748,0.9928
0.0015006,0.0015006,0.0021222,0.0030013,0.0042444,0.0060025,0.0084888,0.012005,0.016978,0.02401,0.033955,0.04802,0.067911,0.09604,0.99074
0.00099428,0.00099428,0.0014061,0.0019886,0.0028122,0.0039771,0.0056245,0.0079542,0.011249,0.015908,0.022498,0.031817,0.044996,0.063634,0.99595
0.001369,0.001369,0.0019361,0.002738,0.0038722,0.0054761,0.0077444,0.010952,0.015489,0.021904,0.030977,0.043809,0.061955,0.087617,0.99231
0.00094332,0.00094332,0.0013341,0.0018866,0.0026681,0.0037733,0.0053362,0.0075465,0.010672,0.015093,0.021345,0.030186,0.04269,0.060372,0.99635
0.0009819,0.0009819,0.0013886,0.0019638,0.0027772,0.0039276,0.0055545,0.0078552,0.011109,0.01571,0.022218,0.031421,0.044436,0.062841,0.99605
0.0010184,0.0010184,0.0014403,0.0020369,0.0028806,0.0040738,0.0057612,0.0081475,0.011522,0.016295,0.023045,0.03259,0.046089,0.06518,0.99575
0.001042,0.001042,0.0014737,0.0020841,0.0029473,0.0041681,0.0058946,0.0083363,0.011789,0.016673,0.023579,0.033345,0.047157,0.06669,0.99555
0.0018752,0.0018752,0.002652,0.0037504,0.0053039,0.0075009,0.010608,0.015002,0.021216,0.030003,0.042431,0.060007,0.084863,0.12001,0.9855
0.001076,0.001076,0.0015218,0.0021521,0.0030435,0.0043042,0.006087,0.0086084,0.012174,0.017217,0.024348,0.034434,0.048696,0.068867,0.99525
0.0017808,0.0017808,0.0025184,0.0035615,0.0050367,0.007123,0.010073,0.014246,0.020147,0.028492,0.040294,0.056984,0.080588,0.11397,0.98695
0.0010645,0.0010645,0.0015055,0.0021291,0.003011,0.0042582,0.006022,0.0085164,0.012044,0.017033,0.024088,0.034065,0.048176,0.068131,0.99535
0.0010985,0.0010985,0.0015536,0.0021971,0.0031071,0.0043941,0.0062143,0.0087883,0.012429,0.017577,0.024857,0.035153,0.049714,0.070306,0.99505
0.0027052,0.0027052,0.0038258,0.0054105,0.0076516,0.010821,0.015303,0.021642,0.030606,0.043284,0.061213,0.086568,0.12243,0.17314,0.96956
0.011043,0.011043,0.015617,0.022085,0.031233,0.044171,0.062467,0.088341,0.12493,0.17668,0.24987,0.35337,0.49974,0.70673,0.033304
0.0025227,0.0025227,0.0035676,0.0050453,0.0071351,0.010091,0.01427,0.020181,0.028541,0.040362,0.057081,0.080725,0.11416,0.16145,0.97359
0.0028343,0.0028343,0.0040084,0.0056687,0.0080167,0.011337,0.016033,0.022675,0.032067,0.045349,0.064134,0.090699,0.12827,0.1814,0.96655
0.0023486,0.0023486,0.0033214,0.0046972,0.0066429,0.0093944,0.013286,0.018789,0.026571,0.037578,0.053143,0.075155,0.10629,0.15031,0.97715
0.001142,0.001142,0.0016151,0.0022841,0.0032302,0.0045682,0.0064603,0.0091363,0.012921,0.018273,0.025841,0.036545,0.051683,0.07309,0.99465
0.0024046,0.0024046,0.0034006,0.0048091,0.0068012,0.0096183,0.013602,0.019237,0.027205,0.038473,0.054409,0.076946,0.10882,0.15389,0.97604
0.0018273,0.0018273,0.0025841,0.0036545,0.0051683,0.0073091,0.010337,0.014618,0.020673,0.029236,0.041346,0.058473,0.082693,0.11695,0.98623
0.0011206,0.0011206,0.0015847,0.0022412,0.0031695,0.0044823,0.006339,0.0089647,0.012678,0.017929,0.025356,0.035859,0.050712,0.071717,0.99485
0.0053997,0.0053997,0.0076363,0.010799,0.015273,0.021599,0.030545,0.043198,0.061091,0.086395,0.12218,0.17279,0.24436,0.34558,0.87244
0.0037198,0.0037198,0.0052606,0.0074396,0.010521,0.014879,0.021042,0.029759,0.042085,0.059517,0.08417,0.11903,0.16834,0.23807,0.94164
0.0040303,0.0040303,0.0056997,0.0080607,0.011399,0.016121,0.022799,0.032243,0.045598,0.064485,0.091196,0.12897,0.18239,0.25794,0.93111
0.0064877,0.0064877,0.0091749,0.012975,0.01835,0.025951,0.0367,0.051901,0.073399,0.1038,0.1468,0.2076,0.2936,0.41521,0.80945
0.0077218,0.0077218,0.01092,0.015444,0.021841,0.030887,0.043681,0.061775,0.087362,0.12355,0.17472,0.2471,0.34945,0.4942,0.71522
0.0056714,0.0056715,0.0080206,0.011343,0.016041,0.022686,0.032082,0.045371,0.064165,0.090743,0.12833,0.18149,0.25666,0.36297,0.8586
0.010406,0.010406,0.014716,0.020812,0.029432,0.041623,0.058864,0.083247,0.11773,0.16649,0.23546,0.33299,0.47091,0.66597,0.3362
0.0051475,0.0051475,0.0072797,0.010295,0.014559,0.02059,0.029119,0.04118,0.058237,0.08236,0.11647,0.16472,0.23295,0.32944,0.88485
0.0096111,0.0096111,0.013592,0.019222,0.027184,0.038444,0.054369,0.076889,0.10874,0.15378,0.21747,0.30756,0.43495,0.61511,0.49325
0.0011631,0.0011631,0.0016449,0.0023262,0.0032898,0.0046525,0.0065796,0.0093049,0.013159,0.01861,0.026318,0.03722,0.052637,0.074439,0.99445
0.0029653,0.0029653,0.0041936,0.0059307,0.0083873,0.011861,0.016775,0.023723,0.033549,0.047446,0.067098,0.094891,0.1342,0.18978,0.96332
0.0066515,0.0066515,0.0094066,0.013303,0.018813,0.026606,0.037626,0.053212,0.075253,0.10642,0.15051,0.21285,0.30101,0.42569,0.7985
0.0021335,0.0021335,0.0030172,0.004267,0.0060345,0.008534,0.012069,0.017068,0.024138,0.034136,0.048276,0.068272,0.096551,0.13654,0.9812
0.0043674,0.0043674,0.0061765,0.0087349,0.012353,0.01747,0.024706,0.034939,0.049412,0.069879,0.098824,0.13976,0.19765,0.27952,0.91858
0.0035149,0.0035149,0.0049708,0.0070298,0.0099417,0.01406,0.019883,0.028119,0.039767,0.056238,0.079533,0.11248,0.15907,0.22495,0.94805
0.010619,0.010619,0.015017,0.021237,0.030034,0.042475,0.060069,0.08495,0.12014,0.1699,0.24027,0.3398,0.48055,0.6796,0.27629
0.0058786,0.0058786,0.0083135,0.011757,0.016627,0.023514,0.033254,0.047029,0.066508,0.094057,0.13302,0.18811,0.26603,0.37623,0.84673
0.0075325,0.0075325,0.010652,0.015065,0.021305,0.03013,0.04261,0.06026,0.08522,0.12052,0.17044,0.24104,0.34088,0.48208,0.73161
0.0092152,0.0092152,0.013032,0.01843,0.026065,0.036861,0.052129,0.073722,0.10426,0.14744,0.20852,0.29489,0.41703,0.58977,0.55171
0.0098962,0.0098962,0.013995,0.019792,0.027991,0.039585,0.055981,0.079169,0.11196,0.15834,0.22392,0.31668,0.44785,0.63335,0.44469
0.01074,0.01074,0.015188,0.021479,0.030376,0.042958,0.060752,0.085917,0.1215,0.17183,0.24301,0.34367,0.48602,0.68734,0.23485
0.0098026,0.0098026,0.013863,0.019605,0.027726,0.03921,0.055452,0.078421,0.1109,0.15684,0.22181,0.31368,0.44362,0.62737,0.46137
0.010928,0.010928,0.015454,0.021855,0.030908,0.043711,0.061816,0.087422,0.12363,0.17484,0.24727,0.34969,0.49453,0.69937,0.14758
0.0031784,0.0031784,0.0044949,0.0063567,0.0089898,0.012713,0.01798,0.025427,0.035959,0.050854,0.071918,0.10171,0.14384,0.20342,0.95775
0.0081096,0.0081096,0.011469,0.016219,0.022937,0.032438,0.045875,0.064877,0.09175,0.12975,0.1835,0.25951,0.367,0.51902,0.67918
0.0044193,0.0044193,0.0062498,0.0088385,0.0125,0.017677,0.024999,0.035354,0.049998,0.070708,0.099997,0.14142,0.19999,0.28283,0.91655
0.0091144,0.0091144,0.01289,0.018229,0.02578,0.036458,0.051559,0.072915,0.10312,0.14583,0.20624,0.29166,0.41247,0.58332,0.56525
0.0049099,0.0049099,0.0069437,0.0098199,0.013887,0.01964,0.027775,0.039279,0.055549,0.078559,0.1111,0.15712,0.2222,0.31424,0.89585
0.0086096,0.0086096,0.012176,0.017219,0.024352,0.034438,0.048703,0.068877,0.097407,0.13775,0.19481,0.27551,0.38963,0.55102,0.62671
0.0044707,0.0044707,0.0063225,0.0089414,0.012645,0.017883,0.02529,0.035765,0.05058,0.071531,0.10116,0.14306,0.20232,0.28612,0.9145
0.0070785,0.0070785,0.010011,0.014157,0.020021,0.028314,0.040042,0.056628,0.080084,0.11326,0.16017,0.22651,0.32034,0.45303,0.76785
0.00699,0.00699,0.0098854,0.01398,0.019771,0.02796,0.039541,0.05592,0.079083,0.11184,0.15817,0.22368,0.31633,0.44736,0.77444
0.0050849,0.0050849,0.0071912,0.01017,0.014382,0.02034,0.028765,0.040679,0.057529,0.081359,0.11506,0.16272,0.23012,0.32543,0.8878
0.0063288,0.0063288,0.0089502,0.012658,0.0179,0.025315,0.035801,0.05063,0.071602,0.10126,0.1432,0.20252,0.28641,0.40504,0.81972
0.0073468,0.0073468,0.01039,0.014694,0.02078,0.029387,0.04156,0.058775,0.08312,0.11755,0.16624,0.2351,0.33248,0.4702,0.74692
0.0068187,0.0068187,0.0096431,0.013637,0.019286,0.027275,0.038572,0.05455,0.077145,0.1091,0.15429,0.2182,0.30858,0.4364,0.78685
0.0042672,0.0042672,0.0060347,0.0085344,0.012069,0.017069,0.024139,0.034137,0.048278,0.068275,0.096555,0.13655,0.19311,0.2731,0.92241
0.010888,0.010888,0.015398,0.021776,0.030796,0.043552,0.061592,0.087104,0.12318,0.17421,0.24637,0.34842,0.49274,0.69683,0.16987
0.01048,0.01048,0.014822,0.020961,0.029643,0.041922,0.059286,0.083844,0.11857,0.16769,0.23715,0.33537,0.47429,0.67075,0.31653
0.0054666,0.0054666,0.0077309,0.010933,0.015462,0.021866,0.030924,0.043733,0.061847,0.087465,0.12369,0.17493,0.24739,0.34986,0.86904
0.0090135,0.0090135,0.012747,0.018027,0.025494,0.036054,0.050988,0.072108,0.10198,0.14422,0.20395,0.28843,0.40791,0.57686,0.57835
0.0099873,0.0099873,0.014124,0.019975,0.028248,0.039949,0.056497,0.079899,0.11299,0.1598,0.22599,0.31959,0.45198,0.63919,0.42768
0.0011838,0.0011838,0.0016742,0.0023677,0.0033484,0.0047354,0.0066969,0.0094708,0.013394,0.018942,0.026787,0.037883,0.053575,0.075766,0.99425
0.0078179,0.0078179,0.011056,0.015636,0.022112,0.031272,0.044225,0.062543,0.088449,0.12509,0.1769,0.25017,0.3538,0.50035,0.70663
0.0084084,0.0084084,0.011891,0.016817,0.023782,0.033633,0.047565,0.067267,0.09513,0.13453,0.19026,0.26907,0.38052,0.53814,0.64875
0.010794,0.010794,0.015266,0.021589,0.030531,0.043178,0.061063,0.086356,0.12213,0.17271,0.24425,0.34542,0.4885,0.69085,0.21332
0.0082091,0.0082091,0.011609,0.016418,0.023219,0.032836,0.046437,0.065673,0.092875,0.13135,0.18575,0.26269,0.3715,0.52538,0.66931
0.0024627,0.0024627,0.0034829,0.0049255,0.0069657,0.009851,0.013931,0.019702,0.027863,0.039404,0.055726,0.078808,0.11145,0.15762,0.97485
0.0097076,0.0097076,0.013729,0.019415,0.027457,0.03883,0.054914,0.077661,0.10983,0.15532,0.21966,0.31064,0.43931,0.62129,0.47755
0.007439,0.007439,0.01052,0.014878,0.021041,0.029756,0.042081,0.059512,0.084162,0.11902,0.16832,0.23805,0.33665,0.47609,0.7394
0.0065696,0.0065696,0.0092908,0.013139,0.018582,0.026278,0.037163,0.052557,0.074327,0.10511,0.14865,0.21023,0.29731,0.42046,0.80404
0.0085094,0.0085094,0.012034,0.017019,0.024068,0.034037,0.048136,0.068075,0.096273,0.13615,0.19255,0.2723,0.38509,0.5446,0.63784
0.0076265,0.0076265,0.010785,0.015253,0.021571,0.030506,0.043142,0.061012,0.086284,0.12202,0.17257,0.24405,0.34513,0.48809,0.72357
0.0087109,0.0087109,0.012319,0.017422,0.024638,0.034844,0.049276,0.069687,0.098553,0.13937,0.19711,0.27875,0.39421,0.5575,0.61518
0.0034755,0.0034755,0.0049151,0.0069511,0.0098303,0.013902,0.019661,0.027804,0.039321,0.055608,0.078642,0.11122,0.15728,0.22243,0.94925
0.010245,0.010245,0.014489,0.020491,0.028978,0.040981,0.057956,0.081962,0.11591,0.16392,0.23182,0.32785,0.46365,0.6557,0.37436
0.0030705,0.0030705,0.0043424,0.0061411,0.0086848,0.012282,0.01737,0.024564,0.034739,0.049129,0.069478,0.098257,0.13896,0.19651,0.96063
0.0046841,0.0046841,0.0066242,0.0093681,0.013248,0.018736,0.026497,0.037472,0.052994,0.074945,0.10599,0.14989,0.21198,0.29978,0.90569
0.0028999,0.0028999,0.004101,0.0057997,0.008202,0.011599,0.016404,0.023199,0.032808,0.046398,0.065616,0.092795,0.13123,0.18559,0.96495
0.002434,0.002434,0.0034421,0.0048679,0.0068843,0.0097358,0.013769,0.019472,0.027537,0.038943,0.055074,0.077887,0.11015,0.15577,0.97544
0.0019785,0.0019785,0.002798,0.0039569,0.0055959,0.0079138,0.011192,0.015828,0.022384,0.031655,0.044767,0.063311,0.089535,0.12662,0.98385
0.004739,0.004739,0.0067019,0.0094779,0.013404,0.018956,0.026808,0.037912,0.053615,0.075823,0.10723,0.15165,0.21446,0.30329,0.90335
0.010076,0.010076,0.01425,0.020152,0.028499,0.040304,0.056998,0.080607,0.114,0.16121,0.22799,0.32243,0.45598,0.64486,0.41029
0.0069042,0.0069042,0.0097641,0.013808,0.019528,0.027617,0.039056,0.055234,0.078112,0.11047,0.15622,0.22094,0.31245,0.44187,0.78071
0.0071664,0.0071664,0.010135,0.014333,0.02027,0.028666,0.040539,0.057331,0.081079,0.11466,0.16216,0.22932,0.32431,0.45865,0.76114
0.0022369,0.0022369,0.0031634,0.0044737,0.0063268,0.0089475,0.012654,0.017895,0.025307,0.03579,0.050615,0.07158,0.10123,0.14316,0.97933
0.0095128,0.0095128,0.013453,0.019026,0.026906,0.038051,0.053812,0.076102,0.10762,0.1522,0.21525,0.30441,0.4305,0.60882,0.50862
0.010162,0.010162,0.014372,0.020325,0.028744,0.04065,0.057487,0.081299,0.11497,0.1626,0.22995,0.3252,0.4599,0.6504,0.39242
0.0047945,0.0047945,0.0067805,0.0095891,0.013561,0.019178,0.027122,0.038356,0.054244,0.076713,0.10849,0.15343,0.21698,0.30685,0.90095
0.0048523,0.0048523,0.0068623,0.0097047,0.013725,0.019409,0.027449,0.038819,0.054898,0.077638,0.1098,0.15528,0.21959,0.31055,0.89841
0.0067348,0.0067348,0.0095244,0.01347,0.019049,0.026939,0.038098,0.053878,0.076196,0.10776,0.15239,0.21551,0.30478,0.43103,0.79274
0.0019533,0.0019533,0.0027624,0.0039067,0.0055249,0.0078134,0.01105,0.015627,0.0221,0.031253,0.044199,0.062507,0.088398,0.12501,0.98426
0.0088107,0.0088107,0.01246,0.017621,0.02492,0.035243,0.049841,0.070485,0.099681,0.14097,0.19936,0.28194,0.39872,0.56388,0.60342
0.0024922,0.0024922,0.0035245,0.0049844,0.007049,0.0099688,0.014098,0.019938,0.028196,0.039875,0.056392,0.079751,0.11278,0.1595,0.97424
0.010328,0.010328,0.014606,0.020656,0.029212,0.041312,0.058424,0.082624,0.11685,0.16525,0.2337,0.3305,0.46739,0.661,0.35525
0.010551,0.010551,0.014921,0.021102,0.029842,0.042203,0.059684,0.084406,0.11937,0.16881,0.23874,0.33762,0.47747,0.67525,0.29687
0.005532,0.005532,0.0078234,0.011064,0.015647,0.022128,0.031294,0.044256,0.062588,0.088512,0.12518,0.17702,0.25035,0.35405,0.86565
0.0055993,0.0055993,0.0079186,0.011199,0.015837,0.022397,0.031675,0.044795,0.063349,0.089589,0.1267,0.17918,0.2534,0.35836,0.86207
0.0012043,0.0012043,0.0017031,0.0024086,0.0034062,0.0048171,0.0068124,0.0096342,0.013625,0.019268,0.02725,0.038537,0.054499,0.077074,0.99405
0.0042192,0.0042192,0.0059668,0.0084384,0.011934,0.016877,0.023867,0.033754,0.047735,0.067507,0.095469,0.13501,0.19094,0.27003,0.92424
0.010681,0.010681,0.015105,0.021362,0.03021,0.042724,0.060421,0.085448,0.12084,0.1709,0.24168,0.34179,0.48337,0.68358,0.25583
0.008307,0.008307,0.011748,0.016614,0.023496,0.033228,0.046991,0.066456,0.093983,0.13291,0.18797,0.26582,0.37593,0.53165,0.65934
0.0052103,0.0052103,0.0073685,0.010421,0.014737,0.020841,0.029474,0.041683,0.058948,0.083365,0.1179,0.16673,0.23579,0.33346,0.88183
0.0045757,0.0045757,0.0064711,0.0091515,0.012942,0.018303,0.025884,0.036606,0.051768,0.073212,0.10354,0.14642,0.20707,0.29285,0.91024
0.0043171,0.0043171,0.0061053,0.0086342,0.012211,0.017268,0.024421,0.034537,0.048842,0.069073,0.097684,0.13815,0.19537,0.27629,0.92053
0.0032175,0.0032175,0.0045502,0.006435,0.0091004,0.01287,0.018201,0.02574,0.036402,0.05148,0.072803,0.10296,0.14561,0.20592,0.95667
0.0079139,0.0079139,0.011192,0.015828,0.022384,0.031656,0.044768,0.063311,0.089536,0.12662,0.17907,0.25325,0.35814,0.50649,0.69783
0.0040771,0.0040771,0.0057659,0.0081542,0.011532,0.016308,0.023064,0.032617,0.046127,0.065234,0.092255,0.13047,0.18451,0.26094,0.92944
0.0072551,0.0072551,0.01026,0.01451,0.020521,0.02902,0.041041,0.058041,0.082082,0.11608,0.16416,0.23216,0.32833,0.46433,0.75421
0.0060252,0.0060252,0.0085209,0.01205,0.017042,0.024101,0.034083,0.048201,0.068167,0.096402,0.13633,0.19281,0.27267,0.38561,0.83824
0.0046311,0.0046311,0.0065494,0.0092623,0.013099,0.018525,0.026198,0.037049,0.052395,0.074098,0.10479,0.1482,0.20958,0.29639,0.90795
0.0026738,0.0026738,0.0037813,0.0053475,0.0075625,0.010695,0.015125,0.02139,0.03025,0.04278,0.0605,0.08556,0.121,0.17112,0.9703
0.0036355,0.0036355,0.0051413,0.007271,0.010283,0.014542,0.020565,0.029084,0.041131,0.058168,0.082262,0.11634,0.16452,0.23267,0.94433
0.0080119,0.0080119,0.011331,0.016024,0.022661,0.032048,0.045322,0.064095,0.090645,0.12819,0.18129,0.25638,0.36258,0.51276,0.6886
0.0094118,0.0094118,0.01331,0.018824,0.026621,0.037647,0.053241,0.075294,0.10648,0.15059,0.21296,0.30118,0.42593,0.60235,0.52379
0.0039823,0.0039823,0.0056318,0.0079645,0.011264,0.015929,0.022527,0.031858,0.045054,0.063716,0.090108,0.12743,0.18022,0.25486,0.93281
0.0020277,0.0020277,0.0028676,0.0040555,0.0057353,0.0081109,0.011471,0.016222,0.022941,0.032444,0.045882,0.064887,0.091764,0.12977,0.98302
0.0035932,0.0035932,0.0050816,0.0071865,0.010163,0.014373,0.020326,0.028746,0.040653,0.057492,0.081306,0.11498,0.16261,0.22997,0.94565
0.001904,0.001904,0.0026927,0.003808,0.0053854,0.0076161,0.010771,0.015232,0.021542,0.030464,0.043083,0.060929,0.086166,0.12186,0.98505
0.0058089,0.0058089,0.0082151,0.011618,0.01643,0.023236,0.03286,0.046472,0.065721,0.092943,0.13144,0.18589,0.26288,0.37177,0.85065
0.0015431,0.0015431,0.0021823,0.0030862,0.0043645,0.0061724,0.0087291,0.012345,0.017458,0.02469,0.034916,0.049379,0.069833,0.098758,0.99021
0.0015976,0.0015976,0.0022594,0.0031952,0.0045187,0.0063904,0.0090374,0.012781,0.018075,0.025562,0.03615,0.051123,0.072299,0.10225,0.9895
0.0089125,0.0089125,0.012604,0.017825,0.025208,0.03565,0.050417,0.0713,0.10083,0.1426,0.20167,0.2852,0.40333,0.5704,0.59103
0.0061743,0.0061743,0.0087318,0.012349,0.017464,0.024697,0.034927,0.049394,0.069854,0.098789,0.13971,0.19758,0.27942,0.39516,0.82929
0.0057374,0.0057374,0.008114,0.011475,0.016228,0.02295,0.032456,0.0459,0.064912,0.091799,0.12982,0.1836,0.25965,0.3672,0.85463
0.0022637,0.0022637,0.0032013,0.0045273,0.0064026,0.0090547,0.012805,0.018109,0.02561,0.036219,0.051221,0.072437,0.10244,0.14487,0.9788
0.0037651,0.0037651,0.0053246,0.0075302,0.010649,0.01506,0.021299,0.030121,0.042597,0.060241,0.085194,0.12048,0.17039,0.24097,0.94016
0.0027394,0.0027394,0.0038742,0.0054789,0.0077483,0.010958,0.015497,0.021916,0.030993,0.043831,0.061986,0.087662,0.12397,0.17532,0.96878
0.002644,0.002644,0.0037392,0.005288,0.0074784,0.010576,0.014957,0.021152,0.029914,0.042304,0.059827,0.084608,0.11965,0.16922,0.97095
0.0093148,0.0093148,0.013173,0.01863,0.026346,0.037259,0.052693,0.074519,0.10539,0.14904,0.21077,0.29807,0.42154,0.59615,0.53783
