2.0069,4.0138,8.0275,16.055,32.109,64.151,128.33,256.86,511.72,1027,2050.3,3838.1,6415.1,7753.9,6002.7
2.0069,4.0139,8.0277,16.049,31.844,64.217,128.25,256.88,513.78,1021.1,2039.7,4110.2,6437.8,7709,5952.2
2.0064,4.0128,8.0256,16.051,32.102,64.202,128.39,256.69,512.65,1027.3,2038.2,3818.9,8218.2,7370.6,5552.4
2.0055,4.011,8.022,16.041,32.045,63.914,127.69,255.7,495.98,1026.5,2037.7,3505,5052.6,16429,2939.9
2.0122,4.0152,8.0464,15.881,32.197,64.401,127.41,256.02,514.21,1029.2,1938.3,3261.9,3975.8,2846.1,32968
2.0187,4.0374,8.0748,16.15,32.299,64.598,129.2,258.39,3.7224e-05,1033.6,2067.1,4134.3,8266.4,16537,33065
2.0206,4.0411,8.0822,16.164,32.329,64.658,129.32,258.63,517.26,1034.5,2069.1,4138.1,0,16552,33105
2.0105,4.021,8.042,16.084,32.168,64.336,128.67,257.34,514.69,1029.4,2058.8,4117.5,8235,16470,0
2.0075,4.0151,8.0301,16.06,32.121,64.241,128.48,256.96,513.93,1027.9,2055.7,4111.4,8222.9,0,32891
2.0129,4.0258,8.0517,16.103,32.207,64.413,128.83,257.65,515.31,1030.6,2061.2,4.7989e-05,8244.9,16490,32975
2.2378,4.4757,8.9472,4.8787e-05,35.805,71.617,143.24,286.48,572.98,1145.1,2290.5,4583.6,9167.7,18335,36598
2.0211,4.0423,8.0845,16.169,32.338,4.9954e-05,129.19,258.7,517.41,1034.8,2069.5,4139.3,8278.6,16557,33107
2.0589,4.1175,3.3287e-05,16.467,32.958,65.912,131.83,263.41,526.34,1053.6,2109.1,4217.2,8433.4,16861,33723
2.0302,4.0605,8.1203,16.241,32.483,64.966,129.86,4.5625e-05,519.71,1039.5,2078.7,4157.7,8315.9,16632,33263
4.8153e-05,4.0668,8.1461,16.301,32.595,65.045,130.41,260.82,521.13,1042.2,2076.8,4173.2,8319.6,16693,33338
2.1276,9.7315e-05,8.5075,17.021,33.952,68.057,136.17,272.33,544.12,1089,2168.4,4356.7,8692.2,17381,34821
2.0277,4.0554,8.1108,16.222,32.443,64.887,2.5907e-05,259.44,519.09,1038.2,2076.1,4152.7,8301.7,16611,33221
2.0286,4.0573,8.1145,16.229,3.6484e-05,64.916,129.82,259.62,519.33,1037.6,2075.4,4154.6,8309.3,16618,33217
2.0236,4.0474,8.0944,16.19,32.38,64.759,129.52,259.04,518.08,1036.1,9.3741e-06,4144.5,8288.9,16578,33157
2.0143,4.0288,8.0574,16.114,32.23,64.461,128.91,257.82,515.68,1.0773e-05,2062.7,4125.5,8250.9,16502,33004
2.0452,4.0904,8.1809,9.9419,20.757,65.437,129.32,164.2,315.1,703.13,2094.3,2506.7,8374.2,16754,20726
1.2946,2.817,8.334,16.668,33.332,66.672,79.814,266.69,325.69,682.92,1312.9,4260.3,8530.7,17068,20419
2.0173,4.0873,4.8078,10.181,32.71,65.42,75.217,155.77,517.26,1046.3,2063,2473.4,4869.8,16640,33495
1.2233,3.973,8.2794,9.4983,33.117,65.281,132.47,263.37,526.79,642.56,1296.7,2537.2,4860.5,16826,33792
2.0155,4.0441,4.9453,16.395,21.125,41.46,131.47,261.69,313.12,662.23,1344.5,4202.2,8329.4,10424,33652
2.0157,2.518,8.1141,9.6072,31.452,65.133,76.505,258.97,299.25,1027.4,2063.9,2547,8306.4,9562.2,33326
1.2154,3.9918,5.0592,16.21,31.934,38.044,76.078,262.87,527.82,657.69,2105.7,4220.8,4872.4,16890,33553
1.1721,2.4255,8.1367,16.251,32.519,38.734,129.87,157.24,520.74,954.81,2059.6,2539.2,8058.7,9677.2,33108
2.0582,4.1163,4.5859,8.9545,32.523,38.622,126.07,263.24,521.71,1036,1226.3,4186.5,5014.8,16860,23991
1.1611,3.9679,4.7401,10.934,32.049,65.873,130.31,146.78,338.46,1054,2106.9,4141.1,8431.7,9506.8,33718
2.0371,2.7825,5.3188,16.037,32.968,65.941,78.155,170.83,523.61,600.49,1253.3,4186.3,8440.5,10864,33640
2.064,4.1317,8.1584,11.226,19.617,38.676,84.641,264.24,526.58,1049.9,1218.6,2670.9,7047.9,11960,33850
2.0515,2.5127,8.2,16.096,21.866,41.94,130.09,233.96,502.94,672.75,1232.7,2761.1,8364,16651,19505
2.0522,2.2808,4.523,16.418,31.651,36.127,126.58,262.68,281.44,1050.7,2070.1,4196.9,4838.4,16788,33458
2.0369,2.286,8.1165,8.4436,30.013,65.178,130.23,149.03,275.57,1039.8,1247.1,4132.2,8042.8,16685,33373
1.0998,4.0088,7.5974,9.2419,18.209,65.64,71.031,152.67,525.11,1016.3,2037.7,4049.5,8158.2,16804,33556
2.0477,2.1476,7.9514,8.9477,28.539,65.529,68.668,262.27,517.49,1048.2,2094.1,4196.3,5243.4,16647,19263
2.0027,4.1313,4.519,15.911,18.366,65.887,70.015,264.54,527.3,1058.2,1161.7,4074.1,8104.7,16930,20055
1.1398,4.1112,4.6403,16.566,20.83,67.316,134.63,198.12,533.34,570.74,2119.3,2630.7,8559.6,17114,34466
1.0919,3.814,8.1103,16.221,19.84,63.364,128.93,149.61,499.3,999.05,1210.3,4152.5,8302.1,11527,19041
1.1512,3.969,8.4013,16.985,19.358,66.484,131.77,271.99,291.33,802.06,2179.3,4274.5,5267.1,10619,34607
1.2123,4.3145,8.587,16.433,34.516,37.238,137.59,276.13,323.91,1092.6,1175.7,4406.3,4847.7,17644,35345
2.0795,4.1679,8.3364,10.615,18.717,39.167,131.38,266.77,533.48,567.44,2134.1,4259.8,5746.1,11684,24532
2.0766,4.1533,8.3065,9.5165,33.226,45.888,70.107,157.74,531.62,544.1,2011,4124,8505.9,17012,23764
1.4137,4.141,8.2825,16.538,32.803,50.894,75.013,159.2,281.87,1060.2,2108.7,2598.1,8479.8,16963,21770
2.0469,2.1139,4.2997,13.636,28.104,65.481,129.2,142.15,524.77,1046.8,2099,2906.7,8372.4,16793,19124
1.9757,4.0806,4.3186,9.2301,18.446,65.435,122.6,261.74,292.68,1030.8,2087.4,4187.9,4657.1,16740,33129
2.0508,3.9784,7.9216,15.919,32.813,64.85,67.772,173.97,267.24,528.71,2090,4063.2,5035.2,16800,33203
1.2113,4.2418,8.4807,9.2724,32.928,35.802,135.46,151.76,543.19,1034.6,2144.3,4234.2,4946.8,16594,34390
1.2664,2.2529,8.14,8.1176,32.378,50.4,130.71,261.57,512.16,1047.3,1189.6,4075.8,8235.5,16530,20204
2.0345,2.3446,8.2382,13.121,32.813,44.444,87.127,236.3,508.76,653.25,2054,2278.8,4827.2,16823,33744
1.0859,3.3757,8.0905,16.317,17.485,65.019,78.351,261.09,522.12,1031,2059.5,2462.5,4566.8,16709,32051
2.0412,4.0824,8.1648,16.33,32.659,32.214,66.998,260.95,314.48,1045.1,2042.1,3859.6,5055,9584.9,31814
2.0466,4.1163,4.5776,9.5865,32.942,64.044,92.889,263.53,526.55,567.41,2108.3,2717.9,8260.1,9361.3,32138
1.1298,2.1058,8.2007,16.219,32.841,65.68,131.36,149.67,525.46,1029.8,1410.3,4147.2,4072.8,16371,33621
2.0392,3.9745,4.6876,15.125,19.993,64.493,130.65,131.76,517.41,1037.2,1412.9,4181,4950.5,10371,33278
1.2644,2.0113,6.7732,9.5183,32.169,63.594,79.405,258.81,513.35,509.49,2072.9,4145.9,8249.3,16337,32966
2.0566,4.1534,4.2215,12.243,31.709,39.449,129.77,185.68,304.46,864.07,2127.3,4118.2,8509.2,17018,18423
1.1965,3.9041,4.1454,16.366,33.085,63.595,66.798,262.96,521.54,1058.7,2111.3,4169.6,8469.7,9979.6,20571
1.1001,2.8811,8.1017,11.342,32.407,64.468,75.464,258.39,517.15,1036.4,1189.7,4064.5,7908.9,8150.7,33184
2.0468,2.6929,4.8583,16.61,22.708,39.68,75.517,141.64,530.31,1074.3,2021,4275.9,8366,16435,33849
1.1855,2.6327,7.0671,15.942,17.137,65.519,128.46,260.07,287.52,1048.3,1062.8,4107,8361.7,16399,33384
2.0603,4.0532,8.1094,16.488,15.427,38.849,127.76,263.8,315.33,1055.2,2083.1,2313.5,4858.9,16883,33646
0.95003,2.1817,8.1231,16.363,32.871,65.779,127.07,263.12,297.28,1026.7,2041.5,1912,8256.7,16840,33528
1.2018,3.9693,4.6329,16.325,32.658,63.809,130.59,259.69,500.94,627.37,1267.7,4138.3,5265.7,9494.5,31845
2.0751,4.1324,8.3029,13.56,26.964,66.423,81.764,128.9,531.39,1046.6,1316,4224.7,5184.6,17004,18042
2.0735,2.4997,8.2076,16.311,16.136,65.645,133.1,130.93,326.05,1039.7,2113.4,4259.3,5061.2,16523,34074
2.1086,4.2173,8.4346,8.2838,33.15,67.247,95.762,267.15,381.93,1079.6,1207.6,2162.9,8529.7,17274,22230
1.9996,3.6987,8.0003,16.166,15.351,63.733,91.879,258.74,518.41,738.43,2008.5,2152.5,8164.3,9184.7,21950
1.3034,4.2332,5.2237,16.818,16.886,30.904,135.43,270.63,486.04,1083.7,2142.8,4160.7,8655,17001,21432
1.9631,2.6227,4.5612,16.073,18.58,58.065,132.02,264.07,525.67,603.04,2106.8,4100.1,5179.8,16657,21922
1.0125,4.0286,7.5955,7.7578,32.761,65.109,130.76,262.15,519.83,1032.5,2099.2,4174.3,5357.7,8470.5,23891
1.9953,4.0391,8.2079,16.416,32.837,28.638,131.35,118.98,502.25,1029,1077.5,4203.3,8395,15562,21216
2.0789,2.005,5.0801,11.019,33.258,66.523,131.62,253.47,532.11,904.92,1265.7,2203.1,6716.7,17030,33811
2.0331,4.1376,6.4965,16.526,33.101,66.123,130.43,262.92,239.79,766.85,2115.6,1916.3,4835.8,16197,23656
2.044,3.9429,8.2053,7.0031,32.235,30.287,128.32,256.01,287.79,1050.3,2013.2,2457.6,8353,16805,33607
1.7544,2.1242,8.072,16.527,33.094,32.785,68.583,264.5,508.57,1059,2118,4155.1,8452,15371,17209
2.0414,2.2094,7.6829,15.214,32.484,40.321,131.17,262.52,361.33,1022.2,994.83,2769.1,8068.6,10619,33499
2.0476,4.0083,8.1485,7.4308,17.693,63.338,128.43,256.15,511.57,1046.4,1133.5,4185.1,8382.2,11640,19229
1.2101,4.1032,7.7663,12.394,34.18,30.94,134.24,273.59,547.19,550.46,1264.5,4377.2,8586.1,17389,35017
1.9472,1.9832,8.2768,8.9107,13.902,66.197,118.14,264.56,525.01,1049,2118.5,2526.6,8244.7,16951,33809
2.0573,2.1878,8.2307,10.731,31.83,59.951,131.4,263.76,344.78,571.52,2109.8,4154.5,8254,16649,14735
2.0282,2.9029,5.0419,16.457,21.104,65.009,64.278,263.23,518.41,1053.2,2031.1,4101.7,5523.7,8400,33703
2.0715,4.1172,7.8841,16.513,33.137,63.562,132.6,114.48,524.37,539.3,2086.4,2886,5148.5,16973,19796
2.0339,4.0668,8.1191,15.897,32.502,63.843,53.686,115.68,510.45,1039.2,2064.1,2647.7,8331,8992.9,33324
2.033,2.4165,4.4022,16.364,32.672,65.43,64.014,227.17,268.57,974.14,2055.8,4189.9,8379.8,15932,23186
2.0086,3.8489,3.5928,15.664,32.227,33.047,127.98,172.4,517.61,1035,1986.3,2778.3,8242.2,8680.1,32896
2.0346,4.0672,8.1234,16.214,32.643,64.891,130.54,111.62,238.92,1044.6,2088,4160.9,8243.1,10621,16900
2.0706,4.0938,3.3978,16.574,33.148,66.296,132.59,265.18,530.37,764.83,1041.3,2498.3,8482.7,16972,20991
2.0319,1.6931,8.2186,16.437,18.243,63.826,131.5,253.02,327.25,466.32,2087.9,4113.9,8225.7,16813,33561
2.0383,2.7513,5.3935,11.915,32.6,33.375,130.5,257.74,482.2,728.14,2088.6,4106,8354.4,8690.5,20944
2.0123,3.1274,8.0529,16.044,26.006,45.481,70.538,150.76,259.39,1029.8,1201.4,4145,8257.3,14845,31886
1.157,3.5423,4.9279,11.919,32.451,33.322,129.8,256.4,510.41,968.97,2076.8,1764.4,8256.6,15830,33230
1.5768,4.036,4.7604,11.407,32.725,66.297,132.47,261.51,337.3,1032,1004.4,2798.4,8148.4,10724,33829
1.8163,2.2668,7.9926,15.972,23.053,64.27,83.017,144.96,498.3,1047.9,2095.9,4146.3,7911.4,10503,17802
1.3915,4.0869,8.0848,16.353,33.141,65.465,132.59,128.86,530.16,420.34,2121.5,4114.3,8189.7,8325.1,33082
2.021,3.9935,8.0808,14.508,15.826,34.762,76.611,258.72,259.02,1033.8,2048.9,4138.3,7964.8,16317,22794
2.0291,4.1088,8.1119,16.438,18.156,65.703,130.79,263,283.3,1052,1264,2321,8415.7,15305,17961
2.0563,1.8094,7.2564,14.642,20.625,65.64,71.036,261.17,526.82,1053.6,939.61,4155.6,8224.7,16858,33717
2.0442,4.0883,8.1767,9.9905,21.254,65.108,129.27,162.43,522.28,700.63,893.07,4033.3,5210.9,16613,33492
2.1604,4.1615,4.8588,9.102,24.037,68.798,89.7,270.66,507,648.45,1254.3,4425.4,8845.1,17670,35395
2.0154,3.8463,3.5729,16.141,32.071,64.209,128.55,189.19,264.03,399.23,2066,4132.1,8251.4,16265,33054
0.84473,4.0663,8.2434,16.487,17.992,65.947,73.803,261.99,522.74,792.33,1198.3,4139,8372.3,16187,33439
1.9908,3.9989,8.0878,16.205,15.162,30.734,129.14,259.32,512.85,1035.8,1247,4149.1,4707.6,16547,23062
2.0345,4.0914,6.3256,16.305,26.117,65.406,128.4,190.41,518.19,478.2,1307.6,2114.2,8154.2,10298,32489
1.6743,3.9411,7.9706,6.5572,31.748,64.935,129.87,170.41,510.45,1004.9,2056.3,2853.3,5490.1,16138,15706
1.9612,2.6598,8.1293,10.059,22.97,65.021,129.72,260.5,330.51,988.48,1281.2,4147.2,5245.9,9069,33494
2.0171,2.4305,7.4282,16.137,32.274,64.469,87.879,211.69,492.81,995.45,1017.1,3037,5348.2,10087,22915
1.2287,3.7261,7.9945,16.316,21.196,34.353,127.49,261.05,483.73,1044.2,1139.4,4175.5,8303.8,7953.6,33395
1.108,4.0745,8.1811,16.312,19.404,65.079,126.58,112.71,261.54,826.38,1986.5,4051.3,8377.4,16743,33052
1.051,3.9212,8.1021,11.231,16.377,61.906,128.96,259.89,519.78,1038.1,1987.2,4117.8,4309,16633,18824
1.0194,3.8446,8.1783,16.454,32.907,40.384,63.267,118.33,526.52,1008.5,2105.5,4130.2,8420.8,14649,33501
0.85826,3.8631,7.9573,14.455,32.598,65.085,82.084,258.2,521.69,611.22,2086.6,1743,8347,16639,32571
1.9548,2.4727,5.2005,16.474,18.317,65.291,129.13,251.17,318.83,1056,2111.7,4118.3,8415.3,11860,16799
2.0233,2.2738,8.2494,8.5432,20.325,66.121,132.24,138.93,472.81,1036.9,2115.9,4219.3,8353.7,9799.9,32822
2.0501,4.0292,4.7979,16.154,32.192,42.306,62.604,262.71,485.36,1031.6,2083.4,2908.3,6284.7,16742,16454
2.0184,4.0729,8.0761,16.051,17.497,32.899,123.37,147.84,438.91,1015.7,2089.9,4179.7,8353.9,10226,19687
2.0692,4.1151,7.921,8.7191,33.016,39.829,131.62,160.06,529.5,676.47,2082,2802,8329.6,9185.5,33281
1.1409,4.0162,7.667,8.8239,31.906,65.14,78.214,262.02,519.41,1031.5,1222.4,4168.1,4992.9,16786,23880
2.0073,4.0146,8.0293,16.059,25.235,52.429,72.319,244.39,338.23,402.33,1049.1,4111,8172.9,16444,32888
1.0971,1.8428,3.4502,16.208,29.258,55.543,130.01,260.52,507.38,1040.2,2010.8,4031.8,8262,16672,21752
1.9568,4.082,3.0517,16.284,16.687,64.934,125.22,261.66,288.27,1041.4,1995,2515.1,8373,16735,33104
1.255,3.9114,8.2024,8.5969,32.96,35.983,49.47,262.9,527.36,1010.1,2100.8,4136.8,8435.4,14671,33556
2.0083,2.906,5.6136,16.023,32.318,40.123,125.06,157.86,511.85,612.91,1278.1,3225.3,4855.8,16313,32976
1.0089,3.9115,8.1499,15.043,27.741,40.679,130.67,137.92,496.72,1049.1,1151.3,2658.3,8343.2,16698,33571
0.76316,1.7439,8.1555,15.051,32.622,65.244,125,245.6,510.17,1015.7,2078.4,4135.3,8298,9793.1,22989
2.0449,4.09,8.1495,16.357,32.618,27.45,87.299,261.56,513.58,598.44,1455.3,1995.9,8346.5,16221,33130
2.0307,4.0614,8.1227,16.245,32.491,24.111,129.75,258.92,513.91,1039.7,1538.4,2276.5,8238.4,11027,17738
1.8949,2.5018,4.3684,6.6214,32.486,61.822,129.94,255.81,425.28,1013.8,2007.7,4074.2,8280.2,8388.2,32824
0.91509,4.0202,7.9815,14.952,20.955,63.854,72.749,260.31,325.37,1045.1,2090.8,4124.6,7897.8,16574,17900
1.0734,3.9956,3.8497,15.522,32.187,64.475,129.03,142.81,516.11,801.25,1236.7,4128,8257.7,15702,22900
2.0552,4.1103,5.5004,11.049,32.699,65.292,74.035,263.06,410.23,1052.2,1200.3,4209,5218.6,9052.6,32916
2.0264,2.0342,7.99,16.315,17.926,34.712,131.19,262.11,523.32,681.07,2067.5,4197.7,8386.5,9382.5,33583
1.9696,3.9215,8.1823,15.873,12.463,65.458,82.998,261.83,301.36,1047.3,1281.3,4189.3,5166.2,16744,32691
2.0551,4.1103,8.2194,16.446,32.875,64.301,131.55,140.33,332.99,1052.4,1392.6,2376.2,5254.5,9288.9,33640
2.0535,4.107,8.1265,16.243,32.856,65.697,53.157,262.85,514.66,724.12,1261.4,4192.8,8271,10059,17660
2.0265,4.053,8.106,16.212,14.813,63.18,81.249,165.4,505.44,1030.7,1290.1,4129.3,8180.6,7669.8,33181
1.1005,3.7915,5.0629,15.929,32.136,65.703,131.35,163.7,525.63,1034.2,2101.8,2880.8,4634.1,9544.9,33626
2.0129,2.4384,8.2166,15.749,32.867,39.298,130.87,162.57,277.48,1043.1,2102.4,4113.4,8413.8,7587.2,33655
2.0116,2.6876,8.159,10.629,32.636,41.824,71.098,121.23,499.63,1016.9,2034.8,2648.8,8043.2,16710,33381
2.0317,2.0802,8.1185,14.803,32.501,65.013,129.98,256.18,246.18,1039.7,1097.7,4103.8,4988.1,16643,23166
1.9712,3.9828,4.401,8.1528,18.342,65.922,129.06,263.83,506.93,751.49,2093.7,2146.7,8267.2,16886,33763
1.3279,2.7247,4.4745,16.448,32.916,35.34,131.42,263.59,527.18,941.43,2084.9,4217.4,5152.5,9862.2,33516
0.91657,4.0078,8.0674,8.3995,32.512,65.011,127.92,122.36,520.32,1038.4,2081.2,2379.8,8325.2,16393,32976
2.1174,4.2024,5.8776,11.883,19.52,37.296,133.3,142.89,374.24,1084.1,2166.4,2944.4,7696,17346,34692
1.4473,3.2114,8.283,16.224,24.023,66.019,93.567,187.51,530.11,578.06,2120.4,2646.5,8454.5,16852,16540
1.8863,1.5678,6.6846,13.128,32.641,57.698,130.32,261.04,521.76,1044.1,2044.1,2602.6,5346.7,8227.5,32619
2.0429,4.0858,8.1716,16.343,32.686,22.031,130.05,261.49,506.11,357.85,2091.9,4110.5,8024.7,16373,21679
2.0529,4.1057,4.8994,9.858,32.623,65.115,131.38,262.77,422.62,723.74,1249.4,4204.2,8267.2,10223,17733
2.138,4.2746,8.5511,8.8596,20.396,38.473,136.83,273.36,543.21,1063.4,2189.3,2472,8437.1,13990,20136
0.94134,4.0922,8.2873,15.152,32.659,63.899,86.43,152.98,519.07,520.26,2086.9,4243.1,5396.7,16865,33936
1.2463,4.0588,7.7041,16.245,30.231,40.647,86.37,259.84,316.1,892,2079.3,2229.5,8316.8,9166.1,32890
1.9634,2.6538,8.1337,15.769,24.495,44.417,85.347,260.44,354.59,572.88,1994.9,4167,4946.1,16668,21587
2.0464,3.9709,4.616,16.322,21.584,65.15,127.07,261.94,360.17,620.22,2092.9,2810.4,8381.9,16755,14584
1.1561,4.1701,4.9112,16.964,33.928,38.293,74.1,271.23,290.55,1075.2,2170,4302,8524.7,16400,34511
0.75435,4.1358,4.0517,14.4,33.086,62.464,129.61,264.34,481.88,1058.8,2109.6,4227.9,5014.6,16860,21143
0.96333,4.0528,8.2685,16.692,34.274,68.51,134.76,273.09,375.35,1085.8,2014.5,2409.5,5431.2,11106,23855
1.5632,3.2027,5.4355,16.086,17.973,65.013,130.53,260.26,520.69,1044.1,1315.4,3959,5469,10011,19791
2.0437,4.0649,8.0927,7.721,32.216,65.402,130.8,259.21,358.06,631.08,2092.4,4185.7,4708.5,10305,21668
1.9068,3.9958,4.0841,16.157,21.159,62.443,45.145,255.8,511.01,1032.3,2060.6,2296.5,8272.1,14855,33085
1.3252,2.4916,4.5771,16.401,32.458,65.619,128.96,261.71,525.06,592.64,2091.3,3033.6,8401.4,8380.2,30919
0.70847,4.0861,7.4893,15.799,32.659,65.078,85.123,261.15,290.05,1045.8,2055.3,4183,4237.8,16203,33473
1.1633,2.0805,7.3857,9.2454,31.715,63.892,119.15,127.02,516.7,1011.7,2086.1,4172.2,8344.2,16689,22414
2.0312,4.1048,8.1395,10.008,22.088,65.248,73.075,223.62,336.84,1051.3,1902.3,4206.8,8385.8,8841.1,20361
0.79539,2.0415,7.7449,16.228,29.874,64.35,51.904,261.7,523.58,1046.1,2054.6,4188.7,8377.4,16755,32904
2.019,2.65,7.7795,9.8242,32.063,65.26,84.555,262.48,524.96,665.03,1008.5,4169.9,4845.9,16769,32983
2.0533,2.5764,8.0891,15.477,25.062,45.227,132.21,139.19,529.04,1051.1,2108.1,2586.8,5131,16751,20612
2.0692,4.1295,8.2776,11.783,23.282,45.483,60.947,131.03,528.69,1059.3,2118.8,4238.1,4844.4,16635,33831
1.1778,2.0087,7.1916,9.3871,27.667,27.175,130.75,261.19,523,1046,2084,4184,8033.5,16736,33471
2.0108,2.6986,5.0491,16.119,17.533,38.303,132.62,265.24,525.28,1034.6,1439.5,2260.3,8265.3,16975,33431
2.048,4.0859,7.8517,8.7286,20.786,65.201,130.59,262.24,348.75,590.03,2095.1,2713.8,8389,8975.6,32537
2.0813,4.1626,8.3253,16.651,18.168,43.119,81.312,183.83,518.92,1064.9,1289.4,2997.3,8303.5,17050,19801
2.0126,3.952,8.0464,16.097,32.215,28.633,84.509,145.45,515.41,613.38,2059.3,4100.8,7456.9,8944.2,32962
2.1174,1.8572,8.1622,16.467,33.881,67.762,132.14,157.85,358.47,682.51,2027.9,4300.5,5069.7,17335,24961
1.5265,3.2036,8.2792,9.0905,33.3,66.631,129.6,266.53,346.19,1045.1,2132.2,2390.3,3476.2,17058,33036
1.8632,4.1901,8.5186,11.494,33.842,50.737,136.3,271.89,544.42,813.41,1048.3,2611.4,8647.2,7613.7,34872
2.0926,4.1851,3.8113,16.594,29.689,65.446,133.92,186.9,461.81,1071.4,1461.7,2390.4,4011.7,17142,34169
2.0544,3.3843,8.151,7.8921,31.271,32.9,127.81,263.12,484.18,1052.5,1630.6,4208.8,5508.9,8166.7,31814
2.0396,4.0792,2.6402,16.254,30.289,28.421,113.41,260.79,522.14,579.44,2050,4000.2,8342.9,16559,32345
1.1502,4.1985,8.3971,11.684,18.12,31.721,134.35,263.38,371.07,1074.5,2149.2,2834.3,8598.6,17150,34360
1.5488,3.8395,7.9985,15.73,25.502,46.388,128.15,256.6,378.2,652.46,1259.7,4141,8241.6,8914.7,16905
1.9284,1.7255,8.0151,16.357,19.594,65.435,130.54,261.61,485.84,1035.8,1666.7,2019.4,4762.3,16551,33503
0.83064,3.8169,8.0799,16.34,15.468,65.153,125.33,261.4,522.89,1045,2064,2234.4,8317.2,10313,33465
1.8059,1.4859,8.1479,13.375,32.179,33.673,128.16,262.85,486.44,1051.6,2112.2,1948.1,8448.9,16898,32727
0.66776,4.1053,7.2838,10.817,32.852,65.703,128.64,262.71,291.38,1051.3,1128,4126.3,8410,16820,32557
0.8039,3.5979,3.9782,16.147,13.74,65.618,127.49,255.4,492.75,1049.9,2020.3,4196,8397.9,15609,33013
2.0824,2.8632,8.2106,11.055,24.061,40.935,132.02,143.67,510.99,649.43,2075.3,4174.2,4793.6,17071,33851
1.916,4.0476,3.8729,16.241,17.795,30.745,125.79,252.13,508.8,1041.5,2044.3,4168.3,4453.8,16793,33513
1.0662,4.0394,8.0799,11.914,32.566,65.076,75.455,145.63,513.69,1042.1,1819.7,4165.8,8172.1,10192,19932
2.046,2.9502,3.9169,13.805,32.153,64.462,126.9,261.34,320.06,1027.6,2068.9,4066.2,4787.1,9987.1,21700
2.0094,4.0187,8.0375,8.7745,22.059,62.26,52.321,248.95,466.86,1027.2,2050.7,1780.3,8230.1,14742,32916
1.073,3.4545,4.4818,8.0198,32.68,65.361,129.93,259.44,491.49,598.2,1929.3,4183.1,8173.6,16732,23185
2.0566,4.1236,8.2209,16.504,32.874,62.849,56.802,257.69,290.53,1034.5,2102.6,2317.1,4210.8,15543,30871
2.0526,3.1705,8.2349,16.518,26.399,46,70.743,262.75,305.08,1051.6,1361.8,1992.7,8423.7,15145,32529
1.8492,2.3484,4.5613,12.48,32.393,38.318,130.85,131.3,333.53,964.14,2093.6,4164.6,8374.4,16706,33498
1.3436,3.9034,5.4008,11.686,32.566,37.896,69.029,256.73,519.89,1040.6,961.74,3922.2,8239.2,16674,33348
2.0367,1.8992,8.026,16.145,32.56,35.97,64.402,251.05,516.36,1042.6,1540.3,4135.7,4753.8,16685,31521
2.0382,4.0184,8.1486,10.056,32.612,64.084,130.45,193.48,521.79,579.05,1232.3,4174.4,5307.9,16638,15497
1.4828,3.0677,5.7971,15.401,19.044,65.112,129.23,189.42,520.24,1043.4,1312.2,2013.6,8304.2,16393,21629
1.3344,3.6535,5.3925,16.235,32.234,42.783,83.008,144.01,502.7,1000.8,2078.1,4108.7,5518.4,16625,18409
2.0855,4.1759,8.354,16.709,33.419,21.139,133.46,267.35,301.72,646.78,2138.8,4264,8276.6,9742.5,34212
1.9986,1.1255,8.2466,5.3451,32.89,65.462,128.17,248.57,478.67,1034.6,2105.9,4219.1,8444.6,16608,33772
2.0291,3.8099,3.8208,16.369,18.388,63.764,130.98,134.95,501.31,993.16,2048,4167.4,8386.6,11615,19229
1.95,2.2901,8.161,15.954,24.499,64.976,130.84,172.81,326.47,655.76,2105.4,2746.8,8416.8,9134.2,33512
0.7602,3.556,7.0397,13.635,32.635,64.959,125.3,248.88,519.44,755.8,1299.6,2555.2,8060.1,16694,19670
2.118,2.8514,8.383,11.085,33.111,43.359,135.3,180.93,542.18,1007.4,2146.2,4252.8,5823.1,10960,16233
2.1041,4.1578,8.3232,16.832,10.519,67.182,133.29,154.22,511.63,596.44,2129.2,2691.8,8294.4,17063,34473
2.0537,4.1034,8.2359,15.285,32.938,65.616,131.33,263,527.08,1005.4,2108.5,1270.5,8432.9,4890.2,33305
0.918,3.7378,7.8784,8.9206,32.38,66.091,66.077,256.52,311.25,826.92,2095.9,4230.3,8460.7,16921,33842
1.9932,4.0903,8.0208,7.0377,17.076,63.939,75.885,211.89,285.57,1049.4,1845.6,4199.9,7862.1,16772,33601
2.0196,4.2369,4.9818,8.9647,33.039,36.538,72.514,273,504.24,1012.4,2185.9,4386.8,5496.5,17144,34865
2.0342,4.0586,7.9958,12.723,31.695,52.973,127.81,244.09,172.82,1011.5,2007.8,2947.6,7785.7,6478,32803
2.0443,3.8168,3.6109,16.375,32.75,34.505,130.78,258.58,326.66,1046.8,917.74,4098.3,8194.7,16749,33434
2.0978,3.5085,8.3308,9.7618,23.891,67.131,134.08,266.86,408.74,1065.4,951.57,2689,4714.2,17180,32242
2.0002,4.128,4.1696,16.443,31.62,38.555,132.09,262.87,521.64,782.39,1487,4226.9,5050,10769,21645
2.0496,2.0078,8.0788,14.96,32.172,64.028,61.255,258.62,524.71,547.49,2096.1,4120.3,7928.4,14110,18988
1.1687,4.0709,8.2099,16.42,32.401,38.321,131.36,161.8,310.64,637.15,2080.3,4170.5,4931.6,16728,33629
2.0572,2.9334,5.5715,12.599,32.963,64.07,87.634,263.01,272.69,644.49,2109.7,4124.7,8044,8344.9,33023
1.4488,4.0974,6.3329,15.268,25.588,66.677,91.099,255.75,533.2,619.47,2126.7,2828.9,4112.4,17060,21925
2.0554,4.1102,8.2115,10.899,32.887,47.137,131.42,133.55,348.22,1051.3,1042.2,4119,4720.4,16335,33676
2.0345,2.507,8.2895,9.5416,32.967,66.316,131.72,176.11,499.02,1045.4,2122.1,2357.2,8390.5,10614,18459
1.9016,2.6749,8.0163,12.601,23.837,66.191,85.979,254.76,535.47,606.67,2145.5,4227.3,4650.5,9907.4,32235
1.5325,4.0747,8.0631,4.627,32.044,65.273,130.42,261.22,522.45,1044.9,1746.7,1548.7,8124.5,16718,33437
2.0743,2.807,5.2227,11.184,32.952,65.643,72.41,128.41,524.88,1062,2064.3,4147.8,8120.3,9884.4,33975
0.95035,2.5015,7.9489,15.835,16.859,65.314,129.93,250.16,525.95,470.94,2103.8,3770.8,8415.3,16723,33661
1.1139,3.0025,7.9712,16.292,19.255,64.998,126.1,99.074,516.05,1041.2,1994.8,2495.8,8371.2,16731,33097
2.036,4.0487,8.0736,12.462,32.64,43.263,130.56,186.8,522.24,567.55,1194.5,4177.9,4528.7,10325,32140
2.049,2.4935,8.1957,16.392,32.384,41.507,127.87,170.92,332,1049.1,1318.7,2655.7,4807.9,16688,33570
1.6715,1.9393,3.704,16.009,32.711,65.412,65.634,228.78,506.79,973.36,2085.8,2839,8250.7,14601,33013
2.1241,4.0552,8.492,8.6892,21.875,67.321,133.58,163.07,544.28,681.63,2170,4134.5,5466.6,9861.5,33784
1.9414,4.1591,8.4103,16.821,17.839,67.3,134.91,269.82,539.43,416.02,2147.1,4222.7,7951,11789,16051
2.0682,3.9799,8.2625,9.521,32.998,66.182,101.28,264.46,528.64,713.31,1407.3,2887.9,4338.2,9275.5,33885
1.4332,4.0978,5.623,16.434,31.727,65.737,130.78,179.76,260.52,1051.8,1137.9,4136.5,8414.1,14204,17958
1.4643,3.1126,8.1412,15.394,32.024,44.37,90.38,139.95,521.89,1017.7,1380.5,4178.1,5121.5,9753.3,33504
1.9808,4.1197,3.8323,16.419,21.079,65.522,124.9,263.66,334.86,1050.3,1052.1,4218.6,4709.7,16863,33372
1.8798,4.0285,8.0752,16.183,18.199,64.305,126.25,259.9,513.45,421.56,969.13,4158.4,8093.7,10006,31805
2.0536,4.1072,7.7822,8.7961,32.858,39.701,78.381,261.67,518.72,934.51,2063.4,4165.2,8343.3,8734.2,17955
0.7326,3.7875,8.0134,16.146,32.401,64.813,126.28,254.3,165.02,896.64,2055.4,4085.9,8296.2,14830,23096
2.0491,4.0977,8.1917,16.375,32.806,65.513,131.22,91.852,201.64,1049.8,2098.2,4199.4,4662.2,16560,33595
0.96301,3.7543,7.0355,8.6841,32.516,51.135,127,259.48,526.16,571.3,2095.4,4097.7,8274.8,9228.8,32402
1.9673,2.6166,5.4671,16.505,19.559,65.463,129.59,252.68,337.42,1057.7,1222.9,2697.7,7266.3,11088,33850
1.8666,3.8603,8.1026,16.499,13.724,65.881,129.97,153.47,337.71,1054.7,1195.6,2585.2,8308.5,16381,33791
2.2078,1.7481,8.533,16.864,33.111,70.881,141.88,168.03,556.99,1088.9,1402.9,4185.6,9080.4,18023,16284
2.0205,3.9528,7.8379,6.1103,32.427,57.884,129.47,259.42,312.43,1036.1,1244.5,4121.2,5030.3,16375,21494
1.1877,3.9236,4.2193,16.013,33.051,59.108,132.62,265.26,305.85,574.45,2121,4166.6,4981.8,16716,33953
1.3412,3.8913,4.9361,12.279,17.622,64.893,74.224,261.38,499.78,1044.6,2080.7,4183.4,4173.8,16738,30445
1.5821,4.2363,7.2634,12.075,23.423,41.296,133.66,160.37,397.99,1084.5,2080.2,3170.2,8667.7,8285.3,34703
2.0463,4.0577,5.0804,9.9108,32.741,39.109,129.22,174.78,516.13,599.64,1063.1,4100,8118.2,16763,33498
1.1747,3.7746,8.2884,16.577,33.154,37.374,76.896,265.23,512.27,1060.9,2120.6,2311.4,4527.5,15165,33875
0.68715,3.771,8.0974,16.417,32.857,65.239,64.95,262.8,517.78,661.29,2102.8,4114.8,8411,15155,20777
0.84518,3.75,8.1095,16.219,32.422,63.403,129.75,152.9,322.87,992.43,1091.5,4151.2,8300.9,10991,32147
1.2485,4.0018,8.0438,10.727,31.845,64.677,128.34,157.9,517.58,377.54,2058.4,2363.7,8281.3,16554,32802
2.0895,4.1791,4.0507,10.475,30.996,66.247,61.331,258.82,244.58,1069.8,2084.7,4225.3,8558.8,17066,34120
2.1027,2.3905,5.558,15.369,33.161,67.286,87.552,154.86,526.25,537.63,2086.8,4306.3,5429.7,17112,34441
2.0535,1.9881,3.9783,16.424,29.884,63.853,131.38,262.35,499.03,1051.5,1344.7,4163.8,5298.2,9553.1,32028
2.0845,4.169,8.3381,5.7331,13.75,66.705,127.91,266.66,517.22,1058.9,2078.8,4238.6,4529,17076,33981
2.0438,4.1029,7.896,16.41,32.825,21.744,131.31,262.45,307.68,1028.6,1077.1,4194.2,8392.1,15557,21209
2.0437,4.0874,8.1748,9.3564,24.399,55.75,91.876,174.24,523.19,587.71,2088.5,2471.6,4912.2,16512,33279
2.0014,2.737,7.7873,11.198,32.192,39.749,130.45,158.56,330.25,1033.3,1349.5,2886.9,8070.3,16702,21461
2.0101,4.1266,3.261,14.927,14.219,64.921,129.91,263.3,526.65,480.79,2021.7,4226.1,8407.1,16522,33656
1.4168,3.8561,7.7257,10.648,32.587,33.027,126.34,124.62,521.39,508.28,2067.4,4038.8,8342.2,16684,32138
2.048,1.8397,7.8504,15.895,17.126,65.523,58.799,251.74,519.37,629,2088.1,4154.6,8297.8,16776,33555
1.939,2.5124,5.5928,15.953,18.588,63.54,120.22,152.08,520.37,1036.4,2075.5,2681.1,5999.5,9453.8,33200
1.2296,3.8118,4.3066,15.602,33.558,66.161,76.442,260.83,524.77,1073.9,1145.4,4185,5016.2,17182,33827
2.1072,4.2297,8.4591,16.921,17.827,43.044,86.944,266.76,335.62,610.81,2164.6,4247.7,8367.8,9993.5,34424
2.0098,3.9027,8.0103,13.311,32.184,64.463,111.16,237.63,502.95,1015.7,2052.5,1485,5742.3,10571,14630
2.0648,2.0238,7.3734,11.199,33.015,36.629,129.43,264.29,528.58,531.75,1221.6,4228.4,8294.2,16798,33674
0.534,3.9789,8.2966,5.8768,31.251,56.14,129.86,262.18,530.98,1018,2123,4167.7,8495.7,16991,33983
1.7315,4.0671,7.2101,5.3112,32.963,27.776,129.34,262.53,510.76,630.11,2089.4,4094.4,8438.6,16877,33528
2.05,2.9988,8.3566,4.4479,30.504,66.089,52.054,265.76,532.96,1069.6,2086,4278.6,8557.2,17054,34210
2.0253,4.0617,8.1384,16.287,32.466,65.133,130.2,232.59,190.71,699.96,1092.1,2525,5753.3,16678,33356
1.5485,2.7517,4.2778,16.079,32.413,64.801,126.49,255.73,178.02,1010.5,1183.1,4083,8256.1,16113,32750
2.061,4.1242,8.2154,16.421,12.206,35.571,70.606,263.45,479.81,1022.4,2104.3,4223.3,5337.1,14010,33551
1.1629,2.2574,7.9978,8.574,33.553,67.727,134.38,270.91,526.45,1055.2,2167,4280,5051.6,17338,20957
2.0091,4.0736,8.1456,9.2246,19.822,63.466,128.62,253.91,289.6,656.7,2085.7,2515.9,4961.3,16614,33371
2.0016,4.0736,8.152,16.318,28.915,65.172,58.346,261.26,522.26,285.16,2076.9,4179.9,7577.6,10445,31971
2.0592,4.1179,5.5727,10.661,17.319,65.587,86.638,263.57,284.95,582,2108.5,4178.8,7449.8,15942,33554
1.9263,2.362,3.5818,12.8,32.484,56.791,129.68,259.87,519.21,1007,2031.5,2457.9,5031.6,16403,21532
1.8126,2.3215,4.5,16.204,32.781,64.279,130.01,256.04,525.01,629.61,1348,4068.6,8392.6,16383,15106
2.0982,4.1963,8.3927,16.785,22.67,66.252,133.16,183.55,395.56,572.04,2081.1,3062.5,5375.7,9692.2,23942
2.1237,4.2389,4.1207,16.68,33.369,57.917,94.554,268.53,355.28,706.19,2174.8,2628.9,8378.7,11022,24685
2.0466,2.7574,8.1862,10.411,31.344,65.49,99.496,159.39,519.97,1030.4,2066.2,2585.5,4420.6,9733.1,32290
1.7923,3.9947,8.0474,10.45,32.112,42.393,74.556,260.44,520.87,761.88,1280.6,2691.5,4547.3,16615,33336
1.8866,3.7374,3.2694,16.232,32.171,34.985,124.76,133.15,501.02,997.15,2077.7,4103.4,4810.3,16622,33243
1.3838,3.9645,8.4342,11.071,22.062,37.687,133.5,267.37,284.72,1078.3,1143.9,4317.8,8635.6,16751,34546
2.0686,4.1004,4.4365,16.558,33.11,66.232,129.81,153.34,521.22,1038.3,1144.9,2566.8,8473.7,10383,23808
1.1357,4.029,7.8425,15.752,32.656,65.411,83.421,167.25,514.87,927.17,1363.8,2868.7,5185,16715,20131
2.0435,3.7917,8.1544,16.349,32.672,65.395,130.79,87.256,503.77,1046.3,2054.3,2085,8237,16553,15244
1.9953,3.711,8.228,14.778,9.1569,63.418,132.45,261.26,291.12,1033.4,2044.8,4152.7,8439.7,8549.7,33456
1.8066,2.8278,8.1788,16.358,25.898,43.442,85.912,155.28,331.07,1046.9,2070.9,4139.9,8373.4,16750,14662
2.0292,4.0876,4.5038,15.963,20.469,54.079,85.037,261.58,523.58,575.31,1422.5,2329.2,8347.5,16223,33124
1.9775,3.9513,4.151,11.006,15.195,64.929,123.18,102.32,504.64,1022.1,2053.7,4089.5,7986.1,16274,33244
1.9383,4.0928,4.2297,7.76,17.67,66.212,129.55,265,508.11,739.19,2102.1,4225.2,8318.8,10134,33825
1.191,3.9448,4.3975,15.53,32.979,65.759,131.07,148.23,267.81,1055.3,2010.9,4216.4,5055.4,16339,33765
2.012,4.0311,8.08,16.122,17.727,42.967,80.142,257.99,505.96,1034.6,1265.7,4064.4,7928.6,8882.4,19492
1.8816,3.8439,8.1325,16.437,32.893,60.074,131.57,261.35,223.05,524.03,2105.1,4210.3,5627.6,16358,15672
2.0031,4.0968,8.0316,8.0047,18.705,32.851,67.12,207.03,509.54,1050.7,1844.2,4170.4,8410.2,16790,33642
2.041,3.9223,3.8545,16.409,24.538,35.312,130.03,200.66,200.17,1050.2,2052.5,4201.3,8227.6,16805,33608
1.8971,4.0317,6.344,16.2,27.575,50.469,50.629,148.71,519.94,454.11,2075.2,4139.8,8121,16644,33235
2.0341,1.8046,8.0258,16.149,32.58,33.731,130.09,259.12,480.45,1043.3,1617.5,4170.5,5258.5,8197.6,31541
0.92977,1.4361,8.0107,16.478,29.858,65.874,131.62,263.71,515.31,1053.1,1143.2,4217.9,8286.3,16875,25901
1.8624,1.6146,7.0831,10.15,32.561,63.792,126.14,219.9,521.11,644.39,2084.4,4168.8,8165,7575.1,33023
1.4719,3.9443,8.3302,16.139,23.733,63.652,80.442,163.96,379.73,655.83,2113.3,2621.1,8441.8,10741,32207
2.0156,2.8066,4.934,16.142,20.522,64.84,126.7,255.36,326.93,721,2062.2,4157.3,5462.6,8078.3,32350
1.9927,3.9706,2.1198,8.6376,25.692,63.658,114.33,259.81,519.39,1023.8,2056.9,4156.9,8310.6,16273,19346
1.472,2.1021,8.0203,16.144,21.085,64.77,126.14,156.96,237.15,896.05,2054.1,4083.2,8290.8,14820,23080
1.1011,4.103,3.9039,10.551,32.83,65.66,128.48,262.53,438.44,1050.6,1178.2,4130.2,8404.5,16809,20099
1.9272,4.1333,3.7861,16.426,33.175,66.138,133.22,135.18,532.91,678.85,2132,2831.3,8518.2,9263,33460
1.2483,4.097,8.2711,16.389,33.926,47.244,135.69,269.86,377.3,1075.5,1004.2,2965.1,8363.8,10646,23655
2.0139,2.4704,4.9064,7.6721,31.845,32.856,128.95,257.91,508.6,1030.7,2058.9,4126.5,8230.8,16370,18942
1.9621,2.0816,8.306,12.719,17.933,66.537,121.69,266.2,362.02,1064.7,2129.3,2690.2,8315.4,17037,17623
2.079,4.1567,8.1824,8.7064,33.264,66.529,133.06,150.99,532.23,1042.4,1059.2,2530.1,8511.6,14487,21064
1.8629,4.0519,8.1109,6.4271,31.506,65.474,70.026,261.38,519.97,523.81,2095.5,4132.6,8348.6,10434,29865
2.0664,4.1226,8.2683,10.538,20.718,40.077,127.82,147.81,528.24,621.45,2116.7,4233.4,8307.8,16933,18465
1.6518,3.9814,7.6635,13.34,33.033,50.71,94.716,182.83,359.11,663.84,2110.1,4228.2,5149.8,7751.3,33825
1.519,4.133,8.2173,16.212,33.426,48.484,98.025,190.73,332.46,731.56,2135.5,4234.7,8548.2,8808.1,18298
1.3307,4.0884,5.6853,16.032,32.938,65.876,79.32,256.42,523.67,666.33,1377.3,2179.7,8431.8,10772,33607
2.0451,4.0457,8.04,9.5449,32.84,64.618,130.56,186.33,308.54,401.15,2066.5,4200,8407.1,9582.6,32448
1.6807,3.3305,5.7076,9.9739,32.578,65.156,130.31,154.1,444.58,1021.6,605.08,4092.2,8298.3,16196,31717
2.0457,4.0924,6.1623,11.939,21.249,65.483,130.51,160.91,369.3,1047.1,1092.8,4188.8,5080.9,16291,21906
1.2434,3.9702,7.543,16.372,32.744,65.413,87.042,214.13,493.49,1009.2,1053.5,4082.4,5590.9,8630.3,23249
2.0552,4.1102,8.2089,16.275,17.044,39.197,130.62,157.53,525.51,666.55,2065.9,2812.4,8265.9,9343.9,33031
2.0271,4.0543,8.1085,16.217,11.651,63.45,75.242,134.98,517.9,1009.2,2075.8,4108.4,8161.6,16033,19125
1.9259,4.0602,2.7794,16.368,28.295,65.471,130.74,260.5,523.79,564.81,1363.8,4053.9,4571,16761,33523
1.464,4.0993,5.5947,16.405,23.379,32.936,131.24,144.76,523.65,882.88,1370.8,4199.7,8177.5,10544,33590
2.0165,4.1335,5.2763,16.043,21.337,64.838,82.554,264.66,527.89,363.68,2117.2,4170.1,8129.6,16573,20064
2.0321,3.8431,3.8875,15.645,32.499,38.682,126.26,259.52,345.15,992.16,2073.8,2413.3,4634.5,16225,24519
1.5287,2.6989,4.1254,6.0118,32.389,61.445,129.56,253.93,418.21,1009.3,1268.6,4068.5,8250.2,16102,32727
2.0453,2.381,8.0646,12.37,32.921,64.004,87.834,263.2,286.34,1053.5,2106.9,4144.3,8406.8,9360.2,17119
1.7878,1.3907,8.2202,16.443,32.886,59.558,131.31,261.49,519.66,944.1,1535.6,2239.8,8165.4,14770,17971
1.9989,3.1526,8.0048,11.226,32.941,51.67,87.252,265.1,437.42,1001.2,2110.8,2557.6,3737.9,16967,20076
2.0092,4.0182,8.0316,16.066,31.089,48.461,46.588,133.26,508.69,1028.7,1934.6,4114.9,8229.8,10984,18757
1.8323,2.9189,5.7279,15.173,32.75,44.123,84.942,259.06,523.1,1046.8,1233.9,1503,8285.8,16768,33536
2.0181,4.0799,3.9653,10.893,32.633,65.285,129.36,256.34,334.21,650.59,2087.9,4176.8,4739.3,9918.3,33426
1.6919,3.955,5.6799,15.757,24.622,46.231,129.45,177.36,520.37,1024.2,2018,2452.4,4829.7,9915.6,21516
0.86883,1.7848,8.0322,16.521,33.042,66.084,131.59,254.75,528.68,678.99,2063.5,2563.7,8299.9,16913,25848
2.0458,4.1437,5.039,13.099,31.947,44.821,129.95,201.47,218.81,1056.7,2122.5,1956.9,8365.4,16947,32918
1.0362,3.8349,4.1606,13.034,30.387,63.486,122.57,264.43,528.86,1057.7,1351,1893.9,8367.6,15616,33848
2.0285,4.0569,8.1139,9.1578,32.455,44.163,83.25,225.33,518.71,687.79,1274,4154.3,8138,7548.3,33234
1.0264,3.9292,3.6112,16.269,32.796,65.604,130.79,254.93,290.28,837.69,2077.4,4167.7,8397.4,16780,18789
0.96815,4.1244,7.3831,16.45,21.061,65.685,124.95,263.64,527.92,648.54,1084.2,4223.3,4794.5,16871,32546
1.9951,4.0917,4.896,16.325,20.986,65.443,72.849,182.2,284.65,843.44,2095.1,4052.7,8240.8,16761,19619
2.085,4.1045,8.3116,9.9982,22.112,65.119,61.588,260.65,520.52,1065.9,1066.2,4272.2,8539.3,16933,19590
2.0183,4.0365,8.073,16.146,12.136,64.095,127.41,157.5,515.31,1010.1,2066.7,1962.2,8125.9,15978,19041
1.9111,2.4378,4.9268,12.083,32.122,65.864,130.42,156.94,354.86,1053.8,2102.1,3862.8,8430.7,10114,20296
2.0479,4.0957,8.1915,16.383,32.766,27.372,129.44,161.98,264.99,1045.7,2096.9,2932.8,8086.2,16544,19384
2.0324,1.8316,8.0668,8.3967,32.518,65.036,127.91,122.48,513.41,1038.3,2081.1,2379.7,8251.9,16412,32973
1.3446,3.6586,5.6388,13.36,32.515,40.641,130.06,158.47,512.24,979.68,2080.9,1993.4,8323.8,15935,19185
2.0559,1.1815,6.991,16.269,32.894,30.342,128.49,263.16,525.35,1052.6,1216.3,4210.3,8258.5,16841,33569
2.0625,4.1249,8.2498,9.1603,24.288,55.872,91.15,172.32,331.95,1045.9,1894.8,2501.3,4971.4,16664,30738
2.0128,3.8665,5.8766,16.142,32.287,49.333,58.636,242.5,294.1,999.96,1152.8,3778.6,7784.1,9634.3,32960
2.1071,4.2142,8.4284,11.62,24.94,47.424,134.85,269.71,536.75,760.64,856.71,2260.7,8399.7,16727,25467
2.0285,2.4996,5.1526,16.369,32.672,65.434,130.96,164.12,314.9,693.43,2095.4,2632.8,8381.7,16763,20115
1.8642,3.7568,7.4197,16.039,7.9835,63.487,127.73,258.34,515.08,1033.4,953.14,4061.6,8224.3,16016,21421
2.0505,2.4271,8.2577,8.9871,19.445,66.061,122.19,176.76,501.55,1032.1,2063.3,4169.6,5250.8,15885,19213
1.5023,3.7718,6.0808,13.514,23.04,42.359,82.234,261.55,523.13,992.35,2093.6,1941.9,8375,16189,19041
0.60573,3.7774,7.737,15.732,32.532,63.55,124.93,261.5,512.96,633.8,1211.4,4104.4,8368,10062,33150
2.0288,2.7604,5.3943,16.124,31.794,65.331,83.975,254.3,282.23,709.25,2090.9,2483.2,4912.5,16660,33398
2.0499,4.0998,3.238,16.399,32.798,58.584,70.065,145.78,518.06,1049.1,2065.6,2311.6,8396.5,16754,31108
2.0148,4.0769,3.7936,15.927,32.627,64.692,129.33,172.79,316.74,998.51,1289.5,4070,5684.1,9488.8,33482
1.1934,3.9671,5.1216,11.168,30.513,60.818,132.49,266.87,532.09,1065.6,2134.9,2394.1,3505.2,17080,33081
1.9623,2.49,4.4788,16.12,33.057,59.581,132.62,265.26,320.25,605.65,2116.3,4124,5205.4,16732,22020
2.0858,3.9687,8.2498,7.6568,33.376,64.078,132.11,162.4,308.44,1067.8,1227.3,4270.6,8525.1,9645.5,33620
2.0494,3.7443,8.1646,16.339,15.733,41.259,131.23,260.99,311.71,1049.1,2073,2212.4,8398.7,9385.7,33595
1.3613,2.5907,5.0263,15.791,14.541,65.343,130.69,261.02,520.9,1044.7,2064.6,1900.8,8317.3,16418,33431
2.1204,4.2497,8.4994,12.403,22.9,47.114,63.884,271.98,543.91,548.52,2175.6,4351.7,5690.8,17406,25012
2.0289,3.8791,8.1145,14.478,8.3687,63.845,78.126,260.21,521.66,622.48,1999.5,4083.2,8219.6,16360,22887
0.72944,4.0451,7.5634,15.732,32.779,65.555,130.3,254.8,341.79,731.32,2094.3,2169.1,8391.1,10720,33566
2.01,2.1716,3.6385,15.437,32.506,62.281,129.96,256.55,272.87,1014.5,2008.9,4094.2,8285.5,8394.1,33134
0.94331,2.3115,6.7454,15.746,13.189,63.847,126.99,260.28,520.74,1028.9,2016.1,4086.5,5226.5,16293,33164
1.8948,2.2994,7.6798,16.17,32.541,46.992,79.405,262.05,418.37,980.7,1346.5,4175.1,8384.5,8846.9,19845
0.92449,4.0397,7.5747,7.0215,32.902,65.622,131.29,263.26,313.06,1044.5,2079.1,4187.1,4707.1,16818,33733
1.3289,2.4584,7.53,10.582,31.88,30.182,118.48,119.16,521.5,1009.8,2086,4172,8343.7,16688,33156
2.0262,4.0332,8.0636,16.222,21.629,43.302,90.257,260.06,519.4,1039.2,1336.1,1684,4596.4,16587,33288
2.0204,4.0409,8.0817,6.0844,18.395,64.525,129.31,250.86,354.5,1034.5,2061.7,1777.4,8182.6,16551,33098
