0.00012162,7.427e-05,0.00029164,0.00027255,0.00073561,0.0019051,0.0029487,0.003226,0.0094386,0.011992,0.029373,0.062091,0.13418,0.35383,0.92295
0.0069303,0.0052987,0.011203,0.015557,0.020406,0.047629,0.10882,0.29539,0.13244,0.14335,0.15516,0.16794,0.18178,0.31473,0.82177
0.0048407,0.0056976,0.011504,0.015948,0.016797,0.027451,0.074293,0.14619,0.40662,0.18231,0.19733,0.21358,0.23118,0.28494,0.74422
0.0017817,0.001312,0.0053411,0.0042967,0.0099303,0.013399,0.04384,0.078957,0.18618,0.50149,0.22484,0.24336,0.26341,0.28512,0.66701
0.0019965,0.0020392,0.0056742,0.0059114,0.0095895,0.013465,0.045073,0.074649,0.18009,0.13354,0.5825,0.26116,0.28268,0.30597,0.60062
0.001587,0.0027511,0.0035674,0.0046748,0.0061849,0.0057375,0.01831,0.029284,0.081815,0.05655,0.2555,0.66764,0.29933,0.324,0.53216
0.00031736,0.00040523,0.0011445,0.0014566,0.0010477,0.0052861,0.010706,0.0065155,0.028808,0.076313,0.19441,0.22823,0.75085,0.33664,0.47587
0.00034694,0.00035301,0.00021501,0.0012141,0.0022861,0.0016637,0.0073437,0.013844,0.035759,0.021993,0.10844,0.126,0.29852,0.832,0.43475
7.0674e-05,3.2798e-05,0.0001881,8.4701e-05,9.4608e-05,0.00054288,0.0014329,0.0037444,0.002051,0.010716,0.028071,0.058803,0.13437,0.35215,0.99693
0.00045974,0.00019544,0.0011459,0.0006758,0.00061185,0.0034364,0.0083136,0.019816,0.039274,0.10169,0.046486,0.2843,0.1722,0.14645,1.0502
7.0695e-05,3.2808e-05,0.00018816,8.4726e-05,9.4637e-05,0.00054304,0.0014334,0.0037455,0.0020486,0.010716,0.028071,0.058803,0.13437,0.35215,0.99697
0.0026428,0.0029434,0.0088314,0.0095306,0.020146,0.040193,0.065249,0.080478,0.20308,0.52234,0.23854,0.3538,0.41772,0.41227,0.38268
0.00018575,7.7108e-05,0.00048547,0.0003287,0.00034456,0.00030129,0.0018441,0.0019888,0.0068069,0.003623,0.019821,0.051786,0.13532,0.35354,1.0191
2.7507e-05,1.2765e-05,7.294e-05,3.2863e-05,3.6716e-05,0.00021083,0.00055635,0.0014538,0.003799,0.0097013,0.025411,0.060358,0.1343,0.35215,1.0255
2.7518e-05,1.2759e-05,7.2914e-05,3.2854e-05,3.6767e-05,0.00021083,0.00055635,0.0014538,0.003799,0.0097013,0.025411,0.060358,0.1343,0.35215,1.0255
0.0020031,0.0010285,0.00099823,0.0059073,0.014525,0.0068004,0.011071,0.010133,0.0096458,0.018608,0.068291,0.18092,0.46311,0.48909,0.75086
0.0027847,0.0056626,0.0031111,0.0044947,0.0043631,0.006724,0.0052865,0.0064341,0.03044,0.068416,0.032663,0.20021,0.11207,0.589,0.81094
0.0016178,0.0039058,0.010206,0.0046254,0.0063195,0.0099426,0.010992,0.0096294,0.053755,0.031677,0.075867,0.24032,0.62907,0.5895,0.43561
0.0010578,0.00051238,0.0028375,0.0067709,0.0032219,0.018025,0.047699,0.11701,0.18038,0.1406,0.10854,0.13927,0.13257,0.73258,0.6208
0.00021622,0.0001132,0.00057783,0.0013112,0.0035023,0.0074349,0.0036944,0.020254,0.052281,0.11589,0.2905,0.28937,0.17806,0.45063,0.77388
0.0023077,0.0053936,0.00243,0.0029469,0.0029476,0.018337,0.025853,0.066736,0.043151,0.20261,0.43157,0.20911,0.21856,0.72621,0.38559
0.0013159,0.0016926,0.0051643,0.013499,0.0060706,0.036427,0.016859,0.018812,0.019618,0.12311,0.055441,0.34843,0.59218,0.29182,0.70732
0.0060663,0.0031858,0.0062731,0.0048764,0.0048703,0.005863,0.028476,0.020076,0.04363,0.13839,0.071118,0.070589,0.43507,0.19513,0.90883
0.00092316,0.00044112,0.0017206,0.0044596,0.0084266,0.023274,0.060377,0.15798,0.073234,0.083799,0.11292,0.46585,0.65371,0.39348,0.3912
0.00012408,0.0001518,0.00047196,0.0010421,0.0026194,0.0065907,0.01735,0.036711,0.097743,0.18476,0.098675,0.56684,0.25414,0.63842,0.41232
0.0013461,0.00067962,0.00062461,0.0038331,0.0018073,0.0084064,0.0048229,0.02529,0.022089,0.067718,0.17181,0.077874,0.48716,0.21994,0.84916
0.00051597,0.0010197,0.0026945,0.0014892,0.0078999,0.017223,0.046427,0.027995,0.13504,0.061644,0.065942,0.416,0.18658,0.30071,0.82784
0.001511,0.0031129,0.0036121,0.0020909,0.0024247,0.0091982,0.016635,0.039004,0.10447,0.048359,0.26234,0.12004,0.12994,0.18938,1.0025
0.0018333,0.0010915,0.0047718,0.0025525,0.012065,0.030287,0.01552,0.079136,0.037853,0.057105,0.048175,0.060754,0.056043,0.35355,0.96484
0.0001033,0.00024079,0.00018111,0.00013265,0.00077298,0.0020436,0.0042832,0.010831,0.026652,0.069255,0.032742,0.16685,0.43145,0.53587,0.70488
0.0011697,0.0011463,0.0039502,0.003,0.012544,0.0092545,0.039402,0.017685,0.024993,0.11579,0.30698,0.13763,0.16229,0.80442,0.47479
0.0023595,0.0053535,0.0028409,0.015676,0.0075952,0.041749,0.020192,0.032661,0.13423,0.065321,0.067052,0.26116,0.13559,0.82555,0.50917
0.00048025,0.00050739,0.0016028,0.00076713,0.0044311,0.011349,0.028574,0.061483,0.16539,0.35325,0.16407,0.18601,0.53679,0.58257,0.41117
0.0011116,0.0023427,0.0062601,0.012432,0.0060618,0.0066845,0.0087325,0.045689,0.11893,0.058293,0.058561,0.064246,0.074083,0.39044,0.97745
0.0035809,0.005524,0.0032392,0.0039264,0.016373,0.039444,0.019953,0.02315,0.030728,0.14483,0.37978,0.17536,0.22368,0.40715,0.7786
0.0018678,0.00094108,0.0050457,0.013096,0.0080907,0.0068135,0.034303,0.015988,0.067647,0.19195,0.087417,0.53164,0.26111,0.65412,0.42814
0.00437,0.0018367,0.0033004,0.0031818,0.013786,0.03421,0.017839,0.10018,0.046379,0.064552,0.31477,0.14178,0.75048,0.35582,0.42423
0.0024166,0.0013155,0.0011397,0.0071315,0.0035084,0.02049,0.053544,0.058964,0.034246,0.19259,0.095616,0.10624,0.25112,0.17807,0.91702
0.0047498,0.0020872,0.0023192,0.0023545,0.0029843,0.016221,0.008597,0.011439,0.041189,0.11281,0.051126,0.30792,0.14611,0.7476,0.57186
0.0041688,0.0020115,0.011175,0.006642,0.006136,0.007261,0.0073849,0.044209,0.019859,0.025979,0.13638,0.33106,0.17946,0.59263,0.77086
0.0021323,0.0051478,0.0024345,0.0025221,0.0031641,0.017186,0.04167,0.026601,0.12758,0.33339,0.14947,0.16415,0.40435,0.24287,0.78074
0.0033262,0.0017373,0.0043655,0.0074027,0.004181,0.0042529,0.02683,0.069032,0.038577,0.20334,0.26694,0.14331,0.49972,0.51996,0.62071
0.0056928,0.0023599,0.0025795,0.0029915,0.0068844,0.023788,0.03338,0.10189,0.13529,0.082407,0.080848,0.50521,0.51084,0.31309,0.63122
0.00095475,0.0019689,0.0010934,0.0011278,0.005992,0.0099164,0.026514,0.058356,0.13714,0.083541,0.081165,0.080637,0.092703,0.52648,0.85568
0.0026854,0.0027052,0.0083577,0.0044094,0.015075,0.038758,0.019412,0.020647,0.022695,0.080782,0.054441,0.060258,0.27763,0.73762,0.61608
0.00049371,0.0011519,0.0030256,0.0070774,0.017477,0.016645,0.054334,0.094072,0.051027,0.065392,0.057582,0.064152,0.3949,0.18026,0.89048
0.00025871,0.00038644,0.0010388,0.002416,0.0064476,0.015224,0.040431,0.10521,0.047198,0.051086,0.30935,0.13956,0.15318,0.19633,0.91245
0.00046,0.00082776,0.0022862,0.0059742,0.0026785,0.016112,0.0074572,0.046073,0.023747,0.10233,0.048381,0.30406,0.51676,0.688,0.43072
0.0028234,0.0013603,0.0073564,0.0040683,0.0048851,0.023636,0.060558,0.15407,0.07588,0.099438,0.2176,0.48264,0.24903,0.68101,0.39411
0.0026876,0.0052344,0.0025569,0.013504,0.0066904,0.0083229,0.038828,0.085561,0.15868,0.44717,0.20249,0.54422,0.34638,0.39522,0.40926
0.002422,0.0010032,0.00581,0.003351,0.017196,0.0077222,0.047841,0.10827,0.24058,0.14316,0.15481,0.1475,0.42436,0.48719,0.67218
0.003039,0.0055342,0.0034992,0.0033627,0.017352,0.012299,0.054829,0.034151,0.040047,0.19111,0.10127,0.095421,0.43239,0.77309,0.4136
0.0029014,0.0017835,0.0014525,0.0030649,0.0019909,0.0088221,0.018406,0.049747,0.022588,0.13151,0.24173,0.41754,0.23202,0.23416,0.84945
0.0022385,0.00092723,0.0028357,0.0078762,0.011087,0.007278,0.010487,0.039639,0.09102,0.24396,0.21236,0.44326,0.64594,0.35355,0.40573
0.00025809,0.00012856,0.00063581,0.0016727,0.0041458,0.010858,0.0064168,0.024491,0.067399,0.17605,0.46008,0.53211,0.31817,0.39489,0.4796
0.0056656,0.0023467,0.0028124,0.01128,0.016316,0.010401,0.013344,0.056287,0.14294,0.22071,0.21775,0.45257,0.24173,0.34844,0.7845
0.00090389,0.0018463,0.0049629,0.0031772,0.0025851,0.0029247,0.017245,0.044869,0.024386,0.11763,0.065925,0.32048,0.15511,0.82699,0.41361
0.0013011,0.0017225,0.0049519,0.012809,0.013224,0.0093434,0.0089389,0.045347,0.023523,0.12424,0.059489,0.06938,0.32053,0.77944,0.52462
0.0016796,0.00081358,0.0041988,0.011093,0.0066798,0.033155,0.015319,0.093778,0.042073,0.059254,0.30075,0.14132,0.15971,0.43118,0.8455
0.0050094,0.0028453,0.0027483,0.01541,0.0090114,0.043849,0.10093,0.057404,0.19483,0.11303,0.11685,0.12014,0.66421,0.30319,0.62948
0.0024249,0.0012797,0.0066194,0.0034963,0.0036226,0.021113,0.051836,0.024083,0.025691,0.027941,0.03321,0.18499,0.41904,0.34712,0.84035
0.0015649,0.0037781,0.0074315,0.0040012,0.017839,0.014406,0.013666,0.056388,0.031769,0.15583,0.076029,0.27365,0.13918,0.14908,0.92884
0.00064212,0.0014336,0.0035538,0.0086255,0.0049457,0.023094,0.057018,0.15074,0.35494,0.1681,0.19283,0.21919,0.6678,0.35603,0.44509
0.00036293,0.00086626,0.00062457,0.0026539,0.0015488,0.0079024,0.02063,0.048185,0.12811,0.3348,0.17222,0.45133,0.25144,0.30257,0.74047
0.0013375,0.00098273,0.00069549,0.00184,0.0053186,0.014264,0.022989,0.065878,0.17097,0.07878,0.43129,0.19716,0.59831,0.38893,0.49281
0.0019645,0.0041952,0.0032893,0.0023533,0.0027281,0.015655,0.041136,0.025577,0.028968,0.10883,0.26007,0.1193,0.72356,0.32673,0.55766
0.0014647,0.00075934,0.00071363,0.0042747,0.010343,0.027143,0.067266,0.03041,0.033957,0.20863,0.093537,0.57719,0.28396,0.59897,0.42587
0.00096827,0.00048211,0.0026114,0.0064868,0.011098,0.027789,0.01276,0.01379,0.052018,0.14367,0.379,0.43682,0.2587,0.27197,0.72263
0.0002731,0.00035028,0.0010699,0.0027967,0.0012576,0.0079137,0.018021,0.048172,0.021732,0.13638,0.061416,0.38598,0.55274,0.29486,0.69434
0.0014613,0.0023733,0.0023616,0.0077006,0.016223,0.035901,0.018772,0.10683,0.25747,0.15539,0.13369,0.17683,0.45858,0.70021,0.38744
0.0011245,0.0025118,0.0012459,0.0071898,0.017205,0.043051,0.033807,0.13977,0.077188,0.32823,0.15811,0.20364,0.19343,0.48207,0.75982
0.0012232,0.0021454,0.0058836,0.0028449,0.0031073,0.017651,0.045152,0.11739,0.28995,0.20228,0.15917,0.45603,0.28922,0.42013,0.61957
0.0046964,0.0023932,0.002446,0.0027395,0.002661,0.016769,0.00845,0.010626,0.010798,0.054655,0.13261,0.34299,0.58589,0.59158,0.41888
0.0016459,0.0039512,0.0018299,0.0021401,0.012347,0.032272,0.078264,0.036161,0.039955,0.045965,0.048908,0.055492,0.060418,0.35386,0.97717
0.002043,0.00084788,0.0051729,0.0023303,0.0059395,0.0039489,0.004099,0.023424,0.056121,0.032913,0.16054,0.42237,0.43241,0.26991,0.74957
0.00045545,0.00024415,0.0011717,0.0020799,0.0054262,0.0024675,0.015534,0.040026,0.10128,0.24617,0.11302,0.12113,0.15311,0.35891,0.88005
0.0013844,0.00326,0.0019042,0.0018074,0.0019726,0.0084035,0.021178,0.056177,0.14361,0.089249,0.08561,0.43086,0.63036,0.32684,0.53672
0.0024786,0.0011265,0.0016778,0.0030825,0.0021445,0.011908,0.030164,0.072157,0.041729,0.21626,0.52116,0.2369,0.2631,0.57374,0.52293
0.0064003,0.0053203,0.004085,0.0040707,0.0045287,0.0047534,0.029011,0.075857,0.03625,0.037177,0.2254,0.10167,0.3331,0.77015,0.49631
0.0010561,0.0022296,0.0010804,0.00474,0.002398,0.010439,0.029016,0.013615,0.01716,0.073107,0.10331,0.26061,0.13142,0.64291,0.69981
0.0041758,0.0022895,0.010808,0.0058419,0.0075723,0.036223,0.016569,0.079103,0.037248,0.23424,0.13668,0.11977,0.67859,0.3201,0.6035
0.00062773,0.0013139,0.002861,0.007336,0.019332,0.010063,0.05601,0.025295,0.032163,0.17546,0.45894,0.20576,0.2309,0.24249,0.85867
0.00084258,0.00040613,0.0022276,0.0053453,0.013546,0.035254,0.076288,0.2009,0.10918,0.10109,0.20875,0.50508,0.26586,0.27449,0.70539
0.0015359,0.00073804,0.0038706,0.010141,0.0063714,0.0052711,0.0332,0.085196,0.047061,0.25048,0.11592,0.12214,0.13356,0.5437,0.79391
0.001529,0.0027821,0.0013896,0.0080804,0.018099,0.0089437,0.0091914,0.043505,0.11114,0.29327,0.13293,0.37381,0.2115,0.65804,0.55057
0.0019426,0.00080732,0.00090787,0.0055316,0.0097048,0.026328,0.065613,0.17289,0.083392,0.4946,0.22175,0.24002,0.27732,0.59693,0.42222
0.0014568,0.0034509,0.0019918,0.0017887,0.01004,0.026314,0.063324,0.029378,0.16843,0.076441,0.36754,0.47743,0.26566,0.45985,0.56783
0.00081646,0.0014062,0.0036793,0.0097114,0.004354,0.027468,0.013333,0.077176,0.20165,0.095199,0.10342,0.46796,0.22627,0.26942,0.80493
0.0017051,0.0008205,0.001478,0.0047494,0.0024615,0.014156,0.0085942,0.035087,0.094732,0.21956,0.10037,0.11719,0.66884,0.36159,0.64544
0.00012795,0.000135,0.00039166,0.00091938,0.002454,0.0019672,0.0058402,0.016191,0.042314,0.10797,0.28314,0.12694,0.1374,0.71213,0.62365
0.0038953,0.0017457,0.0095978,0.0055512,0.0055028,0.03161,0.024624,0.01845,0.10423,0.21658,0.10484,0.43606,0.21354,0.22937,0.84788
0.0019193,0.0046335,0.0024239,0.013056,0.0068229,0.0344,0.015957,0.023508,0.023287,0.12731,0.090512,0.068291,0.3929,0.17887,0.9088
0.0015206,0.00066568,0.0039215,0.0030392,0.0022503,0.013749,0.032983,0.086209,0.21725,0.11877,0.11932,0.12441,0.16426,0.14746,0.98365
0.00058476,0.0011084,0.0029572,0.0073606,0.0035963,0.021015,0.009437,0.059535,0.026895,0.038401,0.19239,0.48674,0.25162,0.56465,0.58549
0.0044526,0.0024269,0.0025185,0.0024379,0.010204,0.028781,0.074877,0.1802,0.088467,0.096099,0.10295,0.10732,0.5236,0.26154,0.82935
0.0013948,0.00057773,0.00070535,0.00099755,0.0046724,0.011316,0.027779,0.058229,0.094838,0.26235,0.11871,0.15716,0.14633,0.81569,0.4515
0.0028745,0.0046686,0.0038984,0.014181,0.0067737,0.0072653,0.0086503,0.049235,0.11868,0.0712,0.32218,0.151,0.45199,0.69014,0.42492
3.6641e-05,8.347e-05,0.00019547,0.00044468,0.0011557,0.0025653,0.0049136,0.013722,0.034265,0.087247,0.22654,0.55779,0.25267,0.29844,0.7252
0.0014736,0.0017348,0.00096482,0.0011021,0.0056274,0.0045029,0.017826,0.046874,0.12249,0.17254,0.095363,0.26066,0.3874,0.35601,0.778
0.00083761,0.00048587,0.0020697,0.0012528,0.0062914,0.015935,0.039332,0.018273,0.092332,0.044018,0.046689,0.2831,0.35116,0.68073,0.59241
0.00039467,0.00084135,0.00065135,0.0024662,0.0064287,0.015205,0.0075393,0.010351,0.0087662,0.050516,0.082582,0.051253,0.27012,0.33119,0.91475
0.0012735,0.0030169,0.0015446,0.0085192,0.020136,0.0097395,0.010105,0.055446,0.14808,0.090552,0.44444,0.54015,0.30078,0.3541,0.55243
0.0035393,0.001555,0.0047717,0.0025437,0.0030145,0.012392,0.027231,0.049132,0.12384,0.061824,0.26414,0.12584,0.1529,0.4509,0.83327
0.0011265,0.0023995,0.0013059,0.0058402,0.0035583,0.017586,0.043211,0.11406,0.051136,0.055349,0.30928,0.1482,0.45755,0.65329,0.49831
0.00099343,0.00065924,0.0028748,0.0053213,0.014292,0.0068009,0.0070358,0.0076155,0.011164,0.052956,0.08799,0.15804,0.086027,0.50321,0.89341
0.0017681,0.0041148,0.0018551,0.0023238,0.0024043,0.014217,0.031433,0.071718,0.041642,0.21485,0.46786,0.21648,0.27198,0.34436,0.73158
0.00073021,0.0017037,0.0044749,0.010468,0.0052943,0.011019,0.036006,0.035483,0.023906,0.032604,0.027701,0.14668,0.3949,0.18027,0.92563
0.0009793,0.0017068,0.0044501,0.0066784,0.0034227,0.0037047,0.021815,0.011062,0.062947,0.1647,0.096824,0.36584,0.17911,0.40143,0.86746
0.004291,0.0018492,0.0020568,0.0021454,0.01034,0.0058249,0.031131,0.062284,0.032229,0.035475,0.14882,0.1942,0.10861,0.64626,0.75532
0.0039848,0.0021402,0.0034615,0.0028075,0.014883,0.038842,0.091808,0.05187,0.19523,0.093547,0.10126,0.13189,0.6386,0.59861,0.39365
0.0030683,0.0013138,0.0073532,0.0042831,0.017834,0.010385,0.054491,0.02443,0.15412,0.0691,0.13789,0.095621,0.10659,0.30701,0.99576
0.0023626,0.0052773,0.002692,0.01518,0.015913,0.011883,0.018551,0.043647,0.027545,0.11713,0.056423,0.3463,0.16091,0.40101,0.87387
0.0059653,0.003155,0.0028334,0.010083,0.00561,0.032933,0.075015,0.03465,0.038943,0.22838,0.10673,0.25269,0.16662,0.82992,0.3961
0.0030444,0.0039942,0.0020907,0.013133,0.0071992,0.038383,0.095101,0.24963,0.12014,0.15086,0.14858,0.46742,0.26071,0.63114,0.45687
0.006256,0.0031585,0.0029028,0.0053656,0.0039755,0.018708,0.010558,0.056096,0.048995,0.1502,0.38108,0.17273,0.28818,0.22309,0.8226
0.00024818,0.00013044,0.00020421,0.00045458,0.0012482,0.0033147,0.0070162,0.018968,0.047656,0.12321,0.32276,0.15077,0.58688,0.60362,0.39293
0.00070506,0.001507,0.0033258,0.0015404,0.0089332,0.023245,0.056246,0.035411,0.10509,0.064208,0.077467,0.23535,0.6572,0.29683,0.70693
0.0041548,0.005451,0.0035322,0.0039634,0.004959,0.024112,0.059737,0.14907,0.24266,0.13786,0.15081,0.14768,0.17368,0.40405,0.86998
0.002294,0.0012502,0.0055031,0.013523,0.0072338,0.039838,0.018374,0.019877,0.061478,0.1514,0.3498,0.16561,0.4746,0.6012,0.51163
0.0015501,0.0032002,0.0016088,0.0018096,0.0096517,0.0075304,0.031326,0.053954,0.092263,0.2496,0.12128,0.12398,0.13598,0.15167,0.93022
0.0027857,0.0015653,0.0035484,0.010051,0.0048218,0.0062655,0.028781,0.025134,0.01808,0.10474,0.27467,0.1248,0.14773,0.16856,0.92412
0.00092126,0.00038199,0.00079911,0.00052935,0.00059392,0.0036035,0.0091138,0.022451,0.056101,0.035029,0.16998,0.084662,0.10146,0.53492,0.82559
0.0018551,0.00076842,0.0046958,0.01233,0.013017,0.0086543,0.0089836,0.010713,0.054574,0.032006,0.1639,0.42801,0.42649,0.26085,0.75232
0.0015124,0.0027155,0.0060601,0.0036705,0.018286,0.010107,0.038679,0.024087,0.12149,0.07557,0.065111,0.39816,0.20614,0.5386,0.71696
0.0025434,0.0051297,0.0030689,0.013178,0.0063051,0.010318,0.041037,0.10344,0.049273,0.053969,0.20902,0.43959,0.65898,0.3533,0.44369
0.0017647,0.0032162,0.0041144,0.0025949,0.0025259,0.015923,0.0162,0.04216,0.1064,0.216,0.10174,0.30154,0.40157,0.68071,0.47304
0.0042553,0.0019131,0.0053714,0.0038934,0.013323,0.0084518,0.042828,0.081677,0.04317,0.23651,0.10691,0.66117,0.41227,0.38516,0.42359
0.0027809,0.0012811,0.0013367,0.0015028,0.0078726,0.019063,0.0086766,0.048108,0.067568,0.045897,0.23531,0.25943,0.37687,0.45339,0.72915
0.0018028,0.00084707,0.0016603,0.0062603,0.015993,0.041925,0.018798,0.024589,0.12635,0.069912,0.071513,0.091272,0.43729,0.19802,0.86346
0.0017634,0.0042573,0.011024,0.0056438,0.0060507,0.033943,0.015504,0.096637,0.22278,0.15615,0.32299,0.18083,0.21916,0.21668,0.8528
0.0019936,0.004482,0.011305,0.0098529,0.015599,0.014659,0.012394,0.013363,0.027008,0.01742,0.10986,0.28609,0.14763,0.82856,0.45503
0.0010727,0.0024913,0.0059513,0.0031394,0.003712,0.017315,0.0086761,0.0093481,0.012038,0.037352,0.025173,0.023837,0.13768,0.35992,0.94286
0.0022094,0.00091514,0.0010515,0.001166,0.0028649,0.0018795,0.0099023,0.024704,0.059246,0.08373,0.20752,0.56263,0.56089,0.34712,0.46889
0.0063913,0.0027197,0.00305,0.0031591,0.016088,0.01218,0.051427,0.02678,0.10305,0.26296,0.43559,0.23956,0.60751,0.34837,0.43334
0.0033209,0.0014643,0.0025807,0.0089567,0.019207,0.0092037,0.01091,0.062287,0.15668,0.093352,0.46948,0.21634,0.23906,0.68205,0.42474
0.0017519,0.0015444,0.0014218,0.0056166,0.0028511,0.0031349,0.0096377,0.029555,0.015251,0.016657,0.089206,0.19828,0.47992,0.57407,0.66239
0.003413,0.001496,0.0016482,0.0090322,0.010068,0.0060385,0.035179,0.091136,0.22456,0.10163,0.11025,0.12864,0.35557,0.31479,0.85785
0.001866,0.0015423,0.0014455,0.0068071,0.0033939,0.013431,0.0065496,0.008911,0.0088402,0.048671,0.12577,0.057199,0.19124,0.53141,0.86411
0.0038189,0.0016079,0.0025535,0.010648,0.0056525,0.030906,0.080271,0.053696,0.044698,0.23422,0.57764,0.39943,0.32227,0.34058,0.4948
0.0061162,0.0050841,0.0080509,0.0049689,0.0055279,0.022629,0.061966,0.14664,0.074917,0.090195,0.37813,0.17708,0.55581,0.37055,0.62738
0.00085384,0.00090582,0.00051562,0.002361,0.005349,0.0026127,0.0033031,0.013511,0.035447,0.079441,0.044204,0.11625,0.22568,0.65765,0.70733
0.0024336,0.0010797,0.0063593,0.015036,0.0068514,0.038108,0.08002,0.056181,0.16817,0.094033,0.094528,0.55834,0.56442,0.38499,0.42865
0.0037938,0.0019442,0.0051198,0.0040188,0.018057,0.045709,0.027742,0.038,0.16435,0.073885,0.079848,0.50264,0.6251,0.34777,0.46077
0.0049642,0.0026071,0.0023906,0.0032326,0.016657,0.038639,0.093628,0.066084,0.061771,0.33073,0.16997,0.16537,0.18921,0.19914,0.90667
0.0018321,0.00077444,0.0048019,0.0021584,0.0057955,0.019503,0.010711,0.023306,0.02731,0.021606,0.11293,0.050849,0.32079,0.8257,0.45785
0.00070388,0.0003571,0.0019055,0.0039735,0.0019406,0.011488,0.029538,0.075381,0.13439,0.37529,0.17407,0.18478,0.22694,0.595,0.64536
0.0038672,0.0023313,0.0019304,0.009359,0.0043779,0.0089393,0.032529,0.085999,0.038557,0.045745,0.049846,0.055444,0.060366,0.35355,0.93979
0.0010349,0.0023068,0.0056746,0.014971,0.0082395,0.0076605,0.047609,0.12263,0.058727,0.32666,0.16468,0.16306,0.53425,0.34631,0.69274
2.7358e-05,3.347e-05,0.00010406,0.00022977,0.00057754,0.0014527,0.0038243,0.0093294,0.024081,0.06212,0.15404,0.40593,0.49797,0.63842,0.41292
0.0011232,0.0025384,0.0059688,0.013349,0.0064437,0.039156,0.078683,0.048147,0.042119,0.045525,0.050777,0.29875,0.16366,0.15348,0.93887
0.0010927,0.00055193,0.0010275,0.0038585,0.0085596,0.018656,0.0099411,0.025068,0.074393,0.035857,0.17832,0.47185,0.51385,0.30512,0.62914
0.00099192,0.0019633,0.00093475,0.0012447,0.0065017,0.0029191,0.0036018,0.020319,0.04202,0.097069,0.25864,0.11645,0.65954,0.31926,0.64352
0.0010703,0.00055208,0.00083473,0.0028981,0.0062357,0.002988,0.0043707,0.021138,0.055278,0.14445,0.37684,0.35901,0.2371,0.68979,0.42267
0.0015638,0.0021035,0.0062423,0.0028403,0.0033037,0.018804,0.0085189,0.053164,0.13884,0.34935,0.44482,0.24241,0.26871,0.28565,0.70256
0.0017306,0.0041033,0.0019627,0.0021654,0.0028106,0.0043909,0.017994,0.0085639,0.051366,0.031737,0.028192,0.16888,0.44122,0.41348,0.81442
0.002344,0.0012317,0.0011378,0.0017762,0.0081582,0.019773,0.010311,0.054603,0.029366,0.036386,0.040026,0.20691,0.43548,0.2081,0.86464
0.0016933,0.00079528,0.0044219,0.011078,0.005387,0.030927,0.074262,0.19468,0.087424,0.094628,0.45263,0.2331,0.26901,0.25958,0.73671
0.0023653,0.0034641,0.0020345,0.0022678,0.012478,0.031975,0.0696,0.15429,0.090211,0.36567,0.47305,0.26078,0.30452,0.34814,0.59152
0.0033149,0.0013783,0.0079616,0.004314,0.017054,0.008546,0.010009,0.046767,0.12647,0.3305,0.17999,0.20278,0.19187,0.54234,0.69722
0.0052687,0.0022974,0.0069267,0.0043372,0.0057527,0.0048711,0.016171,0.038468,0.1012,0.057242,0.05143,0.14303,0.47381,0.58275,0.69518
0.002064,0.0015395,0.001075,0.0012217,0.0048649,0.013839,0.022829,0.058943,0.14261,0.37834,0.18161,0.51526,0.31376,0.50839,0.45189
0.0010444,0.0023645,0.0021739,0.0075219,0.01891,0.04202,0.02222,0.056063,0.16632,0.076083,0.43076,0.19641,0.51481,0.30187,0.65691
0.0017858,0.0043113,0.0028058,0.0027655,0.0099027,0.009915,0.011809,0.035339,0.0904,0.048884,0.25685,0.3095,0.38789,0.2553,0.90155
0.001499,0.0033512,0.0019244,0.0023891,0.0022423,0.0025938,0.013876,0.0071754,0.008154,0.037015,0.060037,0.16296,0.32597,0.79525,0.49864
0.0021849,0.0036426,0.0019513,0.0019362,0.0096785,0.0075157,0.031052,0.076392,0.04154,0.20175,0.21982,0.46704,0.23538,0.56223,0.56074
0.0015356,0.00063627,0.0036517,0.0020097,0.010833,0.025578,0.01329,0.064408,0.15245,0.087977,0.080417,0.085709,0.53522,0.54871,0.66098
0.00028739,0.00050026,0.00063331,0.0016936,0.0041539,0.011026,0.027369,0.072081,0.1512,0.10453,0.48206,0.26365,0.24215,0.26482,0.73078
0.0012277,0.0025077,0.0062616,0.012281,0.005826,0.0064616,0.028785,0.080147,0.043967,0.043913,0.055697,0.26531,0.12944,0.68866,0.69517
0.003233,0.0013982,0.0076671,0.004546,0.0048432,0.0247,0.013088,0.03204,0.094436,0.25137,0.13104,0.12509,0.14248,0.74362,0.59383
0.0045508,0.0019486,0.010898,0.0064512,0.0056323,0.0070025,0.039349,0.017642,0.10829,0.21837,0.19452,0.13058,0.14755,0.16787,0.95942
0.0018381,0.0026973,0.0015754,0.001849,0.0097926,0.025093,0.011374,0.058567,0.15385,0.21578,0.11308,0.12468,0.15262,0.74226,0.57413
0.0034518,0.0018312,0.008407,0.0072866,0.01207,0.015221,0.011032,0.014246,0.05522,0.05784,0.035234,0.22228,0.53299,0.26503,0.80968
0.0022832,0.0047136,0.0023696,0.002643,0.0029074,0.0049534,0.02063,0.020198,0.042931,0.12309,0.059303,0.28902,0.13598,0.15168,0.96702
0.0011022,0.0022104,0.0058352,0.013944,0.0063747,0.040052,0.019643,0.11353,0.28299,0.15513,0.14763,0.16094,0.1883,0.65118,0.64814
0.0031659,0.0015984,0.001469,0.0027154,0.0020221,0.0094996,0.023914,0.061994,0.1606,0.3346,0.17003,0.18209,0.28795,0.222,0.82604
0.0057645,0.0027228,0.0069643,0.0044997,0.019907,0.044054,0.023035,0.13109,0.31594,0.18737,0.16339,0.21611,0.21722,0.61113,0.60489
0.0017084,0.0022692,0.0065252,0.0036666,0.014529,0.039992,0.082341,0.21767,0.10154,0.11205,0.14324,0.14338,0.15499,0.15984,1.0386
0.0037986,0.0017,0.003462,0.0088116,0.010056,0.023774,0.012402,0.067903,0.14102,0.21848,0.1184,0.14009,0.14352,0.14785,0.94764
0.0013328,0.00060018,0.0031779,0.0063481,0.0040322,0.01421,0.0068345,0.038568,0.090473,0.044957,0.26392,0.12401,0.13588,0.78065,0.5495
0.0015868,0.00072057,0.0041707,0.0024811,0.0021641,0.011903,0.030671,0.080565,0.20241,0.10413,0.12251,0.63581,0.44599,0.41949,0.39835
0.002804,0.0012976,0.0042308,0.010683,0.0053217,0.0072666,0.027827,0.045918,0.13454,0.068932,0.37174,0.1704,0.2019,0.52749,0.71218
0.0025246,0.0011194,0.0020009,0.0072072,0.019249,0.0088551,0.010543,0.060008,0.15094,0.089929,0.45227,0.2251,0.64452,0.35138,0.46199
0.0059141,0.0045781,0.0091712,0.0051104,0.013223,0.029666,0.015309,0.017111,0.079235,0.047586,0.24491,0.12577,0.12153,0.22001,0.9233
0.0030979,0.0016269,0.0014918,0.0050041,0.015084,0.0067687,0.038839,0.01931,0.02307,0.12606,0.07464,0.37181,0.2408,0.19857,0.92071
0.0051187,0.0053461,0.0030658,0.0033546,0.0038949,0.0066115,0.027775,0.061541,0.15802,0.35413,0.16311,0.18593,0.19577,0.51597,0.69645
0.00082432,0.00078506,0.0027482,0.0070076,0.018379,0.015385,0.048486,0.027905,0.14808,0.34664,0.17623,0.45649,0.25711,0.27829,0.70888
0.0018027,0.004352,0.010342,0.0049075,0.0052146,0.029309,0.013391,0.072408,0.045095,0.038308,0.24097,0.12356,0.13057,0.72789,0.64544
0.00062963,0.00032917,0.00099466,0.0019864,0.0056308,0.0047707,0.018349,0.04438,0.020163,0.12315,0.16825,0.089394,0.56224,0.53847,0.58375
0.0046919,0.005253,0.0029174,0.004112,0.0071805,0.024124,0.011821,0.064672,0.16301,0.073907,0.084478,0.50757,0.22757,0.2465,0.77597
0.0025836,0.002204,0.0032132,0.0025767,0.010893,0.0055777,0.0061227,0.033434,0.080131,0.18501,0.4449,0.24931,0.22766,0.24825,0.81268
0.0020437,0.0011508,0.0053399,0.0024158,0.002968,0.016491,0.043227,0.03637,0.025547,0.15133,0.3836,0.45555,0.28125,0.29123,0.69342
0.0008826,0.0011916,0.0032508,0.0017921,0.0022864,0.011117,0.027543,0.062075,0.11343,0.059248,0.061106,0.065319,0.3869,0.40436,0.84491
0.0036074,0.0018933,0.0017587,0.002357,0.0080246,0.020649,0.050542,0.029591,0.15102,0.067773,0.073337,0.45252,0.20356,0.59567,0.67449
0.0034525,0.0025201,0.0037689,0.002458,0.014092,0.0064423,0.010499,0.027316,0.015777,0.079657,0.21225,0.1008,0.5841,0.29525,0.84455
0.0040152,0.0017641,0.002278,0.010359,0.005205,0.02145,0.047106,0.12815,0.29577,0.14772,0.53052,0.26523,0.32227,0.51897,0.40415
0.00048218,0.0011199,0.0028726,0.0014667,0.0081526,0.0044109,0.021572,0.046844,0.12678,0.075834,0.065345,0.084175,0.22414,0.26529,1.0015
0.0016656,0.0012655,0.0028999,0.0073041,0.0036761,0.019267,0.041137,0.030551,0.029245,0.026184,0.16405,0.076436,0.4447,0.52936,0.73254
0.0015648,0.00069386,0.00095141,0.0041388,0.011054,0.028242,0.013341,0.077856,0.19678,0.39818,0.18729,0.22487,0.64429,0.35126,0.45998
0.0014116,0.0029085,0.0076546,0.0037302,0.0041356,0.024041,0.018849,0.014295,0.051002,0.13884,0.067387,0.4015,0.18164,0.53849,0.70114
0.0013549,0.00070833,0.0021404,0.0044011,0.012378,0.010487,0.040336,0.10569,0.047419,0.29279,0.39934,0.21217,0.25456,0.53847,0.58376
0.0024567,0.002214,0.0023516,0.0022144,0.0088768,0.024162,0.012126,0.069596,0.17494,0.10423,0.46054,0.21676,0.23657,0.68205,0.42673
0.0011411,0.00065987,0.00056352,0.0029409,0.0046748,0.01345,0.032774,0.01514,0.018092,0.019497,0.019673,0.12337,0.060439,0.35386,0.92696
0.00048323,0.0011666,0.0005589,0.0006623,0.00069036,0.0027491,0.0068552,0.01485,0.037782,0.084757,0.18504,0.087001,0.29308,0.19257,1.0075
0.0021877,0.0009062,0.0032193,0.0016554,0.010365,0.022722,0.06119,0.028551,0.12873,0.31762,0.14507,0.16638,0.4421,0.584,0.59359
0.0005056,0.0012125,0.0029881,0.0071389,0.010981,0.0065711,0.029784,0.025301,0.018282,0.10352,0.2597,0.17814,0.72911,0.34064,0.51337
0.004032,0.0020706,0.0055254,0.0046813,0.019827,0.039684,0.025187,0.034501,0.14232,0.33603,0.42194,0.24538,0.25375,0.2787,0.72785
0.00065523,0.00032984,0.00177,0.0033626,0.0075783,0.0043819,0.0039646,0.023513,0.059947,0.027016,0.15096,0.33814,0.37534,0.59563,0.65995
0.001239,0.0028674,0.0012938,0.001897,0.0021981,0.0019085,0.011086,0.0077159,0.012235,0.022863,0.069563,0.089057,0.13766,0.34494,0.9426
0.0019464,0.00089146,0.0046537,0.011816,0.0068386,0.035202,0.018243,0.097211,0.25514,0.12045,0.13085,0.1361,0.45919,0.26996,0.77549
0.0019275,0.00081823,0.00086737,0.0054719,0.0029995,0.016028,0.039716,0.10428,0.046777,0.051186,0.15565,0.29651,0.20462,0.81276,0.46391
0.0018762,0.0034699,0.0095232,0.0054884,0.018634,0.020224,0.065234,0.048746,0.040935,0.041965,0.043366,0.261,0.64081,0.60163,0.42611
0.0013087,0.0029198,0.0075758,0.015312,0.0076733,0.045662,0.035646,0.025252,0.030551,0.13819,0.066955,0.41019,0.18557,0.55015,0.69991
0.00082407,0.00036121,0.0004148,0.0021525,0.0054338,0.014248,0.03464,0.040573,0.13136,0.20265,0.20503,0.15764,0.41189,0.2277,0.84538
0.0038703,0.0016031,0.01004,0.0051736,0.0067118,0.024816,0.013215,0.015502,0.016645,0.084248,0.20441,0.54186,0.26029,0.64833,0.41886
0.002545,0.0013075,0.0058164,0.014922,0.0085,0.013102,0.010301,0.048976,0.11734,0.30772,0.1383,0.3772,0.27015,0.2436,0.81524
0.0045528,0.0023377,0.0022688,0.013426,0.0064514,0.038152,0.099332,0.053149,0.050594,0.097603,0.067412,0.42487,0.21406,0.49347,0.72017
0.0013377,0.00062213,0.0035613,0.0067241,0.0044194,0.0074919,0.027468,0.061853,0.10963,0.18239,0.096841,0.10142,0.63721,0.61157,0.40965
0.00056448,0.0012609,0.002981,0.001756,0.0082185,0.020565,0.053379,0.13978,0.077194,0.32825,0.15804,0.20364,0.19343,0.48207,0.76098
0.00070328,0.0012233,0.0034065,0.0073563,0.0036598,0.0046261,0.023765,0.053012,0.13438,0.18265,0.10789,0.55812,0.283,0.42013,0.62158
0.0054313,0.0022497,0.0077705,0.0053674,0.0046894,0.029035,0.014972,0.034931,0.080205,0.05084,0.25054,0.11284,0.5889,0.62478,0.425
0.0014028,0.00067145,0.0035555,0.0018628,0.0026836,0.012178,0.030482,0.013758,0.019022,0.097948,0.058693,0.053096,0.31728,0.18574,1.0305
0.0048674,0.0020712,0.0024479,0.0024273,0.012361,0.0093583,0.039514,0.020577,0.022169,0.11482,0.1902,0.34633,0.43273,0.67959,0.43959
0.0018038,0.0023833,0.0034725,0.0019767,0.0059148,0.016141,0.042771,0.10082,0.048923,0.067309,0.31876,0.14613,0.4457,0.25403,0.77888
0.0037159,0.0030889,0.0023717,0.011034,0.018923,0.0096914,0.057811,0.028519,0.030455,0.031233,0.18013,0.081914,0.26839,0.1691,0.96528
0.0064108,0.0033029,0.0034837,0.0039051,0.019429,0.038746,0.020849,0.022316,0.1298,0.33373,0.15518,0.16318,0.63374,0.51972,0.39463
0.00062911,0.00026058,0.0014605,0.003656,0.0096457,0.019203,0.012469,0.05571,0.13982,0.31098,0.40032,0.22687,0.24712,0.2596,0.77476
0.0022856,0.00302,0.0080901,0.003975,0.011796,0.036955,0.095148,0.21345,0.10153,0.10706,0.11988,0.46438,0.54525,0.42365,0.4694
0.0006485,0.0014714,0.0010123,0.0045797,0.010262,0.0075562,0.0061253,0.033682,0.0845,0.22059,0.10236,0.37683,0.18972,0.34083,0.84633
0.0046991,0.0035516,0.010642,0.012546,0.0074366,0.011971,0.027411,0.0156,0.086866,0.049939,0.21706,0.34134,0.70652,0.37014,0.44186
0.00057488,0.00026672,0.0014218,0.0037576,0.0097251,0.025411,0.063497,0.034359,0.1705,0.37768,0.1746,0.18899,0.21384,0.22291,0.81778
0.00078054,0.0014015,0.0031276,0.0018944,0.0094423,0.0052184,0.0067198,0.0071889,0.035853,0.082783,0.037969,0.23874,0.5694,0.35688,0.71666
0.0052568,0.0022213,0.0031927,0.0027155,0.0073344,0.024612,0.013517,0.072119,0.064176,0.050773,0.26538,0.11949,0.15188,0.8257,0.45062
0.00095608,0.00052048,0.0023982,0.0063066,0.0031026,0.018044,0.04718,0.051955,0.15906,0.37651,0.20417,0.19281,0.49171,0.34868,0.62186
0.0040029,0.0033275,0.011494,0.012929,0.0083956,0.011606,0.055347,0.14267,0.068735,0.072753,0.084121,0.23451,0.38856,0.5145,0.7341
0.0057487,0.0028547,0.0044289,0.0034784,0.019208,0.013474,0.060266,0.14739,0.25174,0.12382,0.37649,0.20937,0.22912,0.6693,0.49124
0.00078916,0.0016867,0.0036846,0.0017101,0.0099173,0.025866,0.0626,0.039407,0.11696,0.3354,0.19825,0.59613,0.30827,0.32671,0.58262
0.0034661,0.0031461,0.0028157,0.010865,0.0051368,0.0061164,0.018577,0.04452,0.082124,0.05185,0.25602,0.11544,0.65476,0.29856,0.6283
0.0026791,0.0012898,0.0064142,0.0036899,0.019253,0.037476,0.077234,0.044486,0.082215,0.067816,0.06498,0.38449,0.18046,0.45771,0.7761
0.001875,0.0039584,0.0019181,0.0086361,0.0043421,0.018902,0.052539,0.023754,0.1376,0.0665,0.20629,0.11083,0.12877,0.63997,0.70308
0.0014869,0.00071452,0.003982,0.010336,0.0064937,0.029048,0.076777,0.035585,0.046924,0.24587,0.11379,0.1383,0.13424,0.54648,0.80992
0.002488,0.0012563,0.0011545,0.0067259,0.0031742,0.019282,0.050422,0.094119,0.26266,0.15668,0.18005,0.18259,0.47022,0.66616,0.40791
0.0030014,0.0013517,0.001642,0.0078432,0.016791,0.0094554,0.050227,0.024214,0.092054,0.051512,0.26519,0.33482,0.21609,0.50709,0.78185
0.00064765,0.001246,0.0032756,0.0025436,0.01011,0.026588,0.011921,0.073173,0.034613,0.048327,0.2397,0.12613,0.27624,0.39499,0.8343
0.0033149,0.004349,0.003443,0.015598,0.0086116,0.045745,0.021922,0.029651,0.142,0.37304,0.17833,0.62149,0.35024,0.35819,0.43503
0.0018934,0.0036071,0.0019752,0.0032491,0.011757,0.009461,0.03483,0.077049,0.065184,0.05686,0.2787,0.45896,0.63147,0.34704,0.42959
0.0031133,0.0033056,0.0095859,0.010011,0.016149,0.021949,0.061648,0.13083,0.32162,0.14663,0.15871,0.62757,0.35833,0.34513,0.43596
0.0037847,0.0016139,0.0090546,0.0054618,0.0046999,0.024657,0.066504,0.16807,0.27746,0.18683,0.16132,0.17146,0.19293,0.77877,0.42567
0.0010182,0.002412,0.0012379,0.0068141,0.0034275,0.0035856,0.00372,0.020413,0.054517,0.14246,0.37227,0.45243,0.25193,0.30349,0.74069
0.0015802,0.0029012,0.0078128,0.0038593,0.0044645,0.016884,0.046516,0.11008,0.056238,0.067707,0.28385,0.13293,0.41723,0.60466,0.63698
0.0015158,0.0036595,0.0087644,0.013263,0.0079356,0.038037,0.019584,0.019259,0.1176,0.30881,0.15715,0.15299,0.41917,0.23994,0.78202
0.0038566,0.0016099,0.0018927,0.0036058,0.005973,0.0041839,0.021712,0.013329,0.051414,0.053911,0.032841,0.20718,0.49679,0.33929,0.79475
0.0025419,0.0010529,0.0012421,0.0016595,0.0014521,0.008991,0.022987,0.039428,0.07588,0.048098,0.23703,0.10676,0.55715,0.65533,0.42958
0.0025039,0.0011575,0.0037313,0.010674,0.0050621,0.030172,0.061036,0.02917,0.17237,0.45398,0.22285,0.23699,0.27074,0.61936,0.4879
0.0015831,0.0029864,0.0014415,0.0078753,0.0035997,0.015951,0.033279,0.089945,0.040458,0.23745,0.1077,0.41754,0.23202,0.23416,0.85332
0.00040279,0.00084849,0.0020998,0.0048796,0.012169,0.031501,0.024926,0.019034,0.023256,0.021499,0.064998,0.1706,0.12185,0.52583,0.82283
0.0012055,0.0021059,0.0013383,0.0013766,0.0068911,0.01768,0.0080122,0.008938,0.054464,0.031767,0.14579,0.23014,0.15,0.23403,0.94298
0.0010135,0.00054542,0.002533,0.001537,0.0071667,0.017978,0.047297,0.11981,0.30567,0.18683,0.16132,0.17146,0.19293,0.77877,0.40311
0.0027364,0.0011681,0.0021536,0.0018441,0.0067218,0.018496,0.048535,0.12078,0.054557,0.3289,0.14946,0.16088,0.51907,0.27762,0.74108
0.00063235,0.0011221,0.0031095,0.0081256,0.003643,0.021908,0.01014,0.062649,0.03229,0.13914,0.065787,0.41345,0.70268,0.37841,0.47334
0.0010576,0.0021677,0.00099906,0.0051039,0.012534,0.032106,0.015699,0.082708,0.038455,0.049473,0.25855,0.66331,0.32425,0.37695,0.52728
0.0010996,0.0015781,0.003922,0.0024185,0.010364,0.025798,0.013624,0.06663,0.036185,0.19809,0.48296,0.22656,0.61154,0.35728,0.43872
0.0030634,0.0013275,0.0059763,0.0070608,0.0041804,0.025172,0.060062,0.027336,0.16028,0.087395,0.39399,0.63165,0.3409,0.36076,0.43761
0.00096675,0.0023339,0.0057958,0.012722,0.0065823,0.028303,0.069414,0.14616,0.088819,0.081495,0.087804,0.097954,0.28075,0.80096,0.49322
0.0012244,0.0021654,0.0060057,0.0045806,0.0034198,0.0068519,0.024694,0.05234,0.1369,0.063401,0.073009,0.074065,0.11492,0.52032,0.8324
0.0013276,0.00058191,0.0017409,0.0050215,0.0031706,0.0027188,0.015518,0.041013,0.10504,0.063255,0.054017,0.34003,0.42287,0.2442,0.81603
0.00064495,0.00154,0.002149,0.006314,0.002922,0.016307,0.036449,0.027057,0.021468,0.029606,0.14724,0.38476,0.48875,0.29713,0.72734
0.0062005,0.0032053,0.0029165,0.0039397,0.0035329,0.0038291,0.0059608,0.027991,0.07258,0.16115,0.4293,0.48108,0.30061,0.3118,0.64402
0.0061365,0.0033254,0.0028911,0.015483,0.0074908,0.0094717,0.050792,0.12809,0.32658,0.169,0.20361,0.19067,0.20357,0.5789,0.72172
0.0010398,0.0020303,0.0025391,0.0071845,0.0034466,0.0044786,0.020621,0.045266,0.10241,0.24863,0.11334,0.12744,0.14773,0.16857,0.96539
0.00068561,0.00051335,0.00037507,0.0021448,0.005527,0.014487,0.007369,0.041576,0.018657,0.10694,0.051205,0.15126,0.45199,0.41532,0.78223
0.0014777,0.0028415,0.0013575,0.0015507,0.007918,0.0063832,0.025321,0.066511,0.1738,0.24482,0.15867,0.38169,0.55289,0.51389,0.40672
0.0025581,0.0049283,0.0026915,0.0044398,0.013303,0.0070667,0.039918,0.020043,0.023722,0.12488,0.056243,0.060876,0.18697,0.59265,0.77639
0.00046698,0.00021762,0.0012257,0.0028618,0.007328,0.01378,0.035151,0.021578,0.08306,0.038975,0.042437,0.049784,0.23838,0.64544,0.73703
0.00172,0.0041523,0.0096736,0.011903,0.0066549,0.0075703,0.022711,0.051381,0.12337,0.2878,0.14794,0.16722,0.18938,0.45386,0.84898
0.00083196,0.0013383,0.0034265,0.0073712,0.0034297,0.021625,0.056513,0.14698,0.067345,0.094438,0.47521,0.219,0.60376,0.38998,0.44072
0.003592,0.0026791,0.0018717,0.0021303,0.0085375,0.024264,0.052735,0.12426,0.30584,0.14259,0.15167,0.45622,0.24988,0.27871,0.77411
0.00093804,0.0011229,0.0035323,0.0075619,0.0043799,0.019403,0.041079,0.10863,0.052496,0.29396,0.1636,0.53257,0.276,0.59067,0.41142
0.0019323,0.00093599,0.0047475,0.012579,0.006035,0.018989,0.010272,0.019652,0.014237,0.01925,0.09774,0.2555,0.27644,0.42662,0.83374
0.001515,0.0015376,0.0049377,0.0030081,0.0027443,0.0032475,0.0033029,0.019772,0.0088817,0.052606,0.13529,0.33156,0.17954,0.59263,0.77292
0.0017365,0.0014435,0.0050682,0.0056752,0.016402,0.0076767,0.04771,0.12289,0.058851,0.32735,0.16503,0.1634,0.53539,0.34704,0.66818
0.0033193,0.0015887,0.0080744,0.0042594,0.0050362,0.026544,0.01557,0.014582,0.018741,0.097319,0.058316,0.052756,0.31652,0.18518,0.9424
0.0018895,0.00096285,0.0009394,0.0046269,0.009994,0.027171,0.013608,0.017196,0.015562,0.090854,0.042476,0.26054,0.63772,0.58855,0.40964
0.001128,0.0020698,0.0055237,0.0025141,0.01444,0.0078266,0.0082175,0.047043,0.11372,0.051614,0.29064,0.14034,0.14647,0.15729,0.91798
0.0031542,0.001681,0.0032723,0.0025437,0.0023026,0.0030096,0.015401,0.010765,0.023403,0.019435,0.087074,0.040173,0.2476,0.44501,0.91753
0.001186,0.00052127,0.0006255,0.00071416,0.0038774,0.0098582,0.018596,0.051541,0.13371,0.078526,0.39789,0.18335,0.19388,0.57359,0.65385
0.00077283,0.0017011,0.00077391,0.00091615,0.0013648,0.0061848,0.0070922,0.019628,0.037594,0.09433,0.22747,0.50483,0.25773,0.5889,0.51934
0.00065217,0.001254,0.0030021,0.0014748,0.0075493,0.0061382,0.024214,0.063602,0.1662,0.10116,0.10606,0.25514,0.36958,0.76185,0.4068
0.00047322,0.0010134,0.0015272,0.0039194,0.0095694,0.024457,0.051585,0.13786,0.082285,0.071255,0.10078,0.089499,0.53124,0.61622,0.56958
0.0014279,0.002855,0.0020149,0.0083721,0.0088911,0.030685,0.078643,0.04675,0.16973,0.10432,0.09326,0.34832,0.74084,0.35356,0.3847
0.0022373,0.0016495,0.0067042,0.0053939,0.012659,0.017134,0.05184,0.090873,0.20515,0.095869,0.10377,0.11232,0.12157,0.67446,0.67094
0.00082317,0.0003966,0.00099912,0.00068731,0.0035628,0.0089629,0.023572,0.060281,0.14714,0.087101,0.19055,0.12595,0.68834,0.30983,0.58864
0.002507,0.0012284,0.0011794,0.0068324,0.0031976,0.0057802,0.022083,0.056532,0.14138,0.063942,0.07133,0.079227,0.1233,0.53115,0.82382
0.0042227,0.001769,0.0018964,0.0095546,0.0044583,0.0059844,0.030743,0.068577,0.17384,0.088342,0.096417,0.49878,0.25299,0.37548,0.71909
0.0022276,0.0010922,0.0059895,0.015651,0.0090618,0.0089084,0.039504,0.10821,0.059732,0.31535,0.39442,0.22358,0.26099,0.51953,0.58433
0.00026024,0.00027609,0.00015716,0.00097327,0.00046622,0.0027876,0.0072844,0.015587,0.040293,0.090296,0.24241,0.11068,0.41815,0.51736,0.70174
0.0006252,0.00083382,0.0022568,0.0059756,0.0026808,0.015308,0.00944,0.0081847,0.050612,0.10413,0.28405,0.14306,0.54572,0.49964,0.65149
5.2279e-05,0.00011909,0.00029219,0.00065781,0.0017473,0.003866,0.0099375,0.026146,0.065291,0.16624,0.075271,0.44482,0.20132,0.23852,0.85994
0.001,0.001312,0.00084995,0.0009565,0.0011942,0.0058065,0.014385,0.035899,0.057778,0.032932,0.17975,0.33263,0.17368,0.40405,0.86474
0.0060879,0.0037408,0.00337,0.0037266,0.019522,0.015287,0.014502,0.070329,0.038507,0.18889,0.092155,0.33169,0.16869,0.63201,0.65189
0.0016648,0.0022046,0.0059499,0.0030839,0.017485,0.04421,0.089388,0.067574,0.27262,0.1237,0.1415,0.14616,0.54581,0.28665,0.70258
0.0053167,0.0025616,0.0064532,0.0044492,0.0054501,0.025969,0.0683,0.17482,0.32452,0.20334,0.44484,0.29403,0.3041,0.30983,0.59223
0.0032499,0.0025389,0.0053968,0.0029331,0.011852,0.022444,0.048445,0.038054,0.12704,0.074656,0.39082,0.20071,0.19394,0.23707,0.83372
0.0021855,0.0010146,0.0052351,0.0076435,0.0050679,0.0044865,0.028304,0.013813,0.080415,0.21041,0.12369,0.10735,0.36561,0.40727,0.83254
0.0023331,0.0021622,0.0067521,0.0039841,0.017148,0.046031,0.020818,0.12199,0.061102,0.093291,0.4198,0.18958,0.47595,0.56187,0.48755
0.0012604,0.0012352,0.0042565,0.0032326,0.013589,0.034234,0.088032,0.039596,0.055285,0.048593,0.30635,0.13736,0.16198,0.80477,0.48023
0.00052996,0.00077039,0.0021246,0.0047192,0.0021889,0.013753,0.0067447,0.038983,0.10126,0.055141,0.052487,0.057219,0.16191,0.31484,0.97273
0.0012552,0.0029598,0.0015162,0.0037075,0.0098902,0.0073773,0.031292,0.078798,0.17357,0.097156,0.097451,0.49735,0.2359,0.43388,0.71164
0.00074017,0.001426,0.00079361,0.0012911,0.0038542,0.0071177,0.019849,0.0099619,0.04549,0.12018,0.31548,0.1632,0.44482,0.26531,0.77591
0.0045996,0.0020123,0.011278,0.0073902,0.0059669,0.034736,0.079795,0.055548,0.15073,0.41697,0.18867,0.24978,0.60773,0.36455,0.44606
0.0019955,0.0009743,0.0052481,0.013758,0.0062307,0.0355,0.093855,0.19864,0.11645,0.48376,0.23229,0.2938,0.27674,0.38009,0.59272
0.0043497,0.0036638,0.0053811,0.0043151,0.01832,0.0093771,0.010289,0.010906,0.055468,0.14547,0.34309,0.19226,0.17738,0.45214,0.77722
0.0029698,0.0013795,0.007905,0.014925,0.0098095,0.01663,0.014853,0.06186,0.10963,0.18239,0.096841,0.10142,0.63721,0.61157,0.41366
0.00077127,0.00068843,0.00044375,0.0027161,0.0068086,0.0039011,0.020178,0.052483,0.026135,0.15106,0.067725,0.31739,0.72916,0.41205,0.42863
0.00051316,0.0011918,0.0030571,0.0062274,0.016669,0.0079026,0.0091973,0.043008,0.11639,0.069624,0.072425,0.081595,0.21506,0.25995,0.95788
0.0020655,0.0021931,0.0063596,0.0066416,0.010714,0.014562,0.040899,0.086429,0.21273,0.096983,0.10497,0.41507,0.237,0.71391,0.43668
0.0014704,0.00076524,0.002427,0.0059922,0.0028942,0.0056943,0.021864,0.057302,0.13796,0.36068,0.49296,0.2627,0.31403,0.31097,0.59446
0.0014989,0.0028547,0.001401,0.0014663,0.0080362,0.006523,0.023879,0.054176,0.045608,0.039784,0.19542,0.32968,0.45018,0.68242,0.42848
0.0014162,0.00058663,0.0033103,0.0015479,0.0017647,0.010227,0.02682,0.016676,0.019227,0.020384,0.091729,0.24526,0.46266,0.22916,0.84278
0.0018932,0.0018885,0.0056454,0.014643,0.0065942,0.040131,0.018769,0.04312,0.14628,0.07323,0.37159,0.58179,0.37941,0.38483,0.48293
0.0010586,0.00050664,0.0025722,0.0017055,0.0076628,0.019398,0.011773,0.016127,0.069748,0.18242,0.081901,0.51494,0.6404,0.35629,0.40875
0.00032562,0.00064319,0.001653,0.0043537,0.0021119,0.012333,0.0055383,0.034939,0.015769,0.022533,0.11289,0.077689,0.31334,0.73708,0.58574
0.0043251,0.0020007,0.0057733,0.0031008,0.0035865,0.021108,0.052531,0.023736,0.14627,0.080975,0.079807,0.45851,0.5735,0.50428,0.4559
0.0010249,0.00054372,0.0024835,0.0016907,0.0077416,0.0075636,0.026395,0.069311,0.13553,0.19454,0.10454,0.52232,0.32387,0.27801,0.69567
0.0019314,0.0046499,0.0020856,0.010655,0.0058384,0.031022,0.015169,0.01533,0.043509,0.029599,0.1546,0.39661,0.46669,0.60243,0.51804
0.00068111,0.00036634,0.001702,0.0010328,0.0037391,0.0084316,0.02283,0.056169,0.14422,0.089212,0.37383,0.17192,0.19007,0.77877,0.4158
0.0022882,0.0038149,0.0079441,0.0037713,0.0041629,0.0073622,0.030418,0.074833,0.040692,0.19763,0.2267,0.4696,0.23721,0.55908,0.5634
0.0031441,0.0054924,0.0034906,0.0035973,0.01798,0.047582,0.021454,0.03173,0.15423,0.089495,0.0785,0.085568,0.2276,0.23403,0.95568
0.0014701,0.00343,0.0090093,0.0061565,0.0052936,0.011018,0.036001,0.035478,0.023902,0.0326,0.028095,0.14661,0.3949,0.18027,0.92505
0.0042594,0.00196,0.0033971,0.012236,0.0058911,0.0062745,0.0076904,0.042746,0.099922,0.060159,0.30295,0.3702,0.59158,0.4844,0.46207
0.00078345,0.00034859,0.001889,0.00092532,0.0051096,0.0034621,0.015874,0.03699,0.098466,0.044146,0.26796,0.12296,0.13464,0.3933,0.91745
0.0015665,0.0026459,0.0071914,0.003415,0.0037533,0.016021,0.036806,0.023082,0.091596,0.046251,0.04681,0.055172,0.29775,0.78841,0.5337
0.0010506,0.00082045,0.0031431,0.0018712,0.0017789,0.010334,0.0092651,0.033388,0.059182,0.084344,0.2534,0.32465,0.41384,0.39652,0.71793
0.002561,0.0012995,0.0011896,0.001733,0.0081665,0.011939,0.018929,0.053335,0.02853,0.15718,0.07108,0.089131,0.26655,0.2912,0.93386
0.00024624,0.00020705,0.00077506,0.0019184,0.0043121,0.011318,0.029189,0.014002,0.048842,0.13594,0.35861,0.41332,0.31734,0.27079,0.72727
0.00044319,0.00078643,0.0021793,0.0056949,0.012477,0.0071655,0.0066448,0.041053,0.095617,0.043674,0.047272,0.29822,0.50685,0.69002,0.46739
0.0016643,0.0015625,0.0053611,0.0028515,0.0027193,0.01693,0.042469,0.061761,0.092256,0.07651,0.34413,0.1893,0.19261,0.75181,0.50249
0.0014022,0.0031551,0.0017842,0.0020638,0.0093807,0.0074064,0.030557,0.076566,0.046543,0.13319,0.071578,0.15597,0.57291,0.34713,0.73946
0.00037605,0.000827,0.0019604,0.0011548,0.0054047,0.013467,0.034959,0.07269,0.036226,0.17331,0.38536,0.21883,0.21879,0.43649,0.77099
0.0011689,0.0027716,0.007262,0.0045249,0.0047857,0.0074765,0.0095203,0.0069758,0.04184,0.024656,0.059051,0.18705,0.48955,0.45877,0.75146
0.0036899,0.0028765,0.011295,0.012456,0.0076374,0.020121,0.01611,0.060793,0.034581,0.18574,0.38453,0.18448,0.49855,0.28423,0.67021
0.00089024,0.00037871,0.0022111,0.0013045,0.0011813,0.0066347,0.01622,0.038633,0.097163,0.23779,0.12542,0.12214,0.17253,0.14831,1.0491
0.0024951,0.0010335,0.0063158,0.0037391,0.0076281,0.0050716,0.0052646,0.029884,0.071675,0.042035,0.21526,0.56212,0.56014,0.34676,0.46687
0.0020247,0.00115,0.0011082,0.0062256,0.016268,0.0073378,0.042017,0.023721,0.080512,0.04814,0.048666,0.28422,0.64601,0.29638,0.66849
0.002276,0.00094277,0.0019752,0.0013079,0.0081614,0.020867,0.054718,0.14201,0.077997,0.09863,0.2666,0.16839,0.17826,0.40621,0.85978
0.00043827,0.00075485,0.001975,0.005213,0.0023372,0.014715,0.007145,0.041357,0.09604,0.046466,0.23247,0.46796,0.22627,0.26942,0.80378
0.00084934,0.00070601,0.0024789,0.0027757,0.008027,0.0051949,0.024582,0.063439,0.030564,0.18178,0.089807,0.25036,0.41483,0.54928,0.71364
0.00086224,0.0015107,0.0024372,0.0033754,0.0018924,0.0038401,0.014659,0.0096179,0.036861,0.017488,0.096645,0.24528,0.13209,0.25749,0.93479
0.0016783,0.00080321,0.002497,0.0073855,0.0034861,0.020344,0.012652,0.017138,0.070427,0.1855,0.093698,0.10005,0.27997,0.8165,0.49761
0.0014772,0.0015671,0.00089202,0.001013,0.0011525,0.0067373,0.017527,0.037529,0.097013,0.21741,0.10014,0.11038,0.41703,0.51597,0.72415
0.0029046,0.0049277,0.0024925,0.0027818,0.0030385,0.01726,0.044151,0.1148,0.056758,0.087366,0.070843,0.19789,0.4763,0.34413,0.78214
0.00085595,0.0017976,0.0048067,0.011586,0.0052609,0.0097543,0.039146,0.10238,0.14046,0.084668,0.083068,0.51834,0.63276,0.35376,0.43892
0.0013695,0.00079193,0.00065527,0.0035128,0.0087962,0.019622,0.042657,0.02024,0.023108,0.025847,0.030244,0.16337,0.29818,0.1621,0.95104
0.0005278,0.0012569,0.0006441,0.0033212,0.0084223,0.0040529,0.0041877,0.025058,0.054982,0.14822,0.34603,0.15806,0.18887,0.42314,0.78893
0.0061812,0.0025603,0.0053631,0.0035517,0.0041331,0.023953,0.062815,0.039056,0.04503,0.047741,0.21483,0.12065,0.4619,0.22916,0.84469
0.00057824,0.0002654,0.001533,0.004007,0.0087025,0.0050066,0.0045709,0.028617,0.066651,0.030443,0.035596,0.21041,0.3576,0.48612,0.88018
0.0011234,0.0011037,0.0036611,0.0024663,0.011247,0.028914,0.015606,0.084602,0.038404,0.049757,0.25324,0.11553,0.19155,0.80866,0.48431
0.0023869,0.0049906,0.0072744,0.0040739,0.016086,0.013762,0.054593,0.040988,0.17424,0.24631,0.15943,0.38351,0.55118,0.51419,0.40762
0.0017371,0.00088946,0.0041747,0.0026944,0.01014,0.0075642,0.0079244,0.031705,0.021009,0.057457,0.14985,0.36536,0.22501,0.19097,0.86988
0.0016865,0.0024463,0.0014945,0.0067428,0.0033456,0.017993,0.011783,0.04799,0.12325,0.29646,0.26016,0.54499,0.30606,0.37303,0.57974
0.0012971,0.0019034,0.0011117,0.0060003,0.015699,0.040226,0.018432,0.094038,0.05278,0.14668,0.10948,0.091596,0.54269,0.57169,0.58432
0.0012031,0.00052118,0.0031624,0.0024017,0.010042,0.0074089,0.031656,0.014201,0.020069,0.093005,0.24403,0.10958,0.12921,0.64044,0.74855
0.001583,0.0007969,0.0042787,0.0088007,0.013243,0.014343,0.0090749,0.05382,0.02643,0.026708,0.15134,0.33814,0.37534,0.59563,0.66607
9.2875e-05,0.00010183,5.7089e-05,6.206e-05,6.9473e-05,0.00039827,0.001051,0.0027464,0.0071768,0.018327,0.048005,0.11402,0.25372,0.66525,0.76391
0.0011599,0.0018657,0.0047771,0.012016,0.0057428,0.006886,0.038356,0.099758,0.052621,0.065767,0.33052,0.15232,0.44908,0.69014,0.42475
0.0045103,0.0019313,0.010801,0.0062922,0.0055623,0.03369,0.088583,0.039715,0.054922,0.21785,0.19406,0.13236,0.14755,0.16787,1.0094
0.0039121,0.0024282,0.0019637,0.0041437,0.0026916,0.011638,0.023984,0.015995,0.013327,0.077595,0.20101,0.092099,0.10915,0.54235,0.8142
0.00031372,0.0006628,0.0016488,0.0037015,0.0098423,0.025757,0.020508,0.017083,0.08743,0.1958,0.093343,0.57224,0.25886,0.27806,0.72674
0.0022945,0.0016721,0.0047093,0.0023746,0.0027575,0.010593,0.022864,0.062821,0.12888,0.075414,0.39612,0.20343,0.1992,0.2185,0.83449
0.00094288,0.00053175,0.0023172,0.0015775,0.0034097,0.0040997,0.014307,0.037383,0.073089,0.10222,0.056561,0.33714,0.20189,0.48698,0.77618
0.0015211,0.00083401,0.0010956,0.0033342,0.0094513,0.024379,0.011016,0.05854,0.027014,0.16499,0.22541,0.11977,0.67859,0.3201,0.59369
0.0015245,0.0034083,0.0016892,0.0078591,0.019338,0.01516,0.062698,0.10214,0.057889,0.25622,0.12431,0.13066,0.14331,0.15985,0.94865
0.0020037,0.00082996,0.0025382,0.00705,0.010023,0.0065547,0.0094444,0.0357,0.09493,0.24824,0.21609,0.45104,0.23517,0.68987,0.42984
0.00094443,0.0022801,0.0055562,0.0035101,0.0033759,0.0033606,0.018524,0.01262,0.05786,0.14218,0.064354,0.39568,0.39905,0.24297,0.85785
0.0019784,0.00091622,0.002875,0.0014946,0.0016432,0.01012,0.026486,0.051669,0.13935,0.20737,0.10881,0.1155,0.38201,0.77792,0.41731
0.0016273,0.00067404,0.0036444,0.0016766,0.010577,0.023162,0.062376,0.13753,0.27346,0.12984,0.14053,0.16334,0.43628,0.59574,0.58236
