0.85794,0.83104,0.83168,0.83097,0.83132,0.83099,0.83149,0.83149,0.83175,0.83141,0.8327,0.83212,0.83212,0.83053,6.6896
0.83164,0.85782,0.8316,0.8311,0.83304,0.83176,0.83117,0.83136,0.8311,0.83149,0.83137,0.83131,0.83161,0.83094,6.6898
0.83141,0.83212,0.85926,0.83156,0.83119,0.83087,0.83187,0.83215,0.83129,0.83113,0.83247,0.83199,0.83184,0.83128,6.6861
0.83183,0.83206,0.83152,0.85901,0.83204,0.83158,0.83109,0.83051,0.83147,0.83042,0.83295,0.83127,0.83238,0.83129,6.6879
0.83155,0.83153,0.83182,0.83164,0.8592,0.83143,0.83148,0.8314,0.8311,0.83149,0.83101,0.83194,0.8321,0.83074,6.6903
0.83151,0.83145,0.83161,0.83113,0.83032,0.85979,0.83145,0.8312,0.83108,0.8328,0.83398,0.83089,0.832,0.83133,6.6873
0.83163,0.83211,0.83147,0.83076,0.83118,0.83184,0.85949,0.83209,0.83153,0.83181,0.8309,0.83092,0.83166,0.83127,6.6904
0.83195,0.83188,0.83122,0.8308,0.83205,0.8314,0.83111,0.86059,0.83144,0.83192,0.83149,0.83194,0.83137,0.83129,6.689
0.83139,0.83214,0.83322,0.83109,0.83241,0.83113,0.83198,0.83156,0.85837,0.83174,0.83163,0.83098,0.83144,0.83103,6.6851
0.83163,0.83194,0.83197,0.8315,0.82998,0.83161,0.8317,0.83108,0.83153,0.85964,0.8309,0.83092,0.83166,0.83127,6.6936
0.8313,0.832,0.83327,0.83137,0.83196,0.83143,0.83172,0.83087,0.83108,0.83202,0.85931,0.83071,0.83144,0.83074,6.689
0.83157,0.8311,0.83168,0.83068,0.83156,0.83211,0.83111,0.83123,0.83143,0.8308,0.83157,0.86041,0.83207,0.83254,6.6899
0.83162,0.83212,0.8307,0.83115,0.83168,0.83133,0.83196,0.83006,0.83109,0.83109,0.83247,0.83152,0.85912,0.83195,6.6915
0.83212,0.83181,0.83183,0.83097,0.83017,0.83103,0.83198,0.8316,0.83334,0.83219,0.83092,0.83212,0.83213,0.85868,6.6842
1.36e-05,4.026e-05,1.6009e-05,3.1488e-06,2.3927e-05,1.5476e-06,1.6828e-05,1.1228e-05,1.0637e-05,1.0186e-06,8.7496e-06,2.3917e-06,4.8637e-08,2.0393e-06,30
1.36e-05,0,1.6009e-05,3.1488e-06,2.3927e-05,1.5476e-06,1.6828e-05,1.1228e-05,1.0637e-05,1.0186e-06,8.7496e-06,2.3917e-06,4.8637e-08,2.0393e-06,30
0.85814,0.85921,0.85837,0.85929,0.85821,0.85791,0.85859,0.85794,0.85901,0.85966,0.85833,0.85833,0.85884,0.86008,6.2985
0.017541,0,0,0.00011255,0,0.81508,0.0088006,2.12e-05,1.0637e-05,0,0.82821,0.83093,0.004345,0.012054,25.05
0.008326,2.7768e-05,0.84499,0.83853,0,0.0001396,0.83867,0.0034188,0,0.014476,0.016664,0.0013442,0.0019106,2.0393e-06,25.49
0,0.84622,0.011822,3.1488e-06,0.00061099,1.5476e-06,0,0.0048248,0,0.82053,1.072e-07,0.0013079,0.83965,0.021813,25.428
0.02438,0.00017563,0.003354,0.023519,0.82633,0.018139,0,1.2218e-05,0.83937,0.77615,0,0.00028524,0,0.052778,25.559
0.83084,0.023498,0.035826,0.0094341,0,0,0.00321,0.84879,1.0039e-05,0,0.023331,0.010999,0.063695,0.83174,26.289
0,0.82051,0,0.85076,0.0017658,0,7.444e-05,0.021408,4.3113e-05,0.020908,1.7389e-05,0.84326,0,0.037879,26.035
0.00037479,0.81774,0,0.010445,0.0040827,0.015967,0.80203,0.0091105,0.00015532,0.00080688,0.8023,0,0,3.2279e-05,25.956
0.77891,0.0077984,0.82534,0,0.00014871,0,0,0.010476,0,0.83511,0.16074,0.0001451,0,0.00048751,25.94
0.0079887,0,0,0.025324,0,0.06395,0.82926,0.83078,0.020627,0.80234,6.7133e-05,0.018093,0.004389,0.00025858,25.672
0.82571,0.83463,0.021539,0.047927,0.00191,0.00068544,0,0.032292,0.84335,0,0.012897,0.019628,0.0014036,0.0037952,25.118
0.00067257,0,0.021585,0.012899,0.0026973,0.016563,0,0.02891,0.026681,0.024291,0.030916,0.84018,0.85476,0.79323,25.249
0.0046653,0.00055034,0.82958,0.013243,0,0.81524,1.4326e-05,0.76972,9.8821e-06,0.0037943,0,0.013819,0.066494,0.0027977,26.254
0.0030162,0.053171,0,0.011967,2.5483e-05,0,0.79896,0.002074,0.85293,0.00099759,0,2.3917e-06,0.83458,0.010799,25.645
0.0032859,0.00206,0.0011674,0,0.85118,0.040487,0.0069682,0.82882,0.006984,0.016836,0.79271,0,0.00055826,0.031113,26.132
0.017501,0,0.7954,0.0060243,0.0077943,0,0,0.035985,0.8581,0,0,0.84856,4.4401e-06,0.011575,26.295
7.4182e-06,0,0.018042,2.5115e-05,0,0.79397,0.82891,0,0.00089253,0.00031443,0,0,0.00065549,0.85358,26.625
0.0046871,0.8428,0.017131,0.0051833,0.79669,0.85633,0.045177,0.022626,0.041165,0.021689,0.00062044,0,0,0.047937,26.826
0,0,0,0.85076,0,0.012384,0.0062919,0.021408,4.3272e-05,0.6997,0.83414,0.010603,0,0.010742,27.425
0.8234,0.0086574,0.0094951,0.0060636,0.82247,0.0013438,0.024865,0.050825,0.00063127,0,0.057205,0.84929,0.014672,0.0084256,26.239
0.011756,0.79419,0.81624,0.015926,0.0067214,0.008765,0,0.071937,0,0.0041042,0,0,0.051038,0.83182,26.845
0.0012468,0.0097822,0.80069,0,0.75707,0.0021997,0.0090911,0.05305,0.0087928,0,0,0.0048957,0.85197,0,26.591
0,4.8394e-05,0.072508,0.095081,7.2372e-06,0,0,0.029523,0.79677,0.032958,0.77033,0.019796,0.020473,0.73964,26.675
5.6333e-05,0.0020885,0.00010634,0.0104,0,0,0.00022891,0.025415,0.0057985,0.84805,0.0080368,0.0072322,0.020549,0.81806,26.815
1.36e-05,4.026e-05,0.017898,3.0762e-06,2.3927e-05,0,1.6828e-05,0.79826,0,0.021139,8.5281e-06,0.80552,0.0053106,0.0004131,26.838
0,0.0046296,0.0033589,0.85299,0.016364,0.78828,0,0.80217,0.83483,0,0.054099,0.022602,0.79491,0,22.352
0.070775,0.0012221,0.041599,0,0.73043,0.82546,0,0,0.021175,0.85433,0.76368,0,0.77247,0.00063123,22.993
0,3.1896e-05,0.010126,0.78458,0.85107,0.012563,3.4503e-05,0.035854,0,0,6.327e-06,0.016094,0.0052234,0.0096898,28.219
0.82077,0.023291,0,0.0026488,0.028279,0.0033198,0.048417,0.0060915,0.036175,0,0.84313,0.038579,0,0.030141,28.106
0.83673,0.82795,0,0.00028433,0.67604,0.13776,0.80114,0.00025406,0,0.00052661,0.029,0.051796,0.84241,0.0026931,22.655
0.79837,2.6769e-05,0.85008,0.0098567,0.78735,0.79494,0.0032744,0.0098098,0.82158,0,4.158e-07,2.0461e-05,0,0.0044287,23.556
0.010882,0,0.77446,0.85062,0,0,0,1.3694e-05,0.00010502,0.78803,0,0.77474,0.83672,0.0031999,22.677
0.00072375,0.0010846,0.85643,0.0017127,0.074355,9.6487e-06,0.81821,0.04292,0.0021027,0.00084487,0.8322,2.8892e-05,0.82741,0.85887,22.775
5.7709e-05,0.73917,0.005883,0.056302,0,0.0053562,0.77746,0.80454,0.74195,0,0,0.011001,0.034165,0.79639,23.81
0.80013,0.044437,0.00012246,0.78992,0,0,0.78699,0.011692,0.83331,0.00028579,0.016515,0.82605,0,0,23.266
0.77691,0.81945,0.048202,0.81641,0,0.78345,0.00047186,0.018431,0.15125,0.77622,0.0082855,0.097445,0.014808,0,22.909
0.77969,0.0066378,0,0.77707,0.73657,0.85926,0.82646,0.82114,0.0016771,0.018007,0,0,0.023197,7.5668e-05,23.355
0.77978,0.015212,0.00053195,0.0072851,0.042271,0,0.039389,0.82333,0.8187,0.85498,9.6718e-06,0.013401,0.85674,0.039317,22.289
0.83437,0.79362,0.81769,0.0015033,0.0031729,0.0089791,0,0.83863,0,0.0042563,0.028506,0.82655,0.85202,0.0034038,22.188
0.10063,0.80804,0.78616,0,0.77904,0.0086975,0.010338,0,0,0.0043391,0.75558,0.8596,0.036203,0.0013229,24.09
0.029525,0.84741,0.0097103,0.00084036,0.023371,0.81884,0,0.82333,0,0.059653,0.83238,0.016434,0,0.82269,23.136
0.76218,0.010305,0.83177,0.82505,0,0.83755,0.039104,0.018192,0.0037521,0.021373,0.0035456,0.012458,0.0053961,0.81363,22.641
0.017075,0,0.84135,0.78403,5.1747e-05,0.00014322,0.0062341,0.039878,0,0.0019676,0.8292,0.84837,0.03236,0.8032,22.182
0.65739,0.0095328,0.017014,0.013851,0.024916,0.78561,0.76606,0.0087214,0.79412,0.73801,0,0.00088429,0.011608,3.2279e-05,25.141
0.81992,0.03685,0.0014764,0,0,0.83813,0.0072528,0.10442,0.80959,0.047472,0.0052632,0.81697,0.78313,0,22.434
0.013685,0.056547,0,0.83175,0.038421,0.00037997,0,0.79008,0.85154,0.82916,0.14459,0.80907,0.054981,0.0014878,22.884
0.79031,0.0052353,0.8084,0.0074767,0.028279,0.0034084,0.047699,0.076636,0.81892,0.0064933,0,0.037239,0.82614,0.77121,23.322
0.0036502,4.3853e-05,0.0017132,0.79255,0.045229,0.039888,0.72664,0,0,0.0024802,0.80488,0.83055,0.76458,0.013965,23.269
0.84947,0,0.0027929,0.82963,0.85367,0.018139,0,0.030244,0,0.8433,0.00068715,0,0,0.83661,21.941
0,0.84421,0.072333,0.09422,7.2372e-06,0,0,0.8307,0.79677,0.032765,0.78422,0.019608,0.84539,0,22.273
0.80296,0.72823,0,0.046373,0.020499,0.081838,1.1381e-05,0.0069919,2.9226e-06,0.01118,0.02129,0.8055,0.0020637,0.83043,24.286
0.007388,0.74256,0.8492,0,0.023797,0.76648,0.063084,0.012769,0.056868,0.77306,0.85142,0.0064568,0.0010018,0.017223,24.338
0.042426,0.78844,0.0081029,0.69019,0.8445,0.0024179,0.035477,0.0061642,0.0036781,0.070455,0.80282,0.044675,0.032492,0.80796,23.909
0.013839,0.0052331,0.00073464,0.82168,0.82285,0.00057187,0.026499,0.077149,0.84526,0.020931,0.022147,0.03807,0.85092,0.76979,22.623
0.83554,0.84741,0.0097103,0.084908,0.044613,0,5.3654e-05,0.82333,0.00052348,0.7693,0.78128,0.016434,0.00057945,0,22.504
0.00011726,0,0.8458,0.014592,0.030925,0.0044477,0.85925,0,0.050761,0.76921,0.010959,0.77066,0,0.038786,23.78
0.063524,0.0030229,0.003549,0.81551,0.75989,0.82431,0.11668,0.099357,0.00068592,0.0039295,0,0.83796,0.01013,0.7452,22.998
0.025276,0.043297,0,0,0.02401,0.83898,0,0.7618,0.83525,0.059478,0.020656,0.78518,0.0010808,0.81458,24.237
0.043762,0.78749,0,0.71395,0.84952,0.021459,0.8558,0,0.70543,0,0.03228,0.0027599,0.0043035,0.032099,23.903
0.0025713,0.00064926,0,0.68504,0.0073275,0.76001,0.78065,0,3.7086e-08,0.8349,0.00054127,0.00027852,0.82983,0.033982,23.715
0.83845,0,0,0.00038401,0.020992,0,0.83385,0,2.0356e-05,0.70225,0.046398,0.033872,0.82523,0.77968,23.426
0.74012,0.02901,0.0028109,0.79476,0.027186,0.0019744,0.011967,0.047881,0,0.00046199,0.021475,0.059224,0,0,27.905
0.017541,0.031274,0.0080664,0,0.044525,0,0.0089546,0.061896,0,0.0057855,0.7619,0.009365,0.82523,6.0356e-05,28.163
0.055962,0.73283,0.82643,0.81342,0.8356,0.0007127,0.0328,0.80422,8.8308e-05,9.9925e-07,0.19725,0.019628,0.055062,0.057306,22.538
0.84537,0.05707,0.80714,0.012818,0.85408,0.055193,0.83733,0.006551,0,0,0.83822,0.043999,0.033141,0.021424,22.617
0.0027133,0.0087876,0.043425,0.018534,0.068962,0.00037639,0,0.82882,0.75722,0.016836,0.021787,0.019027,0.050041,0.031113,28.089
0.80478,0.84336,0.7992,0,0.062722,0.85942,0.74403,0,0.0059681,0,0.047294,0.82509,0.034293,0.048257,23.451
0,0.0086878,0.00040551,0.043784,0.066439,0.022281,0.0085935,0.0089867,0.72628,0.79432,0.79005,0.8231,0.77483,0.0071791,23.813
0.049869,0.83047,0.00045043,0.084908,0.83266,0.00099254,0,0.8045,0.015308,0.80788,0,0.016434,0.0005037,0.77986,24.98
0.76527,0.75287,0.8315,0.71987,0,0.021305,0,0,0.019942,0.0086097,0.69136,0.097714,0.032952,0.025854,24.785
0.74542,0,0.0097027,0,0.046245,0.0010368,0.77167,0.79648,0.84656,1.158e-05,0.85256,0.081868,0,0,23.25
0.0028645,0.098813,0.80803,0,0.024146,0.0023187,0.00068459,0.78085,0.044641,0.78077,0.0096344,0.80149,0.05133,0.80203,22.94
0.021394,0.0038111,0.00099456,0.0052798,0.019667,0,0.83012,2.5092e-05,0,0.00035913,0.72726,0.84667,0.0014852,0.85816,25.763
0.021786,0.82054,0.83513,1.9362e-05,0.73871,0,0.7909,0.0043737,0.81319,0.038067,0,0.75923,0.82486,0,21.931
0.83035,0.023936,0.8309,0.82725,0.0017745,0,0.83047,0.057448,9.3843e-05,0.82858,0.81435,0.013819,0.058773,0.83203,19.364
0,0.81915,0.0046985,0.002024,0.021726,0.00037031,0.76864,0,0.78569,0.80955,0.83091,0.025816,0.76251,0.71032,20.304
0.0010182,0,0.021619,0.84597,0.024451,0.84268,0.041656,0.041242,0.012799,0.00063325,0.035854,8.351e-06,0,0.048741,26.628
0.76274,0.053445,0.85889,0,0.84627,0.81495,0.019284,0.85645,5.9129e-07,0.81658,0.026992,0.017125,0,0.83067,19.441
0.0046653,0.00055034,0.82958,0.013243,0,0.00054007,1.4326e-05,0,0,0.0037943,0,0.013819,0.058773,0,29.302
0,0.0029698,0,0.0096761,0.84049,0.84074,0.11698,0,0.81007,0,0.82036,0.84818,0.77517,0.81557,20.304
0.73812,0.029006,0.041817,0,0.010196,0.0025844,7.6446e-05,0.091549,0,0,0.021438,0.049708,0.85461,0.011099,28.318
1.36e-05,4.026e-05,1.6009e-05,3.0762e-06,2.3927e-05,0.0064502,1.6828e-05,1.1228e-05,1.0637e-05,0.73971,2.2149e-07,0.80552,0.0039234,0.019003,27.25
0.044456,0.00018561,0.75184,0.81737,0.00075119,0.00074406,0.084825,0,0.80934,0.016429,0.71967,0,0.002818,0.0011857,25.197
0.0018822,0.0041336,0.84253,0.018868,0,0.035351,0.10036,0.7849,0.035593,0.75698,0,0.01946,0.82852,0.028348,24.083
0.63397,0.83197,0.018197,0.832,0.00015434,0.0020395,0.85703,0.84008,0.0092935,0.82917,0.010362,0.83436,0,0.024064,21.083
0.0017296,0,0,0.00044074,0.013306,0,0.76107,0.00037115,0.12606,0.037283,9.2775e-06,2.368e-06,0,0.0069613,28.6
0.79777,0.79802,3.8738e-05,0.83153,0.81937,0,0.00028032,0.0059559,0.69276,0.0097201,0.067749,0.7808,0.76839,0.051482,21.67
0,0.79417,0.039844,0.0021872,0.0070361,0.81646,0.00070982,0.023844,0.0021184,0.03726,0.033092,1.2e-05,0.80176,0.82339,24.617
0.010913,0.83893,0.85414,0.81443,0.85235,0.76388,0.00046539,0.093055,0.0035342,0.81251,0,0.81491,0.084811,0.0044362,19.471
0.77407,0.0056551,0.0058314,0,0.010463,0.80101,0.022793,0.84652,7.7469e-05,0.76356,0.78251,0.031542,0.81297,0.79571,20.469
0,0,0.82646,0.76478,0.82797,0.79135,0.82872,0,0.011074,0.0070037,0.8376,0.016407,0,0.76437,19.187
0.02438,0.83523,0.003354,0.073756,0.82633,0.83063,0.8482,1.2218e-05,0.83937,0.83639,0,0.00028524,0,0.83237,19.13
0.0017342,0.0093238,0.014406,0.66405,0.046831,0,0,0.83263,0,0,0,0,0.01458,0.0042548,28.383
0.81626,0.7404,0.0030633,3.1823e-07,0.84376,0.81543,0,0.84475,0.83992,0.0002102,0.001231,0.83323,3.68e-06,0,19.057
0.82339,0.013909,0.78885,0.013058,0.78947,0.00066448,0.85183,0.83807,0.022511,0.0060635,0,0.037891,0.82324,0.84157,20.587
0.84193,0.014727,0,0.0074563,0.033598,0.0031906,0.00067886,0.01722,0.81976,0.83592,0.0078651,0.85955,0.035094,0.83182,22.435
0.0028615,0.0093231,0.013887,0.06699,0.8578,0.85743,0.74106,0.0093217,0,0.017127,0.011465,0.0076605,0.8346,0.031471,25.381
0.0091916,0.052474,0.81054,0,0.83702,0.0049353,0.80454,0.81506,0.84929,0.75848,5.1092e-06,0.018526,0,0.020281,21.536
0.0036502,0,0.008848,0.79255,0.002062,0,0.0087923,0,0,0,0.80488,0.013686,0.75837,0.85808,24.42
0.76458,0,0.017615,0.80039,0.85014,0.060554,0.044405,0.76182,0.042125,0.83407,0.81963,0,0.75763,0.032079,20.443
0,0.8442,0.016336,0.015603,0.00016204,0.020853,0.0018615,0.022039,0.0012418,0.033407,0,8.7268e-06,0.10537,0.0016648,29.101
0.79345,0.0083589,0.72904,0.00053494,0.0053086,0.85487,0.83308,0.0036978,0.069876,0.79742,0.82049,0.048424,0.81202,0.001278,19.119
0.8263,0,0.83197,0.013084,0.82998,0.83755,0.039104,0.0051986,0.0037521,0.034482,0.82274,0.012458,0.83166,0.81363,19.052
0.059538,0,0.85469,0.78902,0.045074,0.84797,0.76542,0.023844,0.85555,0.038693,0.0629,0.75977,0.83164,0.00087379,19.478
0.028775,0.84928,0.81656,5.1776e-06,0.013813,0,0,0.82896,0,0.036913,0.83238,0.016434,0,0.0010653,23.992
0.026221,0.043297,0,0,0.02401,0.83898,0.83498,0.79975,0,0.059478,5.6963e-05,0.78518,0.82175,0.81458,21.53
0,0.84918,0.040019,0.061165,0.73049,0.6459,0.77397,0,0,0.83049,0.76235,0.83277,0,0.0041685,21.5
0.79058,0.014999,0.85628,0.057447,0.76148,3.2255e-05,0.00078703,1.9127e-05,0.76691,0,0.72814,0.72936,0.78228,0.00032957,22.465
0.72236,0.85323,0.7954,0.010617,0.0094231,0.79481,0.0023374,0.074727,0.72789,0.79199,0.0036979,0.05794,0,0.81857,21.726
0.0019695,0.74881,0.041718,0.0062334,0.76043,0.017396,0,0.8284,0.85744,0,0.78692,0.85081,0,0.84432,20.919
0,0,0.0033589,0.85311,0.016633,0.76582,0.77813,0.81104,0.80004,0.78705,0.76581,0.022459,0,0.0069788,20.532
0.81657,1.3494e-07,0,0.73618,0,0.85487,0.0012971,0.040081,0.85606,3.874e-06,0.0016367,0.0014234,0.00062681,0.048876,24.755
0,0.00040654,0.072327,0.087711,0.019419,0.01337,0.71038,0.75242,0,0.048799,0,0.021629,0.79065,0,27.355
0.76613,0.80888,0.090673,5.9251e-05,0.78887,0.84579,0.00067935,0,0.69674,0.8507,0.033341,0.068434,0.77517,0.0054766,21.664
0.095864,0,0.80569,0.036997,0.83851,0.00020581,0,0.75227,0.013988,0.017542,0.0084991,0.83903,4.1e-07,0.013157,24.243
0.01137,0.82721,0.84061,0.82949,0.0067214,1.1354e-06,0,0.070327,0.83293,0,0,0.8527,0,0.82752,20.158
0.031646,0.65658,0.046276,0.78561,0.75925,0,0.8378,0.015219,0.017231,0.73643,0.0039658,0.72936,0.015611,0.85361,22.89
0.77466,0.73661,0.013974,0.050255,0,0.79511,0.04184,0.71191,1.0247e-05,0.12876,1.3958e-07,0,0.7899,0.0026302,23.811
0.77423,0.6942,0.13215,0.017803,0.7427,0.093424,0.81723,0.81474,0.00022018,0,0.69466,0.74997,0.023235,0.0026427,21.451
0,0.00044384,0.075328,0.034962,0.022233,0.83367,0.011523,0.025271,0.80168,0.78554,0.031535,0.84921,0,0.0031936,24.423
0,0.0019072,0,0.83972,0.85129,0.03702,0.06318,0.82122,0.069463,0.0044585,0.82554,0.80651,0.74269,0.73901,19.977
0.03086,0.77271,0.7987,0.81928,0.014442,0.032514,0.037421,0.031051,0.82004,0.73316,0.029511,0,0.76136,0.013679,22.012
0.0033509,0.814,0.76578,0.00087305,0.00029552,0.81897,0.82143,0.67307,0.83002,0.059617,0.8564,0.0055711,0.02084,0.00082449,21.231
0.064451,0.075415,0.83109,0.83165,0.80029,0,0.83446,0.0034917,0.041996,0.833,0.81322,0.033423,0.77049,0,19.539
0.80348,0.016708,0,0.066517,0.84295,0.080013,0.8047,0.014731,0.83227,0.85159,0.84269,0.02291,0.0021022,0,20.848
0,0.030855,0.063155,1.964e-05,0.0001429,0,0,0.74542,0,0.096392,0.14,0,0.84332,0.85365,26.815
0.049611,0.79802,3.8738e-05,0.042675,0.81937,0,0,0.0059559,0.80067,0.75542,0,0.84634,0.76839,0.77174,21.872
0.071964,0.035775,0.00035708,0.020268,0.046497,0.74619,0.0087498,0.00057748,0.80295,0,0.76177,0,0.051392,0.00053038,26.001
0.75939,0.011063,0.83177,0.82711,0.019298,0.84237,0.0086647,0.82597,0,0.021855,0,0.84818,6.3823e-05,0.0211,22.174
0.073936,0.0071127,0.016358,0.78703,0,0.038697,0.80149,0.014731,0,0,0,6.79e-05,0,0.75077,27.826
0.7457,0,0.82626,0.51901,0.045694,0.028423,0.015184,0.7886,0,1.1925e-05,0.85251,0.079681,0.81257,0.0043898,23.593
0.75219,0.11448,0.71234,0.84074,0.00051986,3.8223e-05,0,0.84464,0,0.71342,0.01974,0.0079162,0.0009169,0.087688,24.056
0.0032162,0.85028,0.062258,0.011409,0.031,0.82615,0.84116,0,0.83119,0.01699,0.83173,0.83112,0.021339,0.8526,19.465
0,0.026708,0.76665,0,0.018632,0.83839,0,0,0.10755,0.0066809,0,0.05267,0.82196,0,26.335
0.0089504,0.056204,0.80669,0.018362,0,0.05565,0.84369,0.78496,0.0016266,0.032675,0.022118,0.018209,0.028361,0.022026,26.907
0.063608,0.14725,0.011859,0.031255,0.84797,0.043829,0.047333,0.82245,0.70606,0.0079712,0.052142,0.02468,0.83276,9.9749e-05,24.325
0.0030234,0.030827,0.83837,0.78129,0.010199,0.76688,0.0045486,0.79228,0.00041994,0,0.1544,0.02361,0.82234,0.79691,22.591
0.0011722,0.0015126,0.0045583,0.7725,0.021028,0,0,0.012342,0.84878,0.83108,7.7059e-06,3.2602e-08,0,0.84894,24.2
0.064311,0.82057,0.030224,0.0013131,0,0.74087,0.011469,0.0088029,0.017035,0.026122,9.2458e-06,0.85782,0.77325,4.4161e-05,24.995
0.83161,0.73291,0.85643,0.0021561,0,1.0832e-05,0.78915,0.80291,0.0021669,0.03726,0.79091,1.2e-05,0.0893,0.82339,20.044
0.00067257,0,0.0052471,0.00049181,0.017635,0.055351,0.84613,0.040961,0.073666,0.77238,0.030916,0.84018,0.85476,0,23.866
0.026566,0.027921,0.85181,0,0.80288,0.056223,0,0.75479,0,0.7808,0.83374,0.010948,0.84005,0.82291,20.06
0,0.022425,0.015747,0.75171,0.024374,0.7868,0.0023219,0.036645,0,0,0.74229,0.075578,0.82433,0.00153,24.759
0.00020096,0.023449,0.85569,0,0.081758,0.85752,0.0544,0.066214,0.15198,0.72569,0.00058502,0.7632,0.78014,0.83881,21.836
0.78573,0.032688,0.050785,0.81619,0.0012939,0,0.011013,0.83018,0.67139,0.82047,0.78722,0.0215,0.076048,0.75767,20.132
0,0.059619,0.08433,0.81709,0.017113,0.11548,0.82915,0.82554,0.81109,7.4175e-05,0.83371,0.026638,0.76404,0.72634,20.672
0.045704,0.016355,0.85316,0.69436,0.85324,0.0042859,0.020248,0.0036436,0.0010928,0.80233,0.00015806,0.00020074,0.020835,0.052093,26.669
0,0.050366,0.013693,3.1488e-06,0.85747,0.81429,0,0.83903,0.79967,0.78196,0.78884,0.0013079,0,0.011055,22.171
0,0.000402,0.84061,0.0053464,0.0067214,0.79383,0.0032795,0.075123,0,0.038313,0.027783,0.81086,0.0039211,0.061446,25.577
0.042884,0.0019845,0.81809,5.2219e-05,0,0.78292,0.0030956,0.10973,0.79722,0,0.004748,0.041184,0.070177,0.68725,25.272
0.77615,0.71437,0.84142,0.057447,0.85129,0,0.8378,0.00034422,0.00077833,2.4589e-05,0,0.72936,0.049561,0.84516,20.418
0.72171,0.83652,0.0039356,0.67491,0.83462,0.81764,0.8305,0.012123,0.01754,0,0,0.0024572,0.029382,0.78115,20.838
0.79918,0.00332,0.011462,0,0.0097072,0.0086713,0.00073124,0.81211,0.85043,0.015929,8.5976e-06,0.8029,8.1592e-05,0,25.048
0.77378,0.0045808,0.083138,0.84439,0,0.72134,0.015439,0.018141,0.011908,0,0.77449,0.75146,0.0041345,0.77173,21.758
0.0054272,0.79099,0.84061,0.016198,0.0026925,0.016594,4.4786e-06,0.075123,0.026092,0.83614,0.032916,0.83019,0.0039211,0.050672,23.828
0.79248,0.00429,0.01198,0.010854,0.82256,0,0,0.075731,8.5225e-06,0.014299,0.00085021,4.5509e-05,0.79577,0.81187,26.694
0.055548,0.00059502,0.065792,0.83002,0,0.00545,0.069416,0.84351,0.00059587,0.020665,0.0059778,0.77601,0.083814,0.74266,24.425
0.010511,0.04312,0.0083162,0.0037444,0,0.74507,0,0.84655,7.8403e-05,0.81283,0,0.81198,0.084811,0.0044362,24.687
0.027532,0.027921,0.85181,0.027283,0.024169,0.013739,0.00072414,0.82333,0.0049831,0.059653,0.83374,0.85608,0.046377,0.12848,23.518
0.80763,0.0088974,0,0.84745,0.0026889,0.045986,0.77513,0.020151,0.12399,0.82622,0.084841,0,0,0.0069613,23.369
0,3.1488e-05,0.056728,0,0.013156,0.019732,0,0.85602,1.4168e-05,0.81642,0.81529,0.0015008,0,0.83067,24.332
0.68478,0.0029376,0,0.0098923,0.84147,0,0.1231,0,0.041491,0.84947,0.054017,0.011115,0.76878,0.024178,25.056
0.74419,0.00094151,0.016969,0.00071304,2.3927e-05,0.022126,4.4227e-06,0.016442,0.74557,0,0.81341,0.011728,0.79485,0.02071,24.899
0.80171,0.72823,0,0.8121,0.020499,0.083194,0.00049803,0.85946,0,0.0012447,0,0.035228,0.048441,0.065321,24.066
0.036787,0.77808,0.013335,0.85208,0.7904,0.84552,0.018548,0.82021,0.83148,0.027951,0.008155,0.017813,0,0,23.098
0.85312,0,0.85325,0.65744,0.02766,0.067665,0,0.032168,7.7639e-05,0.77327,2.6653e-06,1.2432e-06,0.82099,0.73035,23.671
0.0040911,0.81545,0.026152,0.81819,0.024633,0.020982,9.505e-05,0.83622,0.85251,0.0034088,0,0,0.77283,0.8128,21.188
0.013634,0,0.12021,0.00011255,0,0.78573,0.0095885,4.6332e-05,1.0637e-05,0,0.19715,0.010554,0.00045129,0.012274,27.98
0.78975,0.8314,0.73693,0.083176,0.032936,0,0,0.0037534,0.80295,0,0.77966,0,0.052626,0.77607,22.159
0.79047,0.0010538,0.0080759,0,0.00099787,0.79752,0.00013079,0,0,0.70366,0.70826,0,0.080155,0.043351,25.425
0,0,0.071861,0,0.0070361,0.81646,0.79289,0.0094395,0.80436,0.81098,0.00075963,0.0039843,0.80176,0.82336,22.033
0.00058434,0,0.058227,0.69689,0,0.79159,0.81207,0.039396,0.83043,0.025725,0.018337,0,0,0.048833,25.418
0.0027365,0.02662,0.84202,0.013471,0.027192,9.0213e-05,0.015658,0.0075049,0.08894,0.00048097,0.021475,0.77497,0.70314,0.00099332,27.143
0.79654,0,0.019983,0,0.061395,3.8012e-05,0.75703,0.00037278,0.1276,0.84379,0.0014182,0.82509,0.034293,0.048257,25.791
0.00032424,0.023449,0.82876,0.8469,0.081758,0.05565,0.8454,0.85962,0,0.72329,5.5897e-08,0.018931,0.060803,0.83881,21.532
0.83749,0.043305,0.72809,0.026802,0.78067,0,0.0026841,0.014551,0.032141,0.83198,0.78119,0.054593,0.0022839,0.74585,22.057
0.042426,0.78379,0.01015,0.68781,0.0085721,0,0.040652,0.036335,0.003708,0.8081,0.15508,0.0068819,0,0.80796,25.242
0,0.073065,0.0046985,0.052225,0.021726,0.018576,0.0099378,0,0.019628,0.82472,0.83091,0.025816,0.76251,0.71032,24.568
0.0012468,0.0097822,0.79702,0,0.75707,0.017739,0.0090911,0.05305,0.0087928,0,0.81244,0.0048957,0.0053771,0,26.985
0,0.011118,0.009001,0.027631,0.76593,0.82401,0,0.23986,0.0025975,0.043376,0.0060527,0.030857,0.031327,0.83072,28.161
0.087916,0.19434,0.0046927,0.020693,0.11786,0.83781,0,0,0.79319,0.85112,0.8074,0.0058157,0.0051649,0.83413,24.576
0,0.027564,0.0047013,0.74728,0.015438,0.03329,0,0.0038499,0.74437,0,0.7111,0.76361,0.08714,4.4385e-05,25.907
0.0028686,0.82174,0.040127,0.00043359,0.73703,0.14597,0.77438,0.7953,0.010363,0.0082701,0.019881,0.80923,0.012242,0.82196,21.066
0.77541,0,0.85136,0.00043556,0.022865,0.014347,0.78767,0,0.12606,0.060024,0.026758,2.4449e-06,0,0.82859,24.146
0.83149,0.0018432,0,0,0.81213,0.84831,0.0032023,0.04654,0.031588,0.83187,0.012745,0.84642,0.0023946,0.017035,22.546
0.046166,0.8367,0.85329,0.78977,0,0,0.83703,0.011083,0.8333,0.85068,3.8098e-07,0.8319,0,0.052431,19.503
0.010646,0,0.006061,0.85062,0.012934,0.00084542,0.76096,0.00016255,0.00015638,0.78803,0,0.77008,0,1.5284e-05,24.817
0.82193,0.014693,0.8307,0.012818,0.78689,0.00068544,6.8234e-10,0.82875,0.81147,0,0.83812,0,0,0.016945,22.402
0.002906,0.76386,0.79721,0.0062334,0.78746,0.017396,0.0033622,0.073973,0.84638,0,0.027634,0,0,0.79509,24.05
0,0.85712,0,0.85484,0,0,0.78515,0.021402,0.01318,0.82907,0.73082,0.010023,0.80642,0.014344,22.009
0.0016378,0.080233,0.00013895,0.0469,0.057028,0.019368,0.83872,0,0.00011192,0.0021397,0.0074568,0.8465,0.024009,0.00070022,27.704
0.84486,0,0.010744,0.7649,0,0,0.00080628,0.12495,0.83483,0,0.76581,0.028042,0.00072563,0,24.695
0.80046,0,0,0.024368,0.0026371,0.81155,0,0.020046,6.6053e-06,0,0.00013606,0,0.069394,0.85915,25.631
0.046574,0.8578,0,0.85484,0,0,0,0.021402,0.79305,0.85121,0.79256,4.4471e-05,8.9732e-05,0,23.601
0.03898,0.81283,0.023866,0.010827,0.014087,0.034641,0.037753,0.03154,0.013298,0.048352,0.83196,0.85819,0.034809,0.81191,24.847
0.77978,0.83576,0.83324,0.00084036,0.042271,0,0.78573,0.80267,0,0.77623,0.020879,0.012965,0.85397,0.03612,19.057
0.75896,0,0.070474,0.85025,0.82716,0.16383,0.76512,0.84219,0,0,0.79375,0.036785,0.011068,0.84395,18.972
0.74806,0,0,0.70076,0.051377,0.80646,0.73237,0.78512,0.03575,0.8328,0.018113,0.82332,0.82083,0.027663,19.421
0.77779,0.042683,0.014216,0.0098275,0.0026334,0,0.013681,0.0090727,0.75035,0.78578,3.3351e-10,0.0012111,0.012104,0.003183,26.934
0,0.0094163,0,0.68781,0.79527,0.76294,0.039659,0.036335,0,0.80461,0.12637,0.036377,0.85889,0.79691,21.685
0.055705,0.8442,0.83389,0.01286,0.79429,0.02232,0,0.015092,0.0012418,0.03267,0.00034149,1.7625e-05,0.10537,0.03105,25.391
0.053246,0.79803,0,0.00081756,0.7614,0,0.78239,0.00018405,0.83491,0.0068824,0.79176,0.00016303,0,0.82987,21.368
0.071964,0.81605,0.01201,0.025297,0.046497,0,0.0087498,0.00057748,0.80295,0,0.76177,0,0.051392,0.00053038,25.773
0.020443,0.84399,0.84595,0.0047873,0.77437,0,0.80159,0.0017206,0.80841,0.7991,0.72634,0.027269,0.0010167,0,19.587
0,0.73207,0.0034617,0.0024546,0.83152,0.81483,0.85232,0.82957,0.057231,0.00086666,0.035659,0,0.027269,0.036205,22.798
0,0.052216,0.0005616,6.4319e-10,0.83311,0.00027789,0.77514,0.011208,0,0,0.80863,0.034674,4.8637e-08,2.0393e-06,26.66
0.0076353,0.73769,0.83513,5.7637e-05,0.033806,0.0098985,0.063202,0,0.85074,0.77306,0.82919,0.75361,0.0010141,0.84317,21.564
0.028673,0,7.8236e-05,0.015574,0.76327,0.017363,0,0.0043179,0.022273,0.038266,0.78526,0.81307,0.088862,0,28.624
0.0061372,0.78749,0,0.017082,0,0.84548,0.0057353,0.84101,0.064412,0.017549,0.00070745,0,0.026243,0,26.233
0.00035247,0.0076164,0.04644,0.73606,0.84058,0.020708,0.70324,0.020668,0.70961,0,0.82691,0.00017449,0.81932,0.026511,24.401
0.74571,0.00093811,0.84225,0.84272,0.82353,0.025162,0.7398,0.0074301,0,0,0.00017685,0.056388,0.831,0.01809,21.119
0,0.85766,0,0.0023271,0.7812,0.83389,0.00022891,0.025415,0.062589,0.85267,0.00053669,0.8495,0.0069468,0.84405,20.344
0,0.82629,0.80376,0.68781,0.010199,0.76294,0.0045272,0.060831,0.0035599,0.79549,0.1544,0.00167,0.82234,0.79691,19.876
0.6727,0,0,3.1488e-06,3.2942e-05,1.5476e-06,1.6828e-05,1.1228e-05,5.6799e-06,1.0186e-06,8.7496e-06,7.762e-05,4.8637e-08,2.0386e-06,29.811
0.0025161,6.4365e-05,0.80213,0,0.73411,0.84155,0.83342,0.0090639,0.039165,0.63661,0.015859,0.85032,0.79043,0.00017099,20.691
0.71193,0.82825,0.81906,0.82325,0.77234,0.00097822,0.038534,0.81186,0.81421,0.84787,0,0.81508,0.0010342,0.050197,17.775
0.0031756,0.74832,0.80644,0.0028996,0.030677,0.82532,0.0010217,0.035985,0.8581,0,0.76631,0.84902,0.0012254,0.00016097,24.928
0.81405,0.0080833,0.78272,0.0071587,0.069666,0.67261,0.00017416,0.032148,6.3104e-05,0.018848,0.78317,6.1622e-05,0.00079634,0.027942,25.378
0,1.3494e-07,0,0.73618,2.5751e-05,0.85487,0.001293,0,0.85606,0.74067,4.9651e-05,0.0014234,0.00066841,0.048876,25.02
0,0,0.84249,0.67336,0.0067214,0.0007344,0.0032795,0.11127,0.052902,0,0.027685,0.80806,0.0039211,0.010027,26.508
0,0.8578,0.016588,0.78589,0,0,0.023676,0.85721,4.3113e-05,0.00062139,0.81953,0.0012217,0,0.014237,25.295
0.072453,0.0083569,0.81868,0.013078,0.027915,0.0021386,0.74635,0,0,0.00049693,0.77117,0.8596,0.0043919,0.0015053,26.3
0.00010762,0.020701,0.82344,0.026321,1.5229e-05,0.81266,0.83535,0.71813,0,0.70822,0.79099,0.0098429,0.021192,0.042375,23.378
0.062856,0.0073144,0.016677,0.786,0.72619,0.81755,0.80041,0.81449,0,0,0.81963,0.033559,0.77038,0,21.004
0.0017342,0.0093238,0.014406,0.66866,0.046831,0,0,0.83263,0,0.75244,0,0,0.74749,0.0011914,25.334
0.0023868,0.77662,1.6172e-05,0.010498,0.0021134,0,0.0033546,1.2268e-05,0.83074,0,0.027137,0.0065588,0.79066,2.2032e-08,27.237
0.0028178,0.0044801,0.00018461,0,0.015384,0.023325,0.84233,0.82882,0.0078531,0.016836,0.83891,0.0027171,0.029308,0.031113,26.454
0.03713,0.033304,0.0011079,0,0.0016905,0.74598,0.0033187,0.066733,0,0.0014488,0.78732,0,0.76758,0.79218,25.287
0.033373,0,0.040981,0.023758,0.81765,0.053931,0.00070821,0.023626,0.014979,0.035877,0.0031149,0.83099,0,0.85047,25.261
0.76667,0.013478,0.00011131,0.00011255,0,0.81409,0.0088006,0,0,0.0073866,0.021236,0.83093,0.004345,0.012054,25.351
0,0.0093597,0.81787,0,0.83812,0.0094651,0,0.0010328,0.0054411,0.74647,0.83222,0.76003,0.85268,0.013117,22.055
0.84193,0.014727,0,0.0074563,0.029105,0.0031906,0.00067886,0.071937,0.81976,0.0041042,2.4817e-06,0,0.051038,0.83182,26.526
0,0.0091538,0.014406,0.046023,0.058096,0,0.029564,0,0,0.78494,0,0,0.0080412,0.0011914,28.612
0.8358,0.81301,0,0.079001,0.83066,0.024527,0,0.82943,0,0.82289,0.7229,0.84228,0.85447,0.85627,15.779
0.076939,0.82057,0.031211,0.0013142,0,0.74087,0.011469,0.0088029,0.017035,0.016822,0.79116,0.0064069,0,4.4161e-05,26.57
0.74012,0.82138,0.0028109,0.78091,0.79341,0.051369,0.068842,0.047881,0,0.00046199,0.021475,0.059224,0,0,24.576
0.81609,0.7404,0.0030633,3.1823e-07,0.83229,0.01071,0.79727,0.80313,0,0.77633,0.020497,0.0077987,3.68e-06,0,24.43
0.70997,0.84721,4.9629e-06,0.72515,0,0.0095953,0.034775,0.02094,0.016594,0.0040756,0,0.017195,9.5903e-06,0.77174,25.366
0.00058434,0.021797,0.052945,1.77e-05,0,0.79159,0.81207,0.010934,0.84483,0.026166,0.018337,0.82459,0,0,24.732
0.77189,0.030901,0.83837,0.78129,0.010199,0.76688,0.0046173,0,0.00041994,4.1482e-06,0.15926,0.02361,0.85718,0.0027492,23.908
0.71201,0.81981,0.017433,0,0.0066015,0.0090596,0.85758,0.81639,0.11088,0.0060186,7.8063e-06,0.78753,0.81902,0.83064,20.788
0.10063,0,0.0011792,0,0.00010679,0.046148,0.76391,0.83461,0.0042011,0.0033412,0.75181,0.8151,0.84101,6.9673e-05,23.418
0.052094,0.015474,0.85345,0.042942,0.028764,0.79461,0.060764,0.81276,0.85335,0.099958,0.0109,0.74639,0,0.0082289,22.454
0.80831,0.0088339,0.8307,0.012818,0,0.044777,6.8234e-10,0.82875,0.81147,0.85411,0.043211,0,0,0.016945,23.372
0.015625,0.0099665,0.80669,0.018358,0.82532,0.085855,0.8454,0.82044,0.036077,0,0.83605,0.0209,0.057066,0.83861,21.13
0.79323,0,0.040578,0.00034295,0,0.79404,0.83955,0.020094,0.00089253,0.011444,0.78099,0.025883,0.091808,0.84699,23.561
0.55016,0,0.81906,0.010002,0.83609,0.82223,0.83154,0.0097425,0.027718,0.0074958,2.9472e-06,0.0055272,0.017342,0,24.591
0.042426,0.0094163,0.0095554,0.017754,0.024471,0.76343,0.040652,0.036335,0.003708,0.036024,0.15508,0.82628,0,0.80796,27.115
0.79248,0.00429,0.00083618,0.010854,0.82256,0,0.77555,0.010996,8.5225e-06,0.014299,0.0070646,0.034735,0.03786,0.81187,27.304
0.042658,0.7934,0.016319,0.80474,0.82896,0.8396,0.85613,0,0.00586,0.00035539,0.026613,0.82514,0.025457,0.048864,22.247
0,0.052216,0.0005616,6.4319e-10,0,2.1892e-06,0.026194,0.011208,0,2.701e-05,0.8204,0.0014701,4.95e-08,2.0393e-06,29.984
0.73525,0.24558,0.00010638,0.72937,0.76279,0.77198,0.85131,0,0.75334,0.73212,3.1659e-08,0.68164,0.013219,0,19.746
0,0.18843,0.025064,0.00079236,0,0,0,0.027231,0,0,0.040769,0.78198,0.10537,0,28.612
0.016726,0.001892,7.2198e-08,0.83935,0.021079,0,0.83134,0.85935,0,0.002802,0.0076262,0.75966,0.029198,0.00070022,24.733
0.0031752,0.098813,0.76644,0.0021919,0,0.090236,0.03154,0.76413,0.028003,0.0071025,0.033117,0.050593,0.05133,0.83169,25.815
0.79047,0.0010538,0.0080759,1.8762e-05,0.0017143,0.001314,0.00013079,0,0,0.70366,0.68176,0.73753,0.073065,0.042887,26.85
0.0015727,0.73204,0.0051942,0.013583,1.6939e-05,0.017229,0.81532,0.80313,0.00079677,0.84667,0.83147,0.7306,0.019027,0,22.948
0.10063,0.81646,0.031403,0,0,0.046148,0.76391,0,0.0042011,0.0043391,0.75558,0.8596,0.84101,4.9656e-05,23.74
0.0039007,0,0.02589,0.016155,1.5599e-05,0.017299,0.79592,0.77273,0,0,0.037243,0.031938,0.021189,0.75233,28.246
0.74012,0.029006,0.0028109,0.7951,0.010196,0.0019744,0.0046724,0.047881,0,0,0.021438,0.059224,0.85461,0.75769,25.294
0.010882,0.8217,0.83229,0.85062,0.85589,0,0.024623,2.2198e-05,4.9594e-05,0.058379,0.00034285,0.80659,0.83672,0.003192,20.36
0.7705,0.061928,0,0.014156,0.0011574,0.84788,0.00066979,0.78274,0.031676,0.014322,0.012445,0.048175,0.0024304,0.013581,25.237
0,0.022818,0.8497,0.018981,0.069596,0,0.85212,0.016205,0.72628,0.79463,0.78157,0.066499,0.82194,0,21.754
0.00023669,0.75388,0,0.016035,0.85707,0.0097233,0.80206,0.80236,0.018292,0,0.021997,0.0023577,0.84791,0,23.756
0.7561,0,0.095946,0.78069,0.022558,0,0.84138,0.0034655,0.065168,0,0.70334,0.031647,0.82537,0.022088,23.291
0.71962,0.80176,0.075134,0.82154,0.0098634,0.78587,0.013216,0.81193,0.70645,0.0058649,0.78797,0.031544,0.83081,0.044859,19.382
0.027889,0.043479,0.12275,0.010827,0.10737,0.033429,0.065409,0.011102,0.10909,0.81224,0.83196,0.82913,0.034809,0.81362,25.948
0.00067257,0.84238,0.0052471,0.077618,0.017635,0.055351,0.84613,0.00061171,0.073666,0,0.00053152,0,0.85476,0,25.338
0.83161,0.7941,0.85643,0.0021561,0.0070361,1.0832e-05,0,0.023844,0.0021184,0.03726,0.033092,1.2e-05,0.80131,0.82339,22.219
0.77618,0.84918,0.0023676,0.061165,0.729,0.5575,0.77397,0,0,0.79484,0.76572,0.061329,0,0.74084,21.059
0.83736,0.0051825,0.13215,0.017803,0.7427,0.093424,0.81723,0.81474,0.00024164,0,0.69466,0,0.78052,0.0026427,22.397
0.024605,0.15106,0.006605,0.77807,7.9237e-05,0.7655,0.024254,0.83392,0.022398,0.074545,0.032242,0.84401,0.79206,0.026354,22.285
0.83579,0.81353,0,0.079001,0.85873,0.024527,0,0.010272,0,0.82289,0.72315,0.84299,0.10017,0,20.604
0.032565,0.0068005,0.0037228,0,0.062722,3.8012e-05,0.75703,2.815e-05,0.83843,0.82497,0.047684,0.82509,0,0.048257,25.579
0.043762,0.78749,0,0.71395,0.84898,0.021459,0.018962,0,0.70543,0.85539,0.03228,0,0.0043709,0.032099,24.866
0.063608,0.82424,0.038739,0.031255,0.84808,0.018583,0,0.8091,0.67302,0.007885,0.051174,0.041992,0.04717,0.012425,25.052
0,0.061381,0.0005616,3.1488e-06,0.83311,0.00027789,0.056353,0.011208,3.5133e-05,0,1.5202e-07,0.03478,4.8637e-08,2.0393e-06,29.514
0.043143,0,0.80768,0.85062,0,0,0.027081,0.0065606,0.0001065,0.78803,0.84431,0.76044,0.038778,0.0031999,22.246
0,0.84375,0.81758,0,0.0031623,0.14261,0.76972,0.01851,0,0.74781,0,0.84202,0.84935,0,20.935
0,0.0070081,0.000589,0.79398,1.4798e-05,0.035795,0.026981,0,0.0012418,0.033407,0,0,0.10067,0.035728,28.629
0.017251,0.028284,5.668e-05,0.00011255,0,0.8507,0.10506,0.02201,0,0.79337,0.84167,0.83093,0.80241,0.092486,21.977
0.80478,0.84336,0.7992,0,0.062722,0.85942,0,0.11267,0.0059681,0,0.78011,0.82509,0,0.75924,21.629
0.76736,0.0066378,0,0.79198,0.78901,0.83402,0.015253,0.0085588,0.0041022,0.85254,0.79202,0,0.024714,7.5668e-05,20.917
0.0032162,0.83358,0.062258,0.011409,0.031,0.82615,0.025175,0.74633,0.79731,0.80412,0.82878,0.83112,0.020851,0.8526,18.034
0.00050467,0,0.82196,0.67324,0.03269,0.069189,0.0032795,0.074218,0.82985,0,0.036297,0.00037007,0,0.83252,24.597
0.74806,0,0.83156,0.01989,0.018731,0.80646,0.0058178,0.78512,0.03575,0.8328,0.018113,0.82332,0.77327,0.027663,20.262
0.78583,0.040579,0.79937,0.78992,0,0.0088192,0.015405,0.011692,0.81629,0.0039735,0.016515,0.8137,0,0.011862,24.292
0.049573,0.8268,4.9629e-06,0.042675,0,0,0.00036277,0.0059559,0.79986,0.014663,0,0.84634,0.0018429,0.77174,25.758
0.0004499,0.83192,0,0.81376,0,0.80244,0.027057,0,0,0.82815,0,0.77836,0.85256,0.021506,21.772
0.059588,0,0.85469,0.8024,0.045074,0.018916,0.1165,0,0.85555,0.038693,0.79512,0.79642,0.82398,0.00087379,20.779
0.0019141,0,0.019675,0.81567,0.85348,0.852,0.73935,0.0028563,0,0,8.015e-06,3.1775e-06,0.0051431,0.0019479,26.704
0.81349,0.84492,0.85536,0.0020875,0,0.0018896,0.044943,0.035379,0.00020981,0,0,0.00086124,0.00043064,0,26.138
0.045463,0,0,0.066517,0.84295,0,0.015698,0.014731,0.78453,0.81519,0.83861,0,0,0.81315,23.462
0.087916,0.19434,0.0046927,0.017505,0.064914,0.85913,0,0.80708,0.79319,0.85112,0.00014794,0,0.0035369,0.83413,25.021
0.04464,0,0.85128,0.017901,0.72097,0.017797,0.80798,0.0017073,0.74062,0,0.061216,0.011001,0.038352,0,26.272
0.00058712,0.18739,0.70734,0.72989,0,0,0.67458,0.8048,2.265e-06,0.089021,0.00014651,0.81832,0.81936,0.7897,23.459
0.068744,0,0,0.00038401,0.7695,0,0.8043,0,0,0.70225,0.021478,0.033872,0.76169,0.83453,25.67
0.072453,0.0083569,0.81868,0.013078,0,0.78169,0.74635,0,0,0.00049693,0.77117,0.8596,0.0043919,0.84699,23.417
0.71681,0.84079,0.063028,0,0,0.83848,0.84305,0.83669,0.040044,0,3.8671e-05,0.0054618,0,0.036741,24.814
0.74012,0.02662,0.84155,0.037068,0.027842,0.0019744,0.017067,0.79351,0.086991,0.00046199,0.021475,0.78664,0,0.00054432,24.453
0.050774,0.0040139,0,0.81376,0.84107,0.82787,0.027057,0,5.6155e-06,0.01603,0.011025,0.77749,0.85256,0.057826,23.129
0.042426,0.0094163,0,0.68781,0.0085721,0.76343,0.040652,0.036335,0.003708,0.8081,0.15508,0.82615,0,0.80796,24.219
0.77978,0.016074,0.00053195,0.79948,0.042271,0,0.03957,0.82799,0.0012521,0.8137,0,0.012965,0.85506,0.81866,21.548
0.0013567,0.81283,0.023866,0.010322,0.80951,0.00037255,0.00015655,0.03154,0.013298,0.024779,0.72971,0.85819,0.81108,0,24.308
0.845,0.79289,0.0028685,0.8303,0.84801,0.041809,0.043468,0.82347,0.010861,0.00050645,0.00068715,0.057824,0.82212,0,20.4
0.026157,0.81821,0.79358,0.018868,0,0.056393,0.10036,0.7849,0.035593,0.0066285,0,0.019516,0.77226,0.028348,24.206
0.8234,0.0086574,0.0094951,0.0042028,0.82247,0.0013438,0.024865,0.84039,0.00063127,0.85308,0.057205,0.82874,0.72627,0.0084256,20.654
0.72985,0.0073144,0.016677,0.786,0,0.040022,0.80041,0.81449,0,0,0.81963,8.3935e-05,0,0,23.816
0.0053205,0.80913,0.71591,0,0,0.84143,0,0.021898,0.82028,0.83251,0.032855,0.027124,0.79709,0.029094,23.337
0.00063456,0.75576,0.0028254,0.79864,0.01693,0.0013035,0.68394,0.82871,0.016953,0.010313,0.0037916,0.0023486,0,0.74253,24.124
0.013066,9.9729e-05,0.0083567,0.78417,0.85235,0.76389,0.69271,0.8245,0.00039254,0.82496,0,0.81491,0.087882,0.76845,19.607
0.00010762,0.21319,0.80051,0.026662,0.78228,0,1.3922e-06,0.76278,0.82821,1.0241e-06,0.027153,0.0063747,0.021358,0,25.087
0.0028686,0.0008105,0.072143,0.00043085,0.73703,0.14597,0.77439,0.7953,0.8126,0.0082701,0.019881,0.80923,0.012242,0.82196,20.968
0.036489,0.036794,0.82409,7.2597e-08,0,0.017271,9.5176e-05,0,0.82153,0.005053,0.7605,0.0049347,0.8453,0.73864,23.01
0.070775,0.0012221,0.041599,0,0,0.82546,0.049619,0,0.021175,0.85433,0.023688,0.00027916,0.77082,0.034169,25.359
0.01137,0.73818,0.11166,0.81195,0.0013087,0.83721,2.3819e-06,0.84333,0.06321,0.0042833,0.0083257,0.84906,0.052044,0.79584,21.386
0,0.001571,0,0.68504,0,0.81596,0.027804,0,0.78382,0.028342,0,0.00027852,0,0.69353,25.841
0.75045,0.0038111,0.00099456,0.0053131,0.1113,0,0.85791,0.84473,0,0.00035913,0.70003,0.84667,0.0014852,0.85823,22.038
0.8212,0.83463,0.82668,0.012818,0.85408,0.00068544,0,0.006551,0,0,0.83822,0.042063,0.033141,0.0044287,22.782
0.77415,0.83202,0.0054464,1.9345e-05,0.032947,0.024033,0.02273,0.0037386,0,0,0.7857,0.0077679,0,0.77569,24.939
1.36e-05,0.19325,0.6983,3.1428e-06,0.068139,1.5476e-06,1.6828e-05,0.80667,1.0637e-05,1.0186e-06,7.9139e-06,2.4285e-06,0,0,27.276
0,0.057453,0.013693,3.1488e-06,0.00059117,0.001315,0,0.0016739,0,0.78113,0.79215,0.0013079,0.02454,0.021813,27.344
0.84976,0.0031649,0.7365,0.079845,0.0016257,0.1486,0.78195,0.054536,0.82255,0.067171,0.75428,0,0,0.08676,23.247
0.0034225,0.098813,0.76719,0.0022495,0,0.090236,0.031658,0.76413,0.82187,0.0071025,0.033117,0.79774,0.05133,0.83169,22.992
0.71962,0,0.075134,0.010617,0.0098634,0.78587,0.013216,0.81193,0.70636,0.001509,0.004114,0,0.83081,0.045249,24.652
0,0.023733,0,0.010445,0.024594,0.78561,0.76578,0.0087931,0.06779,0.74661,0,0.00088429,0.011691,3.2279e-05,26.61
0.77691,0.81945,0.84519,0.81641,0,0.008402,0.011013,0.018431,0.13382,0.090089,0,0.0021387,0.79882,0.013703,22.168
0,0.8578,0.016588,0.78589,0.84609,0.0002757,0.77262,0.85721,4.3113e-05,0.00059438,0.80776,0.034425,0,0.014237,22.414
0.072631,0.79253,0.011005,0.023932,0,0.7869,0.79758,0.0065907,0.004629,0.76744,0.77485,0,0.82079,0,21.653
0.085005,0.018204,0.85414,0.81443,0.85235,0.76388,0.00046539,0.78941,0.0035342,0.81735,0.0010212,0,0.10886,0.0044362,21.37
0.64254,0.024198,0,0.0096761,0.84049,0.78549,0.00040411,0,0.81007,0.75781,0.82036,0.84818,0.77517,0.036664,19.909
0.0028178,0.0093231,0.013887,0.06699,0.0051985,0.0194,0,0.0093217,0.00019772,0.016836,0.011465,0.0076605,0.8346,0.031576,29.779
0.00020096,0.023449,0.83983,0,0.081758,0.05565,0.0544,0.024482,0,0.72569,0.00058502,0.019167,0.78014,0.83881,25.294
0.034797,0.79253,0.84996,0.033484,0,0.018265,0.83225,0.84469,0.77709,0,0.025838,0,0.044695,0.059777,23.387
0.049869,0,0.00067877,0.77433,0.83266,0,0,0.80483,0.0018048,0.80788,0,0.016647,0,0.77986,25.731
0.017251,0.028284,0,0.0062166,0.83518,0.8507,0.028733,0.02201,0,0.79337,0.060572,0.83093,0.80241,0.093336,22.043
0.02857,0.76645,0.81094,0.080913,0.0018087,0,0.76249,0.026115,0.044166,0.78077,0.0096344,0.79958,0.05133,0.80203,21.726
0.058473,0.028502,0.82643,0.81342,0.0083698,0.00038349,0.0328,0.80422,0,0.030572,0.19697,0.019628,0.055062,0.057306,26.477
0.81194,0.080324,0.082259,0.047945,0.76632,0.019135,0.004098,0.021151,0.00656,0,2.7559e-07,1.8892e-10,0,0.0044287,28.25
0.76423,0.027564,0.0047013,0.74728,0.015787,0.03329,0,0.0041105,0,0,0.73717,0.7549,0.08714,4.4385e-05,25.915
0.84529,0.79606,0.7365,0.079845,0.0016257,0.14846,0.78283,0.018116,0.02403,0,0.75428,0.056735,0,0,23.248
0.69551,0.0071153,0.84049,0.78745,1.151e-06,0,0.7832,0,0,0,0.81625,0.013819,0.058773,0.0016594,24.398
0.080003,0.0080833,0.78272,0.0071587,0.81377,0.67261,4.8505e-05,0.010415,6.3104e-05,0.79679,0.0007014,0.024162,0,0.027545,25.625
0,0.001793,0.76857,0.76113,0,0,0,0.0087374,0.78571,0.0093465,0.015801,5.4215e-06,0.85628,0.00020872,24.745
0.77267,0,0.019675,0.81567,0.090954,0.852,0.73935,0.076614,0,0.0067781,0,0.03508,0.0051431,0.77673,25.483
0.77969,0.0066378,0,0.78026,0.78952,0.83794,0.82646,0.0031365,0.0016771,0.018007,0.79202,0.0056954,0.024825,7.5668e-05,22.787
0.044228,0,0.85248,0.056421,0.018731,0.80646,0.82889,0.78512,0.03575,0.8328,0.017616,0.82332,0.062913,0.027663,21.034
0.79685,0.84773,0.0030121,0.084908,0.83266,0.00099254,0.011263,0.8045,0.015308,0.044024,0,0.016434,0.0005037,0.77986,24.386
0.043762,0.78749,0,0.014999,0.84898,0.013783,0.0189,0,0.70543,0.85539,0.8141,0,8.1428e-05,0.032099,24.482
0.54815,0.74232,0.84867,0.76478,0.030579,0.79163,0.82872,0,0.011074,0.0070037,0.8376,0.016407,0.00029341,0.76437,19.592
0.81458,0.013909,0.78885,0.013058,0.78947,0.00066448,0.85183,0.83807,0.79519,0.0060635,0.8382,0.80896,0.82324,0.84157,15.811
0.82571,0.8346,0.025912,0.047927,0.77502,0,0.82824,0.025697,0.84335,0,0.012897,0.082534,0.0014036,0,21.851
0.01086,0.037758,0.0013822,0,0,0.83813,0.0088027,0.10442,0.82655,0.048577,0.78794,0.81697,0.78348,0,22.519
0.83904,0.040136,0.036745,0,0.66709,5.8296e-05,0.0091257,0.84879,0.0087489,0.8118,0,0.010999,0.0062724,0.83174,24.249
0.84288,0.80719,0.051164,0.012778,0.85419,0.016537,0,0.84504,0,0,0.78853,0.02608,0.0030844,6.8048e-05,22.988
0,0.79417,0.039844,0,0.0070361,0.81646,0.79288,0.0094395,0.0021184,0.81098,0.00075963,0.0039843,0.80176,0.82336,21.779
0.00047546,0.00206,0.80685,0,0.024918,0.040487,0.0069682,0.062717,0.82434,0.016836,0.037165,0.00036866,0.00055826,0.031113,27.459
0.0025713,0.010677,0,0.68504,0.0073275,0.76001,0,0.83123,3.7086e-08,0.83517,0.71268,0.00027852,0.82983,0.067465,23.038
0.0010182,0,0.062128,0.84597,0.031072,0.84268,0.041656,0.040971,0.012799,0.00068062,0.035854,0.85715,0,0.048741,25.51
