0.0625,0.0625,0.088388,0.125,0.17678,0.25,0.35355,0.5,0.70711,0
1.0311e-07,1.0311e-07,1.4582e-07,2.0622e-07,2.9164e-07,4.1244e-07,5.8328e-07,8.2489e-07,1.1666e-06,1
0.0625,0.0625,0.088388,0.125,0.17678,0.25,0.35355,0.5,0.70711,0
3.827e-18,3.827e-18,5.4122e-18,7.6541e-18,1.0824e-17,1.5308e-17,2.1649e-17,3.0616e-17,4.3298e-17,1
3.827e-18,3.827e-18,5.4122e-18,7.6541e-18,1.0824e-17,1.5308e-17,2.1649e-17,3.0616e-17,4.3298e-17,1
3.827e-18,3.827e-18,5.4122e-18,7.6541e-18,1.0824e-17,1.5308e-17,2.1649e-17,3.0616e-17,4.3298e-17,1
3.827e-18,3.827e-18,5.4122e-18,7.6541e-18,1.0824e-17,1.5308e-17,2.1649e-17,3.0616e-17,4.3298e-17,1
0.019756,0.019756,0.027939,0.039512,0.055878,0.079023,0.11176,0.15805,0.22351,0.94875
0.039175,0.039175,0.055402,0.07835,0.1108,0.1567,0.22161,0.3134,0.44321,0.77922
0.0085306,0.0085306,0.012064,0.017061,0.024128,0.034122,0.048256,0.068245,0.096512,0.99065
0.01357,0.01357,0.01919,0.027139,0.038381,0.054279,0.076762,0.10856,0.15352,0.97615
0.053667,0.053667,0.075896,0.10733,0.15179,0.21467,0.30359,0.42934,0.60717,0.51255
0.027892,0.027892,0.039446,0.055784,0.078891,0.11157,0.15778,0.22314,0.31557,0.89493
0.0041187,0.0041188,0.0058248,0.0082375,0.01165,0.016475,0.023299,0.03295,0.046598,0.99784
0.016475,0.016475,0.023299,0.032949,0.046597,0.065898,0.093194,0.1318,0.18639,0.96465
0.046218,0.046218,0.065362,0.092435,0.13072,0.18487,0.26145,0.36974,0.52289,0.67322
0.05994,0.05994,0.084768,0.11988,0.16954,0.23976,0.33907,0.47952,0.67815,0.28334
0.033062,0.033062,0.046756,0.066123,0.093512,0.13225,0.18702,0.26449,0.37405,0.84865
0.023507,0.023507,0.033244,0.047014,0.066488,0.094028,0.13298,0.18806,0.26595,0.9266
0.010958,0.010958,0.015497,0.021916,0.030994,0.043832,0.061988,0.087664,0.12398,0.98452
0.0062278,0.0062278,0.0088074,0.012456,0.017615,0.024911,0.03523,0.049822,0.070459,0.99504
0.0020813,0.0020813,0.0029433,0.0041625,0.0058867,0.008325,0.011773,0.01665,0.023547,0.99945
0.0073648,0.0073648,0.010415,0.01473,0.020831,0.029459,0.041661,0.058918,0.083323,0.99304
0.018064,0.018064,0.025546,0.036127,0.051092,0.072255,0.10218,0.14451,0.20437,0.95734
0.057101,0.057101,0.080752,0.1142,0.1615,0.2284,0.32301,0.4568,0.64602,0.40665
0.042595,0.042595,0.060238,0.085189,0.12048,0.17038,0.24095,0.34076,0.4819,0.73182
0.049961,0.049961,0.070656,0.099923,0.14131,0.19985,0.28262,0.39969,0.56525,0.60084
0.035997,0.035997,0.050907,0.071994,0.10181,0.14399,0.20363,0.28797,0.40726,0.8175
0.030367,0.030367,0.042945,0.060733,0.085889,0.12147,0.17178,0.24293,0.34356,0.87405
0.061832,0.061832,0.087444,0.12366,0.17489,0.24733,0.34977,0.49466,0.69955,0.14586
0.014984,0.014984,0.021191,0.029969,0.042382,0.059938,0.084765,0.11988,0.16953,0.97085
0.021562,0.021562,0.030494,0.043125,0.060987,0.086249,0.12197,0.1725,0.24395,0.93863
0.025617,0.025617,0.036228,0.051235,0.072457,0.10247,0.14491,0.20494,0.28983,0.91215
0.0097327,0.0097327,0.013764,0.019465,0.027528,0.038931,0.055056,0.077862,0.11011,0.98782
0.012253,0.012253,0.017329,0.024507,0.034657,0.049013,0.069315,0.098026,0.13863,0.98061
0.0010999,0.0010999,0.0015555,0.0021998,0.0031111,0.0043997,0.0062221,0.0087994,0.012444,0.99985
0.0051945,0.0051945,0.0073462,0.010389,0.014692,0.020778,0.029385,0.041556,0.05877,0.99655
0.0031328,0.0031328,0.0044305,0.0062656,0.0088609,0.012531,0.017722,0.025063,0.035444,0.99875
0.0068005,0.0068005,0.0096173,0.013601,0.019235,0.027202,0.038469,0.054404,0.076939,0.99407
0.017256,0.017256,0.024403,0.034511,0.048807,0.069023,0.097613,0.13805,0.19523,0.96115
0.048086,0.048086,0.068003,0.096171,0.13601,0.19234,0.27201,0.38468,0.54403,0.63889
0.040857,0.040857,0.05778,0.081713,0.11556,0.16343,0.23112,0.32685,0.46224,0.75676
0.055437,0.055437,0.0784,0.11087,0.1568,0.22175,0.3136,0.4435,0.6272,0.46188
0.058615,0.058615,0.082894,0.11723,0.16579,0.23446,0.33158,0.46892,0.66315,0.34712
0.031686,0.031686,0.04481,0.063371,0.089621,0.12674,0.17924,0.25349,0.35848,0.86197
0.024537,0.024537,0.0347,0.049073,0.0694,0.098146,0.1388,0.19629,0.2776,0.91975
0.062331,0.062331,0.088149,0.12466,0.1763,0.24932,0.3526,0.49865,0.70519,0.073547
0.018893,0.018893,0.026719,0.037786,0.053437,0.075572,0.10687,0.15114,0.21375,0.95324
0.044381,0.044381,0.062764,0.088762,0.12553,0.17752,0.25106,0.35505,0.50212,0.70413
0.051837,0.051837,0.073309,0.10367,0.14662,0.20735,0.29324,0.4147,0.58647,0.55868
0.037559,0.037559,0.053117,0.075118,0.10623,0.15024,0.21247,0.30047,0.42493,0.7993
0.0079311,0.0079311,0.011216,0.015862,0.022433,0.031724,0.044865,0.063449,0.08973,0.99192
0.02252,0.02252,0.031848,0.04504,0.063696,0.09008,0.12739,0.18016,0.25478,0.93285
0.029099,0.029099,0.041152,0.058197,0.082303,0.11639,0.16461,0.23279,0.32921,0.88503
0.011608,0.011608,0.016416,0.023216,0.032832,0.046431,0.065664,0.092862,0.13133,0.98262
0.061024,0.061024,0.086301,0.12205,0.1726,0.2441,0.3452,0.48819,0.69041,0.21636
0.034509,0.034509,0.048804,0.069019,0.097608,0.13804,0.19522,0.27608,0.39043,0.83378
0.014261,0.014261,0.020169,0.028523,0.040337,0.057046,0.080675,0.11409,0.16135,0.97364
0.026724,0.026724,0.037793,0.053448,0.075587,0.1069,0.15117,0.21379,0.30235,0.90405
0.020634,0.020634,0.029181,0.041268,0.058361,0.082536,0.11672,0.16507,0.23345,0.94395
0.0046425,0.0046425,0.0065655,0.009285,0.013131,0.01857,0.026262,0.03714,0.052524,0.99725
0.009108,0.009108,0.012881,0.018216,0.025761,0.036432,0.051522,0.072864,0.10304,0.98935
0.015706,0.015706,0.022212,0.031412,0.044423,0.062824,0.088846,0.12565,0.17769,0.96793
0.0025863,0.0025863,0.0036576,0.0051726,0.0073151,0.010345,0.01463,0.02069,0.02926,0.99915
0.010358,0.010358,0.014648,0.020715,0.029296,0.04143,0.058591,0.082861,0.11718,0.98619
0.012879,0.012879,0.018213,0.025757,0.036426,0.051514,0.072852,0.10303,0.1457,0.97855
0.003606,0.003606,0.0050997,0.007212,0.010199,0.014424,0.020399,0.028848,0.040797,0.99835
0.0057421,0.0057421,0.0081206,0.011484,0.016241,0.022968,0.032482,0.045937,0.064965,0.99578
0.00064485,0.00064485,0.00091195,0.0012897,0.0018239,0.0025794,0.0036478,0.0051588,0.0072956,0.99995
0.0016682,0.0016682,0.0023592,0.0033364,0.0047183,0.0066727,0.0094367,0.013345,0.018873,0.99965
0.025071,0.025071,0.035456,0.050142,0.070912,0.10028,0.14182,0.20057,0.28365,0.91605
0.00141,0.00141,0.001994,0.0028199,0.0039879,0.0056398,0.0079759,0.01128,0.015952,0.99975
0.021092,0.021092,0.029829,0.042184,0.059657,0.084368,0.11931,0.16874,0.23863,0.94135
0.019321,0.019321,0.027324,0.038642,0.054647,0.077283,0.10929,0.15457,0.21859,0.95105
0.033781,0.033781,0.047773,0.067562,0.095547,0.13512,0.19109,0.27025,0.38219,0.84138
0.016082,0.016082,0.022743,0.032164,0.045486,0.064327,0.090972,0.12865,0.18194,0.96635
0.04715,0.04715,0.06668,0.0943,0.13336,0.1886,0.26672,0.3772,0.53344,0.65651
0.027299,0.027299,0.038606,0.054597,0.077212,0.10919,0.15442,0.21839,0.30885,0.89959
0.011274,0.011274,0.015943,0.022547,0.031887,0.045095,0.063774,0.09019,0.12755,0.98361
0.045293,0.045293,0.064054,0.090586,0.12811,0.18117,0.25622,0.36235,0.51243,0.68911
0.059306,0.059306,0.083871,0.11861,0.16774,0.23722,0.33549,0.47445,0.67097,0.31566
0.056283,0.056283,0.079596,0.11257,0.15919,0.22513,0.31838,0.45026,0.63677,0.43485
0.050905,0.050905,0.071991,0.10181,0.14398,0.20362,0.28796,0.40724,0.57593,0.58022
0.057881,0.057881,0.081856,0.11576,0.16371,0.23152,0.32742,0.46305,0.65485,0.37743
0.049024,0.049024,0.069331,0.098048,0.13866,0.1961,0.27732,0.39219,0.55465,0.62035
0.036773,0.036773,0.052004,0.073545,0.10401,0.14709,0.20802,0.29418,0.41603,0.80861
0.018475,0.018475,0.026127,0.03695,0.052255,0.073899,0.10451,0.1478,0.20902,0.95535
0.01686,0.01686,0.023844,0.03372,0.047688,0.06744,0.095375,0.13488,0.19075,0.96295
0.052759,0.052759,0.074612,0.10552,0.14922,0.21103,0.29845,0.42207,0.5969,0.53616
0.029721,0.029721,0.042032,0.059442,0.084064,0.11888,0.16813,0.23777,0.33626,0.8797
0.054561,0.054561,0.077161,0.10912,0.15432,0.21824,0.30864,0.43649,0.61729,0.48787
0.03836,0.03836,0.05425,0.076721,0.1085,0.15344,0.217,0.30688,0.434,0.78951
0.024019,0.024019,0.033967,0.048037,0.067935,0.096074,0.13587,0.19215,0.27174,0.92322
0.060512,0.060512,0.085578,0.12102,0.17116,0.24205,0.34231,0.4841,0.68462,0.25025
0.031023,0.031023,0.043873,0.062046,0.087746,0.12409,0.17549,0.24818,0.35098,0.86813
0.040016,0.040016,0.056592,0.080033,0.11318,0.16007,0.22637,0.32013,0.45274,0.76825
0.041725,0.041725,0.059008,0.08345,0.11802,0.1669,0.23603,0.3338,0.47206,0.74455
0.06146,0.06146,0.086917,0.12292,0.17383,0.24584,0.34767,0.49168,0.69534,0.18178
0.014627,0.014627,0.020686,0.029255,0.041373,0.05851,0.082745,0.11702,0.16549,0.97223
0.028485,0.028485,0.040284,0.05697,0.080567,0.11394,0.16113,0.22788,0.32227,0.89011
0.035249,0.035249,0.049849,0.070498,0.099699,0.141,0.1994,0.28199,0.39879,0.82581
0.062124,0.062124,0.087857,0.12425,0.17571,0.2485,0.35143,0.497,0.70286,0.10954
0.022029,0.022029,0.031154,0.044058,0.062308,0.088117,0.12462,0.17623,0.24923,0.93585
0.017649,0.017649,0.02496,0.035299,0.04992,0.070597,0.09984,0.14119,0.19968,0.95933
0.026166,0.026166,0.037005,0.052333,0.074009,0.10467,0.14802,0.20933,0.29604,0.90815
0.032376,0.032376,0.045787,0.064753,0.091574,0.12951,0.18315,0.25901,0.3663,0.85541
0.023014,0.023014,0.032547,0.046028,0.065094,0.092057,0.13019,0.18411,0.26038,0.92975
0.013211,0.013211,0.018683,0.026421,0.037366,0.052843,0.074731,0.10569,0.14946,0.97744
0.0082138,0.0082138,0.011616,0.016428,0.023232,0.032855,0.046464,0.065711,0.092929,0.99134
0.043496,0.043496,0.061512,0.086992,0.12302,0.17398,0.24605,0.34797,0.4921,0.71812
0.06246,0.06246,0.088331,0.12492,0.17666,0.24984,0.35332,0.49968,0.70665,0.03611
0.0093986,0.0093986,0.013292,0.018797,0.026583,0.037594,0.053166,0.075189,0.10633,0.98865
0.013907,0.013907,0.019668,0.027814,0.039335,0.055629,0.078671,0.11126,0.15734,0.97495
0.020183,0.020183,0.028543,0.040367,0.057087,0.080733,0.11417,0.16147,0.22835,0.94645
0.004901,0.004901,0.006931,0.0098019,0.013862,0.019604,0.027724,0.039208,0.055448,0.99694
0.015337,0.015337,0.02169,0.030675,0.043381,0.06135,0.086762,0.1227,0.17352,0.96944
0.0028814,0.0028814,0.0040749,0.0057627,0.0081497,0.011525,0.016299,0.023051,0.032599,0.99895
0.0070952,0.0070952,0.010034,0.01419,0.020068,0.028381,0.040137,0.056762,0.080273,0.99354
0.011916,0.011916,0.016852,0.023832,0.033703,0.047664,0.067407,0.095328,0.13481,0.98167
0.0065368,0.0065368,0.0092444,0.013074,0.018489,0.026147,0.036978,0.052294,0.073955,0.99454
0.0043937,0.0043937,0.0062136,0.0087873,0.012427,0.017575,0.024854,0.035149,0.049709,0.99754
0.007628,0.007628,0.010788,0.015256,0.021575,0.030512,0.043151,0.061024,0.086301,0.99253
0.008799,0.008799,0.012444,0.017598,0.024887,0.035196,0.049775,0.070392,0.09955,0.99005
0.012553,0.012553,0.017753,0.025107,0.035506,0.050213,0.071013,0.10043,0.14203,0.97963
0.010681,0.010681,0.015106,0.021363,0.030212,0.042726,0.060424,0.085452,0.12085,0.9853
0.0059871,0.0059871,0.008467,0.011974,0.016934,0.023948,0.033868,0.047897,0.067736,0.99544
0.0033773,0.0033773,0.0047762,0.0067545,0.0095523,0.013509,0.019105,0.027018,0.038209,0.99855
0.0054295,0.0054295,0.0076785,0.010859,0.015357,0.021718,0.030714,0.043436,0.061428,0.99625
0.0099964,0.0099964,0.014137,0.019993,0.028274,0.039986,0.056548,0.079971,0.1131,0.98714
0.003811,0.003811,0.0053895,0.0076219,0.010779,0.015244,0.021558,0.030488,0.043116,0.99815
0.0018941,0.0018941,0.0026787,0.0037882,0.0053573,0.0075764,0.010715,0.015153,0.021429,0.99955
0.0022656,0.0022656,0.003204,0.0045311,0.006408,0.0090623,0.012816,0.018125,0.025632,0.99935
0.0024291,0.0024291,0.0034353,0.0048583,0.0068706,0.0097165,0.013741,0.019433,0.027482,0.99925
0.0063818,0.0063818,0.0090253,0.012764,0.018051,0.025527,0.036101,0.051055,0.072202,0.9948
0.0027375,0.0027375,0.0038714,0.005475,0.0077428,0.01095,0.015486,0.0219,0.030971,0.99905
0.0055728,0.0055728,0.0078811,0.011146,0.015762,0.022291,0.031524,0.044582,0.063049,0.99605
0.010157,0.010157,0.014364,0.020314,0.028729,0.040628,0.057457,0.081257,0.11491,0.98672
0.0069463,0.0069463,0.0098236,0.013893,0.019647,0.027785,0.039294,0.055571,0.078589,0.99383
0.013391,0.013391,0.018937,0.026782,0.037875,0.053563,0.07575,0.10713,0.1515,0.97678
0.010516,0.010516,0.014872,0.021032,0.029744,0.042065,0.059488,0.084129,0.11898,0.98577
0.016275,0.016275,0.023016,0.03255,0.046033,0.0651,0.092065,0.1302,0.18413,0.96553
0.017854,0.017854,0.025249,0.035708,0.050499,0.071416,0.101,0.14283,0.202,0.95835
0.032029,0.032029,0.045296,0.064059,0.090593,0.12812,0.18119,0.25624,0.36237,0.85873
0.062406,0.062406,0.088256,0.12481,0.17651,0.24962,0.35302,0.49925,0.70605,0.055044
0.061656,0.061656,0.087195,0.12331,0.17439,0.24662,0.34878,0.49325,0.69756,0.16383
0.043041,0.043041,0.060869,0.086081,0.12174,0.17216,0.24347,0.34432,0.48695,0.72511
0.020408,0.020408,0.028862,0.040817,0.057723,0.081633,0.11545,0.16327,0.23089,0.94525
0.030044,0.030044,0.042489,0.060089,0.084978,0.12018,0.16996,0.24036,0.33991,0.87693
0.039592,0.039592,0.055992,0.079184,0.11198,0.15837,0.22397,0.31674,0.44793,0.77381
0.06199,0.06199,0.087667,0.12398,0.17533,0.24796,0.35067,0.49592,0.70134,0.12769
0.0095489,0.0095489,0.013504,0.019098,0.027008,0.038195,0.054016,0.076391,0.10803,0.98827
0.017058,0.017058,0.024123,0.034116,0.048247,0.068231,0.096493,0.13646,0.19299,0.96205
0.058968,0.058968,0.083393,0.11794,0.16679,0.23587,0.33357,0.47174,0.66715,0.33147
0.050437,0.050437,0.071329,0.10087,0.14266,0.20175,0.28532,0.4035,0.57064,0.59061
0.056696,0.056696,0.08018,0.11339,0.16036,0.22678,0.32072,0.45357,0.64144,0.42091
0.02534,0.02534,0.035836,0.05068,0.071673,0.10136,0.14335,0.20272,0.28669,0.91414
0.049493,0.049493,0.069994,0.098986,0.13999,0.19797,0.27997,0.39594,0.55995,0.61072
0.02701,0.02701,0.038198,0.05402,0.076395,0.10804,0.15279,0.21608,0.30558,0.90182
0.051372,0.051372,0.072651,0.10274,0.1453,0.20549,0.2906,0.41098,0.58121,0.5696
0.024805,0.024805,0.03508,0.049611,0.07016,0.099222,0.14032,0.19844,0.28064,0.91791
0.018268,0.018268,0.025835,0.036537,0.05167,0.073073,0.10334,0.14615,0.20668,0.95635
0.034146,0.034147,0.04829,0.068293,0.096581,0.13659,0.19316,0.27317,0.38632,0.83761
0.022763,0.022763,0.032192,0.045527,0.064385,0.091054,0.12877,0.18211,0.25754,0.93134
0.044834,0.044834,0.063406,0.089669,0.12681,0.17934,0.25362,0.35868,0.50724,0.69675
0.028792,0.028792,0.040718,0.057583,0.081435,0.11517,0.16287,0.23033,0.32574,0.88759
0.038766,0.038766,0.054823,0.077532,0.10965,0.15506,0.21929,0.31013,0.43859,0.78444
0.057497,0.057497,0.081312,0.11499,0.16262,0.22999,0.32525,0.45997,0.6505,0.39209
0.055862,0.055862,0.079001,0.11172,0.158,0.22345,0.316,0.4469,0.63201,0.44858
0.055004,0.055004,0.077787,0.11001,0.15557,0.22002,0.31115,0.44003,0.6223,0.47488
0.053214,0.053214,0.075256,0.10643,0.15051,0.21286,0.30102,0.42571,0.60205,0.52453
0.021322,0.021322,0.030154,0.042644,0.060308,0.085288,0.12062,0.17058,0.24123,0.94004
0.046678,0.046678,0.066012,0.093356,0.13202,0.18671,0.26405,0.37342,0.5281,0.66503
0.058256,0.058256,0.082387,0.11651,0.16477,0.23302,0.32955,0.46605,0.65909,0.36232
0.060775,0.060775,0.085948,0.12155,0.1719,0.2431,0.34379,0.4862,0.68759,0.23342
0.014437,0.014437,0.020417,0.028874,0.040834,0.057748,0.081669,0.1155,0.16334,0.97297
0.047619,0.047619,0.067343,0.095237,0.13469,0.19047,0.26937,0.38095,0.53874,0.64771
0.037167,0.037167,0.052562,0.074334,0.10512,0.14867,0.21025,0.29734,0.4205,0.80401
0.059627,0.059627,0.084325,0.11925,0.16865,0.23851,0.3373,0.47701,0.6746,0.29973
0.041295,0.041295,0.0584,0.08259,0.1168,0.16518,0.2336,0.33036,0.4672,0.75065
0.019109,0.019109,0.027024,0.038218,0.054048,0.076435,0.1081,0.15287,0.21619,0.95215
0.033412,0.033412,0.047252,0.066824,0.094504,0.13365,0.18901,0.2673,0.37801,0.84515
0.048558,0.048558,0.068672,0.097117,0.13734,0.19423,0.27469,0.38847,0.54937,0.62962
0.054118,0.054119,0.076535,0.10824,0.15307,0.21647,0.30614,0.43295,0.61228,0.50026
0.060231,0.060231,0.08518,0.12046,0.17036,0.24092,0.34072,0.48185,0.68144,0.26701
0.040436,0.040436,0.057186,0.080873,0.11437,0.16175,0.22874,0.32349,0.45749,0.76254
0.030687,0.030687,0.043398,0.061375,0.086797,0.12275,0.17359,0.2455,0.34719,0.87118
0.023766,0.023766,0.03361,0.047531,0.06722,0.095063,0.13444,0.19013,0.26888,0.92491
0.036389,0.036389,0.051462,0.072779,0.10292,0.14556,0.20585,0.29112,0.4117,0.81303
0.019534,0.019534,0.027625,0.039067,0.05525,0.078135,0.1105,0.15627,0.221,0.94995
0.045762,0.045762,0.064718,0.091524,0.12944,0.18305,0.25887,0.3661,0.51774,0.68115
0.037962,0.037962,0.053687,0.075925,0.10737,0.15185,0.21475,0.3037,0.4295,0.79441
0.020867,0.020867,0.02951,0.041733,0.05902,0.083466,0.11804,0.16693,0.23608,0.94265
0.042163,0.042163,0.059627,0.084325,0.11925,0.16865,0.23851,0.3373,0.47702,0.7382
0.027585,0.027585,0.039012,0.055171,0.078023,0.11034,0.15605,0.22068,0.31209,0.89735
0.062239,0.062239,0.088019,0.12448,0.17604,0.24895,0.35207,0.49791,0.70415,0.091459
0.017451,0.017451,0.024679,0.034901,0.049358,0.069802,0.098715,0.1396,0.19743,0.96025
0.035624,0.035624,0.05038,0.071248,0.10076,0.1425,0.20152,0.28499,0.40304,0.82167
0.0083885,0.0083885,0.011863,0.016777,0.023726,0.033554,0.047452,0.067108,0.094905,0.99096
0.029402,0.029402,0.041581,0.058804,0.083162,0.11761,0.16632,0.23522,0.33265,0.88245
0.028191,0.028191,0.039868,0.056382,0.079737,0.11276,0.15947,0.22553,0.31895,0.89251
0.052311,0.052311,0.073978,0.10462,0.14796,0.20924,0.29591,0.41849,0.59183,0.54732
0.022262,0.022263,0.031484,0.044525,0.062968,0.08905,0.12594,0.1781,0.25187,0.93443
0.032712,0.032712,0.046262,0.065425,0.092525,0.13085,0.18505,0.2617,0.3701,0.85211
0.02644,0.02644,0.037392,0.05288,0.074783,0.10576,0.14957,0.21152,0.29913,0.90615
0.02427,0.02427,0.034323,0.04854,0.068646,0.097081,0.13729,0.19416,0.27459,0.92155
0.034865,0.034865,0.049307,0.06973,0.098613,0.13946,0.19723,0.27892,0.39445,0.82996
0.015161,0.015161,0.02144,0.030321,0.04288,0.060642,0.085761,0.12128,0.17152,0.97015
0.043945,0.043945,0.062148,0.08789,0.1243,0.17578,0.24859,0.35156,0.49718,0.7111
0.023254,0.023254,0.032887,0.046509,0.065773,0.093017,0.13155,0.18603,0.26309,0.92822
0.062491,0.062491,0.088375,0.12498,0.17675,0.24996,0.3535,0.49992,0.707,0.017741
0.061256,0.061256,0.086629,0.12251,0.17326,0.24502,0.34652,0.49005,0.69303,0.19863
0.019967,0.019967,0.028237,0.039934,0.056475,0.079868,0.11295,0.15974,0.2259,0.94763
0.0050296,0.0050296,0.0071129,0.010059,0.014226,0.020118,0.028452,0.040237,0.056903,0.99677
0.025881,0.025881,0.036602,0.051763,0.073203,0.10352,0.14641,0.20705,0.29281,0.91024
0.0080757,0.0080757,0.011421,0.016151,0.022842,0.032303,0.045683,0.064606,0.091367,0.99162
0.016659,0.016659,0.023559,0.033318,0.047119,0.066636,0.094238,0.13327,0.18848,0.96385
0.013039,0.013039,0.01844,0.026078,0.036879,0.052155,0.073759,0.10431,0.14752,0.97803
0.031337,0.031337,0.044318,0.062675,0.088636,0.12535,0.17727,0.2507,0.35454,0.86525
0.018672,0.018672,0.026406,0.037344,0.052812,0.074688,0.10562,0.14938,0.21125,0.95435
0.013732,0.013732,0.01942,0.027465,0.038841,0.054929,0.077682,0.10986,0.15536,0.97558
0.021783,0.021783,0.030806,0.043567,0.061613,0.087134,0.12323,0.17427,0.24645,0.93731
0.0030033,0.0030033,0.0042473,0.0060066,0.0084947,0.012013,0.016989,0.024027,0.033979,0.99885
0.014097,0.014097,0.019936,0.028193,0.039871,0.056386,0.079742,0.11277,0.15948,0.97425
0.015508,0.015508,0.021932,0.031017,0.043865,0.062034,0.087729,0.12407,0.17546,0.96875
0.0032584,0.0032584,0.0046081,0.0065168,0.0092162,0.013034,0.018432,0.026067,0.036865,0.99865
0.0089736,0.0089736,0.012691,0.017947,0.025381,0.035894,0.050762,0.071789,0.10152,0.98965
0.0075018,0.0075018,0.010609,0.015004,0.021218,0.030007,0.042436,0.060014,0.084873,0.99281
0.012701,0.012701,0.017962,0.025402,0.035925,0.050805,0.071849,0.10161,0.1437,0.97914
0.015872,0.015872,0.022447,0.031745,0.044894,0.063489,0.089787,0.12698,0.17957,0.96723
0.00476,0.00476,0.0067316,0.00952,0.013463,0.01904,0.026927,0.03808,0.053853,0.99713
0.014784,0.014784,0.020907,0.029567,0.041814,0.059134,0.083628,0.11827,0.16726,0.97164
0.01241,0.01241,0.01755,0.02482,0.0351,0.049639,0.0702,0.099278,0.1404,0.98009
0.0092364,0.0092364,0.013062,0.018473,0.026124,0.036945,0.052249,0.073891,0.1045,0.98905
0.0066559,0.0066559,0.0094129,0.013312,0.018826,0.026624,0.037652,0.053247,0.075303,0.99435
0.011092,0.011092,0.015687,0.022185,0.031374,0.044369,0.062748,0.088738,0.1255,0.98413
0.0058571,0.0058571,0.0082832,0.011714,0.016566,0.023429,0.033133,0.046857,0.066266,0.99561
0.0034873,0.0034873,0.0049317,0.0069745,0.0098635,0.013949,0.019727,0.027898,0.039454,0.99845
0.011405,0.011405,0.016129,0.022811,0.032259,0.045621,0.064518,0.091242,0.12904,0.98324
0.0098558,0.0098558,0.013938,0.019712,0.027876,0.039423,0.055753,0.078846,0.11151,0.9875
0.0039178,0.0039178,0.0055406,0.0078356,0.011081,0.015671,0.022162,0.031342,0.044325,0.99805
0.0042247,0.0042247,0.0059747,0.0084495,0.011949,0.016899,0.023899,0.033798,0.047797,0.99774
0.0086852,0.0086852,0.012283,0.01737,0.024565,0.034741,0.049131,0.069482,0.098262,0.99031
0.0060918,0.0060918,0.0086152,0.012184,0.01723,0.024367,0.034461,0.048735,0.068921,0.99525
0.0072574,0.0072575,0.010264,0.014515,0.020527,0.02903,0.041054,0.05806,0.082109,0.99327
0.011727,0.011727,0.016585,0.023454,0.033169,0.046908,0.066338,0.093817,0.13268,0.98226
0.012035,0.012035,0.017021,0.024071,0.034041,0.048142,0.068082,0.096283,0.13616,0.98129
0.0044914,0.0044914,0.0063517,0.0089827,0.012703,0.017965,0.025407,0.035931,0.050814,0.99745
0.0037194,0.0037194,0.0052601,0.0074389,0.01052,0.014878,0.02104,0.029755,0.042081,0.99824
0.0077253,0.0077253,0.010925,0.015451,0.02185,0.030901,0.043701,0.061802,0.087401,0.99235
0.0052853,0.0052853,0.0074746,0.010571,0.014949,0.021141,0.029898,0.042283,0.059797,0.99644
