0.89628,4.3599e-05,4.8859e-05,4.6716e-05,4.8412e-05,4.739e-05,4.4944e-05,4.9094e-05,4.8414e-05,4.0906e-06
4.8795e-05,0.89847,5.9989e-05,4.8054e-05,4.8148e-05,4.7805e-05,4.802e-05,4.8051e-05,4.6067e-05,2.7938e-05
4.7662e-05,4.7668e-05,0.89612,4.8779e-05,4.9695e-05,4.9506e-05,4.86e-05,4.9197e-05,3.6599e-05,2.7943e-07
4.9384e-05,4.9358e-05,4.9585e-05,0.88398,4.8014e-05,4.8923e-05,4.8616e-05,4.7663e-05,0.00014663,2.0664e-07
4.8261e-05,4.8902e-05,4.5206e-05,4.8624e-05,0.89637,3.8456e-05,4.7489e-05,4.9055e-05,4.9597e-05,9.1487e-07
4.0211e-05,4.2201e-05,4.1979e-05,4.3385e-05,4.0115e-05,0.8974,4.8946e-05,4.5992e-05,4.96e-05,1.0901e-05
4.9647e-05,4.9577e-05,4.5862e-05,2.752e-05,4.2546e-05,3.6005e-05,0.90079,4.8962e-05,4.8506e-05,7.6235e-07
4.8292e-05,4.8508e-05,4.8421e-05,4.8475e-05,4.8486e-05,4.875e-05,4.8498e-05,0.89541,4.9394e-05,9.4144e-07
4.9304e-05,4.8846e-05,4.9068e-05,4.8563e-05,4.8953e-05,4.8937e-05,4.9017e-05,4.8931e-05,0.89302,2.7312e-05
4.92e-05,4.9228e-05,4.9224e-05,4.9336e-05,4.8865e-05,4.9921e-05,4.9196e-05,4.949e-05,4.9183e-05,0.93733
0.030373,0.030382,0.031207,0.031489,0.030565,0.031386,0.030253,3.8679e-05,7.1129e-05,1.3119e-06
0.017939,0.016966,0.0043836,0.011698,0.063117,8.6063e-06,0.059459,0.064688,0.048838,0.066501
0.060575,0.015685,0.033431,0.00035139,4.3662e-09,0.065371,3.2989e-05,0.066646,0.038444,1.969e-05
2.4339e-08,3.1007e-06,0.093943,0.063554,0.096,0.00083688,1.4263e-05,0.092044,7.5101e-08,0.0014346
0.10171,6.0323e-06,0.025959,0.1312,5.1554e-07,0.15202,4.5401e-05,2.0752e-05,6.6143e-05,0.15373
1.3953e-09,1.5844e-09,0.090181,0.055193,9.1935e-06,0.035747,0.076474,6.6226e-05,0.06835,0.074849
0.00021076,0.12536,2.2787e-06,5.4172e-12,1.1603e-05,0.11593,0.13055,0.07296,2.0094e-06,0.064287
0.00067111,0.15529,3.8596e-06,0.12581,0.10543,5.9734e-08,0.00089092,0.00059199,0.12209,0.030498
0.11143,0.10607,0.063127,3.3741e-05,2.7103e-05,3.471e-05,0.00073097,4.7796e-05,0.10563,0.00047784
1.869e-05,0.030876,0.11688,1.9469e-05,0.13151,0.085534,6.4091e-06,1.1826e-06,9.6349e-09,0.15626
0.19182,0.031019,0.16734,2.0629e-05,1.3201e-05,0.00018238,3.6309e-05,0.11714,0.00026479,0.19295
0.076543,0.00023488,0.012339,0.12072,0.019255,0,0.074657,0.12723,0.00031719,5.0549e-05
0.053836,0.0002682,0.13707,2.562e-07,6.489e-15,2.5385e-08,0.13159,0.093358,0.00039895,2.3451e-07
0.21828,1.3025e-05,0.00015362,0.13229,2.3851e-05,6.4971e-09,0.2195,0.00013091,0,0.16596
0.0071844,0.091547,0.078584,0.076667,5.6236e-06,8.9053e-06,0.024831,0.081106,1.3679e-09,0.062389
0.03374,0.00010354,0.12855,0.21784,1.2504e-05,0,2.837e-05,0.099492,0.24033,6.0304e-05
9.2955e-06,4.9322e-05,1.0091e-09,0.11895,4.9786e-06,0.10603,0.12778,4.5904e-05,5.3919e-05,7.5317e-07
0.035412,9.1001e-06,0.021851,0.058282,0.072002,0.082192,2.8705e-05,2.682e-05,0.084329,0.0023674
0.037911,0.12627,3.3971e-05,1.8788e-05,3.3832e-06,0.0041435,0.0276,0.14567,0.0914,3.6488e-06
0.0037151,0.0069647,0.0076686,0.040167,0.012467,0.22107,1.8685e-05,0.24192,0.0027862,0.22906
0.0036226,0.097284,0.00010046,7.675e-06,0.16317,0.11957,8.0756e-07,0.082745,0.00015876,0
0.082117,1.1294e-05,0.0022928,1.2343e-06,0.010644,3.0263e-06,0.073648,0.01001,0.08992,0.017985
0.099317,0.00079609,0.12761,0.00083426,0.072118,4.537e-05,0.00039602,4.19e-05,0.054738,0.0011472
0.1506,0.037944,0.0045615,0.15541,0.086734,0.0016802,1.0557e-06,2.7713e-05,9.443e-06,9.8585e-05
3.8584e-06,3.2524e-06,6.032e-10,1.5191e-14,0.33519,0,6.8834e-06,1.3421e-05,0.30353,0.16912
0.041803,0.012187,0.012419,9.3187e-06,0.020032,0.082714,0.04983,1.781e-05,0.040006,0.045894
0.012453,0.0075055,0.015599,0.12534,0.086714,1.475e-06,0.097755,0.00015513,5.175e-05,0.067298
0.00095313,0.10424,0.031452,0.15896,6.2462e-07,0.18419,5.5008e-05,2.5142e-05,0.0018774,0
0.080612,0.086331,0.0021771,0,0.025216,5.1309e-07,0.017325,2.799e-05,0.00025576,0.12958
0.069928,0.070122,0.0016299,1.5922e-05,1.6788e-05,0.079847,0.020865,0.00042341,4.8127e-05,9.8299e-07
4.2023e-06,5.1053e-06,0.15958,0.0030689,1.2026e-05,0.19199,3.2361e-05,1.2334e-05,0.094535,1.3758e-05
0.157,0.027515,0.0033772,0.0080078,0.13998,1.1317e-07,0.00060813,0.00056486,1.8634e-05,0.068818
0.08681,0.086809,0.09457,4.4696e-07,0.075947,0,1.9863e-05,0.094006,0.0022168,1.9022e-05
1.4019e-66,0.099722,0.001279,0.086081,1.2636e-06,0.00067828,0.11301,0.055064,9.8506e-05,4.1574e-06
0.088246,0.089419,0.0010504,0.044359,4.8162e-05,5.2106e-05,0.051833,4.3649e-05,5.6134e-05,0.012739
0.0042431,0.32809,0.21983,1.9785e-12,0.38272,0.00012476,7.9233e-05,0,0.13566,0
1.8468e-66,0.13137,0.0016849,0.013587,8.2683e-07,0.00044266,0.0087924,0.021897,0.13022,0.10826
1.4403e-05,3.5117e-06,0.40349,8.3012e-08,1.9087e-05,1.0206e-05,1.8487e-05,1.1687e-05,2.5184e-05,0.37233
0.0068028,0.0067912,0.13899,0.0017148,0.1088,0.00010153,0.095608,2.8295e-07,0.04378,0.00072871
0.0069444,0.088928,0.084681,7.8498e-07,2.1191e-08,3.0542e-06,0.12893,4.5172e-07,0.03385,0.068428
0.090096,0.088326,3.8178e-05,0.12703,3.5389e-06,0.0028313,1.4482e-05,0.094066,0.074945,0.039808
3.1574e-06,3.715e-06,1.8523e-06,1.3952e-05,0.21074,9.0171e-06,0.015608,0.1745,2.6991e-05,0.062272
0.002117,0.0053676,0.0035739,0.038898,0.014426,0.071449,0.030123,0.074332,0.068835,2.1704e-07
0.0031005,0.029049,0.029102,0.10534,1.2832e-05,0.064326,0,0.046615,0.093029,0.10533
0.0059976,0.00034029,0.034888,0.0017531,0.050336,0.031261,0.10696,0.017014,0.090266,0.00024544
0.0079028,0.0073711,0.018783,0.25016,0.21035,0.15261,4.4826e-07,0.00022418,8.7895e-05,0.00073616
1.6715e-05,1.6717e-05,0.3229,0.26828,4.2628e-05,6.1986e-05,6.2021e-05,0.00017763,4.4963e-05,3.1713e-07
0.052363,0.010301,0.0016007,2.9438e-05,0.045375,0.027419,0.046442,0.10494,0.00019202,0.00038968
0.0092536,0.0088123,0.020588,0.021064,0.014238,9.6225e-06,0.1351,0.019216,2.2789e-05,0.13972
0.023276,0.030328,0.0013724,0.0024907,9.7875e-06,0.15582,4.0077e-05,1.4747e-05,0.15323,1.3709e-05
0.017601,0.016765,0.036819,0.020541,8.5208e-06,0.042124,0.03417,0.036299,2.4936e-05,0.012129
1.2554e-05,0.00024558,9.3158e-05,0.0001861,8.8405e-05,4.4619e-08,5.2711e-06,0.33517,0.3053,5.8109e-06
0.22286,0,0.0040991,2.2865e-06,3.1454e-05,1.1747e-05,0.040451,0.15797,0.077962,0.00037102
0.06328,1.0154e-06,0.033665,0.10715,0.17504,0.0031845,5.0873e-05,0.00012144,8.9633e-05,0.15509
0.073126,2.006e-07,0.18947,0.26564,0,0.018423,0.24166,0.0009169,0.00067243,0.020558
0.16597,0.043704,0.12475,2.749e-12,4.4215e-06,0.08698,0.089626,2.8842e-06,0.00011936,0.0033214
0.024062,0.023208,0.055557,0.02899,0.083679,0.12376,1.9238e-06,1.1968e-11,1.8889e-05,0
0.057555,0.057505,0.057656,0.046653,0.0035353,4.6952e-05,3.6538e-05,3.7782e-09,3.0987e-05,1.4945e-05
8.3357e-06,0.064005,0.11975,0.12891,0.095817,0.023327,0.0006157,0.00021593,0.088826,0.08914
0.078397,0.13498,0.005282,4.3129e-05,0.00010806,0.057036,0.00032863,0.10977,0.00010161,0.071224
2.7896e-06,0.027331,0.0925,1.135e-05,0.025009,0.037076,0.036513,0.00042409,0.14066,0.00011389
0.0014159,0.10631,0.033969,0.0058622,0.024146,0.077362,0.031108,3.9048e-05,5.2317e-05,1.3169e-06
0.0002238,0.011747,0.0038571,0.25264,0.1558,5.4524e-05,0.0013955,0.14087,7.0615e-05,0.076751
0.049484,0.00023995,0.032136,2.159e-06,1.6269e-06,0.021114,0.0099234,0.10128,0.068246,0.1554
0.062108,0,0.0013264,0.021102,0.084308,0.065747,0.053591,5.4791e-07,3.4314e-05,1.3814e-05
0.022461,0.049365,0.073052,0,3.3965e-06,2.0352e-08,0.047775,0.060708,0.059392,0.0016339
0.0022796,0.040753,0.0035623,0.016677,0.0064447,0.015998,0.060611,0.091678,5.9064e-05,0.064875
0.097225,0.096371,0.0091822,0,0.16308,2.152e-05,0.0011817,0.065618,0.060089,0.00013098
0.00054228,0.072919,0.00041867,0.063514,0.089446,0.07518,2.7933e-05,1.3856e-05,0.0001084,0.058602
0.015853,0.056422,0.0029545,0,0.1226,1.0383e-05,0.040197,0.018475,0.00064737,0.057208
0.19227,0.00060738,0.1228,0.11304,1.5836e-05,0.011818,3.3483e-05,7.5504e-07,0.074484,0.0079944
0.017822,0.0025905,0.0046315,0.10514,5.8024e-06,0.0046988,0.099963,0.0052352,0.1283,0.074425
0.045271,6.3308e-07,0.00069287,0.019918,0.063,0.00020658,0.054833,1.3127e-09,0.067498,0.15737
7.1273e-67,0.050699,0.027386,2.4648e-13,0.048186,0.030715,1.808e-05,0.15516,0.062374,0.074738
0.0096681,0.059402,0.0016586,6.9613e-06,0.060062,0.060728,0.11571,2.5447e-08,0.00031779,0.00032406
2.4567e-05,0.0048155,0.018237,0.029387,0.0951,0.061768,0.058217,7.6485e-05,1.4698e-06,0.059598
0.078565,0.0003193,0.00058728,0.057093,6.1491e-08,0.031698,1.0238e-05,0.12513,3.6587e-08,0.064594
0.0033248,0.031933,0.015643,0.044799,0.099443,2.2748e-05,0.035623,0.056995,0.048608,7.8251e-05
0.0033398,0.12435,0.087656,0.0052536,2.5221e-06,0.032429,0.050301,3.4524e-05,0.070676,0.0037577
0.10199,0.044555,0.13512,1.1776e-06,0.082712,4.5708e-06,0.072948,0.017642,0.00022834,0.086643
0.0061965,0.058055,0.058163,2.2211e-05,0.024108,0.067512,0,0.046507,0.081277,0.10406
0.03755,0.00023182,0.035445,0.039793,0.042565,0,0.044111,0.00026919,0.025357,5.9327e-05
0.0041936,0.14955,0.10604,0.0082448,8.7288e-06,0.00010614,0.00093708,0.19424,7.5778e-05,0.00030302
0.019924,3.9247e-07,0.082459,0.019243,0.012436,0.018947,0.026524,0.01934,0.038244,0
0.15257,5.7294e-06,0.29021,0.18012,2.6941e-11,7.7404e-06,8.5251e-05,1.5236e-05,0.055194,0.20614
0.00013613,0.080121,0.024304,0.075815,0.048014,0.087943,0.0034133,0.082479,0.00015798,8.6956e-05
2.3034e-05,0.17686,0.33488,4.1886e-05,0.10595,0.0020015,0.00057948,0.00020323,0.083601,0.086479
1.4591e-06,0.011163,0.02162,0.037128,0.020694,1.3816e-08,0.11614,0.090678,0.063061,1.0373e-06
0.0035447,0.045393,0.00085727,1.4539e-07,0.035186,0.037,0.066853,0.00010179,0.028565,0.06286
0.0054226,0.15455,0.00015809,1.1384e-05,0.098568,0.21365,9.0922e-06,0.10219,0.00017929,0.17851
0.0011793,0.043779,0.069977,0.14234,9.084e-06,0.00011797,0.0011068,0.20319,7.9268e-05,0.00030992
0.047701,0.0061602,0.00090405,0.063151,0.032067,0.092932,0.038694,0.031596,6.8021e-05,0.00017606
0.0024945,0.073258,0.072676,0.0013615,0.16595,0.085955,3.3418e-06,0.04811,0.15671,0.0042683
0.071783,0.00067632,0.014837,8.7368e-06,1.2187e-10,0.040831,0.045905,0.045438,0.031474,0.046124
0.0026936,0.12125,0.053746,0.044342,0.082484,0.023761,4.6845e-05,2.6716e-05,0.002051,0.15871
0.0038678,0.006743,0.080381,1.3082e-05,0.088364,0.055753,0.00032124,0.1073,1.768e-06,0.069958
0.011483,0.026989,0.098841,0.0065481,4.4747e-06,0.10522,1.9963e-07,0.016316,4.5081e-05,0.072484
0.20803,0.37612,0.015625,0.00019922,0.13415,4.0258e-05,0.00092056,0.00018322,3.823e-05,0.11681
0.014437,0.0055577,0.021553,0.011381,0.069795,0.059238,0.058537,0.055695,3.6756e-05,0.00052552
0.012257,0.018887,0.11319,1.3577e-06,0.035599,0.070039,0.062645,0.00029464,9.871e-05,1.1691e-06
0.021336,0.00020102,0.0044098,1.3921e-06,0.043854,0.044528,0.050061,6.6439e-05,0.13726,0.047912
4.1305e-06,0.025951,0.083975,0.10695,0.046596,0.086273,6.1421e-05,0.040049,0.059996,0
1.0634e-05,3.1382e-06,0.00010335,0.20542,0.025986,0,0.047507,1.336e-08,0.063876,0.1306
0.21113,0.053266,0.0068386,0.012819,0.072134,2.0806e-05,8.7904e-06,9.5319e-05,0.12123,0.00010467
0.11681,0.024512,0.001562,0.011638,3.4327e-06,0.10549,0.11805,0.00018499,0.014785,0.0016774
0.21705,0.034652,0.14532,1.5747e-06,2.2325e-06,2.5696e-05,4.5793e-05,0.10723,8.33e-05,4.5173e-05
0.14166,1.9647e-05,0.079677,5.4562e-06,4.1097e-06,0.058016,0.025624,2.3523e-05,0.081331,0.16965
0.049684,0.00027863,0.029642,0.042879,0.078889,0.037115,9.7764e-05,0.057687,0.00057953,1.4127e-06
0.037443,0.068025,0.0032168,0.095946,4.6261e-05,0.00053359,4.0467e-06,8.8717e-09,0.065915,0.17609
0.020092,0.019055,0.0016986,0.011353,0.15449,0.00060965,0.11888,1.5553e-05,0.082772,0.057106
0.0026993,0.045506,0.21801,0.010926,0.023899,5.9091e-07,0.020794,0.1208,1.3105e-05,0.10187
0.086763,0.057596,0.00042463,0.15964,3.2285e-06,0.0011698,0.046742,0.03434,7.1564e-05,0.093599
0.00058572,0.051289,0.0011682,0.023302,0.014979,0.099268,1.2721e-14,0.1737,0.0021167,0.00010174
0.02774,3.8787e-07,0.11465,3.3573e-06,0.017352,0.049035,1.7914e-05,0.2116,0.054558,2.026e-05
0.01494,0.11322,0.11865,0.15696,8.0882e-07,0.0033952,1.3505e-05,2.6866e-05,0.085385,0.0025365
0.13318,3.4378e-06,0.039607,2.4522e-05,0.069575,0.05734,1.9928e-05,0.0075724,1.8976e-05,1.5206e-05
1.8972e-06,3.3649e-06,2.6438e-06,0.26096,1.2835e-05,0.1706,0.00020333,0.099238,1.5015e-05,0.0057067
0.15138,7.0138e-07,0.28697,0.2208,0.18121,1.1638e-05,0.0020232,0.0040097,8.8757e-05,0
0.053441,0.022883,0.064902,7.5891e-06,0.10924,0.00014406,3.2103e-05,0.10358,0.00047645,0.18769
0.16627,8.2598e-05,0.0019334,0.018843,3.9022e-06,0.00069628,0.013636,0.028122,0.18232,0.12805
5.8847e-06,0.057656,0.081989,1.4303e-05,0.031378,0.054701,0.05927,0.00057867,7.5128e-05,0.072836
0.091007,0.093857,0.0080221,0.053021,0.00013647,0.00079918,0.15584,2.5474e-05,0.10859,0
0.027751,0.027759,0.028513,0.028771,6.9974e-06,0.058683,0.022848,2.9212e-05,5.372e-05,0.13782
0.12857,0.020989,0.0040968,4.4119e-05,0.2728,0.1579,5.3606e-07,0.054403,0.029535,0.10237
0.0001236,0.15191,0.022153,0.0043932,0.013309,1.2762e-13,0.054536,0.083476,0.00022309,5.1938e-05
0.042399,0.010979,0.020175,0.0002345,7.7219e-09,0.04208,0.14351,0.10595,3.178e-08,4.0636e-05
0.02495,0.0052356,0.027861,0.038395,2.8965e-06,0.088692,0.091706,0.00015268,0.089585,0.001815
1.6855e-09,7.5584e-08,0.17409,8.7456e-06,0.14429,0.084146,5.1243e-08,0.028975,0.11418,0.086161
0.013254,0.027016,0.05354,0.082228,0.14414,0.0015241,0.18863,0.021362,4.073e-05,4.1701e-05
0.24176,5.7729e-07,0.0040484,0.16687,0.031761,0.14077,5.2921e-05,6.7243e-05,0.0012249,0
0.00076725,0.083296,0.00047076,0.069875,1.712e-05,0.036968,2.2975e-05,0.054519,8.845e-05,0.051918
0.014289,0.016846,0.0083913,0.063083,3.6082e-06,0.036622,0.043617,9.2168e-05,0.00012246,0.063335
0.071297,1.9559e-07,0.18473,0.29374,0,0.16198,1.6838e-05,0.00072656,2.0524e-05,0.017746
0.015463,0.018698,0.044181,0.025083,0,0.10029,0.058328,9.9148e-05,5.8604e-05,0.006799
0.097407,0.018491,1.8397e-07,0.13918,0.061371,1.0153e-05,0.00084448,2.8766e-08,0.10699,0.00015132
5.5266e-06,0.1606,4.95e-06,1.5825e-08,4.5855e-06,2.5497e-06,6.1455e-06,0.021454,0.24698,1.2815e-06
0.09484,0.089695,0.023175,3.3913e-05,2.1696e-05,1.5904e-05,0.074261,0.08083,0.00014008,0.063247
0.0011705,0.011242,0.078017,0.063543,0.13658,3.1243e-05,0.048927,5.3943e-06,0.047219,0.043452
4.1589e-07,0.013361,0.045027,0.080103,0.097383,3.4588e-05,2.3431e-05,0.099666,0.2387,5.7175e-05
0.020572,0.026142,0.16988,0.0053835,2.4755e-05,0.15894,2.0049e-05,0.16094,0.00016108,0.038907
0.06951,0.043908,0.00010841,0.0045609,0.056868,0.082348,7.6003e-05,0.026112,5.1535e-05,1.5471e-06
0.00098346,0.028031,2.8672e-05,2.2119e-06,0.017886,0.038768,0.10722,0.048281,0.16754,0.18407
1.5812e-05,1.5198e-07,0.155,0.095645,0.097891,0,0.12596,0.094587,9.3918e-08,5.4871e-06
0.0069614,0.0045624,0.092451,1.0467e-05,6.8731e-09,0.048931,0.060605,0.068127,0.040414,0.053166
0.33885,1.6982e-05,1.7439e-05,1.6693e-05,1.6105e-05,1.5385e-05,1.5395e-05,1.6636e-05,1.3058e-05,0.43472
0.054791,0.014188,0.031219,0.0003346,1.2324e-08,0.062932,2.4465e-05,3.1616e-05,0.056562,2.7226e-05
0.0010003,0.043925,0.10438,3.3713e-11,0.081597,8.6032e-18,0.039762,0.079623,0.059044,0.0019007
0.034297,0.034034,0.034202,0.039653,0.07427,0.0022152,0.00040296,0.0076972,0.041438,0.0012336
0.014591,0.14014,0.0056088,0,0.098387,1.3352e-05,0.035158,0.056251,0.051799,0.00012132
1.7731e-70,2.621e-66,5.2525e-68,1.5576e-74,0.24651,0.21781,0.0016961,0.00082451,0.068817,0.00052809
5.75e-07,0.052059,0.00074211,2.5347e-06,0.040503,0.016354,0.038715,0.056154,0.069732,1.82e-05
7.3374e-06,9.4035e-06,5.2479e-06,6.7259e-06,0.34597,3.0794e-05,1.5315e-05,1.6475e-05,1.563e-05,0.42884
0.0056724,0.1892,0.050912,0,5.6011e-05,3.5982e-06,0.33323,0.15853,0.0005604,0.00021537
0.050418,0.083598,0.036295,0.028572,9.8821e-06,0.00816,0.014984,5.6263e-08,0.054464,0.067413
9.7819e-12,3.932e-09,0.076523,0.054163,0.030825,0.061385,0.056024,0.015338,3.478e-05,0.031919
0.0142,0.070757,0.05882,2.3863e-05,0.039814,0.0002097,0.089071,0.068444,2.9037e-13,0.066273
0.13346,4.177e-05,0.081714,6.3154e-07,0.090375,4.0491e-06,2.0386e-05,0.10113,0.046194,0.079986
0.053764,0.011282,0.060037,0.084974,6.2972e-06,6.2791e-10,0.086303,0.00014646,0.085937,0.0017777
0.0033496,0.01759,0.093906,0.13322,0.002122,0.00033367,0.00010934,0.09778,1.1586e-06,0.13131
8.4354e-05,0.046689,0.020144,0.15524,0.085354,5.0479e-06,0.125,0.1309,1.9086e-10,0.086507
0.00088968,0.11963,0.0054124,0.13021,0.072875,1.1066e-08,4.1609e-05,8.5445e-06,9.7635e-05,0.055615
0.00055984,0.071321,0.009553,0.10082,0.2148,0.00014135,2.4613e-05,4.0669e-05,0.021421,0.0015919
7.8686e-05,0.041444,0.1407,0.064012,0.10408,6.1553e-06,0.15243,0.012463,1.6926e-10,0.095722
0.24832,0.0023195,0.00508,0.20273,0,0.00067238,0.14482,0.00020179,7.3514e-08,4.8546e-06
0.12048,0.020444,0.12498,0.0081699,3.6259e-06,4.661e-05,0.06433,3.5194e-05,0.072015,0.0039288
0.0011387,0.01987,0.090478,0.16623,0.060778,7.7628e-05,0.024809,1.0453e-08,7.7158e-06,0.03718
0.0020143,0.090026,0.039941,0.032953,0.061298,0.017658,3.4813e-05,0.062232,0.002266,0
0.012193,0.011532,0.0029796,0.048058,4.3158e-06,0.0038035,0.1263,0.061589,0.00018415,0.055225
4.3174e-07,7.7509e-07,5.2229e-07,0.066891,0.021874,0.14961,3.6925e-05,0.071253,3.3914e-05,1.5839e-05
0.053219,0,0.00097889,5.4603e-07,0.0062143,0.0021684,0.066804,0.11811,0.058289,0.00032081
0.079981,0.023388,0.057595,0.0020353,2.4436e-06,0.04807,0.057583,0.036317,0.12301,0.0036249
0.00062801,0.017899,0.017853,0.039323,0.10188,0.078948,6.8906e-06,0.083931,0.090886,0.18856
0.088245,0.035227,0.0020301,0.02739,2.7114e-05,0.057367,0.046535,0.049434,3.3959e-05,0.014155
0.047524,0.086339,0.0040828,0.12178,5.8207e-07,0.00066727,2.7385e-05,1.6645e-08,0.082948,0.00011752
0.0012867,0.11232,0.03873,6.7328e-06,0.020231,0.044068,0.0024144,0.045746,0.034125,3.5e-05
0.049218,0.083623,0.071124,8.8323e-07,0.057171,1.0448e-08,1.4871e-05,0.076443,0.095636,0.00017727
0.26579,0.24416,9.2804e-08,1.3377e-05,8.9801e-09,2.3886e-06,0.0025228,0.057656,1.4251e-06,1.5687e-05
0.097629,0.02528,0.055627,0.00058533,2.1946e-08,0.10658,4.3312e-05,5.5431e-05,4.2744e-05,1.6481e-05
0.0034864,0.10184,0.0089821,0.023956,0.018982,1.0599e-05,0.073228,0.079667,0.0586,0.072555
0.067228,0.1207,0.094458,0.00013039,8.9786e-09,0,0.00033251,0.098658,1.4927e-05,0.066826
0.011544,2.7027e-05,0.042884,0.0084019,9.6567e-06,0.00010229,0.07871,0.046815,0.12799,4.2858e-05
0.060245,1.217e-06,4.3721e-05,0.0057462,0.090866,0.051188,4.7174e-05,5.5389e-05,0.14076,0
0.12636,0.00078013,0.0039638,0.050346,0.12938,3.7463e-14,0.072626,0.0001261,0.04113,7.9172e-05
0.07569,0.16372,0.11965,7.5889e-06,3.2232e-11,0.0018623,0.14186,0.02491,5.0027e-05,0.003027
0.34379,0.00018351,0.0060529,1.437e-05,1.8091e-14,0.0002739,0.062443,3.2224e-05,0.082468,0.17122
0.081582,0.032378,4.7269e-05,0.00036369,0.087837,0.11564,0.14613,4.3587e-10,0.095478,0.00075064
0.0037162,0.003215,0.042866,2.2657e-05,0.034884,0.065729,3.757e-05,0.067659,0.070256,2.6599e-06
0.0096177,0.01065,0.0062672,0.17336,8.4705e-06,0.0054736,0.14342,0.0020455,0.082502,3.2024e-05
0.00028355,0.16865,8.0254e-06,7.3247e-12,1.5688e-05,0.16207,7.8603e-06,0.04449,0.044742,0.059369
0.0024283,0.090248,0.0019538,0.052876,0.027987,0.032957,0.051345,0.011601,0.0797,0
0.018752,0.019668,0.043783,0.044795,0.030317,2.0469e-05,3.0386e-05,0.015939,5.1062e-05,0.1276
0.11261,0.069279,0.13625,4.8583e-05,4.8678e-05,4.8331e-05,4.8549e-05,9.2589e-05,4.7382e-05,2.8167e-05
0.043999,0.15679,0.0075928,9.0438e-06,0.033475,3.9529e-05,0.19365,0.0094712,0.0010407,0.067532
0.0008334,0.0079126,0.0075356,0.14519,0.083724,0.09411,0,0.066343,0.00057571,0.10221
0.016853,1.5143e-05,0.043652,0.044502,3.8539e-06,0.030389,0.019555,0.00010208,0.16969,0.12857
0.0016282,0.1408,0.048595,9.1205e-06,0.11311,0.095882,7.0143e-05,3.0273e-05,8.4698e-05,0.062735
0.010255,0.088313,0.024464,0.16539,9.2884e-06,0.00067436,0.04486,6.5138e-05,0.024323,0.043652
0.00033489,0.18536,0.38026,0.23297,0.22303,1.4324e-05,0.0011714,0.0048607,0.00039937,0
0.089586,0.15425,0.012723,5.3882e-05,0.00013501,0.046359,0.079719,0.00011311,0.00010266,0.069248
1.0151e-05,0.077942,0.14583,0,1.7015e-12,0.088164,0.0016652,0.00043729,0.067463,0.00015698
0.092993,0.029372,0.0052061,1.4083e-08,0.033426,0,9.8758e-06,0.13566,0.10507,0.00092786
0.0099729,0.019561,0.015037,0.0023266,0.013527,0.081424,0.035535,0.095634,0.12409,0.088763
0.18655,3.3681e-07,0.083001,1.0248e-05,5.8185e-06,9.0426e-05,0.14942,0.1336,0.00030199,0.20605
0.040212,8.0371e-07,0.16438,1.8564e-05,0.079775,0.068895,5.2565e-05,0.0088115,2.2081e-05,1.6403e-05
0.034162,0.00013884,0.00026975,0.023603,0.06232,0.022566,1.3281e-05,0.13624,4.3193e-08,0.067061
0.0054493,0.0016152,0.01433,0.038645,0.02212,0.043862,0.040031,0.050773,2.7494e-05,0.11275
0.0019137,0.0020149,0.03182,0.026046,0.071685,0.12228,5.0081e-05,0.10302,4.7731e-05,0.034025
0.0035544,0.0066152,0.065654,0.10896,0.041256,0.1643,3.3418e-05,1.2893e-06,0.00056312,0.03911
3.749e-06,0.059384,0.014179,0.074959,0.042484,0.15173,4.5314e-05,2.1803e-05,6.6029e-05,0.1536
0.23488,0.10261,0.010636,1.2042e-06,0.084579,6.6832e-07,0.074428,0.017081,0.00023197,0.096257
0.0093566,0.070907,0.074312,0.098305,4.2909e-07,0.2261,2.0748e-05,3.4477e-05,0.13263,0.0029274
0.00036264,0.085762,0.0020775,0.02632,0.080143,0.081454,0.050453,0.00017638,0.00015357,1.5208e-05
0.074181,0.051742,0.062595,0.051252,5.6242e-05,3.9805e-05,0.00025162,0.17156,0.063539,4.5228e-05
0.3147,1.4198e-08,1.9389e-06,2.6432e-06,3.544e-08,0.20389,3.1824e-05,0.23478,2.9948e-05,0.0024699
3.8601e-05,0.047441,0.0069186,0.0013928,0.0041483,0.1185,0.057839,0.099094,0.00025472,0.00051154
0.086067,0.10717,6.6094e-05,0.00053791,2.6092e-05,0.11221,1.4009e-05,0.044259,0.076428,6.3997e-07
0.01831,0.16768,0.0042076,1.766e-05,1.4452e-05,0.058283,0.10424,1.5451e-09,0.00014773,0.00026048
0.062727,0.089853,0.09994,0.016244,0.082878,8.6806e-08,0.090083,0.00099382,0.00082917,0.008861
0.072963,0.15782,0.30528,1.0736e-05,4.5598e-11,0.0016835,0.087433,0.028528,4.08e-05,0.0032561
8.5135e-07,4.6361e-06,0.11414,0.077658,0.096563,0.00095623,1.6297e-05,0.044899,1.0402e-06,0.077094
3.1298e-05,0.17609,0.00036286,0.050643,7.0174e-06,0.093889,0,0.19505,0.063661,0.092672
0.0015931,0.026397,0.02115,0.032748,0.073244,0.035997,8.0162e-05,0.047301,0.00047519,0.06979
0.0036664,0.16386,0.079635,0.0068888,0,0.062898,3.4284e-05,0.27563,0.0031744,0.24141
0.10749,0.0011825,0.053501,0.00037034,1.4873e-11,1.2707e-07,0.043476,0.077113,0.085618,0.040627
0.00020395,0.025982,0.087835,0.0042477,1.7773e-06,0.03731,6.6651e-06,0.0089042,0.088008,0.059678
0.0012276,0.1075,0.0024484,0.044303,0.030362,0.20121,3.275e-07,0.070975,0.0029026,0.00011914
0.039844,0.007189,0.02553,1.3766e-05,0.059257,0.058285,0.04539,0.064753,0.053637,0.064628
0.075517,0.032989,0.098133,8.651e-07,0.062622,3.3826e-06,0.053984,0.013575,0.087822,0.089889
0.028953,0.0073156,0.070763,0.0003757,0.039679,0.0010732,0.00019008,0.030836,0.047687,0.10847
0.05298,0.095454,4.7822e-05,0,0.1223,0,1.6264e-05,3.171e-05,8.0697e-06,0.13475
1.1825e-05,0.11586,0.033559,1.4201e-05,0.031293,0.054373,0.058915,0.00057521,7.4678e-05,0.072618
0.0072964,0.00019728,0.0021985,8.2734e-07,0.013221,0.051819,0.11353,0.018973,0.061623,0.080128
0.0070283,0.067503,0.026889,0.08837,2.5088e-06,1.8745e-05,0.029354,0.046965,0.066543,4.022e-05
0.015254,0.00041244,0.0045962,2.1326e-06,0.032286,0.11623,0.25535,1.2877e-09,0.00015459,0.053783
0.2945,0.047624,0.0091813,0.10945,1.7627e-05,0.00024162,4.8478e-05,0.15641,0.00035354,0
0.072591,0.012692,0.0023597,2.5462e-05,0.15902,0.40067,1.6245e-06,0.052543,0.0016837,0.095546
0.11102,5.118e-06,0.058947,0.1577,3.2873e-06,9.4835e-06,0.026443,0.10614,1.5222e-09,0.065812
0.065927,0.065277,0.010062,0.037189,0.10741,0,1.5045e-06,9.3118e-06,0.0001064,8.4841e-05
0.095503,0.11621,1.9399e-05,0.073775,1.1112e-05,0.0093111,5.8302e-05,4.6461e-05,0.049663,0.0065482
0.00077319,0.036354,0.15922,0.2937,9.5933e-05,8.4744e-12,8.6964e-06,0.15904,0.00011847,5.2023e-05
