1.1545,1.1002,0.98887,0.86313,0.77097,0.7476,0.80194,0.91324,1.039,1.1311
1.0839,1.1363,1.118,1.0359,0.92136,0.81821,0.76579,0.78414,0.86625,0.98075
0.97796,1.0859,1.1423,1.1257,1.0423,0.92415,0.81624,0.75983,0.77646,0.85978
0.85295,0.98988,1.112,1.1726,1.1486,1.0492,0.91224,0.79014,0.72951,0.7535
0.72461,0.84555,1.0068,1.1467,1.2119,1.1775,1.0566,0.89532,0.75537,0.69017
0.68058,0.73102,0.86551,1.0327,1.1687,1.2215,1.1711,1.0366,0.86944,0.73345
0.76395,0.75172,0.81562,0.93125,1.0545,1.1382,1.1504,1.0865,0.97086,0.84766
0.8454,0.72921,0.69777,0.76307,0.90017,1.0567,1.1729,1.2043,1.139,1.0019
0.99636,0.84569,0.73528,0.70728,0.7724,0.90576,1.0564,1.1668,1.1948,1.1297
1.0883,0.98769,0.87308,0.78826,0.76562,0.81381,0.91443,1.029,1.1139,1.1365
0.00093954,0.035319,0.41948,1.0067,1.5726,1.9012,1.8668,1.4826,0.89543,0.32947
1.8998,1.6517,1.136,0.54968,0.11665,0.0023312,0.2504,0.76609,1.3524,1.7855
0.58521,0.13882,0.0026741,0.22878,0.73077,1.3169,1.7633,1.8994,1.6733,1.1713
0.51346,1.0984,1.6271,1.8975,1.8065,1.3887,0.80371,0.27504,0.0045929,0.09566
1.8736,1.4929,0.90529,0.33511,0.00020229,0.028488,0.40916,0.99682,1.567,1.9019
0.26257,0.78802,1.3757,1.8012,1.902,1.6395,1.1141,0.52637,0.10086,0.00010003
1.0926,1.6262,1.9019,1.8144,1.3971,0.80948,0.2759,0.00020881,0.087711,0.50498
1.1122,0.62427,0.26121,0.16165,0.36361,0.78996,1.2778,1.6409,1.7405,1.5385
1.2021,1.6824,1.8833,1.7281,1.2761,0.69997,0.21971,0.018795,0.17398,0.62598
1.4927,1.6332,1.5132,1.1784,0.75685,0.40944,0.2689,0.38893,0.72367,1.1453
0.22853,0.47176,0.89807,1.3446,1.6408,1.6736,1.4304,1.004,0.5575,0.26128
0.50599,0.35029,0.42406,0.69913,1.0704,1.3961,1.5518,1.4781,1.203,0.83169
1.4631,1.0702,0.63186,0.31539,0.24173,0.43901,0.83187,1.2703,1.5867,1.6604
0.91693,1.2458,1.462,1.4831,1.301,0.98518,0.65634,0.44008,0.41899,0.60113
0.57821,0.89384,1.2313,1.4617,1.4971,1.3239,1.0083,0.67079,0.44036,0.405
1.4562,1.4031,1.1774,0.86519,0.58582,0.44595,0.49902,0.72475,1.0369,1.3163
0.40239,0.45175,0.69183,1.0309,1.3395,1.4997,1.4504,1.2103,0.87119,0.5626
0.85631,0.54172,0.38347,0.44203,0.69501,1.0458,1.3604,1.5186,1.4601,1.2071
1.3621,1.1579,0.87474,0.62072,0.49287,0.54004,0.7442,1.0274,1.2814,1.4092
1.1684,0.84555,0.56302,0.42871,0.49391,0.73373,1.0566,1.3391,1.4734,1.4082
1.187,1.4524,1.5263,1.3805,1.0707,0.71516,0.44975,0.37583,0.52162,0.83144
0.22053,0.035319,0.19989,0.65138,1.2173,1.6816,1.8668,1.7022,1.2507,0.68478
0.8064,1.3501,1.7414,1.8308,1.5842,1.0957,0.55197,0.16067,0.071267,0.31792
0.12792,0.5437,1.1151,1.6238,1.8756,1.7742,1.3584,0.78703,0.27831,0.026551
0.50287,0.67468,0.95206,1.229,1.3999,1.3992,1.2274,0.95006,0.67306,0.50226
0.011775,0.21103,0.69295,1.2735,1.7308,1.8903,1.6911,1.2092,0.62866,0.17129
1.2182,1.3453,1.3218,1.1567,0.91309,0.68395,0.55684,0.5803,0.74538,0.98902
1.7066,1.6264,1.2883,0.82139,0.40399,0.19555,0.27569,0.6138,1.0807,1.4981
0.6382,0.34076,0.27643,0.46979,0.84697,1.2639,1.5614,1.6257,1.4323,1.0551
0.67553,1.0824,1.4392,1.6094,1.5282,1.2266,0.81967,0.46295,0.29267,0.37387
0.25392,0.19987,0.43275,0.86361,1.3279,1.6482,1.7022,1.4694,1.0385,0.57425
0.41661,0.11719,0.13627,0.46658,0.98194,1.4855,1.7849,1.7658,1.4355,0.92018
1.5671,1.3596,0.99601,0.61527,0.36279,0.33501,0.54253,0.9061,1.2868,1.5393
0.74274,0.5511,0.51223,0.64098,0.88816,1.1594,1.351,1.3899,1.2611,1.014
0.92232,0.92847,0.94326,0.96102,0.97498,0.9798,0.97364,0.95886,0.94109,0.92714
1.0383,1.2506,1.3484,1.2945,1.1094,0.86379,0.65155,0.55372,0.60766,0.79276
1.0599,1.4512,1.6515,1.5842,1.2751,0.84222,0.45089,0.25061,0.31787,0.62699
1.2683,1.2825,1.1701,0.97401,0.76917,0.63381,0.61962,0.73203,0.9281,1.1329
0.62884,0.54278,0.61266,0.8118,1.0641,1.2733,1.3593,1.2895,1.0903,0.83798
1.627,1.2945,0.83087,0.41312,0.20084,0.27512,0.60758,1.0712,1.489,1.7013
0.79191,1.069,1.301,1.3993,1.3265,1.1102,0.83316,0.60115,0.50279,0.57565
1.2004,0.98816,0.76179,0.60772,0.58479,0.70176,0.91396,1.1403,1.2944,1.3173
0.87255,0.43268,0.19081,0.23933,0.5597,1.0296,1.4694,1.7113,1.6628,1.3424
0.33821,0.69055,1.1424,1.5211,1.6822,1.5639,1.2116,0.75972,0.38096,0.21996
1.3674,1.6262,1.6272,1.3699,0.95258,0.53473,0.2759,0.27495,0.53226,0.94953
0.95979,0.72373,0.57449,0.56909,0.70959,0.94232,1.1784,1.3276,1.333,1.1925
0.027127,0.34146,0.88865,1.4597,1.8364,1.875,1.5606,1.0135,0.44245,0.065699
1.4278,1.4842,1.337,1.0424,0.71287,0.47434,0.41789,0.5651,0.85973,1.1892
1.346,1.2362,1.0175,0.77337,0.59712,0.55606,0.66588,0.88462,1.1287,1.305
0.15956,0.23278,0.58036,1.0695,1.5134,1.7426,1.6693,1.3218,0.83259,0.38867
0.69765,0.90826,1.1352,1.2918,1.3183,1.2045,0.99385,0.76689,0.61028,0.58383
1.2435,0.81394,0.43675,0.25601,0.34076,0.65862,1.0882,1.4654,1.6461,1.5614
0.49444,0.91139,1.3435,1.6257,1.6502,1.4077,0.99073,0.55862,0.27642,0.2519
0.44709,0.40533,0.57202,0.88349,1.2208,1.455,1.4968,1.3301,1.0186,0.68135
0.2124,0.37053,0.7504,1.2069,1.5657,1.6897,1.5316,1.1517,0.6952,0.33642
0.90093,1.1023,1.2459,1.2769,1.1834,1.0012,0.79982,0.65623,0.62525,0.71872
0.8064,1.2452,1.5717,1.6611,1.4793,1.0957,0.65689,0.33042,0.24102,0.42283
0.61593,0.6111,0.73612,0.94324,1.1534,1.2862,1.291,1.166,0.95887,0.74876
0.47308,0.73004,1.0714,1.3668,1.5034,1.429,1.1721,0.8307,0.5353,0.3987
1.7266,1.5545,1.152,0.67267,0.29971,0.17555,0.3476,0.75015,1.2294,1.6024
0.99482,0.64845,0.41766,0.39061,0.57763,0.90729,1.2537,1.4845,1.5115,1.3245
0.93005,1.512,1.8797,1.8926,1.546,0.97206,0.39013,0.022463,0.0094828,0.35615
1.3042,1.0137,0.69932,0.48105,0.44231,0.59789,0.88837,1.2028,1.4211,1.4598
1.6097,1.6735,1.4614,1.0543,0.60784,0.29244,0.22861,0.44073,0.84778,1.2943
0.35187,0.20219,0.33856,0.70887,1.1717,1.5502,1.6999,1.5636,1.1932,0.73042
1.0952,1.2299,1.2581,1.169,0.99668,0.80693,0.67224,0.64405,0.73312,0.90544
0.65789,1.2235,1.6851,1.8663,1.6979,1.2442,0.67856,0.21698,0.035795,0.20421
1.0418,1.3354,1.4822,1.4261,1.1886,0.8603,0.56669,0.41989,0.47598,0.71353
0.91568,0.83968,0.80623,0.82809,0.89692,0.98643,1.0624,1.0959,1.074,1.0052
0.55031,0.6471,0.86,1.1077,1.2955,1.3518,1.255,1.0421,0.79444,0.60658
1.6141,1.1697,0.64183,0.23207,0.096947,0.28806,0.73242,1.2603,1.67,1.8052
1.5831,1.571,1.3221,0.93141,0.54827,0.31897,0.33112,0.58005,0.9707,1.3538
0.73867,0.3107,0.12733,0.25859,0.65435,1.1634,1.5914,1.7748,1.6435,1.2478
1.2419,1.5732,1.6668,1.4871,1.1026,0.66024,0.32896,0.2353,0.41503,0.79951
0.10934,0.048888,0.33303,0.85324,1.4108,1.7928,1.8532,1.5691,1.0489,0.4913
0.16013,0.48812,0.99293,1.4818,1.7679,1.742,1.414,0.90918,0.42036,0.13425
0.35029,0.47825,0.7868,1.1581,1.4503,1.5518,1.4239,1.1153,0.74402,0.45181
1.0365,1.0046,0.95219,0.89937,0.86629,0.86559,0.89753,0.94992,1.0027,1.0358
0.36106,0.56052,0.90915,1.2738,1.5152,1.5411,1.3416,0.99297,0.62833,0.38696
1.5955,1.4832,1.1677,0.76935,0.44044,0.30658,0.41888,0.73446,1.1328,1.4617
0.79978,0.83968,0.92213,1.0156,1.0845,1.1023,1.0624,0.97998,0.88649,0.81766
0.39148,0.91078,1.4455,1.7913,1.8162,1.5106,0.99133,0.45664,0.11081,0.085914
0.65879,0.43211,0.40365,0.58428,0.90501,1.2433,1.47,1.4985,1.3178,0.9971
0.90626,1.3674,1.6695,1.6972,1.4399,0.99585,0.53472,0.23262,0.20494,0.46225
0.73757,0.62427,0.63579,0.76773,0.9697,1.1645,1.2778,1.2663,1.1344,0.93241
0.7951,1.1619,1.4482,1.5446,1.4143,1.107,0.74019,0.45391,0.35752,0.48785
0.43452,0.80528,1.2317,1.5509,1.641,1.4676,1.0968,0.6704,0.35117,0.26107
0.77295,0.41653,0.26429,0.37436,0.70472,1.1292,1.4856,1.6378,1.5278,1.1974
0.55093,0.2124,0.15602,0.40331,0.85982,1.3512,1.6897,1.7461,1.4988,1.0423
1.2385,1.434,1.4451,1.2674,0.96895,0.66363,0.46809,0.45703,0.63467,0.93316
1.0916,0.83521,0.62307,0.5362,0.6078,0.81051,1.0669,1.279,1.3659,1.2943
0.98389,1.0236,1.0356,1.0153,0.97045,0.91823,0.87855,0.86656,0.88685,0.93167
0.2727,0.29224,0.56342,0.98267,1.3898,1.6294,1.6099,1.3387,0.91945,0.51227
0.4407,0.22899,0.29308,0.6085,1.0548,1.4614,1.6731,1.609,1.2936,0.84735
1.3714,1.5405,1.4844,1.2246,0.86031,0.53068,0.36162,0.4177,0.67751,1.0418
1.7364,1.3275,0.77477,0.28937,0.056721,0.16567,0.57462,1.1273,1.6127,1.8454
0.25387,0.6819,1.2127,1.6436,1.81,1.6482,1.2202,0.68938,0.25849,0.092141
1.2926,0.91336,0.54856,0.3375,0.36079,0.60955,0.98875,1.3536,1.5646,1.5413
0.90837,1.1699,1.3479,1.3743,1.239,0.99374,0.73219,0.55424,0.52786,0.66312
0.14103,0.1498,0.46462,0.96524,1.4604,1.7611,1.7523,1.4375,0.93688,0.44167
0.83908,0.92285,1.0174,1.0866,1.104,1.063,0.97926,0.88472,0.81551,0.79808
0.54197,0.51072,0.64767,0.9005,1.1726,1.3601,1.3914,1.2544,1.0016,0.72947
1.1597,1.1606,1.0815,0.95254,0.82303,0.74243,0.74151,0.82063,0.94957,1.0791
1.2251,1.0638,0.85952,0.69016,0.62045,0.67703,0.83827,1.0426,1.212,1.2817
0.37398,0.81853,1.3137,1.6703,1.7523,1.5281,1.0836,0.58842,0.23177,0.14986
0.31479,0.61172,1.0383,1.4315,1.6412,1.5873,1.2904,0.86385,0.47062,0.2609
1.0989,0.73011,0.44573,0.35436,0.49091,0.80322,1.172,1.4564,1.5478,1.4112
1.0108,0.57717,0.28641,0.24951,0.48059,0.89136,1.3249,1.6157,1.6526,1.4215
0.63735,0.81695,1.0478,1.2416,1.3245,1.2648,1.0852,0.85434,0.66046,0.57758
0.7068,1.0357,1.3323,1.4832,1.4309,1.1953,0.86642,0.56986,0.4189,0.47121
1.8582,1.5551,1.0213,0.46069,0.087367,0.043944,0.34701,0.8808,1.4414,1.8147
1.5403,1.1871,0.74368,0.3795,0.23365,0.36181,0.71505,1.1584,1.5226,1.6685
0.66554,1.1423,1.546,1.7224,1.6043,1.2366,0.75984,0.35614,0.17968,0.29786
0.5444,0.29778,0.30069,0.55202,0.95576,1.3577,1.6043,1.6014,1.3501,0.94635
0.12992,0.34988,0.79947,1.307,1.6785,1.7722,1.5522,1.1026,0.59516,0.22361
0.64862,0.48812,0.50444,0.69136,0.97747,1.2535,1.414,1.3977,1.2108,0.92464
1.248,1.1604,0.99287,0.80935,0.67995,0.6541,0.74169,0.90924,1.0928,1.2222
0.97765,1.4783,1.7776,1.7611,1.4353,0.92447,0.42381,0.12454,0.14097,0.46683
0.27116,0.36768,0.68702,1.1072,1.4678,1.6309,1.5344,1.2151,0.79489,0.43434
0.80887,0.64398,0.59638,0.68426,0.87404,1.0932,1.2581,1.3057,1.2179,1.0281
0.76324,0.48434,0.38371,0.49979,0.78823,1.1389,1.4178,1.5184,1.4023,1.1139
1.4363,1.2814,1.0004,0.70047,0.49628,0.4658,0.62067,0.90174,1.2016,1.4058
1.0775,1.5351,1.7696,1.6914,1.3304,0.82457,0.36701,0.13254,0.21071,0.57167
0.038627,0.41309,0.99304,1.5569,1.8894,1.8635,1.489,0.90908,0.34517,0.012683
0.56382,0.81922,1.125,1.3643,1.4458,1.3383,1.0829,0.77713,0.5378,0.45633
1.2971,1.0675,0.79346,0.57959,0.50761,0.60501,0.83459,1.1087,1.3225,1.3945
0.47257,0.55573,0.78989,1.0856,1.3299,1.4295,1.3464,1.1122,0.8165,0.57217
0.54022,0.43211,0.52222,0.77613,1.0969,1.3619,1.47,1.3799,1.126,0.80526
1.4617,1.24,0.90789,0.59229,0.41373,0.44041,0.66213,0.99422,1.3098,1.4884
1.0015,0.92157,0.85285,0.82165,0.83988,0.90057,0.98055,1.0493,1.0805,1.0622
1.7004,1.3937,0.91795,0.45482,0.18124,0.2017,0.50839,0.98416,1.4473,1.7209
0.40246,0.29539,0.43876,0.77781,1.183,1.4997,1.6067,1.4633,1.1243,0.71908
0.40951,0.98864,1.5534,1.8881,1.8649,1.4926,0.91347,0.34869,0.013994,0.037224
1.5253,1.2395,0.84352,0.48864,0.31039,0.37685,0.66264,1.0586,1.4135,1.5917
0.22289,0.11719,0.33,0.78003,1.2954,1.6792,1.7849,1.5721,1.1221,0.60672
0.54104,0.57726,0.75626,1.0097,1.2407,1.3611,1.3249,1.1459,0.89245,0.66143
0.49412,0.97887,1.453,1.7354,1.7182,1.408,0.92325,0.44912,0.16672,0.18391
0.43097,0.56829,0.85182,1.1733,1.4098,1.4711,1.3338,1.0503,0.72885,0.49229
1.1643,0.723,0.36886,0.2371,0.37804,0.73786,1.1791,1.5333,1.665,1.5241
1.0265,0.81816,0.66054,0.6139,0.69603,0.87558,1.084,1.2416,1.2882,1.2061
0.84405,0.82358,0.85181,0.91794,0.99673,1.0581,1.0785,1.0503,0.98417,0.90539
0.75286,0.98816,1.2093,1.3318,1.3088,1.1493,0.91396,0.69283,0.57034,0.59327
1.2684,1.3453,1.2715,1.0754,0.83175,0.63368,0.55684,0.63058,0.82673,1.0704
0.3417,0.1321,0.23532,0.61192,1.1181,1.5604,1.77,1.6668,1.2902,0.78405
0.7031,0.67216,0.74775,0.90099,1.0734,1.199,1.23,1.1544,1.0011,0.82875
1.2112,1.6233,1.7787,1.6179,1.2024,0.69094,0.27879,0.12342,0.28418,0.69967
0.99601,1.3454,1.5441,1.5163,1.2726,0.9061,0.55675,0.35801,0.3858,0.62949
0.82937,0.61172,0.52369,0.59889,0.80861,1.0727,1.2904,1.3784,1.3032,1.0935
0.76541,0.91763,1.0826,1.1974,1.218,1.1367,0.98448,0.81949,0.70476,0.6841
0.90604,0.71904,0.62066,0.64849,0.79188,0.99608,1.1831,1.2814,1.2536,1.1102
0.44345,0.75562,1.1424,1.4562,1.577,1.4587,1.1465,0.75967,0.44595,0.32516
1.2849,1.1467,0.93386,0.72755,0.6066,0.61723,0.75537,0.96825,1.1746,1.2955
1.5293,1.3947,1.0907,0.73335,0.45916,0.37285,0.5074,0.81141,1.1688,1.443
1.0165,1.1675,1.2357,1.1953,1.0615,0.88558,0.73466,0.66639,0.70685,0.8406
0.28586,0.46203,0.825,1.2361,1.5384,1.6163,1.4401,1.0771,0.666,0.36376
1.3501,1.3415,1.1838,0.93721,0.69589,0.55204,0.5606,0.7183,0.9649,1.2062
1.1359,0.91257,0.70397,0.58976,0.61354,0.76625,0.98954,1.1981,1.3124,1.2886
1.4024,1.1467,0.81636,0.53744,0.4165,0.49975,0.75538,1.0857,1.3647,1.4856
1.3415,1.4261,1.3292,1.0879,0.79436,0.56063,0.47603,0.57287,0.81417,1.1078
0.85999,1.2458,1.519,1.5753,1.3931,1.0421,0.65634,0.38313,0.32685,0.50899
0.97645,1.3883,1.6332,1.6175,1.3473,0.92567,0.51378,0.26892,0.28461,0.55486
0.4129,0.055117,0.03955,0.37215,0.92587,1.4892,1.847,1.8626,1.53,0.97624
1.1396,1.5018,1.6536,1.5371,1.1968,0.76255,0.40034,0.24849,0.365,0.70536
0.93092,1.0859,1.1894,1.2019,1.1185,0.97119,0.81617,0.71267,0.70023,0.78359
0.57775,1.1023,1.5691,1.7998,1.7063,1.3244,0.79982,0.33304,0.10232,0.19579
0.60808,0.72007,0.9203,1.1323,1.275,1.294,1.182,0.98182,0.76985,0.62709
0.52294,0.73252,1.0256,1.2902,1.4252,1.3792,1.1696,0.87655,0.61196,0.4769
1.1379,0.96505,0.78687,0.6714,0.66275,0.76423,0.93707,1.1152,1.2307,1.2394
0.6715,0.28896,0.15931,0.33208,0.74129,1.2306,1.6132,1.7428,1.57,1.1608
1.6498,1.4437,1.0494,0.6175,0.31305,0.25229,0.45844,0.85275,1.2846,1.5891
1.1749,1.3468,1.3675,1.2292,0.98461,0.72723,0.55535,0.53461,0.67294,0.9175
0.25907,0.61172,1.094,1.5217,1.7314,1.643,1.2904,0.80813,0.38046,0.17074
0.71537,0.79733,0.938,1.0837,1.1787,1.1867,1.1048,0.96412,0.81846,0.72345
1.4322,1.4261,1.2385,0.94117,0.64759,0.46992,0.47603,0.66358,0.96094,1.2545
1.5706,1.3132,0.91745,0.53454,0.31072,0.33149,0.58892,0.98467,1.3676,1.5914
0.89295,1.4128,1.7562,1.7922,1.5068,1.0092,0.48934,0.14587,0.10996,0.39532
0.85181,0.47866,0.28595,0.34729,0.63925,1.0503,1.4235,1.6162,1.5548,1.2629
0.92575,0.79085,0.71715,0.73279,0.8318,0.97636,1.1113,1.185,1.1693,1.0703
0.11666,0.38879,0.87569,1.3914,1.7389,1.7855,1.5133,1.0264,0.51074,0.16324
0.37411,0.31458,0.49816,0.85473,1.2481,1.528,1.5875,1.404,1.0474,0.65402
1.3641,0.98763,0.59722,0.34197,0.31936,0.53805,0.91449,1.3049,1.5601,1.5827
1.2847,1.255,1.1092,0.90299,0.71515,0.61741,0.64712,0.79292,0.99912,1.187
0.30987,0.55573,0.95259,1.3489,1.5932,1.5922,1.3464,0.94952,0.55325,0.30892
0.16931,0.2966,0.67387,1.157,1.5615,1.7328,1.6055,1.2282,0.7451,0.34062
0.77479,0.96545,1.1506,1.2595,1.2507,1.1273,0.93667,0.7515,0.64256,0.65146
1.411,1.5342,1.4347,1.1504,0.79004,0.49114,0.36792,0.46744,0.75168,1.1121
1.0505,0.91257,0.78939,0.72795,0.75174,0.85166,0.98954,1.1127,1.1742,1.1504
0.89694,0.94868,1.0013,1.0348,1.0362,1.0052,0.95343,0.90078,0.86734,0.86587
1.5398,1.587,1.3913,1.0274,0.63435,0.36227,0.31508,0.51082,0.87471,1.2678
1.6507,1.2458,0.72829,0.29589,0.11375,0.25143,0.65634,1.1738,1.6062,1.7884
1.5296,1.4932,1.2498,0.89226,0.55718,0.37255,0.40889,0.65232,1.0099,1.3449
0.24489,0.5358,0.98532,1.4218,1.6784,1.6572,1.3663,0.91679,0.48035,0.22371
0.32743,0.3802,0.65101,1.0364,1.3892,1.5747,1.5219,1.2511,0.86568,0.51287
1.1047,1.2917,1.3487,1.2537,1.0432,0.79744,0.61039,0.55346,0.6484,0.85895
0.68047,0.5511,0.57451,0.74174,0.98892,1.2216,1.351,1.3276,1.1604,0.91319
0.67299,0.60914,0.67589,0.84775,1.0591,1.2291,1.293,1.2262,1.0544,0.84305
0.34614,0.33636,0.56137,0.93522,1.3151,1.556,1.5658,1.3407,0.96689,0.58699
0.085782,0.13947,0.50315,1.0379,1.5395,1.8163,1.7626,1.399,0.86419,0.3626
0.97923,1.2655,1.4317,1.4143,1.2199,0.92288,0.63659,0.47041,0.48782,0.68217
0.84503,1.1697,1.4108,1.4764,1.3412,1.0571,0.73242,0.49127,0.42574,0.56087
0.57533,0.39513,0.42727,0.65948,1.0031,1.3268,1.507,1.4748,1.2426,0.89905
0.89133,0.64398,0.51391,0.55083,0.74061,1.0108,1.2581,1.3882,1.3513,1.1615
1.6649,1.4122,0.98337,0.54216,0.25714,0.23717,0.48988,0.91874,1.36,1.645
0.81005,0.7617,0.78567,0.87282,0.98985,1.0921,1.1404,1.1164,1.0293,0.91226
1.1499,1.4594,1.5748,1.4519,1.1377,0.75224,0.44268,0.3273,0.45018,0.76437
1.2053,1.2461,1.1741,1.017,0.83464,0.69678,0.65604,0.72799,0.88515,1.0675
0.65705,0.78342,0.97382,1.1555,1.2591,1.2451,1.1187,0.92829,0.74658,0.64298
1.2876,1.4452,1.414,1.206,0.90063,0.61452,0.45695,0.48812,0.69611,1.0015
1.8008,1.4071,0.83916,0.31397,0.032126,0.10128,0.49502,1.063,1.5881,1.87
0.93394,1.0072,1.0591,1.0696,1.0349,0.96817,0.89488,0.84305,0.83247,0.86719
1.0143,1.5611,1.8748,1.8357,1.4587,0.88778,0.34105,0.027319,0.066427,0.44343
0.043237,0.28495,0.7811,1.3422,1.7538,1.8589,1.6172,1.121,0.55995,0.14828
0.38334,0.61569,0.97613,1.327,1.5343,1.5188,1.2864,0.92598,0.57512,0.36785
0.54051,0.15402,0.071974,0.32571,0.8183,1.3616,1.7481,1.8301,1.5764,1.0838
0.05419,0.20732,0.64454,1.1988,1.6585,1.8479,1.6948,1.2576,0.70328,0.24363
0.33879,0.055117,0.11366,0.49206,1.0458,1.5633,1.847,1.7885,1.4101,0.85633
0.996,0.69055,0.4846,0.45682,0.61782,0.90611,1.2116,1.4175,1.4453,1.2843
0.50778,1.0381,1.5351,1.8091,1.7553,1.3943,0.86404,0.36698,0.093026,0.14681
0.82827,0.5717,0.46003,0.53591,0.77037,1.0738,1.3304,1.4421,1.3662,1.1317
0.70586,0.36918,0.25476,0.4063,0.76592,1.1963,1.5329,1.6474,1.4958,1.1362
1.0768,1.0962,1.0601,0.98243,0.89274,0.82533,0.80595,0.84198,0.91968,1.0094
0.70506,0.41801,0.33458,0.48661,0.81605,1.1971,1.4841,1.5675,1.4155,1.0861
0.10727,0.48812,1.0458,1.5673,1.8534,1.7948,1.414,0.85633,0.33484,0.048729
1.2114,1.1838,1.0673,0.90634,0.76249,0.69067,0.7183,0.83485,0.99578,1.1396
0.91124,1.0357,1.1278,1.1524,1.1001,0.99087,0.86642,0.7743,0.74969,0.802
0.50677,0.29951,0.34113,0.61571,1.0184,1.3953,1.6026,1.561,1.2864,0.88373
0.59522,0.94315,1.2941,1.514,1.5189,1.3069,0.95896,0.60801,0.3881,0.38321
1.2005,1.1017,0.94536,0.7912,0.6981,0.70161,0.80041,0.95675,1.1109,1.204
1.0994,1.3678,1.4771,1.3854,1.1278,0.80275,0.5343,0.42504,0.5167,0.77426
0.60207,0.48812,0.55099,0.76668,1.0528,1.3,1.414,1.3511,1.1354,0.84932
1.2055,0.90358,0.61975,0.46246,0.49181,0.69657,0.99854,1.2824,1.4396,1.4103
1.0186,0.6253,0.3564,0.31464,0.51597,0.88348,1.2768,1.5457,1.5875,1.3861
1.1226,0.78529,0.51128,0.40524,0.50769,0.77949,1.1168,1.3908,1.4969,1.3944
0.087166,0.41309,0.9445,1.4784,1.8109,1.8149,1.489,0.95762,0.4237,0.09122
0.58679,1.1539,1.6436,1.8687,1.7433,1.3153,0.74817,0.25852,0.033387,0.15878
0.45752,0.4786,0.68015,0.98517,1.2772,1.4446,1.4235,1.222,0.91695,0.62495
1.0073,0.73907,0.55184,0.5171,0.64811,0.89484,1.163,1.3503,1.385,1.254
0.77891,1.2632,1.6283,1.7347,1.5418,1.1232,0.6389,0.27382,0.16743,0.36036
1.3861,1.2207,0.95231,0.68345,0.51681,0.51603,0.68142,0.9498,1.2187,1.3853
1.1652,1.2861,1.279,1.1467,0.93958,0.73688,0.61599,0.62308,0.75545,0.96253
