0.89268,4.8148e-05,5.7258e-05,4.9039e-05,4.9315e-05,4.809e-05,4.8414e-05,4.9017e-05,4.9759e-05,4.2691e-06
4.7483e-05,0.90269,4.368e-05,2.8739e-05,4.5922e-05,4.5412e-05,4.8165e-05,4.4735e-05,4.8502e-05,6.5571e-07
4.8366e-05,4.9202e-05,0.89319,4.746e-05,4.9693e-05,4.9877e-05,4.58e-05,4.9882e-05,4.9154e-05,9.1197e-07
4.9577e-05,4.9631e-05,4.969e-05,0.89384,4.9041e-05,4.9253e-05,4.9105e-05,4.9501e-05,4.9588e-05,1.3158e-06
4.8111e-05,4.907e-05,4.8529e-05,4.9435e-05,0.8941,4.839e-05,4.8617e-05,4.8421e-05,4.8794e-05,9.3078e-07
4.988e-05,4.6655e-05,4.4958e-05,4.6933e-05,4.6846e-05,0.8979,4.1411e-05,4.9635e-05,4.8873e-05,9.1642e-07
4.5051e-05,4.9918e-05,4.7633e-05,4.7683e-05,4.6869e-05,4.7512e-05,0.89608,4.1143e-05,4.8951e-05,1.5538e-05
4.692e-05,4.7006e-05,4.6987e-05,4.5632e-05,4.8224e-05,4.7638e-05,4.8843e-05,0.89518,4.9371e-05,1.5995e-06
4.6151e-05,4.6186e-05,4.6196e-05,4.4944e-05,4.7935e-05,4.6291e-05,4.9177e-05,4.8109e-05,0.8948,5.0195e-06
4.9784e-05,4.9773e-05,4.9798e-05,4.9895e-05,4.9813e-05,4.988e-05,4.9925e-05,4.9847e-05,4.9831e-05,0.93695
0.013397,0.012569,0.013323,0.013035,0.012975,0.012749,0.013042,0.013014,0.012887,0.00078447
0.098916,7.3954e-08,0.10034,1.8541e-06,2.0746e-06,0.093749,0.00018136,4.5311e-07,0.00012999,0.10458
8.4654e-09,1.303e-06,1.8584e-06,0.10392,0.10932,3.4419e-07,1.8038e-12,9.7242e-06,0.1077,0.10822
0.11226,1.2435e-07,1.3663e-06,4.8595e-07,1.1346e-11,1.3351e-05,0.10034,7.2699e-06,0.11235,0.10749
0.00092269,0.095808,1.7193e-12,2.2808e-06,4.1899e-07,1.0431e-07,1.5203e-07,0.10543,0.10311,0.11388
0.12228,1.1585e-06,3.8412e-09,3.0737e-05,0.13066,1.0325e-05,0.00026874,0.13101,3.7383e-07,0.11315
2.4648e-07,0.00060038,1.129e-11,2.8517e-09,0.10718,0.11389,0.10151,5.6962e-05,3.5823e-06,0.076766
0.08422,0.064724,3.2021e-10,0.07821,1.133e-09,0.021924,1.1758e-05,0.000452,0,0.058519
3.5931e-11,1.2896e-08,0.13237,2.9382e-06,0,0.13116,0.00093615,1.9897e-05,0.13368,1.8297e-05
1.0075e-06,1.527e-08,1.5581e-06,0.13383,5.3459e-07,0.12279,2.6997e-05,0.074398,0.00025519,0.11212
0.000188,0.00015421,0.09406,0.091065,0.008606,0.00022459,2.7389e-06,0.097607,3.1533e-06,0.0020115
4.2454e-07,0.094721,2.9069e-06,0.014245,0.0030235,7.2085e-06,0.10411,0.10098,0.0002055,1.0915e-05
4.9212e-06,0.12955,2.203e-05,0.11905,8.8568e-11,1.5486e-05,1.5244e-05,2.7639e-06,0.12101,1.7304e-05
0.010589,6.4486e-09,0.0035436,0.12153,0.007471,6.2274e-08,0.12477,0.00070837,5.1933e-06,0.11075
0.12205,0.10766,0.11382,1.726e-05,1.2402e-05,8.6895e-09,8.3851e-09,1.7489e-05,4.0145e-05,0
6.1221e-05,0.12567,7.0356e-18,8.9459e-07,0.030676,0.0098747,0.09486,9.4318e-08,0.00013004,0.12512
0.11466,3.445e-06,6.4496e-06,0.051053,2.4623e-10,0.11438,3.8335e-05,6.1347e-06,0.060891,0
1.7978e-05,0.00015,0.17905,1.4147e-06,0.0033109,6.8887e-10,0.1331,0.00039416,3.4967e-05,0.18687
1.0241e-06,3.0608e-09,0.1013,2.9492e-06,0.095436,7.556e-05,0.036721,0.00089733,0.070556,1.5341e-07
0.16929,7.3943e-06,5.5331e-05,1.3315e-07,0.14991,1.1801e-06,1.8717e-05,1.6252e-05,0.13498,1.8159e-05
2.194e-13,2.3877e-11,2.6907e-15,1.9702e-17,6.5424e-16,0.10059,0.089973,0.066746,0.055534,2.1815e-06
4.8205e-06,0.092692,8.5698e-07,0.0024163,0.01836,0.095101,9.636e-06,0.095564,8.1559e-09,0.00052665
1.8746e-07,0.083608,0.082373,6.9787e-05,0.071914,0.045291,9.0293e-06,5.6033e-05,7.3256e-06,0.026769
0.14976,0.12088,2.3223e-06,0,0.00011648,0.00017904,0.14751,5.2432e-05,0,0
0.074872,4.7542e-06,3.3442e-06,0.0813,1.5129e-05,6.0669e-15,4.9027e-06,0.087086,0.053192,0.031593
1.0994e-12,4.2152e-12,1.5889e-07,3.523e-11,0.086526,2.931e-05,0.075016,0.088259,0.054438,0.00023108
2.2015e-17,3.5711e-11,3.2371e-07,0.086767,0.095402,0.024446,2.8399e-05,0.082962,0.00020087,1.4564e-05
0.0079946,0.0056728,2.3439e-10,0.028238,9.6449e-06,0.096317,2.3967e-06,6.8197e-06,0.10906,0.11882
1.326e-06,0.10886,0.096733,1.3843e-05,1.4452e-05,2.6773e-06,3.2503e-05,0.074496,0.055051,0.00018646
0.00084058,0.12938,3.8566e-06,2.9357e-06,0.13727,2.1342e-07,2.8376e-06,8.6772e-06,0.14379,7.6484e-07
0.13474,1.3468e-06,0.12676,0.13885,4.0037e-06,1.177e-07,2.908e-05,0.00014042,2.4917e-05,0.0049303
1.5395e-05,1.5028e-07,7.6535e-12,0.00026878,0.15036,0.15476,1.0424e-13,0.00036865,0.1243,5.5892e-06
0.10237,0.0050747,0.070889,2.3005e-07,0.0069318,0.00083924,0.00022227,0.10223,0.00011051,0.0013843
1.135e-68,1.5327e-66,0.1286,0.11735,1.7577e-10,6.7149e-06,1.4735e-05,7.1612e-05,0.11924,9.8896e-07
0.095637,0.085257,6.9555e-06,5.535e-08,2.6741e-05,0.011215,4.0353e-05,0.069552,0.057736,0.00018357
1.2936e-71,9.2022e-07,6.1778e-07,0.10359,0.16957,1.5073e-05,0.13997,7.4955e-05,9.7062e-05,0.00053596
0.092588,2.636e-09,0.10654,1.8483e-06,0.0077315,5.6183e-06,3.2841e-06,8.9673e-05,0.097234,0.001269
8.6463e-06,0.066756,0.037656,3.2219e-10,0.1506,8.5981e-11,2.9909e-05,2.7153e-07,0.01499,0.16651
1.4894e-66,0,0.10595,0.14092,3.1121e-06,0.11502,0.00022252,0.00016602,3.0194e-06,0
4.0067e-07,3.3328e-06,0.085893,3.0545e-06,0.086886,0.023487,3.5449e-05,0.092847,9.9255e-05,1.436e-05
2.5875e-05,0.086948,3.7594e-05,0.026169,0.0037226,8.4724e-11,0.1035,0.00056793,0.081038,7.0986e-06
0.089149,5.2764e-12,0.085402,0,0.072836,1.4147e-06,0.059557,2.9563e-05,4.8828e-05,0.023193
1.9109e-66,0.13593,0.11131,0.13205,2.2289e-06,0,5.1122e-05,1.4443e-05,8.2978e-06,0.00014273
4.1371e-17,9.2305e-12,0.35606,0.052739,0.011193,7.4251e-06,0.38344,0.37191,0.00075684,0.0012362
2.2457e-10,0.11918,0.0015272,0.0057455,0.0040395,0.17369,0.00012371,0.0010155,1.478e-06,0.15404
4.9071e-07,0.1041,0.0015821,8.1771e-06,1.771e-05,0.11371,0.13669,4.9251e-05,1.7921e-07,1.9784e-08
0.35363,1.5758e-05,1.6951e-05,3.1378e-07,1.8017e-05,0.0068317,1.7447e-05,1.9902e-06,1.7994e-05,0.36561
5.9066e-10,1.4022e-07,0.10861,1.5035e-05,0.0019963,2.2936e-09,0.014984,0.14907,1.5438e-05,0.1807
0.14075,1.9857e-07,9.5628e-06,0.11779,3.6899e-06,1.4891e-05,0.11329,1.0492e-06,3.8897e-05,2.1621e-05
1.8459e-08,0.0036787,2.4362e-07,0.13372,0.002963,2.4671e-05,0.10378,0.10066,0.00022416,1.0903e-05
9.5142e-07,0.15471,2.7665e-06,9.1443e-05,0.17092,7.4419e-06,8.2895e-08,0.095518,1.953e-05,2.838e-07
0.08673,0.098713,4.2884e-06,0.0097124,0.010109,0.099783,2.3194e-05,3.3674e-05,1.8347e-08,0.0022172
0.0060728,2.2803e-09,0.0030181,0.081294,0.0049975,0.10573,0.090759,0.00097394,7.1974e-05,1.0146e-05
0.026098,0.052447,2.314e-07,0.071808,0.092291,0.056766,0.0001074,5.5293e-05,2.9762e-05,0.0046729
8.7665e-68,1.7768e-67,0.036631,0.024725,0.031721,1.4521e-08,6.8116e-06,0.062383,0.092213,0
1.3528e-06,0.026013,2.405e-07,0.00067811,0.0050053,0.026478,0.093376,0.078411,3.0939e-05,0.099457
0.069457,2.6585e-06,6.4157e-10,0.019895,0.076784,2.2286e-05,0.063499,5.4566e-05,5.0291e-05,0.098945
7.2606e-05,0.080878,0.13425,3.1807e-06,8.3218e-09,1.583e-06,0.13988,0.00052237,2.215e-05,1.3543e-06
0.011216,0.012555,3.0651e-06,0.080532,1.0988e-06,0.074569,2.4851e-05,8.9503e-06,0.084678,3.0765e-05
1.3646e-07,0.070756,0.055637,0.078544,2.5695e-05,0.034132,0.00023187,3.2675e-05,2.0646e-08,0.099833
1.2854e-05,6.8903e-05,0.092461,0.014294,0.003509,0.09241,3.1207e-05,0.093122,0.00027741,0.00020417
0.014433,4.7564e-06,0.00022403,0.019879,3.6992e-06,0.068909,4.497e-06,0.07988,0.048791,0.028836
0.00014253,0.20009,0.0002943,1.3048e-05,3.4581e-06,0.10276,1.3818e-05,0.00011849,0.15592,5.723e-05
0.094861,0.0004514,1.3644e-10,4.7627e-06,1.3615e-05,0.07454,0.10444,0.017417,2.1999e-06,0.00011479
0.035852,2.8722e-14,0.068811,0.088199,0.12735,6.6844e-05,8.8184e-05,1.4697e-06,3.3604e-05,0.07343
1.1786e-05,0.066317,1.2357e-07,0.044776,4.9491e-05,5.3252e-09,0.062704,1.7519e-06,0.096758,0.11207
0.13404,3.9449e-07,2.4512e-06,2.5111e-08,8.344e-06,1.576e-18,0.097247,0.1033,1.5278e-05,0.10915
8.9156e-67,2.6226e-74,0.063442,0.042822,1.2853e-05,3.2849e-09,5.2481e-06,0.048063,0.086949,0.10303
0.098733,0,0.001582,5.5461e-05,0.095894,3.7261e-06,0.16706,3.7629e-05,3.6138e-07,2.919e-05
0.079673,0.079601,2.6362e-08,4.9018e-08,0.096729,0.0265,0.00045825,9.8012e-06,0.011177,3.8588e-10
4.8349e-07,2.8899e-06,0.062449,0.013136,0.043792,0.07205,1.1154e-07,0.026794,3.1603e-08,0.058349
1.7249e-06,0.11022,1.794e-08,3.5617e-06,0.1047,0.15934,5.4759e-05,0.00016454,0.0010444,7.4569e-06
1.352e-07,0.040428,0.010525,0.053905,1.2195e-05,0.010576,3.3578e-05,0.075832,0.045335,4.4659e-09
0.01623,2.4642e-09,2.5076e-09,0.067159,0.069648,5.0208e-07,0.060578,4.8222e-05,0.14371,1.4327e-09
5.38e-10,1.1085e-14,2.5884e-17,7.2694e-15,0.16006,3.3136e-06,5.8777e-05,0.062139,0.12981,0.044739
2.0545e-08,4.1288e-08,0.14935,0.070259,0.085731,0.054647,0.00010092,5.3258e-05,4.9179e-05,0.0045907
0.11458,0.00049468,2.1859e-05,0.11813,1.7977e-10,1.4656e-05,1.5122e-05,2.7418e-06,0.12004,1.7234e-05
1.1568e-67,2.8144e-67,0.053919,1.1961e-06,1.6485e-06,0.052959,0.086528,1.9892e-05,0.097437,0
0.079909,0.14592,0.0014128,1.837e-06,0.00023885,0,2.0445e-05,6.1917e-06,0.10202,0.11248
4.943e-10,0.12873,6.7428e-06,0.082064,2.0279e-05,0.12038,5.0593e-05,6.3274e-06,4.9707e-05,9.1661e-07
0.045513,6.2003e-09,6.9699e-05,0.0099327,2.1913e-06,1.1379e-07,0.083685,0.086174,0.14483,1.4363e-09
1.3301e-16,1.4935e-10,3.3077e-15,4.2037e-12,0.060159,0.046966,7.7666e-05,0.14787,0.01231,0.097029
0.10457,3.3484e-06,5.8844e-06,0.042493,2.1672e-10,0.10068,3.374e-05,0.09728,2.3238e-06,2.8113e-09
0.058881,6.0013e-06,0.029812,0.11989,0.010351,2.8394e-09,1.2475e-05,0.019494,9.2059e-05,0.18474
4.3596e-06,1.1108e-11,0.12857,0.043066,1.6475e-05,0.045027,5.9076e-06,2.2169e-05,0.039397,0.068228
0.049444,0.036232,0.031424,0.037903,0.038793,4.0712e-07,4.735e-05,4.5468e-05,5.0642e-05,1.1003e-06
0.063859,0,0.00061049,1.0383e-06,0.097196,0.046462,1.5101e-05,3.256e-05,0.042161,0.068216
0.14847,1.3834e-05,5.6139e-09,3.6428e-07,0.00064626,5.0389e-06,4.6971e-06,0.065308,0.13613,4.9042e-05
0.0069523,0.026507,3.1667e-06,3.9846e-07,0.062219,0.03728,0.00073919,0.075304,0.040631,2.0737e-05
1.4697e-05,0.11323,0.1018,5.4386e-05,9.2672e-06,1.9748e-05,7.9577e-08,3.543e-06,0.13933,0.064085
2.0204e-19,2.1653e-08,0.098203,3.0383e-06,4.1731e-06,0.096896,0.17183,3.7645e-05,2.3354e-05,0
0.038097,0.043701,6.937e-07,0.059048,0.022016,5.6087e-07,0.017871,0.028224,0.018568,0.0045601
0.034753,0.026293,0.023458,0.030335,0.027208,1.5084e-06,0.059388,2.7354e-05,6.8169e-05,0.028765
1.0427e-07,3.2666e-05,3.4028e-05,6.2308e-05,2.5552e-05,0.31669,2.0344e-05,7.6715e-06,0.25305,0.0087443
1.1089e-09,0.0091062,0.011777,0.00087462,0.081809,7.8066e-07,0.094853,0.00035453,0.068613,0.00049195
1.1485e-15,0.22298,0.20699,0.0001771,2.1994e-05,0.00015574,1.2258e-08,7.3265e-06,1.4926e-05,0.1047
0.080351,2.2876e-09,0.094273,1.6202e-06,6.5416e-05,4.4176e-06,2.2808e-06,6.2276e-05,0.067528,0.17679
0.22982,0.20273,0.00023994,1.4451e-05,1.0755e-05,7.5357e-09,7.2717e-09,1.5167e-05,3.4815e-05,0.09973
3.1838e-68,2.8437e-68,1.6271e-67,0.04006,0.043701,0.050572,0.02631,0.026508,0.016245,5.981e-07
0.11068,3.3751e-06,2.3979e-06,0.1371,9.1374e-09,0.037572,3.7754e-05,0.015642,0.00015238,1.7331e-09
3.0144e-05,3.0387e-05,0.18981,0.027459,0.0075546,0.17248,4.0248e-05,1.8416e-05,1.7158e-06,0
3.5209e-12,4.3772e-12,0.17682,9.1182e-06,5.4459e-06,9.2165e-06,0.090573,2.6558e-05,0.087016,0
1.6777e-07,1.6821e-07,1.5122e-07,8.349e-11,0.28346,9.9804e-07,2.6809e-05,0.21126,0.0016064,0.051042
3.7096e-06,0.02511,0.043287,0.019617,0.083656,0.017125,0.023829,0.0015363,1.7858e-05,6.2662e-06
4.8454e-06,0.058318,0.021075,0.020587,0.015738,0.00072113,0.010404,0.09046,4.886e-05,0.065349
1.2679e-06,5.1584e-07,2.1755e-10,0.074321,0.11123,0.1101,1.4914e-06,4.1374e-05,4.0676e-05,0.081127
1.0909e-05,0.0057623,3.7939e-09,0.18144,0.11902,2.1821e-05,1.4615e-05,0.00043517,0.076322,0
1.8945e-12,1.635e-12,0.079143,4.0812e-06,0.089572,1.0443e-05,0.16466,4.9028e-05,0.00081572,0.00059642
0.02577,0.020103,0.045479,2.9639e-05,0.018648,0.01677,0.00039557,0.013712,0.013214,0.00092539
0.049027,4.997e-06,2.8917e-07,0.03413,0.0030433,8.1595e-10,0.11383,0.090095,9.709e-09,3.849e-08
0.029684,0.026971,1.4053e-06,1.8235e-08,0.034347,0.0096188,0.045938,0.029189,0.01888,3.4814e-08
4.4018e-06,0,0.049922,3.4682e-08,0.0011713,0.0044294,0.095744,0.070874,0.058969,0.057577
1.7323e-09,3.238e-05,4.8258e-08,8.1141e-06,0.065129,3.0428e-08,0.058987,0.058128,0.040957,0.097257
5.4438e-10,1.4183e-07,4.1632e-09,9.4885e-08,3.5059e-08,0.00047352,3.0418e-08,0.26945,0.20443,0.10118
2.4081e-17,1.6155e-13,8.0375e-09,0.092083,0.073533,0.020897,4.3987e-05,0.084756,0.00014076,0.10139
0.003638,0.0028882,1.1237e-10,5.5817e-08,1.1379e-06,0.016636,0.18985,7.5163e-06,0.12012,0.12473
0.035434,0.13631,0,0.081402,0.041318,0.0012732,8.6486e-05,4.723e-05,4.3861e-08,0.0054003
0.024763,3.3735e-09,3.8258e-09,0.1002,4.7657e-06,2.4731e-07,0.182,1.5971e-05,0.14466,1.4375e-09
2.4986e-06,0.030022,0.058677,0.029228,0.07674,4.093e-05,0.062412,1.4607e-06,3.3497e-05,0.073818
0.03283,0.018651,9.9635e-06,1.7958e-07,0.090004,0.051748,0.040943,0.00017149,0.0002303,4.0941e-06
1.2079e-06,0.01378,0.027401,0.21161,3.4858e-05,1.637e-06,0.00012425,0.089905,3.3221e-05,0.10734
0.12711,1.5984e-12,0.043842,0.052015,2.0767e-05,3.5513e-05,0.058822,2.0235e-06,0.0042791,0.072299
0.051035,8.6474e-07,0.049293,5.7215e-08,0.067213,7.0547e-06,3.0711e-06,8.5103e-05,0.14076,9.5006e-05
0.15404,4.5288e-06,1.5798e-15,8.9973e-06,5.7268e-06,0.020198,0.21728,0.00049668,9.2253e-06,0.11868
0.027109,0.029189,0.021442,0.0055691,0.0047073,0.039173,0.00033685,0.023773,0.017847,0.00020054
5.5309e-71,1.2782e-66,0.092121,0.15615,5.9462e-06,0.00049236,2.0385e-05,3.5108e-06,0.078449,0.11416
0.045992,0.046281,0.028913,0.0013853,2.5063e-06,0.034421,3.9061e-05,0.013581,1.3303e-05,0.0853
0.00062727,0.12827,0.13766,2.9237e-06,5.3012e-06,0.14863,1.6018e-07,4.1677e-05,3.1923e-05,0.00023844
0.17177,1.9028e-07,2.0906e-06,0.057626,4.2974e-11,4.5288e-15,1.1885e-05,5.4093e-06,0.11296,0.10778
0.12232,1.6361e-22,0.0017018,1.7893e-06,6.3848e-11,0.10234,0.043085,0.0053561,5.507e-05,0.066263
4.6092e-07,0.04612,0.010634,1.804e-09,3.8942e-11,0.0056426,0.046636,0.049232,0.05091,0.0023757
0.010933,0.00016571,0.016907,0.014093,5.5395e-06,0.12252,0.00012627,0.078527,5.2028e-07,0.11183
9.6248e-05,0.082621,0.03205,0.030207,0.022667,0.01917,0,6.7108e-06,0.038403,0.05074
4.4638e-09,8.3436e-05,1.2435e-07,2.0843e-05,0.16765,7.8329e-08,0.16684,6.784e-07,0.017682,0.098852
2.0492e-66,7.6341e-71,6.201e-71,1.2251e-70,3.0801e-70,0.15513,0.093335,2.43e-05,0.050727,0.18905
0.079872,2.6697e-06,0,6.6438e-06,0.030243,0.026888,0.032074,0.091871,0.00027303,4.5321e-07
1.4791e-08,0.029394,0.042366,0.031548,0.005789,0.063933,1.8214e-05,1.0669e-05,0.014036,0.03727
0.042533,0.0013373,5.6035e-08,3.6998e-06,0.023173,5.2153e-06,0.08861,0.0003728,0.052354,0.18093
5.3026e-06,0.063711,0.12452,0.061587,1.8882e-05,4.0462e-05,0.061698,1.444e-06,3.6797e-05,0.073584
0.015294,0.00021335,6.7255e-07,0.16727,3.5519e-06,7.32e-06,4.762e-05,0.043267,0.13573,0
0.0096599,0.037653,0.030105,0.029544,0.022585,2.6787e-06,0.014303,0.021174,4.5969e-05,1.6519e-07
7.6184e-06,3.6885e-05,0.052826,0.0092908,0.0020451,0.051682,1.8059e-05,0.05389,0.047777,0.053283
1.4358e-06,1.2853e-06,0.10061,0.02692,9.1598e-07,0.0079552,4.0935e-06,0.00017277,0.17004,0.058765
0.1104,0,0.10159,0.0092888,6.598e-06,1.6856e-05,0.13022,3.1273e-05,3.4499e-06,0.00019525
0.012087,0.066052,1.9422e-06,6.7135e-06,0.053197,0.045693,0.048478,0.00056146,4.2429e-05,3.5339e-09
0.038412,0.0014805,2.661e-06,1.6519e-05,0.041555,0.1389,4.7043e-08,3.0449e-05,0.056799,0.065233
1.6827e-05,0.0024085,4.3591e-10,0.14198,3.8982e-06,2.4225e-07,1.4272e-05,0.29878,8.148e-05,0.16163
5.0982e-05,0.014952,1.4791e-10,5.2403e-07,0.018537,0.0046732,0.0074533,0.024003,0.14169,0.19097
0.02919,0,3.9677e-09,0.016262,0.046103,0.03256,0.035986,2.6366e-05,0.047791,1.4995e-09
0.034841,0.031343,0.04251,0.091445,0.00014956,0.00078536,1.5458e-07,0.034859,3.2003e-09,6.4395e-07
8.6865e-06,0.21879,9.4865e-06,7.2068e-06,4.2512e-06,2.7566e-06,1.5608e-08,0.34402,1.6231e-07,1.4952e-06
0.089805,1.097e-06,0.047058,2.9878e-05,0.018798,0.017605,0.00037936,0.013897,0.011949,0.0009259
0.1508,4.4337e-06,0,8.8084e-06,0.056895,0.050582,0.060338,0.00059385,1.115e-05,0
4.4615e-05,0.12903,0.00032615,0.033003,1.9533e-05,5.2692e-08,1.5765e-06,0.084105,0.054312,5.7463e-08
1.0511e-07,0.043372,2.6211e-05,9.3453e-06,0.052022,0.060596,0.03814,0.0090047,0.00071769,0.10713
1.5917e-05,0.30259,1.5979e-05,5.6221e-06,4.4991e-06,1.4997e-05,0.18737,4.994e-05,0.00018369,3.5019e-05
0.026232,0.026427,0.026301,0.024574,0.025605,0.034993,1.5028e-05,3.7707e-05,4.9562e-05,0
0.055286,5.6349e-06,0.044729,0.024947,0.0067039,0.063699,1.4743e-05,0.023285,9.6379e-09,0.0023024
0.012931,0.091268,1.4523e-06,0.062587,0.043602,6.7854e-07,0.056305,0.0025197,5.0249e-05,0.051934
5.6105e-08,0.0026843,0.01261,0.16066,0,0.07001,1.7267e-05,1.8639e-12,0.048284,0.052574
7.3419e-06,3.9357e-05,0.039298,0.0064766,0.061746,0.091758,1.6266e-06,0.025001,0.018269,0.00020561
2.4599e-10,1.1284e-05,0.0047943,0.076066,6.3164e-06,0.10668,1.5448e-09,0.19786,9.8083e-06,6.255e-07
0.047229,0.053754,2.3352e-06,7.1275e-05,0.0042358,0.042152,1.5326e-05,1.6847e-05,0.11169,0.0019701
0.23884,0,0.003827,0.00014268,0.26597,2.0764e-06,7.6794e-05,2.8975e-05,3.6533e-07,2.9366e-05
2.4512e-07,1.8335e-11,0.17033,0.080179,0.0087741,9.9922e-09,0.065279,4.1194e-05,2.1715e-05,0.003987
0.00029402,0.056901,3.4157e-06,0,0.066771,0.016151,0.00061727,0.0651,0.035126,0.055815
0.047969,0.047245,0,0.020747,0.020558,0.019518,0.021245,8.1337e-05,4.4713e-05,1.8668e-05
0.029097,0.052471,4.839e-06,8.5479e-05,0.011821,0.01683,8.9249e-06,0.065744,0.088193,0.002658
0.074601,0.068448,1.5055e-06,3.0333e-05,1.718e-05,1.3131e-05,0.084005,0.09795,0.02403,0.031343
0.035258,0,2.2134e-10,0.090982,0.00088557,0.033329,0.036836,2.6989e-05,0.048919,1.5171e-09
0.10662,0.086063,6.9731e-07,0,8.2808e-05,0.00012728,0.10487,3.7275e-05,0,0.17074
0.0056425,5.2843e-09,0,0.10482,0.052,0.048608,0.052374,0.0019886,4.7516e-05,3.5849e-05
6.1389e-07,0.058867,0.049493,4.2836e-10,0.057698,8.2788e-06,0.00020268,0.090396,0.011386,1.5135e-06
0.00011567,0,1.1697e-08,0.00017886,3.7215e-09,0.25414,0.23551,0.00061305,0.00094732,0
0.021385,0.032987,0.036916,0.049212,4.7924e-05,0.036208,1.9187e-07,0.022969,3.1773e-05,0.027108
0.088965,4.201e-10,3.7765e-05,0.025888,0.0036825,8.3273e-07,0.10273,0.00055165,0.080395,7.3744e-05
0.00014439,0.12207,0.00011229,0.0024235,3.4272e-06,0.079209,1.0652e-05,0.00010341,0.1204,0.13298
1.2366e-05,0.11687,0.043298,2.1656e-05,2.8221e-05,2.5312e-07,0,8.1623e-06,0.079415,0.24681
0.013686,0.025356,0.00030598,2.3853e-08,0.023093,0.073745,2.2331e-05,0.036784,0.026572,8.7401e-06
0.012456,0.012067,0.012268,0.012287,0.056904,0.018566,6.4672e-05,0.013513,0.028182,8.7983e-06
0.036161,0.045925,0.00014106,3.3832e-19,6.7197e-05,0.059935,0.11825,0.00012569,1.3362e-07,0.062363
1.0172e-07,0.00048998,8.1985e-05,0.047302,0.00098873,3.597e-08,0.066564,0.067622,0.046677,0.098381
0.0060143,0.0053793,0.021657,3.811e-07,8.8979e-12,1.047e-05,0.078688,5.7013e-06,0.18337,0.10931
2.3162e-06,0.028829,0.049385,0.071071,0.0242,0.018037,0.023931,1.8885e-08,2.0501e-06,0.00052337
0.063892,0.12849,5.6675e-07,0,0.079587,0.048952,0.00088769,4.9407e-05,2.5584e-05,0.075099
0.059134,1.9875e-06,0.00014574,0.044463,1.3345e-05,5.4629e-09,5.3387e-06,0.049903,0.090278,0.10498
9.9098e-05,9.2686e-05,4.9172e-09,1.3479e-10,9.6168e-09,0.19322,0.14111,0.1022,1.9143e-05,0.12543
2.8386e-67,5.7112e-67,0.1181,3.4952e-05,0.031892,1.4599e-08,6.832e-06,0.062717,0.093933,0.0023344
0.085541,1.5717e-05,1.6137e-05,2.6107e-06,0.026975,0.029219,0.036539,0.00010181,0.06703,1.3347e-07
7.3412e-08,0.017842,0.015809,4.5947e-08,5.2672e-06,6.4196e-06,0.18743,0.083985,0.062013,0.00090077
0.00016783,0.03248,1.9498e-06,0.0010612,0.051945,0.012565,1.0733e-05,0.047079,0.11738,0.0568
0.059903,4.4786e-08,0.060767,1.1228e-06,0.20033,1.1608e-12,0.00018907,3.9995e-07,0.00012994,0.10456
0.054712,6.2659e-07,0.025448,0.025923,7.4017e-06,0.051225,5.9052e-06,2.1692e-05,0.039376,0.064909
0.028566,0,0.00027309,1.463e-07,0.058095,0.024314,6.2029e-06,0.047686,0.040517,0.066778
0.017114,0,0.02077,0.032461,0.044006,0.033509,5.3529e-05,1.6529e-05,0.07958,0.022367
0.05442,0.10726,2.6253e-07,8.7383e-05,0.095792,1.4797e-05,0.065447,3.0511e-05,4.2583e-07,0.029988
3.4884e-08,1.3024e-10,0.021064,2.5615e-07,0.016861,0.057667,0.085679,0.091454,0.00023982,1.0767e-05
4.1519e-07,0.033737,0.00061379,0.11561,0.21517,2.5774e-06,1.6886e-05,0.00021182,0.0035391,0.017827
0.03434,0.050453,4.2805e-05,0.075263,5.5319e-05,0.17227,1.4774e-10,9.1146e-06,0.0020004,7.0774e-06
3.3478e-05,0.046243,0.00073791,3.8145e-06,8.6613e-06,0.053064,0.063787,9.1809e-05,0.11271,1.9721e-08
6.4359e-09,0.45443,0,2.4182e-05,5.4585e-06,6.2385e-07,1.5556e-05,4.7923e-06,0.087046,0.28488
0.022457,2.9039e-08,0.023833,0.024071,0,0.13987,0.04371,4.1025e-05,2.796e-07,0.0695
2.9289e-06,0.060456,9.8403e-09,0.16175,6.5013e-07,0.12168,4.8867e-05,6.1469e-05,0.003321,0
0.14305,5.3749e-06,0.035405,0.068777,0.072355,0.00011861,4.0289e-09,4.7951e-05,4.7262e-05,5.8195e-08
0.026923,5.2005e-06,0.025771,0.02428,1.4227e-05,3.8379e-08,1.1768e-06,0.061263,0.039561,0.16026
6.6155e-06,3.5463e-05,0.03541,0.0058358,0.055637,0.082679,1.4657e-06,0.095666,0.00027618,0.00020371
0.047475,0.035941,1.1339e-05,0.093793,6.0518e-06,2.619e-05,2.1507e-05,6.3137e-06,0.094282,0.059637
9.5743e-07,0.23581,1.8234e-07,4.9266e-05,0.10921,2.052e-05,4.794e-08,0.0004058,0.073213,0
0.027992,0.035481,0.00017815,0.06994,0.022286,0.01661,0.024269,1.8077e-08,1.1539e-07,0.063375
2.0916e-06,1.3029e-05,0.049962,1.7219e-06,0.042178,0.011972,2.4957e-05,0.048701,0.041564,0.096106
0.076849,3.0784e-06,0.21414,3.1006e-05,2.2087e-05,0.071387,0.00034264,0.00052611,2.9207e-05,0.069157
2.6992e-06,0.039921,1.9486e-06,1.7817e-07,1.9774e-06,4.504e-06,0.094894,0.23784,1.8667e-05,0.12
0.17845,0,0.061549,0.054824,6.2622e-06,8.2008e-05,9.764e-07,3.2884e-05,0.086644,1.3119e-06
0.032353,7.3991e-06,0.026436,0.087669,0.0074939,2.0068e-09,2.589e-06,0.13755,9.686e-09,0.0023081
2.3933e-05,0.11097,0.001475,2.7532e-06,0.087071,0.02187,1.6827e-05,0.088849,9.6857e-05,0.20034
1.7941e-07,2.0921e-16,2.6931e-09,5.6389e-09,0.31367,0.19759,0.00019048,2.3174e-05,4.2076e-05,0.090194
0.027845,0.0008755,0.0089912,0.019516,0.071726,4.6864e-05,0,8.2398e-09,0.054454,0.17413
1.2146e-09,0.0021941,1.3928e-06,0.05265,0.030009,0.065185,0.03645,0.009223,0.00073426,0.10842
0.0065502,0.025532,0.020414,0.020033,0.015315,1.8164e-06,0.0096988,0.014358,0.059895,1.7324e-07
0.050168,0.049495,2.7631e-07,0.093822,8.1489e-05,1.7153e-06,0.21451,5.3656e-05,3.0668e-05,8.7143e-05
3.81e-07,0.040723,0.068945,0.029437,0.022503,0.016772,0.022253,0.0013937,2.0408e-06,6.3058e-06
0.077764,0,1.057e-08,0.043323,9.2324e-05,0.030507,0.033718,2.4704e-05,0.040364,1.4369e-09
3.1646e-08,1.6697e-07,0.12972,6.5287e-06,0.051034,0.043835,0.046507,0.0022361,4.2615e-05,1.4735e-05
2.3933e-05,2.3981e-05,1.764e-05,1.2348e-08,1.2527e-05,0.25547,2.5998e-05,0.17917,4.4454e-05,0.051891
0.096799,1.6432e-07,0.18627,2.2797e-05,0.11148,9.2356e-06,5.7722e-05,9.8365e-05,2.9699e-05,0.071982
0.14472,0.26098,0.0001384,0.00032462,0,0.059971,3.1166e-05,8.6065e-05,3.8895e-05,0
0.085672,0.085504,0.088831,0.091794,3.3683e-05,5.4683e-05,1.1533e-08,2.1549e-05,5.5194e-05,0
0.044689,0.040561,2.1146e-06,2.6391e-08,0.052078,0.014512,0.00023941,0.081087,0.011181,6.4352e-07
0.010359,0.074697,0.034399,0.066823,0.070299,0.00011524,3.9145e-09,4.6523e-05,4.5919e-05,5.7363e-08
0.00025818,0.35662,1.7214e-05,2.3642e-05,5.3683e-05,0,0.10827,0.00015583,0.19131,2.3246e-05
9.3336e-09,0.10191,0.033314,5.3463e-06,9.2715e-07,0.00022777,0.20414,0.0014855,0.00014279,0.10525
2.149e-09,0.1762,5.1332e-05,0.10651,0.010063,2.7606e-09,1.2129e-05,0.018953,8.9504e-05,0.18559
0.1049,1.1016e-14,0,0.13007,5.5529e-05,0.020967,0.035313,3.1649e-05,4.3268e-05,0.10075
0.1163,2.3518e-06,0.00031323,0.023428,1.6088e-05,3.9927e-08,1.2984e-06,0.072262,0.045378,0.091762
0.14435,1.9307e-22,0.0020083,8.4715e-07,0.07345,0.0013461,0.045311,0.0055854,6.1073e-05,0.070475
3.3911e-06,0.083827,5.5991e-08,0.13872,5.2192e-06,5.965e-07,1.7364e-05,2.9793e-06,0.095107,0.2865
1.1286e-71,1.2718e-71,3.4119e-06,1.4763e-10,0.15706,0.060383,5.0012e-07,1.0536e-05,0.10875,0.10446
8.2531e-13,3.5647e-05,5.2374e-08,8.8061e-06,0.16444,7.5074e-08,0.012269,0.067029,0.045048,0.102
0.043282,0.066764,0.074717,6.0172e-05,4.8663e-05,0.032031,1.896e-07,0.022698,3.1398e-05,0.026947
0.0022334,0.013275,0.034116,0.0024947,0.01792,8.1535e-07,0.10707,8.0593e-05,0.072026,0.00050403
