1.0852,1.0912,1.0827,1.0608,1.0287,0.99123,0.9546,0.92563,0.91022,0.91177,0.92991,0.96072,0.99799,1.035,1.0656
0.99873,1.0291,1.0542,1.0703,1.0749,1.0674,1.0489,1.0221,0.9912,0.96137,0.93811,0.92606,0.92775,0.94282,0.96813
0.99816,1.0282,1.0531,1.0691,1.0738,1.0667,1.0486,1.0223,0.99184,0.96237,0.93931,0.92722,0.92863,0.94326,0.96805
0.98503,1.0094,1.0319,1.0489,1.0577,1.0571,1.0471,1.0292,1.0062,0.98191,0.96052,0.94607,0.94139,0.94745,0.96302
0.94163,0.96955,1.0024,1.0344,1.0602,1.076,1.0795,1.0703,1.0495,1.0203,0.98724,0.95588,0.9321,0.9207,0.92412
0.95666,0.96387,0.97749,0.99498,1.0132,1.029,1.0399,1.044,1.0409,1.031,1.0158,0.99774,0.97995,0.96556,0.95726
0.93848,0.93087,0.93605,0.95295,0.97813,1.0068,1.034,1.0552,1.0672,1.0683,1.0583,1.0386,1.0123,0.98355,0.9573
0.94938,0.93277,0.92852,0.93754,0.95792,0.98559,1.0154,1.0422,1.0617,1.0711,1.069,1.0556,1.033,1.0046,0.97495
0.97227,0.94978,0.93624,0.93441,0.94467,0.9649,0.99114,1.0186,1.0426,1.0593,1.0662,1.0624,1.0484,1.0262,0.99938
1.0006,0.96168,0.92895,0.90902,0.90624,0.92125,0.9507,0.98851,1.0276,1.0615,1.0849,1.0947,1.0894,1.0699,1.0388
1.0275,0.99787,0.96824,0.9439,0.92962,0.92835,0.94036,0.96314,0.99219,1.0222,1.0481,1.0658,1.0727,1.0679,1.0521
1.0466,1.0275,1.0035,0.97863,0.95727,0.94344,0.93992,0.94741,0.9644,0.98755,1.0126,1.0352,1.0518,1.0598,1.058
1.4898,1.1956,0.84939,0.46687,0.077742,0.34978,0.73943,1.0981,1.4092,1.6588,1.836,1.933,1.9456,1.8732,1.7191
1.8951,1.9923,2.0025,1.9252,1.7638,1.5252,1.22,0.86154,0.46541,0.049646,0.36993,0.77235,1.1411,1.4599,1.715
1.7291,1.4796,1.1654,0.8003,0.40022,0.018698,0.43431,0.83214,1.1936,1.5029,1.7466,1.9139,1.9975,1.9939,1.9031
0.37726,0.038934,0.45329,0.84789,1.2054,1.5103,1.7492,1.9116,1.9904,1.9823,1.8876,1.7103,1.4583,1.1426,0.77688
1.754,1.914,1.9903,1.9797,1.8825,1.7031,1.4492,1.132,0.76529,0.36516,0.051062,0.46483,0.85838,1.2144,1.5174
0.80487,0.40854,0.010074,0.41983,0.81542,1.1754,1.484,1.7278,1.896,1.9814,1.9802,1.8925,1.722,1.4763,1.1661
1.1525,1.4684,1.7202,1.8968,1.9904,1.9971,1.9165,1.7521,1.5112,1.2042,0.8446,0.44808,0.032331,0.3856,0.78624
0.085488,0.33473,0.72828,1.0909,1.406,1.6598,1.8411,1.9419,1.958,1.8884,1.7364,1.5086,1.2149,0.86819,0.48404
1.1625,0.79982,0.40219,0.013725,0.42772,0.82366,1.1836,1.4918,1.7349,1.9021,1.9861,1.9834,1.894,1.7218,1.4744
2.0017,2.0078,1.9261,1.7603,1.5175,1.2084,0.84656,0.44779,0.03316,0.391,0.79349,1.1614,1.4786,1.7312,1.9081
0.39223,0.79319,1.1595,1.4752,1.7264,1.9021,1.9948,2.0002,1.9182,1.7524,1.51,1.2016,0.84073,0.44312,0.027416
1.873,1.6992,1.4511,1.1396,0.77842,0.38339,0.035931,0.44049,0.8318,1.1869,1.4902,1.7284,1.8911,1.9711,1.965
1.9824,1.8979,1.7305,1.4875,1.1795,0.81988,0.42449,0.013014,0.40406,0.80079,1.1626,1.4735,1.7201,1.8915,1.9802
1.4855,1.7225,1.8843,1.9637,1.9574,1.8655,1.6921,1.4448,1.1344,0.77448,0.38114,0.041614,0.44049,0.83001,1.1836
0.84354,1.1892,1.4832,1.7125,1.8671,1.9402,1.9285,1.8326,1.6567,1.4085,1.0989,0.74176,0.35379,0.077836,0.46204
0.87939,0.72129,0.61493,0.60955,0.70825,0.86364,1.0306,1.1813,1.2995,1.375,1.4024,1.3797,1.3085,1.194,1.0458
1.3718,1.3172,1.2192,1.0858,0.93044,0.7752,0.65603,0.61929,0.68445,0.81887,0.97714,1.1279,1.252,1.3379,1.3788
1.0707,1.2101,1.3147,1.3758,1.389,1.3532,1.2712,1.149,0.99787,0.83562,0.69229,0.61373,0.63889,0.7539,0.91077
0.6361,0.64481,0.74296,0.88864,1.043,1.181,1.2874,1.353,1.3726,1.3449,1.2718,1.1592,1.017,0.86208,0.72141
0.68824,0.85875,1.039,1.2002,1.326,1.4063,1.4356,1.4119,1.3368,1.2155,1.0574,0.8781,0.70462,0.58463,0.57768
1.3283,1.3952,1.4122,1.3784,1.2958,1.1707,1.0136,0.84193,0.68573,0.59387,0.61365,0.7333,0.89906,1.0684,1.2164
1.2871,1.1506,0.9834,0.80491,0.64919,0.5718,0.61703,0.75728,0.93373,1.1065,1.2529,1.3597,1.4187,1.426,1.3812
1.1106,0.90264,0.68889,0.52133,0.49141,0.62361,0.82977,1.0433,1.2328,1.3812,1.4783,1.5181,1.4982,1.4199,1.2878
0.64364,0.49537,0.5044,0.66318,0.8772,1.0892,1.2723,1.4111,1.4966,1.5237,1.4907,1.3996,1.2559,1.0692,0.8555
1.4211,1.4243,1.3755,1.2778,1.1385,0.96968,0.79152,0.63968,0.57089,0.62535,0.77032,0.94757,1.1189,1.2626,1.3659
1.3122,1.4429,1.518,1.5332,1.4877,1.3839,1.2283,1.0313,0.81059,0.59946,0.4711,0.51823,0.70085,0.92266,1.1343
1.5878,1.4857,1.3238,1.1113,0.86264,0.60424,0.4041,0.41668,0.62793,0.88722,1.1333,1.3415,1.4981,1.5941,1.6245
0.88174,0.99039,1.0952,1.1814,1.2391,1.2628,1.2501,1.2024,1.1241,1.0236,0.91421,0.81492,0.74997,0.74058,0.79026
1.0786,0.96602,0.85313,0.76343,0.72334,0.7479,0.82762,0.93719,1.0517,1.1527,1.2279,1.2698,1.2745,1.2416,1.1741
0.59886,0.90473,1.1849,1.4191,1.5945,1.7025,1.738,1.6993,1.5881,1.4099,1.1734,0.89153,0.58526,0.31321,0.32218
1.6373,1.6062,1.5086,1.3497,1.1382,0.88801,0.62323,0.40528,0.3935,0.60151,0.86567,1.1183,1.3336,1.4974,1.6004
0.95638,1.1581,1.3248,1.4438,1.5077,1.5126,1.4581,1.3477,1.188,0.99091,0.77579,0.58051,0.48284,0.55518,0.74115
0.31388,0.56324,0.8622,1.1416,1.3785,1.5591,1.6743,1.7186,1.6897,1.5892,1.4218,1.1959,0.92408,0.6263,0.35363
1.3189,0.99216,0.62253,0.22869,0.19132,0.58581,0.95864,1.2902,1.5655,1.7726,1.9022,1.9488,1.9103,1.7883,1.5883
1.2062,1.1378,1.0461,0.94265,0.84433,0.77307,0.75018,0.78379,0.8622,0.96313,1.0655,1.1533,1.2161,1.2473,1.2438
0.86796,0.59911,0.38464,0.3961,0.61985,0.88916,1.1427,1.3567,1.5175,1.6163,1.6479,1.6108,1.507,1.3416,1.1238
1.1401,1.2212,1.2694,1.2804,1.2532,1.1903,1.0975,0.98524,0.86923,0.77224,0.72155,0.73585,0.8095,0.91781,1.0346
1.229,1.2531,1.242,1.1968,1.1217,1.0251,0.91957,0.82357,0.76006,0.74918,0.79489,0.88159,0.98602,1.0877,1.172
0.73654,0.81399,0.92463,1.0423,1.1475,1.2273,1.2737,1.2824,1.2527,1.1872,1.0922,0.97822,0.86154,0.76557,0.71794
0.88219,0.80782,0.77204,0.78642,0.84612,0.93359,1.0289,1.1156,1.182,1.2208,1.2279,1.2027,1.1476,1.0686,0.97538
1.1915,1.4172,1.5847,1.6856,1.7151,1.6717,1.5574,1.378,1.1424,0.86433,0.56684,0.31844,0.35408,0.62376,0.92028
0.56559,0.22463,0.26482,0.61279,0.95593,1.2617,1.5141,1.7014,1.815,1.8498,1.8043,1.6806,1.4841,1.2239,0.91206
1.7019,1.7419,1.7074,1.6001,1.4251,1.1909,0.91021,0.60301,0.32243,0.30729,0.58022,0.88812,1.1716,1.4097,1.5894
0.48225,0.44528,0.59845,0.82737,1.0588,1.2618,1.42,1.5233,1.5658,1.5452,1.4625,1.3225,1.1336,0.9096,0.67461
1.5337,1.3746,1.161,0.90607,0.63242,0.39698,0.36847,0.58161,0.85444,1.1151,1.3378,1.508,1.6165,1.6578,1.6297
1.5249,1.7073,1.8158,1.8456,1.7952,1.667,1.4667,1.2035,0.88985,0.5432,0.2098,0.28651,0.63459,0.97489,1.2769
1.5163,1.6239,1.6637,1.6338,1.5357,1.3743,1.1582,0.90085,0.6248,0.38837,0.36651,0.58627,0.86184,1.1236,1.3465
0.55915,0.71074,0.90715,1.1004,1.2658,1.3889,1.4612,1.4779,1.4382,1.3445,1.2029,1.024,0.8255,0.63964,0.52791
1.3951,1.1868,0.93545,0.66194,0.41645,0.35584,0.55303,0.82468,1.0884,1.3162,1.4928,1.6084,1.6572,1.6366,1.5478
1.0329,0.77017,0.51115,0.35861,0.46698,0.71709,0.98277,1.2226,1.4177,1.5561,1.6306,1.6374,1.5761,1.4497,1.2651
0.80796,0.81248,0.85604,0.92644,1.0074,1.0842,1.1456,1.184,1.1951,1.1779,1.1341,1.0686,0.98987,0.90983,0.84387
1.4033,1.2897,1.1321,0.94366,0.74661,0.5831,0.52522,0.61323,0.78947,0.9873,1.1704,1.3191,1.4217,1.4715,1.4652
0.78497,0.9921,1.1824,1.3364,1.4425,1.4939,1.4876,1.4237,1.3064,1.1432,0.94716,0.74032,0.56579,0.50266,0.59782
0.71342,0.64305,0.66479,0.7677,0.91119,1.0597,1.1904,1.2889,1.3468,1.3594,1.326,1.2489,1.1344,0.99348,0.8437
1.1937,1.1711,1.1227,1.0541,0.97414,0.89567,0.83443,0.80587,0.81839,0.8682,0.94177,1.0228,1.0973,1.1547,1.188
1.5364,1.4766,1.3591,1.191,0.98416,0.75841,0.55346,0.45659,0.5464,0.74899,0.97489,1.183,1.353,1.4728,1.5351
1.907,1.7682,1.5522,1.2685,0.9294,0.55004,0.14953,0.26774,0.66482,1.034,1.3583,1.6233,1.8174,1.9321,1.9624
0.99214,1.0734,1.1405,1.185,1.2021,1.19,1.1498,1.086,1.0065,0.92263,0.8499,0.8053,0.80158,0.8399,0.90903
1.4473,1.4942,1.4833,1.4152,1.2942,1.1283,0.93092,0.72524,0.55679,0.50603,0.61112,0.80119,1.0075,1.1951,1.3454
1.193,1.3393,1.4378,1.4823,1.4699,1.4014,1.2811,1.1172,0.92352,0.72361,0.5633,0.51929,0.62361,0.80895,1.0101
1.9637,1.9261,1.8043,1.6037,1.3331,1.0043,0.63189,0.2333,0.18357,0.58367,0.96036,1.2954,1.5739,1.7836,1.9155
1.0122,0.64147,0.24434,0.17316,0.57226,0.94907,1.2848,1.5645,1.7758,1.9097,1.9601,1.9248,1.8055,1.6073,1.339
0.6749,0.41791,0.33851,0.53449,0.81139,1.0808,1.3141,1.496,1.6166,1.6696,1.6525,1.5661,1.4148,1.2064,0.95317
1.2376,0.98156,0.6962,0.42218,0.31155,0.5052,0.7908,1.0693,1.3115,1.5017,1.6299,1.6896,1.6779,1.5954,1.4461
0.43608,0.69349,0.96847,1.2174,1.4211,1.5675,1.649,1.6614,1.6043,1.4804,1.2961,1.0616,0.79285,0.52057,0.34045
1.7397,1.532,1.2576,0.92883,0.56089,0.17892,0.25264,0.63604,0.99762,1.3167,1.5788,1.7721,1.8881,1.9217,1.8715
0.92352,1.0786,1.2127,1.3121,1.3684,1.3776,1.3388,1.2551,1.1329,0.98369,0.82605,0.69062,0.62205,0.65413,0.76987
1.2555,1.351,1.4,1.399,1.3481,1.2509,1.1148,0.9526,0.78522,0.64844,0.59418,0.65267,0.7916,0.95934,1.1208
0.24357,0.19606,0.57119,0.93435,1.2586,1.5286,1.7322,1.8604,1.9074,1.8713,1.7536,1.5596,1.2977,0.97979,0.62072
1.0774,1.1266,1.1557,1.1613,1.1427,1.1022,1.0446,0.97787,0.91294,0.86259,0.83872,0.84774,0.88717,0.94702,1.0144
1.202,1.4769,1.688,1.8257,1.8839,1.8601,1.7553,1.5742,1.3249,1.0185,0.66982,0.30158,0.16144,0.515,0.87583
0.86879,1.1068,1.3106,1.4655,1.5621,1.5954,1.5634,1.468,1.3142,1.1113,0.87373,0.62774,0.43678,0.43441,0.62307
1.8174,1.7152,1.5388,1.2962,0.99867,0.6617,0.31352,0.1934,0.51546,0.86239,1.1785,1.4455,1.6506,1.7844,1.8408
0.99617,0.916,0.84861,0.81004,0.81129,0.85198,0.92059,1.001,1.0783,1.141,1.1813,1.1946,1.1796,1.1378,1.074
0.77566,0.89359,1.0232,1.142,1.2352,1.2934,1.3118,1.2887,1.2261,1.1294,1.0085,0.8789,0.76419,0.69587,0.70035
0.96684,0.76775,0.59564,0.52093,0.59467,0.76638,0.96544,1.1525,1.3067,1.4156,1.4719,1.4721,1.4162,1.3076,1.1537
0.71753,1.0048,1.2602,1.4664,1.6121,1.6901,1.6966,1.6313,1.4972,1.3012,1.0536,0.77024,0.48193,0.29895,0.43512
1.5962,1.6114,1.5603,1.4455,1.2733,1.0539,0.80388,0.55502,0.3933,0.46114,0.68696,0.94216,1.1781,1.3735,1.5155
1.2909,1.2729,1.2172,1.1288,1.0169,0.89595,0.78746,0.71957,0.71658,0.77971,0.8859,1.0067,1.1201,1.2109,1.2696
1.7187,1.6574,1.5259,1.3306,1.0815,0.79368,0.49447,0.28296,0.40629,0.69628,0.99196,1.2555,1.4695,1.6224,1.7069
1.3366,1.0996,0.824,0.53632,0.32066,0.3956,0.66286,0.95003,1.2108,1.4255,1.5821,1.6726,1.6926,1.6409,1.5203
1.3305,1.5211,1.6484,1.7061,1.6915,1.6051,1.4513,1.2376,0.97587,0.68423,0.40372,0.29924,0.51042,0.80398,1.0865
1.4301,1.3438,1.21,1.039,0.84751,0.66547,0.54854,0.563,0.69877,0.88612,1.0754,1.24,1.365,1.441,1.4632
0.51374,0.89601,1.2395,1.5289,1.7516,1.8978,1.9611,1.9387,1.8315,1.6444,1.3855,1.0661,0.7003,0.30487,0.11326
1.0631,0.90053,0.74254,0.6296,0.61062,0.69628,0.84433,1.0088,1.1604,1.2816,1.3617,1.3948,1.3785,1.314,1.2059
1.1143,1.0671,1.0079,0.94558,0.89141,0.85705,0.85103,0.87497,0.92268,0.98322,1.0449,1.0977,1.1342,1.15,1.143
1.5202,1.3197,1.0659,0.774,0.47268,0.27229,0.42075,0.71715,1.0137,1.276,1.4874,1.6367,1.7168,1.7236,1.6571
1.304,1.2133,1.0884,0.94217,0.79536,0.68078,0.63997,0.69295,0.81433,0.96269,1.107,1.2279,1.3132,1.3559,1.3528
0.60695,0.55197,0.62928,0.79154,0.97799,1.1527,1.2957,1.3952,1.4441,1.4392,1.3808,1.2729,1.123,0.94442,0.75902
1.4382,1.5685,1.6342,1.632,1.562,1.4277,1.2364,0.99932,0.73493,0.48202,0.35845,0.49652,0.75237,1.0158,1.2503
0.28118,0.46228,0.75746,1.0473,1.3011,1.5028,1.6419,1.7115,1.7085,1.6328,1.4881,1.2816,1.0241,0.73218,0.43943
0.9483,1.2796,1.5553,1.7632,1.8941,1.9423,1.9057,1.7858,1.5881,1.321,0.99652,0.62909,0.23773,0.18441,0.57629
1.5053,1.2494,0.94073,0.59545,0.24798,0.23762,0.58338,0.92953,1.2397,1.4976,1.691,1.8112,1.8528,1.8139,1.6963
0.29495,0.64534,0.98566,1.2869,1.5336,1.7143,1.8207,1.8482,1.7953,1.6647,1.462,1.1965,0.88095,0.53274,0.20018
1.0404,1.2138,1.3493,1.4368,1.4706,1.4485,1.3718,1.2457,1.0791,0.88715,0.69629,0.55679,0.54115,0.66053,0.84591
1.1845,0.85754,0.49742,0.15326,0.3198,0.68568,1.0313,1.3341,1.5796,1.7566,1.8573,1.8772,1.8154,1.6746,1.4611
1.8864,1.9562,1.9407,1.8403,1.6595,1.4063,1.0917,0.72966,0.33664,0.084331,0.4818,0.86572,1.2123,1.5061,1.7341
1.1916,1.0642,0.91855,0.77699,0.67372,0.64824,0.71307,0.8387,0.98556,1.1251,1.2394,1.3174,1.3525,1.3422,1.2871
1.6308,1.7083,1.7132,1.6453,1.5078,1.3074,1.0546,0.76502,0.46882,0.2809,0.43237,0.72473,1.0175,1.2763,1.4844
0.43708,0.31477,0.49466,0.77632,1.0541,1.297,1.489,1.6197,1.6824,1.6743,1.5955,1.4501,1.2454,0.99284,0.7104
0.8857,0.67442,0.51532,0.49931,0.63947,0.84664,1.0582,1.2442,1.3884,1.4808,1.5159,1.4915,1.4091,1.2737,1.0943
0.71873,1.0749,1.3848,1.6344,1.8128,1.9121,1.9279,1.8596,1.7101,1.4861,1.1973,0.85667,0.4801,0.10179,0.33399
1.4781,1.4427,1.3531,1.2149,1.0385,0.84091,0.65262,0.53252,0.552,0.69689,0.89171,1.0861,1.2541,1.3807,1.457
0.94227,0.836,0.75791,0.7321,0.76824,0.85305,0.96162,1.0711,1.1647,1.2316,1.265,1.2618,1.2223,1.1503,1.0529
0.77819,0.74776,0.77457,0.84908,0.9493,1.0533,1.1445,1.2115,1.2473,1.2484,1.2148,1.1497,1.0598,0.9562,0.85511
1.4386,1.2718,1.0584,0.81493,0.57258,0.41183,0.46554,0.67903,0.92758,1.16,1.3539,1.496,1.5782,1.5961,1.5487
1.2988,1.3363,1.3299,1.28,1.1907,1.07,0.93097,0.79466,0.69273,0.66187,0.71646,0.83222,0.97206,1.1075,1.2203
1.167,1.1767,1.1603,1.1196,1.0594,0.98757,0.91544,0.85683,0.82564,0.83046,0.86989,0.9334,1.0067,1.0764,1.1323
0.65999,0.71137,0.82581,0.96587,1.1025,1.2169,1.2974,1.3369,1.3325,1.2843,1.1964,1.0764,0.93726,0.79963,0.69481
1.7791,1.7641,1.6732,1.5106,1.2839,1.0044,0.6882,0.36786,0.22902,0.48923,0.81468,1.119,1.3795,1.5822,1.7176
0.842,0.98684,1.1244,1.2371,1.3136,1.3478,1.3369,1.2819,1.187,1.0607,0.91683,0.7777,0.67711,0.65336,0.71797
0.5768,0.37266,0.40855,0.64184,0.91195,1.1634,1.3737,1.5298,1.6232,1.6491,1.6062,1.4967,1.3262,1.1042,0.84549
1.0833,1.2878,1.4452,1.5458,1.5841,1.5579,1.4687,1.3215,1.1249,0.89304,0.65101,0.45692,0.43542,0.60793,0.84712
1.1085,0.85722,0.59634,0.39577,0.41505,0.63231,0.89439,1.1417,1.3503,1.5065,1.6016,1.6306,1.592,1.4878,1.3235
0.80609,1.077,1.3119,1.4955,1.6176,1.6722,1.6565,1.5712,1.4207,1.2128,0.95942,0.68021,0.42019,0.33402,0.52816
1.7224,1.5447,1.3003,1.0008,0.66126,0.30899,0.18795,0.51693,0.86663,1.1846,1.4529,1.6588,1.793,1.8494,1.8255
1.3114,1.5413,1.7053,1.7958,1.8087,1.7434,1.6028,1.3935,1.1252,0.8115,0.47376,0.1969,0.36553,0.70184,1.0265
1.5437,1.6995,1.7822,1.7881,1.7169,1.5719,1.3597,1.0906,0.77872,0.44817,0.20688,0.39945,0.72866,1.0453,1.322
0.4489,0.76741,1.0721,1.3365,1.5456,1.6892,1.7606,1.7564,1.6767,1.5254,1.3096,1.0399,0.73196,0.41523,0.23279
1.1317,1.2396,1.3114,1.3412,1.3266,1.2688,1.1724,1.0463,0.90477,0.7708,0.67828,0.66299,0.73223,0.85626,0.99827
0.46515,0.22308,0.39118,0.71294,1.0267,1.3024,1.5243,1.6815,1.7666,1.7757,1.7085,1.5679,1.3605,1.0965,0.78994
1.0633,1.1405,1.1948,1.2202,1.2141,1.1772,1.1133,1.0296,0.93747,0.85269,0.79435,0.77923,0.8123,0.88305,0.97278
1.2085,1.2769,1.3068,1.2958,1.2448,1.1581,1.0441,0.91658,0.79628,0.71251,0.69484,0.75084,0.85823,0.98554,1.1079
0.79062,0.83134,0.90469,0.9925,1.078,1.1485,1.1952,1.2132,1.2007,1.1588,1.092,1.0084,0.91986,0.84257,0.79481
1.7004,1.5635,1.3603,1.1006,0.79876,0.47913,0.23784,0.38594,0.70052,1.0113,1.2858,1.5076,1.6657,1.7527,1.7644
1.06,1.0004,0.93892,0.88697,0.85591,0.85354,0.8805,0.92991,0.99066,1.0513,1.1021,1.1361,1.1491,1.1396,1.1086
0.95305,0.68852,0.44834,0.36925,0.53968,0.79935,1.058,1.2843,1.4619,1.5808,1.6344,1.6203,1.539,1.3947,1.1953
0.59377,0.77798,0.98425,1.1748,1.3298,1.4375,1.4908,1.4865,1.4249,1.3098,1.1486,0.95424,0.74819,0.57244,0.50437
0.2688,0.34518,0.64635,0.95732,1.2365,1.4661,1.6342,1.7327,1.757,1.706,1.5821,1.391,1.1422,0.84918,0.53402
1.99,1.9317,1.789,1.5682,1.2788,0.9335,0.54745,0.13764,0.27879,0.68254,1.0565,1.3844,1.6517,1.8468,1.9613
0.096444,0.43486,0.8073,1.1477,1.4389,1.6677,1.8239,1.9006,1.8944,1.8057,1.6382,1.3995,1.1002,0.75382,0.37869
0.87506,0.75586,0.6849,0.69041,0.7699,0.89291,1.0271,1.1494,1.2449,1.3043,1.3228,1.2987,1.2339,1.1342,1.0093
1.6355,1.6269,1.5507,1.4109,1.215,0.97489,0.70992,0.46284,0.36222,0.51893,0.77756,1.0388,1.2692,1.4519,1.5761
1.199,1.3197,1.3958,1.4218,1.3961,1.3203,1.1998,1.0444,0.87005,0.70427,0.59407,0.59371,0.70342,0.86904,1.0434
1.3315,1.4965,1.6007,1.6387,1.6086,1.512,1.3537,1.1427,0.89252,0.62704,0.40653,0.39018,0.59696,0.86159,1.1151
0.90688,0.98531,1.0633,1.1289,1.1734,1.192,1.1825,1.146,1.0865,1.0114,0.93154,0.86133,0.81672,0.81003,0.84328
1.778,1.8881,1.9159,1.8601,1.7232,1.5112,1.2335,0.9025,0.53386,0.15675,0.27969,0.66083,1.0188,1.3335,1.5903
0.85506,1.0453,1.2144,1.346,1.43,1.4609,1.4368,1.359,1.2329,1.0676,0.87876,0.69338,0.56202,0.55317,0.67296
0.64942,0.30184,0.20123,0.52789,0.87432,1.189,1.4541,1.6569,1.7881,1.8418,1.8156,1.7106,1.5317,1.2868,0.98754
0.71208,0.5842,0.56845,0.67508,0.84625,1.0292,1.1942,1.3239,1.4082,1.4412,1.4207,1.3482,1.2284,1.0706,0.88981
1.3516,1.4396,1.4736,1.4515,1.3747,1.248,1.0806,0.88758,0.69527,0.55422,0.53811,0.65852,0.84528,1.0409,1.2153
0.5457,0.41246,0.49605,0.71588,0.96089,1.1864,1.3716,1.5043,1.5768,1.5851,1.5289,1.4112,1.2385,1.0219,0.77909
1.2974,1.2511,1.1687,1.0579,0.93176,0.81005,0.72099,0.69477,0.74245,0.84472,0.97037,1.0936,1.1969,1.2691,1.3036
1.5166,1.2874,1.0049,0.68504,0.35964,0.22079,0.49136,0.82102,1.1278,1.3898,1.5934,1.7288,1.7899,1.7738,1.6813
1.3411,1.2696,1.1587,1.0186,0.86568,0.72664,0.64156,0.64834,0.74345,0.88647,1.0389,1.1758,1.2818,1.3475,1.3677
0.73319,0.9761,1.1981,1.3791,1.5072,1.5751,1.579,1.5187,1.3976,1.2224,1.0045,0.76259,0.53442,0.41522,0.5114
1.607,1.5292,1.3892,1.1948,0.9582,0.69992,0.46559,0.38212,0.53837,0.78955,1.0435,1.2673,1.4441,1.5633,1.6185
1.2213,1.1772,1.1058,1.0153,0.91808,0.83161,0.77658,0.76984,0.81371,0.89413,0.99043,1.0841,1.1613,1.2129,1.2336
1.5026,1.3964,1.2371,1.0352,0.80817,0.58926,0.45474,0.50608,0.69761,0.9266,1.1435,1.3251,1.4582,1.5344,1.5495
0.66586,0.75775,0.89441,1.04,1.1707,1.2716,1.3333,1.3511,1.3236,1.2528,1.1446,1.0092,0.86309,0.73268,0.65586
1.5453,1.6757,1.7348,1.7199,1.6316,1.4742,1.2552,0.98611,0.68441,0.38799,0.2716,0.50136,0.80785,1.0992,1.3498
1.14,1.1875,1.2071,1.1969,1.1579,1.0943,1.0136,0.92739,0.8511,0.80237,0.79514,0.83171,0.9011,0.98599,1.0699
1.5305,1.57,1.546,1.46,1.3166,1.1247,0.89818,0.662,0.47241,0.44574,0.60747,0.83948,1.0713,1.2734,1.4297
1.3646,1.2209,1.0379,0.83255,0.63636,0.51232,0.53881,0.69547,0.89951,1.1002,1.272,1.4006,1.4771,1.4968,1.4586
1.1231,1.0239,0.9157,0.81752,0.75315,0.7434,0.7919,0.88191,0.98921,1.093,1.1785,1.236,1.2597,1.2474,1.2004
1.4658,1.3942,1.2713,1.1056,0.91125,0.7128,0.55785,0.52322,0.63422,0.82123,1.0214,1.202,1.3454,1.4406,1.4816
1.5499,1.5305,1.4501,1.3134,1.1289,0.91046,0.68224,0.4969,0.45942,0.60344,0.82441,1.0503,1.2494,1.4052,1.5074
1.6776,1.523,1.3039,1.0311,0.72035,0.40167,0.22875,0.45905,0.78048,1.0857,1.3494,1.5572,1.6987,1.7676,1.7604
0.89585,0.87405,0.87695,0.90381,0.94826,1.0009,1.0521,1.0938,1.1201,1.1277,1.1157,1.0855,1.041,0.9887,0.93706
0.84044,0.93429,1.0352,1.1262,1.1953,1.235,1.2414,1.2139,1.1552,1.0714,0.9725,0.87365,0.79494,0.75793,0.7751
0.16024,0.50877,0.86855,1.1944,1.4694,1.681,1.8195,1.8789,1.8565,1.7533,1.5739,1.3263,1.0217,0.67481,0.30853
1.5483,1.5495,1.4886,1.3691,1.198,0.98707,0.75599,0.54443,0.44332,0.53776,0.74722,0.97849,1.1906,1.3634,1.4851
1.146,1.1378,1.1085,1.0615,1.0034,0.94302,0.8914,0.85971,0.85582,0.88075,0.92816,0.98736,1.0471,1.0976,1.1321
1.365,1.3595,1.3078,1.2136,1.085,0.93508,0.78532,0.66995,0.63223,0.69127,0.81839,0.9707,1.1172,1.2388,1.3237
0.60794,0.50372,0.55674,0.72702,0.93365,1.1314,1.2973,1.4181,1.4857,1.4959,1.4482,1.3454,1.1941,1.0056,0.79844
0.62973,0.76132,0.9299,1.0966,1.2389,1.3431,1.4012,1.4092,1.3664,1.2758,1.1442,0.9832,0.81196,0.66345,0.58927
1.4478,1.3041,1.1129,0.88857,0.65687,0.4756,0.45737,0.61919,0.84777,1.0757,1.2739,1.4267,1.5243,1.5611,1.5351
1.0216,0.91631,0.82122,0.75932,0.75036,0.79759,0.88501,0.9894,1.0906,1.1739,1.2298,1.2528,1.2406,1.1943,1.1186
1.1055,1.3516,1.5427,1.669,1.7246,1.7066,1.6161,1.4573,1.238,0.96999,0.67137,0.38335,0.28647,0.51699,0.81889
1.2682,1.4714,1.614,1.6888,1.6921,1.6239,1.4874,1.2895,1.0407,0.75744,0.47182,0.30091,0.44759,0.73008,1.0154
0.79464,0.96258,1.1238,1.2579,1.3525,1.4006,1.3986,1.3468,1.2487,1.112,0.94938,0.78213,0.64636,0.59413,0.65465
1.0122,1.1551,1.269,1.3435,1.3728,1.3547,1.2906,1.1853,1.0479,0.89367,0.747,0.64642,0.63438,0.71724,0.857
1.7456,1.5132,1.2147,0.86312,0.47399,0.06664,0.34984,0.74707,1.1119,1.4281,1.682,1.8624,1.9614,1.9747,1.9017
0.55704,0.53953,0.658,0.84343,1.0384,1.2124,1.3487,1.437,1.4714,1.45,1.3739,1.2481,1.0817,0.88958,0.69803
1.2506,1.2205,1.1583,1.0704,0.96723,0.86465,0.78383,0.7476,0.7686,0.8393,0.93823,1.043,1.1364,1.2065,1.2458
1.4794,1.208,0.88511,0.52753,0.17652,0.29111,0.65558,1.0033,1.3098,1.5601,1.7429,1.8499,1.8764,1.8213,1.687
0.97148,0.80162,0.65745,0.59082,0.63833,0.77288,0.9412,1.1059,1.2453,1.3462,1.4008,1.4054,1.3595,1.2663,1.133
1.5609,1.6549,1.6794,1.6332,1.5185,1.3412,1.1106,0.84131,0.5592,0.34127,0.39116,0.645,0.92738,1.1867,1.4021
1.3612,1.3733,1.3379,1.2577,1.139,0.9928,0.83713,0.70139,0.62866,0.65371,0.76338,0.91356,1.0674,1.2018,1.3025
0.8447,1.1519,1.4126,1.6136,1.7453,1.8019,1.7806,1.6825,1.5121,1.2772,0.9892,0.66434,0.33545,0.22116,0.51136
0.16156,0.25435,0.6574,1.032,1.3615,1.6316,1.8303,1.9491,1.9827,1.9296,1.7923,1.5765,1.292,0.95092,0.56839
0.73267,0.93366,1.1268,1.2891,1.4072,1.4731,1.4827,1.4354,1.3341,1.1854,1.0007,0.7988,0.615,0.51643,0.56815
0.54589,0.83748,1.1143,1.3511,1.5335,1.6521,1.7011,1.678,1.5839,1.4235,1.2049,0.94043,0.64979,0.38107,0.31824
0.90771,0.85286,0.82658,0.83613,0.8788,0.94345,1.016,1.0835,1.1362,1.1674,1.1736,1.154,1.1109,1.0494,0.97785
1.0053,0.67573,0.33665,0.20059,0.49996,0.84038,1.1533,1.4191,1.6246,1.7601,1.8195,1.8003,1.7031,1.5324,1.2961
0.72505,0.83162,0.96373,1.0937,1.2032,1.2805,1.3188,1.3148,1.2689,1.185,1.0706,0.93856,0.80881,0.71078,0.67806
1.7437,1.6593,1.5042,1.2856,1.0148,0.70795,0.39785,0.24584,0.47388,0.78885,1.0885,1.3472,1.5504,1.688,1.7534
1.7461,1.6352,1.4543,1.2121,0.92087,0.59902,0.29369,0.27824,0.5778,0.90067,1.1945,1.4404,1.6255,1.7411,1.782
0.30699,0.1292,0.50654,0.87888,1.2145,1.4976,1.7156,1.8588,1.9209,1.8991,1.7946,1.6117,1.3587,1.0466,0.68979
1.3167,1.0149,0.67165,0.31156,0.17072,0.50901,0.86437,1.187,1.4594,1.669,1.8063,1.865,1.8427,1.7402,1.5623
0.82761,0.78222,0.78391,0.83212,0.91222,1.0047,1.0926,1.1633,1.2084,1.2232,1.2063,1.1592,1.0871,0.99842,0.90616
1.0276,1.0818,1.1219,1.1429,1.1421,1.1196,1.0782,1.0233,0.96288,0.90742,0.86827,0.85473,0.87033,0.91103,0.96722
0.6597,0.94345,1.2021,1.4157,1.5719,1.6626,1.6834,1.6332,1.5145,1.3332,1.099,0.82675,0.54313,0.33089,0.39885
1.1203,1.1526,1.1618,1.1468,1.1093,1.0538,0.98794,0.92206,0.8688,0.84045,0.84451,0.87987,0.93741,1.0044,1.0686
1.0506,0.95946,0.87152,0.80533,0.77897,0.80092,0.86405,0.95078,1.0423,1.1236,1.1838,1.2163,1.2178,1.1881,1.1303
1.087,0.94135,0.79532,0.6817,0.64162,0.69471,0.81563,0.96333,1.107,1.2273,1.3121,1.3544,1.351,1.3022,1.2116
0.89614,1.0347,1.1599,1.2568,1.3164,1.3337,1.3074,1.2395,1.1358,1.0064,0.8676,0.74474,0.67293,0.68185,0.76733
1.5662,1.5301,1.4328,1.2799,1.0809,0.8515,0.62026,0.45412,0.46951,0.65185,0.88558,1.1119,1.305,1.4504,1.5391
1.1564,1.1152,1.055,0.984,0.91332,0.85671,0.82766,0.83414,0.87431,0.93757,1.0099,1.0782,1.1323,1.1655,1.1738
0.80369,0.93791,1.0739,1.1915,1.2777,1.3248,1.329,1.29,1.2109,1.0985,0.96477,0.82817,0.7172,0.66783,0.7018
1.46,1.6171,1.706,1.7222,1.6652,1.5375,1.3454,1.0987,0.81199,0.51111,0.28599,0.38991,0.67809,0.97565,1.2423
1.0664,1.3806,1.6347,1.8175,1.9209,1.9405,1.8753,1.7282,1.5058,1.2176,0.87658,0.49819,0.10926,0.31699,0.70606
0.66304,0.64057,0.71118,0.8423,0.99306,1.1349,1.2502,1.3279,1.3618,1.3493,1.2914,1.1925,1.0613,0.91186,0.7672
1.9205,1.9395,1.8738,1.7262,1.5034,1.215,0.87383,0.49547,0.10739,0.31962,0.7083,1.0682,1.3819,1.6355,1.8176
1.1704,0.91349,0.63612,0.39341,0.3578,0.57361,0.85032,1.1144,1.3401,1.5131,1.6238,1.6668,1.6399,1.5443,1.385
1.526,1.3412,1.1026,0.82489,0.53417,0.31432,0.39125,0.66241,0.95212,1.2147,1.4308,1.5883,1.6793,1.6993,1.6474
1.2906,1.3464,1.3571,1.3218,1.2433,1.128,0.98688,0.83806,0.71027,0.64385,0.6694,0.77416,0.91766,1.0651,1.1941
1.397,1.3257,1.2094,1.0574,0.88511,0.71864,0.6028,0.59215,0.69317,0.85466,1.0282,1.1851,1.3085,1.3881,1.4183
0.77821,0.87216,0.98492,1.0943,1.1848,1.2463,1.2728,1.2619,1.2146,1.1354,1.0323,0.91867,0.81372,0.74275,0.72916
1.1753,1.2736,1.3328,1.3481,1.3184,1.2459,1.1366,1.001,0.85614,0.72873,0.65669,0.67141,0.76572,0.90245,1.0467
0.92873,0.61193,0.31133,0.27915,0.56634,0.88509,1.1772,1.4227,1.6086,1.7259,1.7693,1.7367,1.6295,1.4529,1.2152
1.3843,1.1597,0.89242,0.60489,0.35736,0.3508,0.59392,0.8815,1.15,1.3766,1.5477,1.6545,1.6916,1.6572,1.5531
1.6664,1.8057,1.8666,1.8462,1.7456,1.5692,1.3249,1.0239,0.68089,0.3197,0.16326,0.50001,0.85653,1.1807,1.4549
0.86443,1.0269,1.1742,1.29,1.3642,1.3912,1.3692,1.2997,1.1878,1.0432,0.88125,0.72809,0.62559,0.61993,0.71427
1.2578,1.3802,1.4524,1.4699,1.4316,1.3398,1.2007,1.0248,0.82967,0.64712,0.53669,0.56457,0.71104,0.90347,1.0941
0.56831,0.91654,1.2294,1.4904,1.6872,1.8109,1.8561,1.8205,1.706,1.5175,1.2636,0.95616,0.61101,0.25986,0.22297
1.9445,1.8448,1.6645,1.4115,1.0969,0.73454,0.34086,0.079281,0.47839,0.86338,1.2111,1.5059,1.7351,1.8884,1.9593
1.8993,1.8296,1.6803,1.4577,1.172,0.83605,0.46663,0.1146,0.34717,0.72204,1.0707,1.3738,1.6175,1.7908,1.8862
0.98035,0.73745,0.51451,0.41475,0.5308,0.75825,1.0005,1.219,1.3951,1.5173,1.5787,1.576,1.5092,1.382,1.2018
1.4667,1.3477,1.179,0.97283,0.74955,0.55036,0.463,0.55817,0.76004,0.98318,1.188,1.3545,1.4709,1.5301,1.5287
1.8363,1.8777,1.8374,1.7172,1.5224,1.2617,0.94714,0.59431,0.23319,0.22861,0.58926,0.94248,1.2577,1.5192,1.715
1.9661,1.958,1.8642,1.689,1.4401,1.1282,0.76711,0.37286,0.047379,0.44918,0.8385,1.1914,1.4924,1.7281,1.8884
1.0738,0.85496,0.63665,0.4822,0.49235,0.65825,0.87872,1.0956,1.2822,1.4235,1.5103,1.5376,1.5039,1.411,1.2644
1.6881,1.5661,1.378,1.1332,0.84549,0.53802,0.28543,0.35614,0.64631,0.9507,1.2252,1.4513,1.617,1.7142,1.7383
0.76373,1.091,1.3737,1.5978,1.753,1.8324,1.8322,1.7526,1.5971,1.3727,1.0898,0.76238,0.41224,0.1577,0.41361
1.1726,1.2073,1.212,1.1862,1.1326,1.0571,0.96941,0.8834,0.81664,0.78671,0.80295,0.86016,0.94229,1.0311,1.1115
1.0696,1.0277,0.98025,0.93523,0.90132,0.88589,0.89259,0.9198,0.96138,1.0089,1.0539,1.0893,1.1102,1.1138,1.0996
1.3125,1.0618,0.77404,0.4786,0.28498,0.42564,0.71528,1.0077,1.2671,1.4764,1.6245,1.7041,1.7112,1.6457,1.5106
1.2121,1.4212,1.5729,1.6591,1.6756,1.6217,1.4999,1.3164,1.0811,0.80945,0.52982,0.3318,0.41577,0.67689,0.95744
0.93098,1.1064,1.2553,1.364,1.4246,1.433,1.3885,1.2942,1.1568,0.98781,0.80649,0.64686,0.56556,0.60974,0.75181
0.91742,0.77047,0.66263,0.6362,0.70467,0.83586,0.98797,1.1318,1.2491,1.3289,1.3648,1.354,1.2973,1.1991,1.0678
0.33776,0.61472,0.91741,1.1938,1.4239,1.5952,1.6991,1.7308,1.6886,1.5747,1.3943,1.1567,0.87505,0.57127,0.3096
1.1168,1.3866,1.5977,1.7403,1.8078,1.7971,1.7088,1.5468,1.3186,1.0351,0.71139,0.37466,0.19388,0.46423,0.8021
1.3,1.3823,1.4157,1.3978,1.3298,1.2167,1.0672,0.89646,0.72952,0.60958,0.59128,0.68559,0.84384,1.0168,1.1746
0.90604,0.66452,0.46628,0.43261,0.59668,0.83358,1.0701,1.2762,1.4361,1.5397,1.5814,1.5588,1.4733,1.3294,1.1357
1.0045,1.2005,1.358,1.4655,1.5164,1.5078,1.4402,1.3175,1.1477,0.94357,0.72752,0.54446,0.48171,0.58926,0.78872
1.603,1.7173,1.7581,1.7236,1.6153,1.4383,1.2012,0.91639,0.60322,0.31204,0.2938,0.57676,0.89094,1.179,1.4206
0.34758,0.70989,1.0508,1.3482,1.5877,1.7586,1.853,1.8669,1.7995,1.654,1.4367,1.1576,0.82962,0.47085,0.14484
1.926,1.905,1.8009,1.6182,1.365,1.0525,0.69473,0.31019,0.12322,0.50355,0.87758,1.2147,1.4993,1.7186,1.863
1.0495,0.75744,0.45913,0.27462,0.43701,0.73314,1.0272,1.2861,1.4937,1.6391,1.715,1.718,1.6478,1.5078,1.3049
0.61155,0.58908,0.68045,0.83783,1.0112,1.1701,1.297,1.381,1.4162,1.4,1.3337,1.2217,1.0731,0.9024,0.73436
1.0541,0.81184,0.57179,0.41489,0.47056,0.68287,0.92975,1.1606,1.3529,1.4938,1.5749,1.5919,1.544,1.4336,1.2669
1.1615,1.0972,1.0154,0.92764,0.84965,0.79942,0.79143,0.82822,0.89864,0.98495,1.0703,1.1417,1.1903,1.2106,1.2007
1.3698,1.3288,1.2438,1.1215,0.97357,0.81921,0.68941,0.6279,0.66484,0.78123,0.93277,1.0846,1.215,1.3106,1.3635
1.6772,1.5878,1.4319,1.2175,0.9565,0.66823,0.39759,0.31532,0.52982,0.81889,1.0962,1.3349,1.5203,1.6427,1.6958
1.2677,1.4055,1.4904,1.5173,1.4847,1.3945,1.2521,1.0672,0.85583,0.64693,0.50141,0.50994,0.66551,0.87657,1.0864
0.92843,0.89173,0.87549,0.88367,0.91425,0.96015,1.012,1.0606,1.0985,1.1205,1.1238,1.1079,1.0749,1.0291,0.97741
1.4321,1.3035,1.1286,0.92103,0.70457,0.52809,0.48303,0.6063,0.81148,1.0275,1.2209,1.374,1.4762,1.521,1.506
1.4425,1.3412,1.1918,1.0056,0.8013,0.6137,0.51073,0.56103,0.72734,0.93092,1.1266,1.2911,1.4112,1.4786,1.4893
1.3,1.4148,1.477,1.4825,1.4311,1.326,1.174,0.98693,0.78437,0.60333,0.5136,0.57611,0.74604,0.94813,1.1401
1.2208,1.3263,1.3872,1.3992,1.3613,1.2763,1.1505,0.99516,0.8285,0.68154,0.60246,0.63195,0.75326,0.91544,1.0791
1.7414,1.8031,1.7869,1.6936,1.5274,1.2959,1.0104,0.68655,0.35442,0.20861,0.48915,0.82402,1.1343,1.399,1.6046
1.3502,1.5018,1.5928,1.6184,1.5771,1.4713,1.3064,1.0922,0.84373,0.589,0.40137,0.43191,0.6472,0.90437,1.1466
1.2049,1.2059,1.1771,1.1216,1.0456,0.95917,0.87643,0.8148,0.7908,0.8119,0.87149,0.95339,1.0401,1.1171,1.1742
1.1185,0.99525,0.86527,0.7532,0.69117,0.70385,0.78571,0.90687,1.0369,1.1541,1.2443,1.2988,1.3128,1.2854,1.2186
1.7568,1.6042,1.3824,1.1016,0.7758,0.42603,0.15878,0.40002,0.75008,1.0786,1.3633,1.5899,1.7479,1.8303,1.8333
1.006,0.7889,0.58772,0.47857,0.5416,0.72609,0.94351,1.1487,1.3195,1.4429,1.5109,1.5197,1.4687,1.3609,1.2029
0.6275,0.43061,0.42547,0.61752,0.867,1.1082,1.3146,1.4715,1.5698,1.604,1.5725,1.4768,1.3222,1.1176,0.8775
1.721,1.811,1.8226,1.7552,1.612,1.3993,1.1272,0.80905,0.46559,0.18117,0.36678,0.71014,1.0384,1.3255,1.5567
0.74735,0.80217,0.89537,1.0029,1.1048,1.1869,1.2402,1.2593,1.2425,1.1915,1.111,1.0101,0.90236,0.80746,0.74936
1.0629,0.73068,0.3781,0.15663,0.44619,0.79777,1.1229,1.4017,1.6205,1.7693,1.8414,1.8336,1.7462,1.5832,1.3518
1.4896,1.397,1.2519,1.0641,0.84973,0.63828,0.49271,0.50656,0.66822,0.88299,1.0947,1.2769,1.4146,1.4987,1.5242
1.1233,0.79062,0.42981,0.12987,0.38794,0.75001,1.0871,1.3788,1.6112,1.7738,1.8594,1.8641,1.7877,1.6337,1.4088
0.15091,0.38868,0.74258,1.0745,1.3625,1.5923,1.7533,1.8383,1.8436,1.7688,1.6173,1.3959,1.1148,0.78755,0.43443
1.6212,1.4205,1.1597,0.85185,0.51669,0.21976,0.32776,0.65889,0.98587,1.2759,1.5128,1.6851,1.7849,1.8076,1.7522
1.1906,1.2106,1.2004,1.1608,1.0963,1.0144,0.92667,0.8489,0.7991,0.79164,0.82889,0.89959,0.98596,1.0712,1.1424
1.4357,1.6051,1.7067,1.7355,1.6903,1.5731,1.3896,1.1489,0.8644,0.55845,0.29866,0.34303,0.62639,0.93047,1.2067
1.0803,1.1142,1.1301,1.126,1.1024,1.0622,1.0111,0.9567,0.9088,0.87728,0.86956,0.88757,0.92686,0.97863,1.0328
0.73987,0.68653,0.70979,0.79954,0.92427,1.0543,1.1691,1.2553,1.3048,1.3133,1.2802,1.2082,1.1038,0.97787,0.8479
1.6577,1.556,1.3896,1.167,0.90146,0.61481,0.36488,0.34702,0.58484,0.87158,1.1406,1.3685,1.5413,1.6501,1.6896
1.5985,1.4834,1.3081,1.0824,0.82171,0.55473,0.36435,0.42489,0.66543,0.93499,1.1833,1.3892,1.5399,1.6275,1.6473
1.6601,1.5934,1.4605,1.2681,1.0272,0.75477,0.48542,0.33284,0.46553,0.73152,1.0055,1.2498,1.4466,1.5848,1.6572
1.0118,1.1727,1.301,1.3861,1.4217,1.4056,1.3388,1.226,1.0758,0.90306,0.7324,0.60693,0.58346,0.67633,0.83614
1.4544,1.2574,1.0123,0.73666,0.46685,0.32686,0.47804,0.74966,1.0245,1.2676,1.4621,1.5969,1.6652,1.6636,1.5921
0.40724,0.33603,0.54109,0.82117,1.0916,1.3248,1.5058,1.6248,1.6759,1.6564,1.5674,1.4132,1.202,0.94593,0.66514
0.91232,0.91944,0.94153,0.97394,1.0104,1.0445,1.0708,1.0854,1.0864,1.0736,1.0488,1.0155,0.979,0.94563,0.92174
1.1064,1.0739,1.0288,0.97786,0.92959,0.89341,0.87734,0.88528,0.91527,0.96041,1.0115,1.0595,1.0969,1.1187,1.122
1.1046,1.1625,1.1953,1.1996,1.1749,1.1238,1.0522,0.96942,0.88874,0.82662,0.79907,0.8144,0.86788,0.94492,1.0286
1.3782,1.4558,1.4783,1.4443,1.3559,1.2188,1.0432,0.84579,0.6567,0.53394,0.54969,0.69246,0.88682,1.0816,1.2504
1.4335,1.6776,1.8484,1.9385,1.9439,1.8644,1.7035,1.4683,1.1689,0.81878,0.43374,0.054505,0.38332,0.77145,1.127
1.2635,1.279,1.2566,1.1981,1.1091,0.9992,0.88345,0.78357,0.72644,0.73252,0.79941,0.90412,1.0202,1.1272,1.2113
0.69552,0.88664,1.0789,1.2457,1.3722,1.449,1.4713,1.4376,1.3502,1.2146,1.0411,0.84637,0.66059,0.54067,0.55594
0.64071,0.79206,0.96972,1.1381,1.2771,1.3745,1.4232,1.4199,1.3648,1.2616,1.1182,0.94723,0.77051,0.62615,0.57208
0.82569,0.85329,0.90929,0.9802,1.0521,1.1135,1.1561,1.175,1.1679,1.1358,1.0821,1.0138,0.94084,0.8762,0.83413
0.44373,0.80396,1.1351,1.4185,1.6408,1.792,1.8653,1.8575,1.7689,1.6035,1.3686,1.0749,0.73646,0.37415,0.13337
0.53619,0.26285,0.33685,0.64262,0.95696,1.2389,1.4709,1.6409,1.741,1.7663,1.7159,1.5919,1.4002,1.1501,0.85495
1.8614,1.677,1.4192,1.0994,0.73164,0.33199,0.083833,0.49352,0.88257,1.2331,1.5298,1.7596,1.9125,1.9818,1.9646
1.1496,0.9446,0.72728,0.54258,0.47873,0.587,0.7878,1.0048,1.2018,1.3599,1.468,1.5193,1.5108,1.4431,1.3201
0.31239,0.51159,0.79808,1.0763,1.3175,1.5065,1.6331,1.6911,1.6776,1.5933,1.4423,1.2323,0.97501,0.68895,0.41581
1.7113,1.6781,1.5739,1.4037,1.1762,0.90412,0.60876,0.34651,0.33046,0.58297,0.87873,1.1538,1.3859,1.5616,1.6718
1.2979,1.2283,1.124,0.99554,0.85959,0.74188,0.67688,0.69152,0.77911,0.90683,1.0426,1.1641,1.2571,1.3129,1.3269
1.1701,1.2362,1.2683,1.2636,1.2223,1.1483,1.0493,0.93727,0.83048,0.75316,0.72961,0.76875,0.85617,0.9664,1.0765
1.0537,1.1178,1.1626,1.1826,1.1758,1.1429,1.0875,1.0166,0.94032,0.87225,0.82742,0.81778,0.84618,0.90453,0.97857
0.98962,0.70164,0.42216,0.30235,0.49688,0.78599,1.0677,1.3127,1.5054,1.6358,1.6973,1.6869,1.6052,1.4561,1.2471
1.1852,1.1509,1.093,1.0186,0.93839,0.86636,0.81864,0.80823,0.83827,0.90001,0.97807,1.057,1.1242,1.1711,1.1922
1.8832,1.722,1.4855,1.1842,0.83119,0.44221,0.044272,0.37893,0.77197,1.1317,1.4421,1.6896,1.8632,1.9554,1.9622
1.4453,1.2202,0.94736,0.64537,0.35945,0.29203,0.54067,0.84531,1.1309,1.374,1.5608,1.6819,1.7315,1.7073,1.6103
1.1419,1.1624,1.1585,1.1307,1.0823,1.0195,0.9514,0.88993,0.84817,0.83664,0.85852,0.90789,0.97288,1.0405,1.0996
1.5608,1.7353,1.8345,1.854,1.793,1.6541,1.4437,1.1712,0.84969,0.4971,0.17121,0.32597,0.68164,1.021,1.319
0.6094,0.64176,0.76207,0.92132,1.0815,1.2198,1.3223,1.3807,1.3908,1.3517,1.2664,1.1414,0.98795,0.82471,0.68283
0.67836,0.68182,0.76225,0.88798,1.0254,1.1509,1.2491,1.3108,1.3307,1.3072,1.2423,1.1415,1.0144,0.87688,0.75347
1.5996,1.4293,1.1998,0.9237,0.62053,0.34071,0.30465,0.56503,0.86965,1.1525,1.3916,1.5734,1.6889,1.7325,1.7023
1.324,1.3178,1.2694,1.1827,1.0657,0.93155,0.80068,0.70349,0.67418,0.72588,0.83639,0.97087,1.1018,1.2112,1.2874
1.2554,1.2872,1.2801,1.2346,1.155,1.0489,0.92934,0.81556,0.73414,0.712,0.75806,0.85461,0.97322,1.0897,1.1874
1.1753,1.4783,1.7167,1.8801,1.9614,1.9569,1.867,1.6954,1.4499,1.141,0.7823,0.38988,0.036732,0.43136,0.82112
0.90654,1.245,1.5294,1.747,1.8883,1.9472,1.9211,1.811,1.6219,1.362,1.0427,0.67832,0.28638,0.13524,0.52912
1.765,1.7105,1.5829,1.3879,1.1352,0.83833,0.51957,0.25496,0.35127,0.65956,0.97263,1.2522,1.481,1.6475,1.7436
1.396,1.1346,0.82805,0.49768,0.22169,0.35268,0.67851,0.99952,1.2834,1.5142,1.6806,1.7747,1.7924,1.7328,1.5986
0.92076,0.6332,0.37505,0.33462,0.56553,0.8534,1.1255,1.3572,1.5345,1.6481,1.6923,1.665,1.5676,1.4047,1.1849
1.3516,1.4087,1.4149,1.3699,1.2767,1.1423,0.97834,0.8045,0.65467,0.5823,0.6278,0.76436,0.93625,1.1048,1.2477
1.5421,1.4502,1.3014,1.1051,0.87575,0.64001,0.45931,0.45315,0.62748,0.86229,1.0928,1.2915,1.4432,1.5385,1.5721
1.4328,1.1825,0.88451,0.55833,0.26026,0.30421,0.61796,0.94112,1.2316,1.4719,1.6498,1.757,1.7886,1.7431,1.6227
0.21896,0.3616,0.68769,1.0076,1.29,1.5189,1.6832,1.7752,1.7906,1.7289,1.5928,1.3886,1.126,0.81872,0.48866
1.6853,1.6688,1.5819,1.4291,1.218,0.96079,0.6766,0.40989,0.32235,0.5259,0.81002,1.0849,1.3225,1.5078,1.6308
1.627,1.7864,1.8682,1.8687,1.7878,1.6293,1.4,1.1104,0.77418,0.41035,0.12133,0.40611,0.77008,1.1068,1.397
0.7435,0.37106,0.10749,0.44296,0.81224,1.1498,1.4382,1.6643,1.8181,1.8926,1.8847,1.7947,1.6265,1.3876,1.0886
0.62172,0.9523,1.2479,1.4918,1.6721,1.7803,1.8117,1.7648,1.6416,1.4479,1.1926,0.88845,0.55386,0.241,0.29377
0.50182,0.81444,1.1094,1.3624,1.5593,1.6902,1.749,1.7329,1.6427,1.4826,1.2602,0.98719,0.68049,0.37713,0.25983
1.5964,1.3867,1.1184,0.80521,0.469,0.19899,0.37209,0.70671,1.0296,1.3129,1.5411,1.7035,1.7925,1.8041,1.7377
1.8697,1.7544,1.5627,1.303,0.98713,0.62985,0.25417,0.18845,0.56078,0.92372,1.2485,1.5195,1.7245,1.8545,1.9036
1.1265,1.0634,0.98787,0.91168,0.84949,0.81625,0.82135,0.86327,0.93055,1.0079,1.0812,1.1397,1.1761,1.1863,1.1691
0.24617,0.51237,0.83393,1.1333,1.3884,1.5856,1.7153,1.7714,1.7514,1.6561,1.4901,1.2611,0.98077,0.66587,0.35295
1.8275,1.7039,1.5063,1.2437,0.92807,0.5756,0.21985,0.2476,0.60663,0.95675,1.2684,1.5259,1.7174,1.8344,1.8717
1.1759,1.254,1.2958,1.2977,1.2595,1.1845,1.0797,0.9569,0.8342,0.73787,0.69824,0.73143,0.82377,0.94527,1.0689
1.5138,1.4413,1.3134,1.1384,0.92958,0.71006,0.52767,0.47526,0.59632,0.80323,1.022,1.2185,1.3745,1.4794,1.5268
1.4245,1.2707,1.0716,0.84309,0.61477,0.45521,0.47765,0.66114,0.89329,1.1173,1.3078,1.4505,1.5367,1.5614,1.5233
1.4394,1.2324,0.97837,0.69593,0.42647,0.31962,0.50886,0.79065,1.0665,1.3066,1.4953,1.6224,1.6815,1.6698,1.5877
0.57852,0.32887,0.3507,0.6137,0.90842,1.1795,1.4059,1.575,1.6779,1.7099,1.6693,1.558,1.3816,1.149,0.87374
0.43598,0.72958,1.0224,1.2809,1.4883,1.6339,1.7103,1.7141,1.6449,1.5062,1.3046,1.0508,0.76037,0.46387,0.27912
0.63505,0.38702,0.34976,0.57067,0.85125,1.1181,1.346,1.5204,1.6322,1.6756,1.6485,1.5524,1.3918,1.1754,0.91596
1.4374,1.5818,1.6604,1.6693,1.608,1.4797,1.2907,1.0517,0.77871,0.50334,0.32867,0.44217,0.70761,0.9853,1.2347
1.7929,1.8679,1.8617,1.7746,1.6103,1.3762,1.0829,0.74438,0.38095,0.12819,0.43621,0.79788,1.1306,1.4157,1.6398
0.66826,1.0152,1.3203,1.5687,1.7491,1.8535,1.8773,1.8193,1.6823,1.4722,1.1984,0.87377,0.51497,0.16613,0.30291
1.1124,1.2016,1.26,1.2819,1.2655,1.2122,1.127,1.0187,0.90142,0.79598,0.72918,0.72426,0.78317,0.88474,1.0017
1.5133,1.6316,1.6815,1.6606,1.5698,1.4137,1.2003,0.94202,0.65898,0.3995,0.33303,0.54462,0.82741,1.099,1.3326
1.2413,1.1683,1.0677,0.95119,0.83668,0.74911,0.71565,0.74932,0.83702,0.95157,1.068,1.1686,1.2414,1.2795,1.2795
1.0091,1.0541,1.0895,1.1103,1.1139,1.0996,1.0695,1.0275,0.98,0.93497,0.90109,0.88575,0.89256,0.9199,0.96157
0.9288,0.86028,0.81772,0.8129,0.84725,0.91099,0.98875,1.0656,1.1297,1.1727,1.1899,1.1793,1.142,1.0823,1.0076
1.9078,1.8608,1.7326,1.529,1.2589,0.93458,0.57132,0.19599,0.24339,0.62071,0.97989,1.2979,1.5598,1.754,1.8717
0.40209,0.74058,1.0621,1.3418,1.565,1.7211,1.8029,1.8068,1.7326,1.5837,1.3668,1.0922,0.77395,0.43513,0.18613
0.84041,0.83682,0.8665,0.92154,0.98917,1.0565,1.1129,1.1509,1.1658,1.156,1.1225,1.0695,1.0036,0.93505,0.87627
0.58655,0.75179,0.94902,1.1368,1.2934,1.4057,1.4661,1.4708,1.4196,1.3156,1.1658,0.982,0.78418,0.60932,0.52483
0.60777,0.72797,0.89553,1.067,1.217,1.3307,1.3991,1.4173,1.3841,1.3018,1.1762,1.018,0.84446,0.6853,0.58996
0.69412,1.0199,1.3062,1.5379,1.7037,1.796,1.8108,1.7472,1.6082,1.4002,1.1328,0.81962,0.48145,0.19845,0.35752
0.9765,1.1629,1.3153,1.4219,1.4754,1.4725,1.4135,1.3019,1.1453,0.95648,0.75673,0.5868,0.51907,0.60074,0.77644
1.5584,1.5808,1.539,1.4353,1.2754,1.0693,0.83302,0.59645,0.43296,0.46705,0.6652,0.90649,1.1359,1.3293,1.473
1.2574,1.3661,1.4265,1.4345,1.3895,1.2946,1.1565,0.98682,0.80482,0.64476,0.56378,0.60915,0.75244,0.93243,1.1083
1.3817,1.3018,1.1789,1.0232,0.85175,0.69352,0.59639,0.60934,0.72464,0.88911,1.0591,1.2088,1.3231,1.3927,1.4127
1.1167,1.1154,1.0961,1.0613,1.0157,0.96651,0.92215,0.89156,0.88164,0.89478,0.92783,0.97344,1.0226,1.067,1.0999
0.97248,0.75012,0.55201,0.46523,0.55955,0.76026,0.9825,1.1866,1.3527,1.4688,1.5279,1.5265,1.4647,1.3461,1.178
1.3338,1.2829,1.1922,1.0698,0.92897,0.79094,0.68797,0.65765,0.71431,0.83249,0.97434,1.1112,1.2248,1.3035,1.3409
0.61972,0.24557,0.19853,0.57008,0.93148,1.2544,1.5234,1.7262,1.8539,1.9008,1.8649,1.7477,1.5544,1.2936,0.97708
0.86888,0.99241,1.1103,1.2066,1.271,1.2977,1.2844,1.2323,1.1458,1.0338,0.9099,0.79518,0.7181,0.7058,0.76341
1.2836,1.2487,1.1782,1.079,0.9624,0.84566,0.75336,0.71342,0.74129,0.82595,0.94023,1.0584,1.1618,1.2382,1.28
0.9855,0.98585,0.98868,0.99349,0.99941,1.0054,1.0105,1.0137,1.0147,1.0131,1.0092,1.0038,0.99774,0.99202,0.98768
1.3262,1.265,1.1655,1.0369,0.89403,0.76072,0.6719,0.66299,0.73829,0.86588,1.0091,1.1419,1.2481,1.3174,1.3441
1.8033,1.7344,1.5907,1.3788,1.1088,0.79444,0.45807,0.19579,0.3825,0.71769,1.0397,1.3213,1.5476,1.7077,1.7943
1.48,1.4351,1.3363,1.1901,1.0075,0.80721,0.62333,0.52103,0.56623,0.72628,0.92536,1.1181,1.2811,1.4005,1.4682
0.7866,0.84296,0.92808,1.0222,1.1089,1.1762,1.2165,1.2256,1.2027,1.15,1.0731,0.98148,0.88897,0.81385,0.77568
0.58419,0.86017,1.1225,1.3459,1.5163,1.6244,1.6647,1.6352,1.5375,1.3763,1.1604,0.90289,0.62642,0.3887,0.3647
1.8324,1.7436,1.5794,1.3469,1.0571,0.72441,0.372,0.15872,0.45252,0.8038,1.1282,1.4059,1.6235,1.7709,1.8416
1.4237,1.3577,1.244,1.0909,0.91286,0.73389,0.59748,0.56556,0.65853,0.82383,1.0063,1.1737,1.3079,1.3979,1.4374
1.2705,1.3145,1.3166,1.2767,1.1981,1.0879,0.95785,0.8268,0.72266,0.67918,0.71505,0.81462,0.94441,1.0755,1.1884
