2.0021,4.0041,8.0082,16.016,32.033,64.064,128.13,256.23,512.48,1023.7,2010.6,3838.4,6405.7,7732.2,5986.8
2.0034,4.0067,8.0135,16.027,32.054,64.108,128.21,256.42,512.73,1024.7,2043.2,4073.1,6399,7709.5,5950.4
2.0058,4.0115,8.0231,16.04,32.089,64.094,128.37,255.26,513.44,1026.9,2012.6,3794.4,8215.7,7379.5,5559.9
2.0086,4.0174,8.0344,16.069,32.131,64.278,128.43,256.33,509.4,1027.9,1978.4,3549.6,5032.9,16455,2948.2
2.0072,4.0144,8.0293,16.055,32.117,64.175,128.47,256.94,511.71,1010,1921.3,3213.2,3875,3002.1,32888
2.0331,4.0663,8.1325,16.265,32.53,65.06,4.9593e-05,260.24,520.48,1041,2081.9,4163.9,8327.8,16655,33282
2.0203,4.0406,8.0812,16.162,32.325,64.65,129.3,258.6,517.19,3.5554e-05,2068.7,4137.6,8273.4,16549,33096
2.0246,4.0492,8.0983,16.197,32.393,64.786,129.57,259.15,4.8065e-05,1036.6,2072.5,4145.5,8292.7,16585,33164
2.0234,4.0468,8.0936,3.6695e-05,32.362,64.675,129.5,259,517.95,1035.9,2070.5,4139.9,8287.9,16576,33109
2.0036,4.0071,8.0143,16.029,32.057,64.114,128.23,256.46,512.92,1025.8,2051.7,4103.3,4.3936e-05,16413,32823
3.6571e-05,4.0719,8.1284,16.317,32.572,65.237,130.57,261.14,521.56,1044.6,2088.2,4176.7,8350,16694,33346
2.0202,4.0404,8.0774,16.153,4.9626e-05,64.614,129.29,258.44,517.16,1034.1,2068.7,4137,8272,16546,33054
2.0132,4.0265,8.0529,16.106,32.212,64.423,128.85,6.3345e-06,515.39,1030.6,2061.5,4123.1,8246.2,16492,32981
2.0263,4.0528,8.1046,16.207,32.424,4.6501e-05,129.69,259.27,518.76,1037.6,2075.3,4149.2,8301.1,16602,33175
2.0386,4.0775,4.7129e-05,16.273,32.627,65.24,130.48,261.02,521.94,1043.7,2084.8,4175.9,8342.2,16705,33382
2.021,4.3071e-05,8.075,16.17,32.286,64.651,129.25,258.73,516.31,1033.8,2070,4140.5,8267.1,16543,33103
2.0089,4.0179,8.0358,16.072,32.143,64.286,128.57,257.14,514.29,1028.6,2057.2,4114.3,8228.6,0,32914
2.0142,4.0284,8.0567,16.113,32.227,64.454,128.91,257.82,515.63,1031.3,2062.5,1.5053e-05,8250.1,16500,32998
2.0129,4.0257,8.0515,16.103,32.206,64.412,128.82,257.65,515.3,1030.6,4.0195e-05,4122.4,8244.7,16489,32972
2.0077,4.0153,8.0306,16.061,32.123,64.245,128.49,256.98,513.96,1027.9,2055.8,4111.7,8223.4,16447,0
1.978,3.938,4.9377,16.059,20.963,42.307,78.454,157.08,306.08,658.32,2028.9,4125.1,8220.8,16429,33068
1.4052,2.7433,7.8804,9.6657,19.233,38.208,129.24,258.48,516.91,1033.6,2025.4,2482.2,7792.2,16225,20363
1.1689,2.4671,7.9725,14.04,32.293,64.708,75.071,254.01,489.69,633.97,1255.1,4066.2,8281.2,9798.8,33057
1.9819,2.6367,5.8085,16.242,32.435,46.352,129,159.73,332.41,1039.5,1249.6,2674.9,8070.6,10244,33029
1.2543,3.9543,8.079,9.4248,18.899,64.42,129.26,256.28,343.18,1025,1176.7,4120.6,4983.9,16139,25534
2.0057,2.2048,4.5192,16.234,31.459,64.95,129.8,256.68,276,579.57,2077.9,4156.2,8299.3,16603,19223
1.981,4.0194,8.0646,11.574,23.08,64.223,79.903,165.61,293.19,1029.3,2066.5,2370,4624.6,16077,33040
2.0101,2.2194,7.9814,9.6594,19.165,64.125,128.87,256.94,514.27,611.62,1933.9,4120.5,5219.9,9726.3,33007
1.3359,2.5073,7.983,8.871,31.941,34.918,128.94,257.17,312.54,1009.3,1936.9,4126.6,8262.9,9742.3,32901
1.1929,3.8517,4.6278,15.818,18.747,64.838,129.63,254.2,513.39,559.16,2070.4,4149.6,4907.1,16598,23471
2.0254,4.0549,4.3005,13.794,31.469,64.761,69.76,258.53,519.11,614.53,1094,2536.3,8295.4,16612,33208
2.0139,3.9297,7.8375,15.148,20.455,36.845,77.157,256.15,516.49,1034,1118.9,2549.4,8271.5,10037,33086
2.0244,4.049,4.8012,9.9613,31.995,42.968,129.53,259.07,285.01,608.19,2073.1,4051.2,4596.8,16585,33146
2.0101,2.3447,8.0826,16.127,32.441,64.635,82.467,256.43,518.29,529.26,2048.4,2229.6,4289.4,16612,33205
1.073,2.155,7.9373,16.132,18.043,63.421,129.12,166.88,269.88,995.23,1886.6,3906.6,8273.6,16304,33067
2.0296,3.9355,4.197,8.3116,16.761,64.948,127.31,155.15,517.26,1035.6,2055.6,2659.4,8313.4,16164,33042
1.1025,3.9378,7.8162,16.06,31.629,43.364,71.199,256.27,329.38,1022.5,2061.9,4110.9,4372.4,15584,21053
1.3504,4.0226,8.0516,16.091,20.37,47.051,128.15,184.04,485.05,596.56,2076.7,2520.4,8332.7,9371.7,25983
1.2785,2.5078,7.9408,13.406,32.266,64.538,75.55,154.39,516.28,1032.6,1429,2618.8,8254,16505,21051
2.0182,2.4537,4.5487,15.224,19.258,64.955,65.287,259.97,519.66,1022.5,2077.3,4159.5,8183.9,8643.4,32620
1.9674,2.4955,5.5633,9.7089,32.048,64.481,66.947,257.41,516.32,1032.2,2067.5,4130.1,4646.4,16520,19316
1.0984,4.0462,4.4737,15.287,30.436,43.687,129.58,175,322.5,1009.1,1811.8,4080.7,8300.3,16302,18000
2.0295,2.8724,6.9391,16.309,31.699,35.414,76.453,253.67,340.42,999.04,2007,2350.1,8332.4,15984,18789
1.1296,3.9811,4.1304,16.189,30.377,64.757,124.57,176.41,515.24,1029.1,1101.4,4075.3,4246.5,16478,33155
1.9126,2.7278,8.1174,8.9795,32.207,60.361,121.6,192.64,519.52,530.26,1316.3,4156.1,8312.3,16625,16979
2.0074,4.0147,4.087,8.4596,31.983,63.751,121.76,175.39,513.78,1019.4,1099.9,4109.6,8073.9,8821.4,32889
1.9343,2.1226,8.0431,16.209,32.435,44.182,128.69,180.86,498.54,692.94,1044.6,4005,4496.1,15226,33135
2.0144,3.9346,6.4282,16.051,18.65,64.617,129.19,184.76,303.99,624.83,1194.4,4127.7,8204.2,11011,24105
1.0012,3.5974,8.1067,16.184,30.517,64.622,129.26,259.41,351.07,629.81,1063.2,2401,8301.2,15794,25712
1.2524,2.8076,8.1246,10.117,32.33,45.179,129.32,159.36,520.82,1031.8,2083.3,4166.6,4160,16666,21893
1.9102,3.7579,8.0521,11.625,19.514,47.312,69.794,132.09,517.79,972.43,2070.3,4101,8284.7,16524,17367
1.1249,3.7111,7.9534,7.792,15.162,64.359,99.116,257.23,514.87,1026.6,2059.4,4119,8238,9341.9,29100
1.9446,2.1729,7.9753,15.185,18.432,40.218,71.361,258.11,508.46,526.48,1833.5,4104,8259.5,15487,33006
2.0014,3.9735,3.9009,15.64,31.296,42.104,129.66,259.39,503.47,1036.1,1150.4,2370.3,6244.5,16601,19914
1.2724,4.0266,8.0532,10.39,29.339,43.523,128.64,130.87,280.79,814.01,2011.7,2637,8243.5,15958,32563
2.0248,4.0495,8.0991,11.356,30.81,64.791,102.72,153.84,491.51,527.5,2052.4,4109.8,4325.3,11200,21607
2.028,4.056,8.1121,16.224,32.448,64.897,58.841,157.71,505.55,1038.3,1126.3,3836.5,4057.2,12234,33227
1.9977,2.052,7.8646,15.589,30.872,64.039,73.886,257.07,250.81,1019.6,912.4,4115.3,8237.7,16483,32982
1.9949,2.0702,3.8412,16.165,31.811,42.23,129.41,251.73,517.84,583.35,2077.9,4155.8,6089.3,11505,33246
2.0242,3.7912,6.4492,8.3147,31.801,64.775,129.24,257.81,294.92,1033.5,1925.7,1875.5,8216.3,8685,33165
1.265,3.8685,4.9288,14.899,18.568,31.621,129.65,255.89,518.61,1033,2070.1,4148.9,8157.2,8271.5,33143
2.0224,4.0448,4.5251,14.749,31.91,64.688,91.474,258.87,343.84,469.57,1911,3879.7,8202,7641.2,33135
1.9532,2.6156,7.8433,10.617,15.174,36.901,127.47,258.27,518.27,1022.9,965.31,4138.7,8263.2,16585,33169
2.0299,1.8255,7.7838,7.2006,31.395,64.956,127.5,162.15,517.5,1035.7,1977.7,2126.5,8314.4,15914,33246
2.0292,4.0581,8.1162,16.232,32.468,64.89,65.317,256.5,365.67,707.5,1147.7,3903.8,8215,12671,14959
0.91677,3.6091,5.5309,16.11,28.752,64.442,78.989,144.74,513.92,530.22,2021,3892.5,8165.6,16010,32994
0.90489,3.5467,7.9147,16.244,32.042,64.297,127.45,259.91,519.82,1029.4,1997,2032.4,4704.7,12578,19790
1.9858,4.0423,8.0688,8.5169,14.811,64.275,129.3,154.31,470.61,460.87,2029.3,4140.6,8282.2,15936,32833
0.94369,3.6813,8.1315,16.192,31.644,45.017,128.56,171.73,519.23,1040.8,978.19,4144.2,8326,8992.9,33273
0.91954,4.0439,8.0931,7.5351,32.135,34.168,129.49,256.8,514.93,590.3,2027.1,3922.5,7985,16199,31233
1.9582,3.907,8.1159,15.544,15.833,64.808,83.382,259.91,298.83,553.74,2042.8,2278.5,8291.8,16383,33126
1.9752,4.0378,7.9284,15.01,30.669,36.308,129.69,256.45,374.18,720.04,1214.6,3921.5,5067.7,9754.1,21294
1.3254,4.0412,4.8607,15.952,25.69,61.205,129.64,248.52,518.54,1012.7,1235.8,1992.4,8296.7,8595.3,30605
1.195,4.0615,3.6081,6.7644,32.495,65.014,130.03,260.05,516.99,1040.2,2080.3,4157.6,4787.5,16644,33205
2.0185,3.3853,3.6987,15.77,19.032,64.733,128.16,251.06,327.85,1030.9,947.96,2983.2,8271.8,16572,33143
2.0026,2.0831,7.3856,15.672,20.557,64.517,128.12,260.99,322.46,1035.1,2042.6,4138.4,4532.7,11461,20268
1.3736,4.0404,6.3326,7.2539,31.643,60.727,126.95,156.14,517.13,1004.9,2068.7,2868.6,8274.8,16515,15253
1.964,3.3498,5.3958,16.182,32.364,51.977,92.587,129.41,517.42,1028.7,1993.9,2993.9,4680.3,12623,19714
2.0093,3.9852,7.9639,7.172,31.879,64.063,128.62,256.05,227.99,968.4,1977.7,4107.4,6236.9,16381,14335
2.0028,3.7712,8.0739,16.213,18.502,50.009,85.518,258.62,518.81,1026.9,2068.6,2160.8,4695.5,12554,19751
1.8975,4.0639,7.8204,16.231,24.151,43.204,96.516,131.82,517.98,569.94,938.71,4140.4,8295.5,16624,33142
2.0128,3.6658,3.8875,15.585,30.903,64.534,60.984,257.53,212.84,1020.2,2065.8,4088.4,5709.2,16510,32498
1.0111,3.9649,7.8503,16.124,19.769,64.497,107.4,257.84,515.98,1030,1171.1,4122.4,8255.7,10242,16791
2.0323,3.8439,5.4724,8.8199,24.658,64.657,129.71,234.67,520.64,533.8,979.21,4125.9,5843.7,15903,32793
1.3646,3.9047,8.1153,15.99,14.358,36.671,102.03,259.61,300.51,1033.3,2077.5,3050.1,5727.7,16620,33240
2.0241,4.0492,7.9472,15.75,13.413,43.667,128.99,250.39,322.55,1014.7,2075.1,3991.7,8262.7,11865,14424
0.92589,4.0299,8.0926,13.536,32.163,64.571,84.535,189.68,325.87,915.51,2007.2,3985.6,8286.8,9549.2,20144
2.0083,4.0152,7.4077,10.431,21.645,64.658,78.225,114.1,480.53,971.59,2068.8,4138.1,7653.7,7874.8,32523
2.0216,4.0432,4.0298,14.178,17.678,41.941,128.28,174.48,517.09,823.26,2002.5,4052.1,4365.9,13664,32735
1.617,3.9915,7.9361,11.483,31.497,28.501,129.45,173.54,517.8,1033.9,1064.9,3378.6,7396.1,16508,19446
1.0589,2.1865,8.022,15.596,31.057,60.41,126.44,259.27,454.74,566.64,2070.5,4153.7,8308.3,11588,17071
1.0027,2.7555,7.923,15.931,32.49,41.018,59.956,256.54,514.4,942.81,2079.4,2293.8,8012.2,15927,33270
1.992,4.0388,7.8166,8.1992,31.797,39.191,87.318,254.56,517.12,747.46,1532.5,4143,7073,7105.3,33037
1.9942,3.3968,7.5194,7.8963,31.502,41.115,65.031,164.21,514.82,563.91,2059.3,4074.2,8194.8,16474,31993
1.9409,2.189,7.9138,14.923,32.362,64.733,75.704,164.42,281.29,517.48,2017.4,4166.4,8305.3,16665,33301
2.0095,4.0594,5.0729,16.11,25.85,38.308,57.042,249.52,518.06,1024,1441.9,4088.4,4478.8,16621,28009
1.4967,2.9451,4.5585,7.6922,31.651,64.837,129.67,259.28,517.27,1030.3,2037,3906.9,7897.8,8417.6,20780
1.8614,2.3413,6.0468,16.245,28.694,64.981,128.9,113.63,307.07,1039.7,2071.6,4158.8,8316.3,11222,20625
1.986,2.0058,7.7747,14.828,19.197,36.625,105.36,209.4,500.52,998.73,2055.5,4132.9,3712.7,16596,33192
2.0256,4.0513,8.0295,16.024,20.584,42.354,129.64,184.18,298.68,1036.8,1011,4147.9,4404.7,16594,33111
2.0067,1.8966,7.5724,15.226,19.821,64.57,129.14,173.47,514.16,1018.6,1083.1,4132.5,8264.6,8635.5,32408
2.0129,3.0048,6.105,10.681,21.317,64.861,72.151,166.53,518.8,1036.9,922.62,3922.3,8304.4,16363,32898
1.3644,3.95,8.0317,8.7564,31.143,64.109,80.456,257.01,514.03,986.47,1034.5,1884.9,7517.5,16449,32649
1.9968,3.965,6.5113,12.143,20.439,64.787,128.11,259.14,518.42,425.19,2073.4,4090.8,8054.5,8874.8,18475
2.023,4.046,8.0919,16.184,26.416,44.253,129.47,157.25,265.73,616.26,2071.1,4142.6,4971.4,16572,20277
2.0285,2.0837,8.0363,15.465,31.463,42.452,129.82,255.29,517.99,678.1,1134.4,1857.7,8307,15375,31569
1.9592,1.9371,3.8195,14.995,32.387,64.552,67.379,255.71,512.75,939.73,2067.3,2285.3,8267.1,15876,33127
1.2178,3.7714,4.294,16.22,17.561,64.772,68.947,252.06,519.04,972.18,1975,4110.2,8303.4,16538,19250
1.0277,4.0054,8.0442,16.083,31.416,64.293,126.81,145.84,243.2,1016.1,943.61,4078.7,8237.2,16474,32667
2.0055,2.6619,4.8802,16.079,19.126,36.318,103.45,154.3,519.3,997.41,2058.3,2560,8305.8,16643,33286
1.2343,4.04,7.76,16.16,32.095,28.544,120.12,258.5,252.35,498.75,2068.5,4137,8247.4,16548,33089
1.1568,2.6174,5.8728,16.208,16.934,63.451,129.78,258.44,519,926.94,2026.8,1628.5,8309,15901,32849
2.0109,3.9772,7.9392,7.8108,31.66,64.036,62.465,243.16,294.14,1024.1,1978.5,4121.4,5416.4,9845.2,32944
1.7992,4.0365,8.0796,15.896,32.217,27.724,74.615,257.15,458.98,538.6,1993.8,4131,8273.5,16547,16905
1.0858,1.9367,8.0639,14.922,17.989,64.319,56.603,254.72,505.52,1018.4,2064.3,4120,8255.7,16514,33024
2.013,3.9902,5.8898,15.742,24.17,49.462,129.18,123.17,500.25,1032,1066.6,2164.8,6057.8,16538,33076
1.9932,3.2767,6.109,15.517,32.294,35.987,55.231,248.08,281.97,1032.4,1856.7,4131.3,8264.1,9887.8,33037
0.85566,2.4592,8.1212,16.242,32.27,36.839,129.94,258.07,518.93,629.56,1251,3936.3,8012.8,16255,31341
1.3575,3.7997,7.5495,8.572,32.149,64.575,128.85,103.26,504.12,708.88,1382.9,4129.6,5709.6,16084,33064
1.9278,4.0325,4.666,15.925,23.525,63.058,127.62,132.03,200.91,1009,2067.1,2634.8,8253.6,16274,32919
2.0034,4.0279,8.0106,16.106,11.856,64.471,81.053,257.88,515.76,976.1,1096,4046.9,4215.2,16504,32877
2.0255,3.9624,3.2373,16.101,29.31,43.802,128.89,260.22,520.83,1041.2,1318.7,4166.6,8332.2,7749.7,22871
2.0114,3.9578,4.3879,15.734,30.894,59.687,96.513,125.52,499.04,524.44,2062.9,2692.2,5724.3,16503,32233
2.0242,2.8842,8.0969,16.03,32.208,51.908,81.655,200.48,343.94,613.71,2072.8,2248.7,8291.3,9147.4,33165
1.9266,4.0301,3.2742,15.711,32.102,62.8,129.1,109.86,499.86,1013.8,2075.4,2801.7,7928.1,9211.5,33206
1.9935,1.9977,8.0253,16.099,21.383,63.528,78.648,175.03,301.95,996.77,1900.6,2295.3,8230.2,16264,32986
2.0328,4.0374,8.0725,14.063,29.204,64.764,130.05,256.9,519.78,437.53,1372.7,2353.2,4313.4,11449,33307
1.9455,3.1871,5.9608,15.254,21.412,62.808,128.74,106.39,508.28,529.71,1857.9,4126.3,8070,16458,19060
2.03,4.0601,6.9563,13.226,32.126,63.18,129.51,233.15,227.25,657.62,2076.5,2119.2,8298.9,16630,16910
1.803,1.8255,8.0586,15.652,31.951,64.308,128.38,119.35,498.2,510.99,1857.7,2638.9,8059.6,16441,30889
1.8535,3.9766,5.1998,11.549,18.299,64.351,128.7,171.25,514.79,1029.6,1963.3,4073.7,4427.4,16396,15674
0.80752,1.9734,4.9335,16.149,31.076,63.892,127.03,257.6,512.18,907.66,2070.6,4049.6,8252.8,9053,32761
1.0109,3.9907,5.9842,16.022,18.91,65.016,129.37,257.29,257.31,1032.3,2057.8,4146.2,7710.4,9392.4,25762
1.0447,4.0675,8.1116,6.0914,32.541,65.189,64.343,260.73,515.38,1043,2086,3809.9,5692.3,15481,33294
1.9923,3.6052,8.0748,10.472,16.209,64.891,129.46,149.17,334.26,975.92,2079.3,2986.4,8317.2,16598,17755
1.9332,2.3744,7.9895,5.8637,28.206,63.793,127.27,258.19,516.72,1020.8,1028.3,4133.7,8267.5,10050,33067
1.9005,3.8954,8.0805,9.0116,31.823,48.836,129.44,136.42,268.83,1010,2033.3,4024.3,4952.9,10832,33130
1.9658,2.2466,7.9539,10.297,31.556,64.825,76.467,237.98,518.04,1037.4,1038.8,4144.4,4217.6,16583,33198
1.6605,3.999,8.078,7.1997,30.612,38.842,129.25,257.33,269.53,1033.6,1105,4118.6,8257.3,16043,25530
2.0164,2.9561,7.9082,9.9607,15.632,64.242,66.5,258.07,507.61,1032.4,2064.8,2376.1,7967.5,11317,32431
1.3236,4.0102,5.2396,15.535,32.081,45.947,79.272,254.62,257.92,1025.9,950.33,4087.3,8137.4,16124,32851
2.0319,4.0637,3.9332,16.255,28.602,46.589,128.8,117.39,520.16,1040.3,1165.8,4161.3,8321.3,16634,20638
1.3452,3.7471,8.0503,8.7587,30.993,64.9,84.622,257.8,305.12,514.41,2026.3,2780.7,8304.4,16487,29721
2.0273,2.4083,5.816,5.9964,31.91,38.025,128.3,259.49,517.4,1023.2,1958,4150,8063.7,16147,19074
2.0194,4.0388,5.2833,15.866,14.326,64.359,76.814,248.57,498.28,1019.3,1471.6,1907.1,7691,16531,27943
1.1607,3.9767,4.2296,16.163,32.047,40.048,129.93,250.1,521.35,1032.6,2080.5,2985.4,4626.4,10616,28502
1.4846,3.1667,4.8591,5.6622,28.76,63.811,130.43,260.78,521.73,498.64,2074.6,4157.8,8348.5,16697,33365
1.999,4.0485,5.3237,15.742,31.376,29.501,129.23,258.45,515.55,589.82,1246.1,4146.9,4240.5,16587,33175
1.7452,4.0634,7.9638,16.271,32.541,30.305,128.12,192.69,368.22,648.62,1863.3,4163.6,8256,6298.3,32928
2.0311,4.0621,8.1243,16.249,32.497,64.994,129.99,259.98,199.89,1033.1,2011,4158.9,5524.4,6286.3,21752
1.9928,2.083,3.6221,14.205,32.426,40.653,115.67,151.67,501.69,974.99,2078,4065.1,7740.4,16149,22501
1.5853,1.8095,8.058,14.887,32.125,64.493,127.98,257.08,340.27,1001.4,1148.1,2757.6,8030.8,16517,17569
0.89958,3.7593,8.0619,15.658,32.119,62.058,89.885,100.16,495.94,961,2063.9,2700.4,5722.9,16461,32247
1.9623,4.0252,7.8081,12.729,26.414,64.497,98.978,159.15,379.78,640.74,1007.2,2090.4,8258.3,16414,32928
1.9127,4.015,8.0703,6.402,17.689,62.997,126.05,256.54,513.74,657,2001.8,4132,4781.4,16071,21803
1.1163,3.618,8.0112,16.181,31.844,64.769,86.978,257.77,280.22,1017.1,1710,1909.3,8214.5,10645,28797
2.0132,3.2208,3.1112,15.43,17.386,64.512,129.02,252.68,433.36,790.37,1975,3414.4,8256.9,12562,18339
2.0233,3.4326,7.1068,12.116,32.403,64.783,129.73,165.29,518.97,476.69,1160.2,4143.3,8294.2,7843.8,33061
1.536,4.0489,5.9811,15.587,32.387,34.623,55.303,169.56,517.9,1032.6,1297.7,4073.8,8268,12370,33195
1.9926,3.1665,7.9918,11.477,31.766,30.582,67.599,158.72,512.17,1034.9,2033.8,2231.4,8279,16551,33062
1.338,2.5072,5.0705,16.206,31.896,63.194,129.65,254.76,505.7,807.57,1055.3,4113,5305.5,16379,19226
1.3455,3.9834,4.4913,16.044,31.518,64.202,78.279,249.95,454.23,1020.4,1272.5,4056.8,8090.2,6231.4,32865
1.9704,1.7192,7.854,15.789,31.33,64.742,129.48,254.37,359.92,1034.9,1867.9,2001.6,3788.5,16482,32064
1.3454,4.04,7.9029,12.021,19.548,64.64,129.28,179.2,516.19,1034.2,1864.8,1999.3,3781.2,16456,32385
2.0133,3.8856,8.0979,15.469,16.629,64.887,129.81,251.26,518,1029.7,1400.4,1963.9,8307.7,9347.8,19063
1.9527,2.1789,7.9565,16.174,21.028,51.241,129.81,259.61,517.78,732.07,1123.2,3896.8,8279.2,11655,17473
2.0245,4.049,8.0981,16.196,19.961,26.555,129.57,259.14,511.25,628.71,2072.7,4145.7,5069.8,16585,18392
1.0942,4.0495,7.6851,7.6857,31.687,59.71,127.95,259.17,514.48,1028,1990.6,4068.8,5280.1,6509,33160
2.0266,4.0532,6.4857,13.472,31.813,37.658,82.342,259.4,286.71,1030.2,1471.8,2704.2,4445.3,16602,33122
1.9011,2.1837,3.474,16.195,25.707,64.782,118.49,252.09,265.3,1019.8,2004.4,4053.4,8292,9799.7,33168
2.0091,3.3048,7.1568,16.266,32.528,65.029,102.06,172.84,514.19,534.16,1351,2561.6,8007.8,11454,19045
2.035,2.4293,8.1309,16.006,31.939,23.936,117.39,260.48,507.3,659.38,2083.9,2796.9,4765.6,16671,33342
0.91377,3.7816,3.4973,15.497,31.507,61.918,128.32,249.81,502.28,542.04,2068,2579.2,8093,16494,33088
1.0186,3.9573,7.836,9.2618,30.782,36.068,126.84,238.05,514.91,1003,1949.4,4113.8,8236.1,10833,16366
1.1955,4.0051,7.9568,16.001,17.069,44.528,128.07,257.41,480.03,978.02,1053.3,2283.6,8317.8,16276,25936
1.9781,3.1126,6.5625,12.295,19.005,64.274,112.59,256.82,514.7,999.26,1204.7,2581.5,4621.4,16463,19413
0.72448,2.3181,7.6537,16.149,16.49,59.094,127.74,248.01,520.25,1031.9,2080.9,4162,8323.9,16331,20675
0.62963,2.0186,7.8563,12.904,32.201,63.528,126.69,132.05,515.29,1011.6,2032.8,4123.4,8235.6,16488,32987
1.9543,4.0286,8.0827,9.995,13.601,64.627,126.5,258.5,514.77,688.69,2020.3,1921.7,8235,15831,21837
1.2226,3.852,4.9767,15.535,17.754,64.501,129.19,257.31,511.72,570.92,952.98,4129.4,8261.3,16537,33011
2.0027,3.4816,7.9918,8.0515,17.673,34.603,128.84,233.66,480.16,998.34,2060.3,3999.7,8163.5,7482.9,32901
1.9001,3.0475,8.1021,11.063,20.09,63.443,128.26,100.52,512.63,898.46,2074.1,4064.4,4331.4,12286,33172
1.9262,2.0823,4.2454,15.157,25.755,64.281,129.31,177.3,513.95,517.32,1329.1,3768.3,8063.3,15209,32996
1.114,2.8002,7.7391,16.159,21.14,60.658,128.21,251.14,519.4,1032.7,2077.6,4155.2,2886.4,16305,20590
1.8551,4.0156,7.2268,16.016,18.101,64.232,96.192,99.331,444.01,668.91,2056,2315.9,8223.9,16324,27950
1.3674,3.1512,7.9431,13.103,31.923,64.637,86.081,258.73,518.01,807.29,1991.7,4144.1,3783.8,9764.2,19005
1.0927,4.0104,6.7773,16.127,32.144,64.507,129.01,121.27,319.75,1027.5,2053,3780.5,5000.6,11025,24541
2.0327,1.9774,8.0449,8.8119,17.446,64.652,130.02,259.12,518.69,1023.8,1951.6,2579.6,4971.1,16508,33304
0.72529,3.8612,8.1226,16.176,32.341,62.146,50.569,256.11,499.52,967.71,2079.4,4081.9,5922.5,10900,32490
2.0202,4.0404,7.8317,16.148,32.283,64.646,37.473,258.58,517.17,307.23,2020.9,4137.4,8264,16549,33039
2.0234,4.0468,5.7907,10.171,30.817,63.708,79.625,151.76,341.84,1009.8,2072,4143.9,8287.9,10719,17693
1.5228,2.8956,6.2311,16.16,32.299,46.341,129.56,180.29,506.84,796.02,1618,4120,5267.3,7576.6,22853
2.0031,2.5773,8.0595,15.916,22.711,50.28,117.28,256.62,356.41,478.8,1330.4,3716.3,7980.1,9012.5,32971
0.8056,3.9472,7.8586,11.416,31.654,64.544,64.721,258.47,517.76,688.11,1949,4042.7,8218.6,16144,18996
1.9452,1.9197,8.0946,15.486,17.342,39.457,129.16,131.28,517.2,782.77,2009.8,4069.2,8313.1,13750,32843
1.9992,2.49,4.4245,15.911,31.713,63.503,129.58,247.91,516.39,1027.5,1371.7,3054.3,4401.2,8591.7,30593
1.5978,3.9843,7.9427,16.176,25.086,27.974,50.293,255.38,498.07,965.34,2073.5,4070.2,5901.8,10985,31542
2.0314,4.0628,8.0252,10.961,20.615,21.796,128.56,246.14,495.75,1009.1,1846.9,2164.9,6140.5,16603,32239
2.0091,1.2583,8.0456,15.792,31.19,63.71,126.35,249.35,510.53,753.18,1960.2,2141.3,7630.5,8847.7,32955
2.0252,4.0458,8.1002,16.199,9.7386,64.444,129.61,255.22,518.44,1036.7,2060.1,2796.7,5259.5,7962.6,33169
1.9424,3.9069,3.5211,15.65,31.59,64.282,127.53,252.2,347.47,709.62,2062.1,3818.1,5227.7,9372,20233
1.5587,3.0984,6.1801,8.6002,18.85,36.845,128.4,237.99,274.71,973.32,1873.1,4052.7,7851.5,16635,33157
2.0156,4.0313,7.7354,15.403,32.201,34.89,127.83,115.19,513.56,1022.5,2043.4,3013.6,4704.4,8756.3,32422
1.4655,3.9899,5.1341,15.011,21.027,42.521,80.761,254.83,513.79,497.54,2061.5,4123.1,8246.2,11276,25858
1.3579,2.9665,8.0394,6.3365,30.543,61.047,129.42,257.78,517.68,1033.6,1057.7,3372.8,8192.2,16505,19442
2.0027,3.0363,5.3754,15.187,31.247,26.904,129.33,255.97,237.27,1031.1,2063.4,4078.5,7665.2,16264,19027
2.021,4.042,8.0841,16.168,32.336,64.673,40.497,246.25,514.81,998.04,2055.3,2319.6,4292.1,11336,33112
1.8812,2.5448,8.0708,14.921,12.719,60.941,76.345,252.78,356.7,1036.9,1765.3,3406.7,8274.3,16591,20036
1.1239,4.0611,8.004,16.247,32.494,39.333,64.605,254.74,489.64,605.4,1230.4,3298.6,8011.1,16450,31730
1.4323,3.996,8.08,11.985,28.872,28.358,129.12,258.56,341.88,1015.5,1982,2107.8,8184.5,9840.7,32725
1.9781,2.9817,6.3099,16.132,32.241,64.529,129.06,162.06,381.34,359.39,2045.5,3759.7,5335.5,10820,33038
1.0194,3.8545,3.939,15.099,31.87,64.234,128.51,80.346,494.35,1005.5,2067.8,3777.1,8078.3,16494,32975
2.0137,1.2937,8.0467,13.346,32.404,63.101,77.563,252.94,314.56,1036.9,2065.3,3412.3,8272.5,16591,20036
2.0199,4.0526,7.522,16.223,14.189,64.893,86.504,160.11,519.15,597.56,1968.7,3827.3,4321.9,16123,33226
1.8787,3.9912,4.4936,9.8596,14.023,64.976,57.074,256.73,519.81,1029.6,1979.9,4158.5,8293,16594,33268
2.0288,4.0575,8.1151,16.23,32.46,32.312,129.8,184.55,319.97,616.68,1017.3,2902.9,8309.8,16355,33161
1.2861,4.0274,7.9208,15.476,24.322,48.596,129.32,258.64,515.38,1032.8,1396.3,2759.4,3140.8,10350,32585
2.031,4.062,4.3566,8.1277,32.202,64.994,129.99,259.88,260.68,1033.4,967.66,4074.5,8316.4,16639,33274
2.0152,3.8318,8.1113,16.182,32.375,44.357,129.86,161.5,357.63,1038.9,1174.5,4149.9,8310.2,9173,16077
1.951,2.3102,6.0247,14.02,31.705,45.721,128.56,253.63,313.81,663.99,826.46,4140.9,8282.6,16532,32517
1.7179,4.0137,6.9214,13.461,22.022,50.042,83.681,250.58,263.07,683.82,2055,4110,4466.9,11082,32760
2.031,3.677,8.08,16.248,13.756,45.015,128.81,259.09,332.81,1035.2,2071.3,1652.8,8294.7,12200,33275
2.012,1.6302,7.8755,15.86,30.85,42.112,105.18,180.95,199.08,1004.6,2024.2,4151.8,7940.6,16630,33275
1.6381,3.9681,7.2731,16.17,11.754,64.727,129.32,97.26,515.91,1035.6,2023.9,3641.6,8262.7,10310,33140
1.9969,2.1052,8.1225,6.3518,31.709,40.457,127.34,259.92,443.5,539.57,2035,4130.9,8317.5,16615,33129
2.028,1.8667,2.7016,16.095,32.021,64.703,129.79,251.21,519.16,1028.2,2065.5,4137.5,4511.2,16201,25575
1.1434,3.7411,8.1126,10.272,31.963,60.711,85.42,258.74,519.2,607.26,2013.5,2474.3,8152.3,8990.1,33229
2.0199,4.0394,8.0772,4.8877,32.31,64.509,129.27,258.55,517.06,1034.1,2067.4,4133.8,2345.2,16547,32997
1.944,4.0193,2.7685,16.211,31.476,64.848,79.351,255.86,518.79,591.25,1966.7,3822.1,4685.4,13762,33203
1.2751,4.0185,5.2124,15.799,31.536,46.571,124.03,251.64,262.37,684.29,1821.6,2274.1,5980.3,15814,29536
1.5906,3.997,8.0495,7.1928,30.489,31.472,129.44,250.61,333.45,1032.1,2058.1,4127.2,4604,16028,25569
2.0149,3.9028,4.1206,14.097,31.728,39.824,128.8,190.4,515.83,330.03,1851.1,4024,8043.7,16506,25268
1.9333,1.3528,8.0851,14.593,31.275,36.743,52.05,254.38,514.47,1034.9,2029.3,4138.7,8119.3,16528,33063
0.96258,4.056,7.7896,5.5362,25.351,64.897,127.12,259.59,519.17,1034.7,1975.7,2135.9,8306.8,15900,33215
2.0175,4.0136,7.4992,11.237,23.146,46.03,128.34,122.12,485.05,739.46,2067.2,4136.4,8268.1,8501.4,20761
1.417,3.7435,7.7801,11.674,19.608,42.925,127.62,256.05,353.54,593.68,1982.3,4132.1,8261.1,16386,15582
2.0098,2.5149,8.0393,7.6651,31.455,64.147,73.094,256.15,514.52,711.58,1945.9,1887,7546.9,15998,32929
2.0163,4.0327,8.0653,16.131,32.261,64.523,47.3,125.08,467.4,1018.1,1563.8,3753,7978.2,12610,18273
2.0276,4.0574,7.7903,16.224,32.424,64.918,125.64,259.67,492.81,1038.7,622.31,3600.4,4447.4,13871,16854
1.9847,3.6182,4.8806,7.037,30.95,64.15,66.359,257.68,506.84,1030.9,2061.7,2371.4,8197,11300,32383
1.9769,4.0536,5.4837,13.467,23.343,47.799,86.183,255.44,520.52,1030.7,2065.3,4070.4,6635.9,6242.4,19742
1.045,1.8556,7.7521,16.124,31.89,32.886,98.608,236.44,515.96,1015.9,1935.1,4122.9,8255.4,9733.4,33022
1.904,3.7876,7.3533,13.555,19.44,64.454,82.973,257.82,515.63,988.25,1314.7,4116.7,5121.8,6074.6,32939
0.90169,1.8116,8.1107,16.221,31.929,64.729,129.77,258.21,516.97,1038.2,1027.2,2655.9,8289.6,16611,33145
0.6561,3.888,7.9353,13.574,30.04,39.493,109.74,130.67,513.87,774.52,1991.3,4053.9,8236.4,13605,33056
1.6693,4.0586,8.0508,12.582,15.317,41.956,130.09,246.63,517.68,753.46,1076.1,4123.2,6172.5,10611,33284
1.9925,2.9221,5.4891,7.8269,31.518,59.571,129.3,166.68,325.98,1030.4,2028,3953.5,8232.5,7759,33100
2.0353,2.7573,7.8733,16.282,32.376,34.809,122.66,260.47,299.03,593.06,2051.9,1858,8309.8,16673,33260
1.4726,2.2108,8.1038,16.2,32.102,61.467,129.33,132.27,518.65,1037.3,2012.9,4137.6,6643.9,16347,11295
0.81045,3.9309,7.9994,15.37,31.835,56.97,128.19,175.16,453.79,550.94,1541.5,4137.7,4490.6,15178,30740
1.2507,3.9854,4.9078,14.608,22.772,64.717,52.122,258.98,516.19,993.97,2071.8,4134.5,4245,16562,30791
1.0027,3.7583,7.7044,14.169,31.595,64.61,129.25,194.13,304.74,562.93,2030,4000.7,8011.1,7735.9,33087
2.0222,4.0444,8.0887,15.225,17.124,57.846,82.252,130.08,230.7,1035.4,1926.9,4129.2,7848.9,16476,24463
1.7401,3.6339,8.08,12.209,32.305,37.697,79.423,178.42,517.94,1037.8,2059.3,4138.2,2628.9,16474,33372
1.9295,4.0045,3.9559,15.422,30.844,46.487,126.97,252.98,307.17,1002.8,2058.2,3847.1,7025.7,5195.9,32962
1.965,3.9472,4.516,8.2191,31.597,64.54,127.75,252.16,320.03,1008.3,2069.6,3814.5,3960,10868,28637
1.4113,3.0402,4.341,16.172,29.648,63.71,128.16,252.9,275.42,596.16,2062.3,4135.5,4341.9,16561,33123
1.9452,2.7685,5.2062,7.9559,31.983,42.095,130.1,250.82,519.12,1031.6,2063.8,2931.4,4386.5,13259,28360
1.5736,3.0315,6.6444,10.097,20.963,62.991,72.896,257.51,235.52,1031.4,2079,4161.3,8311.7,11709,33286
1.6059,2.7178,8.111,15.792,31.592,49.702,127.17,188.43,506.13,1036.9,1292.3,1678.1,6243.7,16611,20088
1.9103,4.0252,5.3623,16.132,19.799,64.529,127.44,194.32,514.06,1027,1315.3,4076.5,5138.3,9061.1,18424
2.0263,4.0526,8.0317,16.037,18.833,64.842,129.68,138.69,281.45,726.39,1987.6,2642.3,6220.4,11049,32778
0.97856,3.9763,8.0751,15.811,19.291,63.249,126.54,256.92,514.42,707.78,2011.9,4134.5,5250.9,9438.3,20134
2.0342,3.0692,7.9484,16.091,24.08,22.799,130.2,164.28,519.93,1039.5,1835.9,2699,8035.2,16670,19483
0.95044,3.9204,5.0368,16.115,25.648,64.528,76.248,254.84,520.28,1041.8,856.86,4167.3,8022.9,16284,31436
1.9043,2.3366,3.8493,12.186,25.974,64.763,118.72,252.18,268.8,1019.8,2005.1,2282.8,8289.5,16506,33105
1.5606,3.9771,6.4534,9.3566,31.753,36.125,112.94,247.45,514.36,565.16,937.62,4125.3,7978.3,16386,33217
1.8232,4.0096,7.9969,16.07,32.14,30.817,80.14,251.23,460,1028.5,1053.1,4107.8,8227.3,8508.3,22743
1.9173,4.0035,8.0365,13.917,31.799,24.054,108.45,109.42,481.17,552.68,1987.1,4078.9,8229.3,14671,31373
1.5642,3.888,8.0874,16.18,32.02,57.046,129.21,259.81,175.87,493.76,1128.1,4123.6,7784.9,16628,31107
2.0171,4.023,7.0239,15.963,28.904,64.499,129.09,244.56,194.47,1000.5,2065.5,2592.2,2776.4,16278,33048
1.0342,3.9883,7.8726,15.875,14.334,64.655,103.47,255.05,517.24,970.37,2069,2480.1,8275.8,16552,16676
1.4306,2.7308,3.4417,14.509,32.22,60.33,129.3,174.11,500.19,996.19,880.75,3632.6,8306.6,16566,33203
0.9667,2.5356,8.0766,16.125,31.747,63.974,125.58,162.08,516.89,1033.8,2052.8,1363.7,8262.9,16541,32488
1.8852,4.0215,4.3436,16.196,32.482,63.928,129.66,250.99,512.87,658.95,2077.4,2017.1,8274.2,6408.6,33256
2.0363,1.9748,7.9746,14.842,14.635,65.152,130.28,139.84,501.51,1042.6,2067.6,4151.3,8046.5,16681,18242
1.4422,2.7631,8.0858,16.166,19.84,62.717,84.109,254.28,338.28,519.24,1807.9,4139.9,8082.7,15838,19960
1.8966,2.6784,4.6809,16.153,27.397,64.61,121.09,253.77,331.15,1021.5,1314.2,2915,8121.4,10468,18486
1.9633,1.9334,4.7061,16.28,32.563,34.441,129.51,260.49,381.96,1038,2074.3,2614.6,8304.3,11074,32924
0.6242,4.0556,8.035,15.551,32.53,35.639,123.56,255.05,489.29,1032.4,1842.5,2318.6,6048.3,16050,29771
1.9906,3.1333,3.2907,14.663,31.333,38.096,55.819,178.57,514.22,1034.4,2028.2,4136.7,8112.2,16308,33046
2.0041,3.9916,7.8836,16.121,16.339,44.578,49.167,258.93,261.09,1035.7,1840.5,4130.7,7316.4,16303,33110
1.9939,4.0442,8.088,14.526,32.4,55.18,129.6,92.724,514.44,712.85,2053,2698,4949.7,16274,19430
2.0148,3.2855,6.2114,10.618,12.707,63.063,128.95,254.48,274.16,559.89,2063.1,4084.1,8208.6,16121,32832
1.9268,3.9898,5.9457,12.33,21.392,45.958,79.305,255.79,273.26,1023.5,1981.5,4127.3,8251.5,16476,14733
1.8858,2.3658,8.1092,16.241,28.448,64.963,123.41,259.42,519.7,902.93,1545.1,2171.7,4964.7,10524,18597
1.9573,2.002,5.1718,16.082,26.232,49.51,75.484,253.05,504.1,1034.6,854.88,4138.2,7966.8,16098,31216
1.9827,4.0359,2.7591,13.947,31.604,60.664,126.85,156.07,516.56,691.08,2066.4,2777.5,8258.3,16447,19442
1.9442,1.8741,7.2049,11.02,24.387,59.627,126.82,257.88,422.45,1031.5,1861.9,4124.5,8242.9,4904.2,33008
1.926,4.0358,2.4981,15.415,32.066,64.857,129.32,257.25,517.44,642.62,1059.1,4013.1,6026,15537,25700
2.0261,4.0522,5.3644,9.4202,31.976,31.967,127.88,258.01,452.25,1037.4,967.96,4149.5,8169.2,10134,33196
2.0201,4.0402,4.5073,14.403,19.402,42.827,128.27,256.31,318.44,843.05,2006.6,4067.3,4879.7,13862,20661
1.9671,1.9892,7.8883,9.0471,31.54,64.745,128.71,255.37,487.78,1009.9,1997.8,2042.4,8290,11736,18470
1.4884,4.055,6.6171,16.188,15.259,64.849,107.4,184.87,328.88,1030.4,1074,3073.8,7922.2,16541,24771
1.5585,3.1115,8.0514,8.1606,31.752,45.185,65.15,171.79,496.39,997.93,2065.1,4107.3,8244.3,11598,21928
1.5016,3.85,7.6793,14.981,16.377,64.432,128.57,107.57,411.27,707.29,1380.1,4120.4,5696.9,16049,32990
2.0296,4.0593,7.9294,6.2469,31.281,39.431,128.59,259.79,516.33,1011.6,1870.6,2106.4,6242.6,16542,20418
2.0255,1.5867,8.1021,16.204,32.409,64.703,125.66,99.221,515.23,1027.6,1130.6,3312.6,8219.7,16362,33186
1.9174,4.046,4.0488,15.942,21.636,62.98,127.76,252.05,250.25,545.29,2074.4,2589.9,8297.4,16331,33037
1.3876,2.4223,7.8245,15.455,30.645,64.345,74.915,143.42,323.32,1006.6,2069.3,4098.8,8280.8,16512,17677
1.9565,3.3424,6.5466,16.202,32.386,45.818,81.611,106.83,518.53,1036.9,1376.6,2366.1,8264.4,12367,33186
1.4482,4.0122,8.0119,16.148,31.964,37.336,90.935,187.18,271.33,1038.5,2077.7,4085.8,4545.7,10506,33241
2.0281,2.4532,4.561,16.225,32.448,45.888,124.88,180,516.42,1030.4,1299.7,2888.2,4256.3,16379,33229
1.0418,3.9189,8.1051,16.103,31.813,64.559,74.334,259.31,514.72,588.16,2045.7,2506.6,4319.1,15413,33187
1.9749,2.2499,7.9073,15.681,21.386,64.277,127.14,258.72,272.89,1023.7,1208.5,3937.7,3896.6,15156,32954
2.0088,3.9972,5.1689,8.526,31.16,38.766,129.64,259.37,501.2,1035.8,1021.4,4149.6,6244.2,16517,19913
1.6503,3.3012,5.7518,16.183,18.148,63.343,80.542,258.93,335.98,1001.9,2045,4142.9,4351.6,16530,19790
2.0248,4.0496,8.0991,16.198,15.961,33.802,129.58,257.48,516.99,310.15,1797.5,4146.8,7987.3,16336,31256
1.9983,3.3659,8.0827,16.173,30.251,21.403,76.429,258.76,407.3,1027.1,1829.2,3812.8,4613.8,16227,23150
1.9872,3.9882,5.5868,9.8503,31.585,24.845,71.968,247.23,512.5,1027.3,2057.5,4115.2,8225.3,10109,26698
2.0214,2.4109,7.938,9.608,31.738,54.954,129.37,106.66,348.94,585.36,1876.8,4139.9,8279.8,16539,33119
1.3931,3.9492,7.8638,16.188,32.241,35.805,80.991,259.35,514.88,715.06,2054.8,2752,4814.4,16219,19446
1.2338,2.396,7.826,15.902,31.895,44.046,129.5,259.55,493.48,535.45,2067.2,2242.8,8248.7,10825,31025
1.7207,3.033,8.072,16.254,30.607,46.502,130.03,259.04,165.06,927.36,1867.9,2484.4,8289.8,10687,25922
1.9992,3.9666,2.2046,15.408,30.842,32.941,129.64,257.47,507.46,1035.4,1994.7,4094.3,6242.6,16598,19969
2.014,4.0637,5.244,6.8983,16.719,62.288,115.81,260.17,505.23,1040.7,2081.3,2793.4,4759.8,16651,33282
0.95626,4.0332,7.8008,14.357,28.388,45.667,110.08,154.3,516.25,855.08,2065,2893.4,8183.2,16492,14711
1.4176,3.921,5.4413,15.995,22.177,65.17,127.94,256.78,521.2,683.33,2082.1,1806.5,4932.3,16660,23591
1.8391,3.9601,5.0008,11.225,17.32,64.303,128.12,165.12,420.34,1028.9,1444.1,4062.8,3760.9,16445,32534
1.3054,4.0606,6.6588,15.513,31.376,51.766,83.059,190.77,282.6,994.77,2038.9,2340.6,8249.8,15918,18712
1.2573,2.8255,8.0255,16.222,20.311,63.794,71.151,259.79,519.3,926.93,2060.9,1845.1,5758.1,15910,32868
1.694,3.3054,7.966,10.966,32.423,45.957,129.68,192.65,505.31,709.36,1111.2,4148.9,4476.3,16518,20161
1.992,2.6242,4.8433,14.402,31.845,61.671,89.38,255.23,518.49,758.47,2012,4150.7,8270.2,6668.7,19551
2.0098,3.9187,7.8929,6.4134,31.773,60.873,126.75,259.7,517.12,1029.4,1377.3,4154.8,4381.1,8937.9,24065
1.9484,4.0574,4.1911,14.131,32.298,36.21,56.538,254.48,485.57,564.91,1788.5,4074.9,8312.1,16372,33250
2.0225,3.8931,4.2149,8.7053,32.402,62.767,64.331,259.21,518.43,1029.3,2073.7,3953.2,4472.2,11751,33179
1.6487,3.2775,4.0192,13.413,32.368,63.367,71.471,158.03,293.76,1027.3,1882.5,3923,7792.2,11548,33146
1.9965,2.6074,7.9686,15.988,31.829,42.852,74.645,254.56,500.86,1038.1,1873.6,2007.7,3800.1,16531,32162
1.9758,1.8691,8.0286,15.479,32.315,64.984,130.22,196.81,224.28,1003.8,1274.3,4150.2,8036.4,9859.5,33262
1.5916,3.7444,2.1515,16.048,29.704,64.592,129.87,257.49,495.74,977.38,1910.8,1594,8230.1,15233,33259
0.89622,3.7652,8.0504,15.635,31.9,62.498,128.24,118.96,497.63,516.12,1852.4,2627.3,8051.3,16439,30858
1.4122,3.8873,8.0536,11.269,31.731,49.914,120.45,130.73,244.42,1036.8,1813.7,4090.4,8176.7,16551,17797
2.0183,3.182,6.7003,10.526,32.336,64.642,129.44,134.04,518.1,1036.2,1235.5,4088.3,8049.2,8621.4,19295
1.1285,3.9281,5.6964,16.099,32.055,61.316,87.595,255.58,511.33,1028.8,1156,1817.5,5748.6,16562,31156
2.0125,4.0249,3.5374,13.988,32.082,63.839,127.37,192.61,515.11,1023.4,2060.8,4120.5,3124.5,8769.9,32972
1.1579,2.1022,4.2754,16.227,31.802,62.454,129.82,141.25,500.48,712.6,2077.1,4147.7,8308.2,16384,25790
0.72827,2.1641,7.8874,13.324,32.273,63.768,127.12,258.28,213.19,1032.6,2037.3,4132.5,8220.6,16525,33060
1.2547,4.0096,7.0443,9.8936,19.056,64.538,129.42,184.76,507.03,994.52,1234.3,3707.8,7712.9,9393.6,25811
2.0336,4.0663,8.0452,16.037,22.87,64.965,129.63,236.71,166.88,573.86,2079.7,4152.6,8329.8,16660,16995
1.9251,3.8253,8.0461,16.144,8.1404,64.491,129.16,243.04,515.06,1019.9,1037.1,4094.5,8265.9,11695,22696
2.0317,3.9741,4.6622,16.273,32.375,65.091,130.15,196.23,360.21,687.31,1193.3,3073.8,8247.8,7619.4,33248
1.7134,1.3042,7.7459,16.012,32.515,60.639,130.06,151.86,519.56,1019.1,2068.1,2227.7,8323.3,16201,21917
1.4456,3.9545,2.0739,15.728,31.745,31.06,126.75,178.81,510.37,1019.1,2031.3,4119.1,8256.2,16288,33022
1.9803,2.8656,5.4674,15.692,22.22,64.612,90.194,258.45,494.88,1024.4,2067.6,2494.5,4669.8,7904.9,33081
1.9941,4.0294,7.1236,8.7842,22.975,43.277,78.471,252.58,510.63,1032.9,1451,3820.3,4342.7,16496,22003
1.9804,1.3931,3.7873,15.773,32.264,65.048,88.213,259.71,520.99,1041.8,2085.9,4168.6,8348.5,16644,19499
2.0279,3.9425,5.6068,16.23,31.973,64.481,99.281,170.94,301.03,1027.6,1986.3,2421.7,5004.6,16244,17657
2.0136,3.2443,8.0473,16.221,26.192,38.038,128.28,254.41,321.42,663.89,946.93,4149,8115.8,16169,19205
1.9892,2.0648,3.5004,15.848,22.876,63.092,129.68,244.11,516.07,1002.9,2014.3,2807.3,8285.7,8598.1,30615
1.1404,4.0123,8.085,16.05,16.058,42.716,130.18,150.4,472.17,966.5,2048.7,2364.5,8341,16321,26009
2.0144,4.0287,8.0558,16.107,32.238,28.83,75.504,154.3,515.79,1031.6,1416.7,2631.4,8252.9,16505,21031
2.0334,2.8985,6.0305,9.9239,32.535,64.16,122.22,255.93,349.66,1007.3,1174.1,2768.2,4924.8,10987,33273
1.6309,3.4784,8.0463,11.631,28.711,63.759,90.703,125.43,249.15,684.1,1970.6,4036.3,8274.3,11009,33041
2.0194,4.0387,8.0775,16.155,32.31,25.072,129.03,131.27,257.71,1028.5,2017.8,2645,8268.4,16006,32661
1.5087,3.9529,6.0927,8.1131,26.408,41.681,125.4,249.39,274.63,956.45,2073.4,4119.2,8285.1,12974,18943
2.0286,4.0575,8.0879,10.509,26.45,39.313,60.495,259.68,511.1,1029.6,2074.5,1871.4,5753.9,16608,31237
2.0072,3.0594,8.0827,10.739,28.84,64.89,86.084,260.02,316.06,764.23,1115.5,4085.9,6047.7,16216,19079
1.6253,3.9936,4.889,16.131,9.9837,63.068,128.32,258.1,379.11,1028.5,2055.2,2598.1,8234.6,10761,32620
0.55856,3.884,7.6733,16.031,30.998,64.463,127.92,257.87,327.04,1022.5,2062.1,4111.3,4521.2,15592,21056
2.0177,4.0354,4.4415,15.896,21.182,64.395,87.04,249.87,267.14,1024.5,2052.3,1937.2,7692.7,16485,25534
1.0908,3.8761,3.9254,15.036,17.488,64.904,96.238,259.79,519.33,1021.8,2075.8,4120,8178.1,8636.3,32878
0.77189,3.9165,8.0364,16.096,29.698,37.519,71.668,257.6,518.55,1001.7,2086.3,3986.1,8217.6,16494,17823
1.3474,3.124,8.1254,16.201,32.218,64.543,123.87,260.01,519.6,446.75,1460.2,4101.5,4668.8,11544,21280
1.0745,3.9751,7.8589,14.846,24.157,64.386,68.863,259.23,516.99,1002.3,1052,4141,4249.1,16582,30821
1.9782,3.8994,5.3027,11.141,14.828,64.589,127.62,259.56,519.32,751.97,2077,4086.5,5218.1,7998.5,32666
1.9533,3.8699,7.7281,16.252,32.18,65.114,124.03,260.11,520.91,1037.4,2083.6,3009,2167.1,10295,17703
1.3137,2.5352,8.1266,16.258,31.203,64.863,83.378,260.13,363.96,462.16,2044.5,2286.3,8322.2,16396,33154
1.9513,3.4272,4.802,11.022,30.715,64.402,129.24,194.49,494.54,1029.9,1063.9,1770.2,8191.6,11808,33086
1.9639,1.7929,8.0904,16.058,31.341,64.038,80.679,258.89,517.02,993.24,1038.3,1890.5,8207.5,16569,32888
1.3641,3.8927,8.0436,8.3229,31.47,63.867,128,259.63,299.24,1018.8,2076.8,2751.3,6565,9237.5,21855
1.302,3.862,8.081,9.8166,19.669,64.448,129.3,256.47,276.44,1024.9,2050.1,2609.6,4985.4,16143,25530
2.0268,4.0581,7.0677,14.356,23.056,28.886,129.87,259.27,513.25,584.72,1953.7,2573.6,8141.6,10452,22747
1.9322,2.0713,5.4464,16.25,32.264,64.998,128.51,169.99,283.55,541,2017.3,2906.2,8292.4,16640,33249
2.0226,4.0439,8.085,16.182,21.137,53.033,95.482,139.58,517.44,316,1802.3,4142.5,7976.5,12397,31970
2.0305,4.061,2.0355,16.001,29.008,64.127,71.162,258.56,516.6,998.31,2079.3,3944.6,8189.9,16438,17763
