0.85927,0.83292,0.83149,0.83102,0.83118,0.83117,0.83128,0.83151,0.83199,0.83043,0.8313,0.8317,0.83161,0.83172,6.6902
0.83148,0.85929,0.83234,0.83161,0.83138,0.83129,0.83244,0.83159,0.83115,0.83099,0.83156,0.83141,0.83142,0.83183,6.6876
0.83143,0.83133,0.85902,0.83059,0.83259,0.83135,0.83113,0.83244,0.83247,0.83154,0.83123,0.8315,0.83149,0.83143,6.6876
0.83113,0.83129,0.83258,0.85851,0.83161,0.83138,0.83177,0.83184,0.83154,0.83168,0.83178,0.83219,0.83165,0.83137,6.6848
0.83171,0.83179,0.83133,0.83049,0.85802,0.83174,0.83174,0.83198,0.83125,0.83144,0.83152,0.83142,0.83152,0.83124,6.6905
0.83124,0.83134,0.8317,0.83165,0.83172,0.85956,0.83172,0.83134,0.83119,0.83249,0.83146,0.83172,0.83137,0.83212,6.6863
0.83141,0.83154,0.83204,0.8315,0.83135,0.83141,0.85932,0.83151,0.83074,0.83149,0.83131,0.83142,0.83278,0.83152,6.6886
0.83159,0.83215,0.83106,0.83144,0.83174,0.83117,0.83136,0.8592,0.83109,0.83161,0.83144,0.83143,0.83305,0.83077,6.6889
0.83148,0.83133,0.8317,0.8314,0.83172,0.83138,0.83136,0.83229,0.85909,0.83206,0.83147,0.83172,0.83173,0.83134,6.6865
0.83167,0.83169,0.83268,0.8316,0.83161,0.83118,0.83136,0.83134,0.83157,0.8596,0.83176,0.83138,0.83149,0.83049,6.689
0.83185,0.83185,0.83087,0.83179,0.8312,0.83117,0.83206,0.83103,0.83154,0.83135,0.85906,0.83141,0.83214,0.83138,6.6894
0.83152,0.83165,0.83225,0.83188,0.83078,0.83177,0.83136,0.83099,0.83233,0.83157,0.83144,0.85886,0.83146,0.83142,6.6877
0.8314,0.83165,0.83138,0.83178,0.83168,0.83232,0.83137,0.83122,0.83126,0.83194,0.83137,0.83183,0.85823,0.83155,6.6871
0.83164,0.83165,0.83141,0.83167,0.83153,0.83148,0.83163,0.83142,0.8309,0.83119,0.83179,0.83171,0.83136,0.85889,6.6899
2.4659e-05,1.7493e-05,1.8027e-05,0,1.313e-05,0,2.6724e-07,2.5676e-05,2.2605e-08,9.7663e-06,1.8766e-05,1.9772e-05,1.7137e-05,3.7307e-07,30
0.85812,0.85911,0.85916,0.86004,0.85865,0.85934,0.86012,0.8596,0.85891,0.85915,0.85921,0.8593,0.85931,0.85997,6.2982
0,0.041217,0,0.001212,1.7937e-06,0,0,2.5676e-05,0.81584,0.84804,1.1995e-06,0,0.82677,7.8e-05,25.159
0.83099,0.00017234,0,0.77708,0,0.84905,0.0039638,6.1591e-05,1.785e-06,0.0011335,0.020432,0.034887,0.011488,0.0015469,25.325
0.032409,0,0.82632,0.00022599,0.058278,0,0.0058003,0,0.0018353,0,1.3056e-05,0.8562,0,0.84988,25.434
0,0.84131,0,0.0062158,0.82768,0.052516,0.042848,0.83261,0.0010699,0.045384,0.0009605,0.0054365,0.00020429,0,26.511
0,0,0.00037109,0,0.84266,0.018548,0,9.4842e-05,0.85538,0.019311,0.80313,0,0.0013995,0.0071863,25.698
0.048528,0,0.0003184,0,1.7906e-06,8.1271e-05,0.81519,0.046587,0,0.089298,0.80562,0.74247,1.5854e-06,0.0077066,26.344
0.012177,0,0.051554,0.036267,0.0014714,1.6827e-07,0.021485,0.83825,0.81326,0.035688,0.033886,0,0,0.85287,25.195
0.8487,0.8389,0.013158,0,0,0.017382,0,0,4.0133e-05,0.026358,0.041803,0.00098077,0.00064397,0.78028,25.499
0.053101,0,0.011798,0.81291,0.0023315,0.00012923,0.022127,0.021408,0.0044683,0.00093308,0.0040199,0.84394,0.79439,4.2034e-08,25.71
0.019714,0.010168,0.84579,0.78202,0.0049813,0.014112,0.045053,9.8825e-05,0.85202,0.0013047,0.0003577,0,0.072406,0,25.474
3.1418e-05,0.81474,0.030521,1.3632e-05,0,0.83682,0.0083998,0,0.79856,0.075546,0.030853,0,0.00046045,0,25.419
0,0.035505,0.013818,0,0,0.0082009,0.82011,0.83863,0,0.021533,0,0,0.85804,0.020267,25.418
0,0.02271,1.8027e-05,0,1.313e-05,0.79144,0.00099548,0.76596,0.00055893,9.7663e-06,0.020458,0.81153,0,0.0034458,25.854
0,0.77035,0.0029618,0.72571,0,0.0026442,0.018032,0.026516,0,0.74966,0.76223,0,0,2.3057e-05,26.005
0.85706,0,0.83199,0.0018758,0,0.071625,0,0.022659,0.0028914,0.040817,6.9217e-05,0.022217,0.82138,0,25.143
0.74049,0.010838,0.023009,0,0.77577,0,0,0.0040429,0.0053699,0.78564,0,0.00074886,0,6.1542e-05,26.703
0.72623,0.0016015,0.017287,0,0.009922,0.035111,0.070298,0.011781,0.84274,0.035745,0.0095806,0.83177,0,0.020692,25.63
0,0.01599,0.00012753,0.010724,0.10225,0.70893,0,0,0.017266,5.1577e-05,0.043937,0.0016412,0.70655,0.80597,27.88
0.0010959,0.044347,8.3802e-05,0.12924,0.74909,0.75341,0.7809,0.015281,0.00079653,0.079798,0,0.019823,0,1.4425e-05,26.736
1.4403e-06,0.0028768,0.75231,0.0003315,0,0.027418,0.77636,0,0.0077259,0.85497,0.0022494,8.2261e-05,0.039352,0,28.164
0.0039572,0,0,2.9485e-09,0,0,7.3599e-09,0.012304,2.2605e-08,9.7663e-06,0.81908,0.017565,0.8173,0.015541,27.219
0.00023511,0.81627,0.79096,0,0.063258,0.0046375,0.019177,0,0.027086,0.026943,0.0032156,0.045236,0.024605,0,28.439
0.82126,0.10382,5.8848e-05,0.019888,0,0.010877,0,0.82759,0.00027624,0.024677,0.041086,0,0.03139,0,29.013
0.8526,0.017991,0.81107,0.00059635,0,0,7.3599e-09,0.00099854,0.78607,0.83303,0.77885,0,0,0.017605,22.362
0.82943,0,0.04988,0.039617,0.82793,0,0.85426,0,0,0.046956,0,0.83834,0.80552,0.014286,22.218
0.010138,0.011313,0.00032215,0.050902,1.7937e-06,0,0.83392,0.046087,0,0.071144,1.188e-06,8.3255e-09,0.014309,0.85868,26.472
0.0096292,0,0.84564,0.77681,0.75653,0.73395,0,0.84543,0.019632,0.046008,0.0020826,0,0.00039767,0,23.681
0.008662,1.7493e-05,0.0069093,0,1.313e-05,0.79886,0,2.5676e-05,0.00047679,0.74396,0.009193,1.7238e-05,1.5854e-06,3.7307e-07,27.641
0,0,0,0.0079861,0.85445,0.018082,0,0.0036614,0.80551,0.81685,0.041881,0.80314,0.057983,0.83584,23.112
0,0.85599,0.02617,0,0.0066469,0.78825,0.81141,0.77185,4.1125e-06,0.032369,0.83544,0.00027925,0.014004,0.11702,23.117
0.061913,0.0089517,0.077925,0.74001,0.024643,0.028921,0.014569,0.75889,0,0.0014807,0.81035,0.75687,0.030785,0.8059,23.478
0.0041481,0.044462,0,0.81847,0.0024728,0.81826,0.77802,0.012917,0.7577,0.0013639,1.1843e-06,0.83312,0,0.014314,22.47
0.019182,0.0026135,0.017287,0,0.059912,0,0.80966,0.82405,0.79954,0.76106,0.032722,0.81776,0,0,22.319
0.027871,0.82543,0.82533,0,0.84006,0.82719,0.0046247,0.0068449,0,0,0.83724,0.0032845,0.016609,0.80817,22.021
0.85279,0.82492,7.0998e-05,0,0,0.05966,0.01116,0.00056441,0.011237,0.82098,0.00035148,0.76281,0.82777,0.0095815,23.225
0.84069,0.0088524,0.017763,0.001679,0.04857,0.79289,0.82922,0.0094207,0.85452,0.0011306,0.82257,0,0,0,22.74
0.80988,0.75143,0.66311,0.78135,0,0,0.67797,0.048072,0.0051648,0.078185,0.00044137,0.66142,0,0.00043724,24.295
0.028797,0.79821,0.06026,0.56457,0.803,0.83173,0.0099771,0.0075397,0.013376,0,0.043063,0.01927,0.85104,0.018473,23.768
0.0076345,0,0.0077563,0.74164,0,0,0.031159,0.8315,0.029377,0.84251,0,0.00036035,0.7353,0.82962,23.216
0.041847,0.81213,0.0053552,0.68098,0.071472,0,0.010386,0.72026,0.79274,4.0267e-06,0.03061,0.82957,7.0683e-06,0.02032,23.845
0,0.030905,0,0.81378,0.71173,0.0017233,0.031175,6.2291e-05,0.0067892,0.0015805,0.016245,0.032177,5.0065e-05,0.013967,28.103
0.70759,0.71088,1.5739e-05,0.046011,0.83594,0.0068854,0.72375,0.0010561,0.028411,0,0.68294,1.1221e-08,0.00048446,0.014082,25.533
0.85242,0.7404,0,0.031194,0.82633,0.77092,0,0.12176,7.983e-11,0.057458,0,0.80937,0.00023452,3.4015e-05,23.418
0.031313,0.00042682,0.82632,0,0.82373,0,0.0045908,0.84403,0.00062482,0,0.74389,0.84426,0.00027311,0,23.649
0,0.01103,0.80013,0.020542,0.79046,0,0.00064563,0.01926,0.00061001,0.77487,0.037302,0.0016935,0.73022,0.77244,25.888
0,0.0083189,0.011536,0,0.00019018,0.83084,0.0030809,0.0047971,0.80087,0,0.81253,0.84254,0.00012184,0.64889,24.185
0.0053227,0.0085464,0,0.84601,0.0016155,0.066845,0.78201,0.011625,0.82806,0.017637,2.6099e-08,0.020636,0.84684,0.80654,22.093
0.77757,0.0018115,1.8027e-05,1.4334e-05,0.0033304,0,0.00077059,2.5676e-05,0.011647,9.7663e-06,0.83538,0.24929,1.5854e-06,3.976e-07,28.104
0.041871,0.079533,0,0,0.015753,0.79794,0.12423,0.76851,0.83161,0.0011806,0.79271,0.0094691,0.8314,1.2754e-06,21.892
0.84614,0.00054511,0.00033258,0.75323,0.84657,0.00041346,0.036098,0.82821,0.064484,0.024901,0.072664,0.053889,0.071192,0.85814,22.361
0.0095817,0.017753,0.020702,0.83674,0.7778,0.84684,0.065504,0.022241,0.81554,0.10147,0.004649,0.003887,2.5958e-08,0.77052,23.075
0.00067448,4.5961e-05,0,1.2383e-06,0.012546,0.043224,0.0044443,0.79561,0.024212,0.85237,0.8318,0.0040939,0.044072,0.011724,26.138
0.79154,9.0033e-06,0.81541,0,0,0.00083929,0.76342,0.83455,0.81773,0.08321,0.00057609,0,0.036756,0.11211,23.283
0.82943,0.72194,0.00099023,0.0073267,0.0027963,0.77458,0.77988,0.0094197,0,0,0.044674,0.01973,0.78924,0.00097978,23.662
0,0.052,0.0021191,0.017199,0.81437,0.011355,0.01706,0.0092518,0,0.82173,0.76353,0.77638,0.72244,0.0014592,23.662
0.043516,0,0,0.80624,0.0055456,0.014951,2.3596e-06,0.013193,0.0050224,0.0012728,0.00059736,1.0762e-07,0.00026041,0.82739,27.317
0.026389,0.7686,0.037676,0.024461,0,7.3006e-06,0.79548,0.0011271,0.017759,0.024035,2.2455e-05,0.80179,0.84578,0.82965,23.03
0.8307,0,0.0001352,0,9.7971e-07,0.7783,0.81141,0.77185,4.1125e-06,0.74417,0.021518,0.039229,0.014004,0.10775,22.412
0.020003,0.017541,0,0.027368,0.83685,0.035395,0.001616,0.82189,0.036089,0.022701,0.81855,0.017756,0.84264,0.82346,22.598
0.026554,0.092892,0.82829,0.79041,0,0,0,0.0014575,0.013922,0.8005,0.044031,0.79625,0.0020197,0,24.339
0.037732,0.74533,0.78313,0.0021839,0.020816,0.77819,0,0.012101,0.062237,0.81454,0.78407,0.014793,0.82306,0.018126,23.078
0.0339,0,0.83501,0.58651,0.803,0.012254,0.78167,0.027733,0.068723,0,0.043063,0.018613,0.85104,0.018473,24.868
0.8421,0.0070266,0.0028413,0.85107,0.0001821,0,0.078216,0.80185,0.00014609,0.0023318,0.83958,0,0.75162,0.023064,23.092
0.70668,0.020221,0.018646,0.82507,0.0029124,0.028745,0.00071884,0.026544,0.82275,0.85139,0.81162,0.73535,0.81483,0.00035103,20.814
0.019392,0,0.78824,0.011683,0.0010944,0,1.5011e-05,0,0.85865,0,0.83724,0.01364,0.016609,0.80817,25.143
0.025591,0,0.0089714,0,0.77499,0.00049364,0.75051,0.77725,0,0.0050501,0,0.76671,0.002955,0.83444,23.685
0.060069,0.0033928,0.074638,0.02767,0.0056426,0.73236,0.77521,0,0.83777,0.80024,0.011709,0.034351,0.03078,0.82283,23.5
0,0.043568,5.9483e-05,0.12924,0.021638,0.73189,0,0.0020931,0.00015174,0.010164,0.78686,0.019746,0.0079648,0.011171,29.025
2.789e-05,0.0026801,0.016301,6.9333e-05,0,0.083823,0.096549,0,0.79633,0.019762,1.8766e-05,1.9772e-05,0,0,28.387
0.85013,0,0.85902,0.81076,0.83271,0.83789,0.094383,0.024815,0,0.8428,0,0,0,0.76855,19.939
0.73302,0.0044529,0.0021191,0.022662,0.018771,0.83547,0.0016035,0,0,0.80132,0.010682,0.78779,0.056569,0.73713,23.862
0.00023503,0,0.011333,0.81396,0.77202,0.03071,0.013598,0.040238,0.0012081,0.79013,0.80489,0,0.0021407,0.81951,23.433
0.049986,0,0.83873,0.74534,0,0,0.80985,0.0031359,0,0.0075314,0.7387,0.051695,0.003921,0.74001,26.246
0.0085924,0.73975,0.80002,0.76614,0,0,0.78842,0.83412,0.028771,0.041289,0,0,0.75776,0.82962,20.369
0.011687,0.77518,0.8328,0.022701,0,1.4222e-05,0.75216,0.11777,0.78841,0.83657,0,0.76583,0.80373,0.010438,20.387
0,0.81748,0.76512,0.0099399,0.84106,0.83835,0.85692,0.78853,0.012192,0.82635,1.8769e-05,0.00099569,0.000169,0,20.277
0.00023541,0.85161,0.028125,0.00050469,0,0.066366,0.0026114,0.020547,5.4237e-06,0.85545,0.041803,0,0.74028,0.81381,24.927
0.8279,0.78761,0,0.00059837,0.0025646,0.010831,7.3599e-09,0.80518,0.81189,0.03704,0.82184,0.017988,0,0,23.166
0.022871,0.034345,0.72727,0.049666,0,0.83388,0,0.69365,0.80403,0.8122,0.0084517,0.0064855,0.0014454,1.3045e-05,24.278
0.81173,0.79288,0.0066674,0,0.058031,0,0,0.7936,0.76974,0.78332,0,0.79043,0.016729,0.81095,19.674
0.028042,0.84335,0.83904,0.80527,0.83639,0.014621,0,0.013084,0.015892,0.056512,0,0.69334,0,0.75232,21.941
0.0009405,0.088727,0.72536,0.012146,0.0025194,0.68913,0,0.82014,0.033234,0.00026936,0.00019279,0.0039069,0.085443,0.84955,26.638
0.81152,0.78215,0.0062555,0.76196,0.82069,0,0.82538,0.028283,0.84253,0.00081407,0.025868,0,0.0024459,0.84521,19.505
0.0068638,0.0046318,0.78125,0.79413,0.85521,0.0004719,0.0014055,0.84677,0.78139,0.0067934,0.79954,3.0069e-07,0.77218,0.0013801,20.285
0.00017987,0.015817,0.10363,0.022246,0.0086332,0.76417,0.78723,0.0059623,0.045786,0.006759,0.021914,0.79988,0.82909,0.0004056,26.707
0.80498,0,0,0.81431,0.85208,0.80057,0.85194,0.00013515,0.015755,0.0004868,0.073996,0,0.85807,0.73902,20.385
0.0045556,0.032867,0.0014745,0.010724,0.72898,0,2.9284e-05,0,0.010171,0.0068264,0.071542,0,0.8219,9.7173e-05,27.533
0,0.041122,0.013619,0.82106,0.020417,0.82546,0.020292,0.0074308,0.81946,0.8408,0.68825,0.034277,0,0,22.671
0,0,4.0238e-05,0.80133,0.0042103,0.76646,0.69026,0.82783,0.00065882,0,0.047211,0.00066435,0.0047648,0,25.769
0.12236,0.76465,0.06631,0,0.031491,0.028682,0.81704,0.021389,0,9.9834e-06,0,0.0045139,0,0,29.978
0.0029441,0,0.76152,0.0071167,0.04191,0.088656,0.011254,0.77389,0.0089492,0.82141,0.067124,0.0082944,0.81626,0.0013871,23.893
0.12424,0.76465,0.06631,0.84977,0,0.028682,0.01481,0.021389,0.85009,0.0013074,0.041248,0.00054312,0.79539,0,23.909
0.77875,0.74692,0.035294,0.0019703,1.3632e-05,0.021368,0.74889,0.12516,0.79831,0.0092181,0.82265,0.84651,0.80102,0.013539,19.518
0.039431,0,0.72074,0,0.82915,0.83483,0.69745,0.69097,0.80403,0.0030846,0.68085,0.038538,0.0005126,0.0036437,22.724
0.12424,0.76465,0.06631,0,1.1345e-05,0.028682,0.01481,0.021389,0,0.0013074,0,0.00054312,0.79539,0,28.728
0.76215,0.017982,0.85448,0.0012187,0.82263,0.75789,0.00026091,0.0094197,0.85628,0.81554,0.013134,0.03756,0.80552,0.032384,19.435
0.008662,0.83536,0.82897,0.055458,0.010378,0.095795,5.0543e-05,0.0037813,0.80254,0,0.78837,0.78405,0.00012582,0.10467,23.285
0,0.77364,0.002837,0.84951,0.00043289,7.9783e-06,0.11065,0.0041443,7.8482e-06,0.84883,0.030827,0.80537,0.0042837,0.83545,22.629
0.82458,0.056099,0.060167,0.83429,0.05353,0,0.0043779,0.7852,0.81894,0.019765,0.037048,0.83172,0.84665,0.83281,20.042
0.81933,0.0065337,0.82565,5.0735e-05,0.85233,0.023419,0.036808,0,0.00028487,0.0025392,0.03772,0.085751,0.011034,0.036975,26.654
0.031623,0.0060945,0.0026222,0,0.81571,0.77241,0.04462,0.0032896,0,0.80261,0.00045847,0.82862,0.013977,0,24.914
0.001601,0.0023719,0.017287,0,0.72051,0.80354,0.78946,0.85027,0,0.83368,0.79592,0,0,0.76464,21.682
0.049291,1.1917e-07,0,0.0046222,0.6837,0.014112,0.85042,0,0.79955,0.79942,8.2221e-06,0.000114,0,3.9967e-08,25.376
0,0.010254,0,0.7797,0.71173,0,0.0014502,0.81002,0,0.81278,6.837e-05,0.018605,0.0044241,0.0037511,26.568
0.80828,0.80948,0.82625,4.1612e-07,0.0026948,0.83915,0.0062616,0.064733,2.4591e-06,0.00089229,0,0.0084375,0.00013448,0.028398,24.15
0.0036144,0,0.044283,0.85777,0.048643,0,0.72889,1.8144e-05,0,1.6568e-05,7.1743e-08,0,0,6.2612e-05,27.632
0.092159,0.0092609,0.0001354,1.4934e-05,0.024902,0,2.4871e-05,0,0,0.015694,0.1254,0.70576,0.00025757,0.018879,28.713
0,0.78324,0.020225,0.015643,0,0.026467,0.071456,0.80451,0.052475,0.84813,0.019759,0,0.017272,0.003781,26.003
0.81811,0,0.044856,0.085604,0.062966,0,0.10439,5.0348e-05,0.79511,0.03023,1.1995e-06,0.042918,0.80615,1.4623e-06,26.139
0,0.83344,0,0.001212,1.7937e-06,0,0.78559,0.85954,0.83105,0.84804,0.83096,0.026252,0.82677,0.82386,18.134
0.020003,0.80933,0,0.024094,0.13259,0.84206,0.72702,0.093111,0,0.023164,0,0.0084132,0.15024,0.82346,23.993
5.978e-05,0.007832,0.79448,0.79331,0.73176,0.071345,0.77435,0.76603,0.8539,0.82941,0.0024579,0,0.00057521,0.80816,19.329
0.81239,2.5521e-05,0.7387,0.02636,0.040167,0,0.0056532,0.8382,0.0054399,0.81538,0.77949,0.017558,0.042167,0.80987,21.263
0,0.018154,0.00019878,0.74099,0,0.018082,0,0.0035294,0.80551,0.81685,0.041881,0,0.070832,0.76977,24.967
0.73674,0.00035163,0,0.014483,0.79304,0.0015864,0.68645,0.097217,0.76575,0.022249,0.797,0.017265,0.70578,0.82812,22.202
0.77426,0.76538,0.80631,0.046482,0.72723,0.010307,0.069357,0,0.8301,0.79166,0.037272,0.03672,0.0002411,0.84401,19.875
0.024296,0.81544,0.8307,0.81349,0.045458,0,0.81063,0.80524,0,0.83127,0.82403,0.82262,0,0.0023728,18.328
0.027891,0.84335,0.017825,0.022958,0.83639,0.014621,2.7296e-07,8.1647e-05,0,1.0088e-05,1.8302e-05,0,0,0.75232,26.021
0.80021,0.0044568,0.011057,0.7875,0.053802,0.032516,0.70398,0.0042871,0.013653,0.77125,0.039209,0.74636,0.82601,0.72375,22.003
0.043516,0.75697,0.73417,0.83549,0.0054549,0.84987,0,0.048528,0,0,0.0079143,0,0.00026041,0.82739,23.204
0,0.02778,0.021094,0,0,0.0077774,0.7642,0.0095563,0.00018633,0.84751,0.031084,0.83869,0,0.77286,25.594
0,0.0025477,0.73872,0.77386,0.0095883,0.73,0.051483,0.80589,0,0.032147,0.015966,0.81096,0.78676,0,22.987
0.79484,0,0,0.79563,0,0.81484,0.05132,0.81222,0.0015595,0.7843,0.049293,0,0.83799,0.0021672,21.636
0.031169,9.7238e-06,0.82058,0,0.78524,0.012919,0.064381,0.00024823,0.83961,0.0191,0,0.82586,0.82178,0.77119,20.615
0.0032618,0.020948,0.0073388,0.805,0.78524,0.83714,0,0,0.0081655,0,0.75208,0.83792,0.84258,0.054687,20.506
0,0.78206,0,0.11574,0.81463,0.83617,0.66357,0.091634,0.77825,0.76309,0.76756,0.0015246,0.012194,0.039891,20.822
2.5117e-05,0.71145,0.0070058,0.8149,0.81908,0.066069,0,0.06448,0.79959,0.84079,0.038887,0.80232,0.84427,0,20.197
0,0.78324,0.020225,0.015643,0.7166,0.024182,0.071661,0,0.052475,0.84813,1.1963e-06,0,0.017272,0.003781,27.47
0.019101,0.0075402,0.055725,0.801,0,0.00029238,0.0033204,0.0022307,0,0,0.76373,0.028681,0,0.0006963,27.895
0.037218,0.73519,0,0.00071714,0.094681,0.021523,0.032692,0,0,7.0571e-08,0.80741,0.22338,0.04624,0,26.795
0.054979,0,0,0.74854,0,0,0.049491,0.84553,0.81134,0.00017086,0.84936,0.00095646,0,0,24.721
0.85465,0.02139,0.79562,0.82431,0,0.033648,0.011409,0.048705,0,0,0.82536,0.84872,0.031989,0,22.938
0.00036443,0,0.028591,0.017718,0,0.026032,0.83729,0.1165,0.8283,0.010236,0.14604,0.76649,0.010394,0.83126,23.507
0.020782,0.042252,0.081767,0,0.0039754,8.1843e-06,0.095161,0.7852,0,0.064932,0,0.83161,0.83271,0.79101,24.376
0.81777,0,0.78149,0.81881,0,0.68584,0.78813,0.8483,0.00063661,0,0.063155,0.0015411,0.019628,0.78833,22.54
0.85332,0,0,2.4657e-05,0.0056461,0.85607,0.74936,0.77185,0.025775,0.0076269,0.80056,0.84144,0.014004,0.010769,21.852
0.0070448,0.79096,0,6.739e-05,0,0.8365,0.73853,0.78602,0.79701,0.0082609,0,0.76805,0.12113,0.02774,22.016
0.74049,0.013808,0.023009,0,0.77577,0.033658,0.81255,0.82367,0.0053699,0.78564,0,0.019222,0.74877,5.055e-05,22.155
0.79932,0.74037,0.82596,0.15829,0.67586,0.014753,0.85586,0,0.85204,0.043638,0,0.0016388,0.84084,0.081175,21.006
0.83838,0.041217,0,0.0068117,1.7937e-06,7.1569e-05,0,0.0025055,0,0.84804,0.81547,0,0.82677,2.1572e-06,24.204
0.73525,0.052262,0.0021191,0.017199,0.80284,0.00020322,0.062064,0.082325,0.0011287,0.0054038,0.0093554,0.78567,0.0061176,0.81432,24.705
1.1315e-06,0.77931,0.72158,0.015669,0,0.83134,0.0042971,0.8047,0.0030191,0.82778,0.018922,0.80079,0.051043,0.00053549,21.612
0.045531,0.0070949,0.82406,0.82278,0.00062516,0.014871,0.01909,4.7098e-05,0.0099876,0.04359,0,0.001628,0.84122,0.79426,23.951
0.083652,0.81477,0.001953,0.83333,0.68759,0.85331,0,0.83083,0.0011259,0.038865,0.065442,0.77424,0.041504,0.016265,22.709
0.0044068,9.5935e-08,0.0058027,0,0.034291,0.0012212,8.8701e-05,0.73274,0.0001129,0.0003068,0.83236,0.77642,0.70559,0.016506,24.933
2.4659e-05,0.79637,0,0.77319,1.313e-05,0,0.00031492,0.0077579,2.2605e-08,0.034571,1.8766e-05,0,5.4147e-05,0.0010958,28.238
0.85279,0.82492,7.0998e-05,0.79583,0.0117,0.05966,0.0018673,0.00056441,0.011237,0.80986,0.0014121,0.01135,0,0.0095815,24.661
0.83026,0.73985,6.3275e-05,0.030016,0.79163,0.048259,0.026524,0.71102,0.83725,0,0.00097293,0.058704,0.6271,0.032711,24.104
0,8.4497e-10,0.050077,0.025597,0.0022181,0.6553,0.72322,0.022259,0.81853,0.78488,0.76139,0.81739,0.78594,0.037501,23.551
0.03838,0.74541,0.023506,0.85377,0.022389,0.74972,0.72052,0.028283,0.055924,0.83666,0,0.81043,0.82006,0.11874,21.101
0.0084249,0,0.0078397,0.73142,0.81057,0.84599,0.010026,0.8315,0.029377,0.020241,0,0.00036035,0.84338,0.82962,21.587
0.019101,0.0077772,0.82537,0.801,0.81462,0,0.0033204,0.00022444,0,0,0.80921,0.028681,0.045357,3.3994e-06,24.434
0,0.00010134,0.79195,0,0.0066274,0.80084,0.81051,0.0011801,0,0.043716,0.02515,0.013089,0,0.83661,24.358
0.052325,2.6535e-05,0.82422,0.0068673,0.00062029,0.042916,0.63184,0.11176,0.022929,0.83434,0.80517,0.12441,0.83829,0.78345,21.379
0.045001,0.84335,0.020015,0.0061049,0.80255,0.022664,0.79457,0.83905,0.00043123,0,0.78282,0.69913,0.00020429,0.011752,22.278
0,0.07849,0,0,0.82344,0,0.12423,0.76884,0.83172,0.0011743,0.090976,0,0.006739,1.2754e-06,26.134
0,0.77776,0.035023,0,1.2618e-05,0.02112,0.032928,0.022154,0.7902,0,0.013272,0.82261,0.81806,0,24.569
7.6953e-05,0.00015538,0.050423,0,0.013939,0.68822,0.0022606,0.74327,0.84361,0.81329,0.0022843,9.2551e-05,0.82721,0.81891,23.54
0.83778,0.79675,0.026841,0.8316,0.80279,0.012513,0.030605,0.0021796,0.099766,0.032967,0.80234,0.83138,0,0.83042,19.133
0.77463,0.75487,0.84772,0.00015051,0.84771,0.010695,0.026132,0.8045,0,0.72289,0.0068893,0.082939,0,0.080621,21.966
0.83356,0,0.00031278,0.015557,0.83403,0.81354,2.5658e-11,0.83578,0.0028633,1.073e-05,0.042554,0.8051,0.8584,0,22.447
0.81567,0.76081,0.037827,0,0.010582,0,0,0.76146,0,0.81566,0.81686,0.79081,0.023396,0.0058962,21.369
0,0,0.8316,0.16475,0,0.82092,0.70651,0.048705,0.007525,0.80305,0.83856,0.0022498,0.0031627,0.0031631,22.966
0,0.74703,0.79882,0.0021839,0.60728,0,0,0.012282,0.83056,9.7663e-06,0.77587,0.017118,0.82306,0.015541,24.399
0,0.02485,1.9882e-05,0.032641,0,0.0082009,0.82011,0.067966,0,0.72281,0,0,0.85585,0.032065,26.413
0.74909,0.77035,0.0029618,0.005161,0,0.78791,0.018259,0.027379,0.0013152,0.01264,0.76223,7.7427e-06,0.10586,2.3057e-05,25.586
0.81239,0.011514,0.67325,0.020275,0.011523,0.74185,0.00067525,0,0.011279,0.76709,0.035135,0.017558,0,0,27.146
0.82923,0.84184,4.9531e-08,0.00044279,0.82472,0.81963,0.0088183,0.82846,0.77828,0.091261,0.67884,0.019415,0.0015131,0.80443,18.178
0,0.78744,0.71721,0,0.049374,0.00025446,0.7779,0.79609,0.041075,0.013775,0.82387,0.1654,0.70506,0.024715,23.568
2.4222e-05,0.0035209,0.76095,0.00027233,0.83238,0.85034,0,0.0077749,0.070084,0.033149,0.034114,0,0.024313,0,27.535
0.72623,0.84292,0.017287,0,0.0097306,0.79257,0.070298,0.0095528,0.84274,0,0.0095806,0.83177,0,0.85026,20.685
0.82411,0,0.010369,0.029662,0.82373,0,0.0017677,0.84931,0.00059726,0.85358,0.0069532,0.84426,0.00027311,0,22.724
0.74041,0.77323,0.84523,8.3979e-05,0,0.80757,0.8465,0.011752,0.0023246,0.78747,0.057362,0.85518,0.010898,0.0057289,20.64
0,0.0065538,0,0.70685,0.0023905,0.066823,0.72158,0.042279,0.014585,0.035547,0.80551,0.010903,0.6876,0,26.506
0.83694,0.15468,0.0029999,0.001679,0.04857,0.77308,0.80856,0.0049571,0.11122,0.8211,0.82904,0,0,0.68686,22.419
0.84744,0.0002231,0.81399,0.80102,0.0065762,0.0023577,0.083102,0.002964,0.00045205,0,0,0.00050952,9.1353e-05,0.020622,26.489
0,0.0003584,0.0089714,0.85997,0.77499,0.00049364,0.72578,0.77725,0.013131,0.0050501,0,0.74779,0.0038278,0,24.544
0,0.025288,0.67537,0.033784,0,0.002687,4.7563e-06,0.13474,0.83105,0.035907,0.011567,0.0068861,0.69054,0.0023834,27.517
0.043516,0.75697,0,0.80624,0.0054549,0.014951,2.3596e-06,0.013193,0.82789,1.0088e-05,0,1.0866e-07,0.00026041,0.82739,24.274
0.031925,0.0044328,0.7995,0.81118,0.74283,0.83413,0,0,0.020973,0.0017141,0.7387,0.80022,0,0.74001,21.137
0.00095655,0.65786,0,0,0.70167,0.76218,0.77869,0.72807,0.00011517,9.0507e-05,0,0.023762,0.80248,0,24.366
0.018936,0.74503,1.8259e-05,0,0.072679,0.025751,7.1118e-08,0.0019495,0,0.7874,1.1995e-06,0.77617,0.020331,3.7307e-07,26.254
0,0,0.051472,0.01306,0.79317,0.058186,0.0254,0.0080155,0.028833,0.088109,2.397e-05,0,0.0014968,0.022811,29.844
0.0026502,0.81164,0.69773,0.78135,0,0,0.76614,0.010121,0.010041,0.80841,0.0010917,0.016022,0.0010522,0,23.876
0.019575,0.011412,0.84579,0.83253,0.0049813,0.014112,0.065268,9.8825e-05,0.85202,0.013455,0.00036274,0.80655,0.075778,0.85232,21.882
0.00050853,0,0.83655,0.83304,0.80792,0.014112,0,0.82089,0.033745,0.79974,0.00016806,0.83967,0.84231,0.85147,19.519
0.72623,0.81562,0,0,0.02773,0.10173,0.0059988,0.006846,0.85299,0.036293,0.0095806,0,0.00022486,0.020692,26.004
0.0116,0.00013911,0.001309,0.83174,0.012922,0.013294,0,0,0.73672,0.018114,0.00014768,0.75624,0,0.0073147,26.435
0.85691,4.169e-06,0.8433,0.79279,0.016975,0.0096153,0.8097,0.095279,0.78576,0.0083039,0.81506,0,0.027349,0.22452,20.166
0,0.010789,0.82531,0.011091,0,0,0,0,0.83777,0.84973,0.011844,0.0020629,0.03078,0.78819,24.521
0.043516,0.75697,0.73417,0.14514,0.0054549,0.84987,0.80303,0.026006,0.00078292,0.079592,0.0079143,0.019241,0.00026602,0.0018182,24.463
0,0.74194,0.78742,0,0.7713,0.033658,0.7206,0.066488,0.0053699,0.78564,0,0.019222,0.77736,5.055e-05,22.859
0.024858,0.75769,0,0.01548,0.085725,0.0022274,0.0051999,0.028291,0.047019,0.024898,0.0081003,0.76174,0.057082,0.75759,28.668
0.0047013,0.80021,0.053983,0.83272,0,0.77,0.018032,0.026819,0,0.0073979,0.78209,0.00038948,0.00045677,0.067961,25.692
0.83247,0.004334,0.00034296,0.78378,0.81127,0.0021617,0.0016213,0.013178,0.82711,0.82094,0.0071568,0.041347,0.0099969,3.1973e-09,22.981
0.79445,0.013265,0,6.9562e-05,0.70059,0.74699,0.72859,0.067669,0.81673,0.028706,0,0,0,0.79022,23.491
0.1619,0.038831,0.010042,0.81952,0.84337,0.03354,0.058634,0.046906,0.00041196,0.8025,0.01473,0.057482,0.77321,0,25.118
0.008662,1.7493e-05,1.8027e-05,0,1.313e-05,0,0.00039367,2.5676e-05,1.8109e-05,0.74396,0,1.9772e-05,1.5854e-06,3.7307e-07,28.846
0.089329,0.011388,0,0.00020723,0.03153,0.79394,0.0067166,0.023245,0.8468,4.4377e-06,0.0056524,0.019872,0,0.78859,28.57
0.75165,0,0.015135,0.84026,0.0042103,0,0.79141,0.83098,0,0,0.047211,0.00066435,0.0047648,0,24.614
0,0.00023842,0.00054922,0.81268,0.71173,0.0023361,0,0,0.00042436,0.0015805,0.00046455,0.79505,0,0.84849,26.338
0.77144,0.85717,0.84036,0.022642,0.68552,0,0.73034,0,0.00044647,0.028319,0,0.8334,0.0045619,0.7877,21.667
0.0088013,0.65786,0,0,0.70167,0.76218,0.020596,0.72807,0.00011517,9.0507e-05,0,0.023762,0.013897,0.77371,25.679
0.010163,0.037816,0,0.018734,0.15542,0.0081797,0.74929,0.0097303,0.0020833,0.00022917,0.79808,0,0.76093,0.8123,24.478
2.4659e-05,0.77726,5.1641e-07,0.84729,0.81765,0.00022553,0.69186,0.70382,0.041636,0.808,0.80531,0.0001594,0.0013833,0,21.615
0.019184,0.0047376,0.8328,0.79041,0,0,0,0.014299,0.036761,0.8005,0.044031,0.024639,0.83363,0,24.997
0.0053227,0.010405,0,0.80005,0.0027977,0.84502,0.0026113,0.098518,0.017866,0.017637,3.5558e-05,0.84153,0.84684,0.78094,24.101
0,0.0028721,0.00013099,0.24825,0.7681,1.1346e-05,0.028499,0.84167,0.78734,0.82093,0.83142,0.82355,0.83128,0.78353,18.082
0.045001,0.84167,0.023408,0.0062158,0.80255,0.022664,0.042848,0,0.00043123,0,0.0009605,0.69913,0.00020429,0.011752,26.335
0.00053095,0.8402,0.02304,0,0.054845,0.03071,0.038268,0.029851,0.81117,0.7136,0.016785,0.052802,0.0020965,0.82145,25.487
2.4659e-05,0.77726,5.1641e-07,0.84729,0.81765,0.83497,0.68213,0.10104,0.017613,0.808,0,0.0001594,0.020777,0,21.733
0.77875,0.01453,0.03549,0.001568,0.74765,0.80371,0.74889,0.12516,0,0.82753,0.82265,0.84651,0.80102,0.013539,17.876
3.8462e-06,0.00062294,0.83843,0.0083423,1.299e-07,0.0046657,0,0.048465,0.0073425,0.069473,0,0,1.5854e-06,0.00068233,28.386
0.81811,0.012978,0.063891,0.14799,0,0,0.74467,0.020581,0,0,0,0,0.59743,5.7975e-05,28.374
0.85492,0,0.8476,0.83304,0.033453,0.014437,0.72596,0.82089,0.050749,0.09807,0.00016806,0.76319,0.84211,0,19.928
0.033237,2.2617e-05,0.043058,0.0019979,0.012258,2.632e-09,0.024427,0.10946,0.74803,0.0094057,0.84459,0.014252,0.79044,0.77037,24.686
0,0.0014377,0.71547,0.013128,0.00077181,0.21949,0.8476,0.1149,0.78861,0,0.055385,0.12773,0,0,25.783
0.033333,0.84939,0.79378,0.053503,0.011977,0.0015657,0.12372,0.63057,0.84328,0.03968,0.03997,0.0057201,0.76202,0.83321,21.507
0,0.0028721,0.00013099,0.24825,0.76424,1.1346e-05,0.028499,0.0036149,0.78736,0.0014332,0.83273,0.82355,0.82158,0,23.611
0.84902,0.01103,0.67549,0.020542,0,0,0.00064364,0.01926,0.00046865,0.76829,0.037302,0.62401,0.73022,0.77244,25.748
0.10311,0.0015116,0.79012,0.8061,0.85559,0.08345,0.85048,0.050194,0.0050891,0.83776,0.0038634,0.83238,0,0.79602,21.247
0.72656,0.00048693,0.82051,0.83353,0.69151,0.77274,0.0034842,0.79216,0,0.026093,0.83118,0.0022181,0.79203,0.68777,18.65
0.14711,0.037456,1.5739e-05,0.82055,0.83594,0.015434,0.042049,0,0,0,0.79525,1.1221e-08,0.77046,0.014082,25.641
0.72283,0.84292,0.017151,0.80722,0.00046167,0,0.070298,0.0095528,0.013281,0,0.78665,0.10103,0.00042829,0.099377,24.341
0.84641,0.8389,0.013335,0,0,0.017382,0.8097,0,4.0133e-05,0.026358,0.8154,0.00098077,0.00064397,0.78028,22.81
0.033237,0.0017797,0.043058,0.80611,0.046939,2.632e-09,0.024427,0.10946,0.74803,0.0094057,0.83107,0.014252,0.7902,0.024974,24.427
0.0035828,0.024977,0.00025881,0.097113,0.013824,0.011347,0.02795,0.83819,0,0.00045717,0.018987,0.11531,0.0080084,0,29.27
0.041871,0.079533,0,0,0.015753,0.045459,0.12337,0.76026,0.83161,0.0011806,0,0.0060004,0.8314,1.2754e-06,26.183
0.78237,0.0042943,0.032458,0.81075,0.69704,0.73654,0.087837,0.0025776,0.78698,0.81301,0.012793,0.8578,0.036583,0.79518,19.383
0.82943,0.84387,0.8477,0.81365,0.77187,0,0,0.028853,0.017473,0,0.00045544,0.031747,0.7958,0.8558,19.918
1.8734e-05,0.81137,0.69773,0,0,0,0.78481,0.010121,0.010041,0.84959,0.83239,0.015937,0.0010522,0,23.642
0.8253,0.79947,0,0.044385,0.8494,0.83154,0.80044,0.0075226,0.83552,0.844,0,0.0089958,0.85367,3.7353e-07,18.869
2.9777e-05,0.0001651,0,0.0068599,0.057602,0.014378,0.00091066,0,0.0074067,0,0.0011556,0.051456,0.010944,0.83526,28.904
0.82724,1.7493e-05,0.0062555,0.76598,0.82069,0,0.82538,0.81983,0.84253,0.00081471,0.025868,0.85238,0.0022291,0.84513,17.488
0,0.017604,0.0019752,0.83952,0.038297,0.75736,0.74721,0.78031,0.83747,0.80774,0.092053,0.0013434,0.021372,7.6281e-05,21.466
0,0.007116,0.0052259,0.67515,0.012971,0.00023097,0,0.7804,0,0.78125,0.81994,0.84947,0.022695,1.9277e-06,24.173
0.026132,0.0004262,0.023027,0.00027395,0.035505,0.79385,0.0042172,0.00034669,0.025329,0.71526,0.038456,0.74633,0.80829,0.024671,28.436
0.048721,0.017991,0.85173,0.84212,0.00022059,0,0,0.00099854,0.78607,0.83302,0.7413,0,0,0.017605,23.353
0.82624,0.75244,0.20077,9.4332e-05,0.0031998,1.8346e-05,0.85197,0.82046,0.0066157,0.078418,0.018983,0.040728,0.77232,0.74521,20.99
0.019483,0.77399,0,0.036033,0.00045113,0,0.80515,0.67354,0,0.85037,0.030853,0.76336,0.83762,0,23.43
0.01436,0.019377,0.017287,0,0.0032027,0.80201,0.0030747,0.80224,0.80295,0,0.80268,0.037591,0,0.83524,22.746
0.008576,0.79673,0.76759,0.011154,0,0.01718,0.011542,0.0043833,0.016237,0.089927,0.77419,0.78405,0.82144,0.024216,23.296
0.010144,0.1247,0,0.82431,0,0.81494,0.011443,0.71325,0.01114,0,0.82536,0.84913,0.0073899,0,23.372
0.79456,0.0089772,0.0027669,0,0.012534,0.066084,0.70097,0.037826,0.041852,0.030331,0.043059,0.76017,0.11055,0.8177,24.833
0.036141,0.0094371,0,0.00071714,0.0019112,0.070456,0,0,0,7.0571e-08,0.80741,0.835,0.04624,0.85451,25.005
0.69311,3.9674e-05,1.8027e-05,0,0.70679,0.00088484,0,0.83395,0.79946,0.82889,0.74516,0.010547,0.03699,0.71559,21.63
0,1.0804e-05,0.76103,0.031036,0.0076681,0.010763,0,0.0057928,0.0081915,0.80542,0.77163,0.031964,0,0,26.536
0.80088,0.79968,0.83614,0.82885,0.82196,0.85034,0.00018836,0.0078518,0.77892,0.033125,0.0093859,0,0.82202,2.4947e-05,18.892
0.02423,0.00049217,0.81148,0,0,0.80847,0.82476,0.021464,0.00046898,0.0010068,0.81248,0.81067,0,0.020091,23.874
0.010434,0.82797,0.02304,0.79403,0.054845,0.075668,0.023925,0.83256,0.00072669,0.70954,0.81324,0.022053,0.0020965,0.83191,21.45
0.049291,1.1917e-07,0,0.84088,0.68387,0.013858,0.85042,0,0.74279,0.033489,8.2221e-06,0.000114,0.0039116,0,25.699
0.0053254,0,0.79815,0.12176,0.75653,0.005796,0,0.84543,0.032139,0.046008,0.84999,0,0,0.77899,23.662
0.79601,0.74037,0.81396,6.9372e-05,0.67586,0,0.82682,0.83096,0.82086,0,0.81906,0.00021805,0.010521,0.84972,17.753
0.73302,0.0078034,0.20085,0.0002196,0.0030292,0.83547,0.84061,0.84907,0.82346,0.80132,0.010496,0.78779,0.79405,0.73713,16.897
0.014199,0.029015,0,0,0.82556,0.0013618,0.059447,0.0086451,0.80847,0.056525,0,0,0.015364,0.77579,26.378
0.82347,0.010819,0.74177,0.81411,0.0061335,0.79056,0.03872,0,4.0752e-05,0.039959,0,0,0.80455,2.9567e-06,23.987
0,0.00059944,0.034593,0.74534,0,0,0.042528,0.0057994,0,0.0014144,0.79519,0,0.83171,0.77561,24.707
2.5117e-05,0.71145,0,0.8149,0.83853,0.066069,0.76254,0.81623,0.79959,0,0.038887,0.80232,0.84428,0,18.981
0.77153,0.80541,0.0020596,0.73124,0.043948,0.023978,0.037987,0.66385,0.064377,0.025119,0.00047637,0,0.0097802,0,25.646
0.053005,0.84829,0.77184,0.017756,0.015986,0.014495,0.76924,0.78206,0.79955,0.85776,0.002264,0.000114,0.00092708,0.80081,21.852
0.75466,0.010701,0.0064882,2.1171e-05,0.79609,0.0029381,0.035827,0,0.083776,0.032121,0.83238,0.80131,0,0.10237,23.92
0,0.052262,0.0021191,0.017199,0.81219,6.8103e-05,0.062064,0.082325,0.00014193,0.00024684,0.0093554,0.77638,0.72244,0.82175,24.821
0.8466,0.008879,0.04608,0,0.003291,0.027466,0.78607,0.69292,0.0080609,0.041675,0.85859,0.012142,0,0.053638,25.313
0.045305,1.7493e-05,0.038206,0.078819,1.7937e-06,0.84926,0.83392,0.046587,0.83234,0.088153,0,0.0031304,0.023446,0,24.624
0.021077,0.73939,0,0.019043,0.7616,0.84905,0.0039638,0.01149,0,0.0011335,0.020432,0.84033,0.011488,0.80561,22.922
0,0.80893,0.82625,4.1612e-07,0.0026948,0.83709,0.0062616,0.7681,2.4591e-06,0,0,0.0084375,0.00013448,0.028398,24.47
0.76828,0.75972,0.82426,0.026793,0.026701,0.06938,0.0090969,0,0.040192,0.85165,0.019278,0.038711,0.0071183,0.025503,25.373
0,0.70367,0.02719,0.022455,0.70679,0.0089924,0.6485,0,0.019439,0.0077916,0.84468,0.018423,0.027763,0.77662,24.876
0.75777,0.74243,0.8246,0.0048504,0.82768,0,0.0047831,0.0085565,0.049049,0.097498,0.81293,0.092025,0.023551,0.022862,24.434
0,0.81474,0.030521,0,0,0.83682,0.0083998,0.0066634,0.79856,0.8285,0.030853,0.77641,0.00016871,0,22.928
0.72623,0.84292,0.017287,0.80722,0.79364,0,0.070298,0.0095528,0.84329,0,0.78665,0.084024,0,0.10266,20.825
4.3645e-07,0.79616,1.8027e-05,0,0.81765,0.00022553,0.00019393,0.82189,0.75461,0.77803,0,0,0.0013833,0,22.6
0.023149,0.84375,0.83173,0.8162,0.0049813,0.014112,0.77429,0.00038301,0.85248,0.0013047,0.0099829,0.83281,0.072406,0,21.4
2.645e-05,0.010189,0.041036,0.82474,0,0.75398,0.047078,0.84461,0.0026443,0.020205,1.8766e-05,0.016738,0.008427,0.8508,23.797
0,0.010386,0,0.82245,0.66771,0.027348,0.85098,0.015456,0.0077674,0.79707,0,0.016801,0.038654,0,25.965
0.81239,0.00099723,0.0014108,0.028184,0.040167,0.74185,3.2923e-05,0.8382,0.0054399,0.84857,0.80856,0.017558,0.040569,0.01102,22.745
0.045176,0.80597,0.074216,0.0091428,0.85763,0.8448,0,0,0.046499,0.80238,0.0066831,0.0078863,0.73763,0.83119,21.297
0,0.77181,0.66413,0,0.018562,0,0,0.031626,0,0,0.78811,0.026154,0.016928,0.82293,26.1
0.046875,0.079533,0.061813,0,0.015753,0.045459,0.82942,0.76026,0.83161,0.0011806,0.01504,0.0060004,0.8314,0.84076,21.757
0.010434,0,0.02304,0,0.054845,0.03071,0.013748,0.80221,0.00072669,0.7136,0.016785,0.016117,0.0020965,0.82145,27.364
0.0096292,0.73021,0.84564,0.12176,0.75653,0.005796,0,0.84543,0.80597,0.046008,0.84999,0,0.00039767,0.0012523,21.304
0.85465,0.82734,0.79794,0.82426,0,0.033648,0.83075,0.83677,0,0,0.83095,0.84675,0.031989,0.83679,15.546
0.052094,0.015949,0.79622,0.0066649,0.0090743,0.042916,0.63184,0.11382,0.022929,0.049951,0,0.12441,0.82967,0.78345,26.08
0.054979,0,0,0,0.00019285,0,0.049491,0.085144,0.81142,0.00018227,0.84936,0.85668,0,0,26.284
0.80509,0.73918,0,0.032321,0,0.77303,0.0013556,0.72625,0.017042,0,0,0.059164,0.62258,3.7241e-07,25.661
0,0.84957,0.83171,0.815,0.81798,0.09082,0,0.012917,0,0.81242,0.83152,0.83175,0.83121,0.80555,16.084
3.8462e-06,0.00062294,0.78039,0.023237,0.82247,0,0,0.84552,0.0073425,0.069473,0.045486,0,0.046848,0,25.639
0.81811,0,0.044856,0.85777,0.022501,0,0.096376,0,0,0.8295,1.1995e-06,0,0.80615,6.1957e-05,23.656
0.020349,0,0.048186,0.037188,0.0010944,0,0.79162,0.030066,0.83811,0,0.83724,7.2051e-06,0.016609,0.80736,25.379
0.8449,0.0089089,0.00022528,0.80148,0.04857,0,0.72722,0.004961,0.77862,0.072678,0.8324,0.76741,0.83198,0.76323,20.131
0,0.018011,0.045448,0.81105,0,0.74273,0.026488,0.017652,0.021249,0.00043852,0,0.72259,0.070911,0.030029,26.59
0.85714,0.010239,0.81399,0.072526,0,0,0.080373,0.80185,0.00045205,0,0.82196,0,0.75255,0.0201,22.72
0,0.0044176,0.00038322,0,0.84266,0.72724,0,4.2912e-05,0,0.03278,0.79722,0,0.05786,0.78801,25.36
0,0.84952,0,0.74001,0.024643,0.028921,0.039089,0,0.82149,0.0014807,0.81035,0.78953,0.0061861,0.8059,21.634
0,0.79968,0.76095,0.00027233,0.83238,0.85034,0.00018836,0.0077749,0.78306,0.031161,0,0,0.024313,0,24.816
0.85706,0,0.83199,0.0018758,0,0.75517,0,0.84807,0.0028914,0.040817,1.376e-05,0.022217,0.82138,0,22.236
0.80875,0.018154,0.022038,0.74023,0.83165,0,0,0.0095538,0.0052134,0.78342,0.78184,0.00023914,0,0.08283,23.584
0.85714,0.80892,0.0023757,0.072879,0,0,0.080373,0.80154,0.00045205,0,0.8217,2.2337e-05,0.75255,0.0201,22.522
0.045235,0.081925,0,0.0026437,0.79935,0.77384,0.0082737,0.74829,0,0.0070713,0.81307,0.065988,0.80547,3.3694e-06,24.057
0.031595,0.011521,0,0.74854,0.72788,0.8029,0.049491,0,0.016189,0.00017086,0.84936,0.00095646,0,0,25.478
0.043946,0.84491,0.036679,0.83177,0.80004,0.78701,0.14265,0.79276,0.036729,0.00025882,0.83157,0.083098,0.00037601,0.83185,18.816
0.017386,0,0.75404,0.83373,0,0.82705,0.76449,0,0.84694,0.030875,9.8538e-06,0.025534,0.025509,0.064515,22.231
0,0,0.81432,0.00030336,0.81707,0.85335,0.7494,0.84424,0.83988,0.85725,0.043347,0.84035,0,0.85283,15.923
0.022922,0.01029,0.84579,0.78202,0.0049813,0.014112,0.77429,0.83922,0.85202,0.0013047,0.0099829,0,0.072406,0,22.552
0.74909,0.77035,0,0.84332,0,0.78791,0.018259,0.84117,0,0.01264,0.76269,0.016528,0.10586,0,21.411
0.85489,0,0.76698,0.0048504,0.81804,0.010496,0.00058108,0.0087194,0,0.098116,0.0043947,0.79464,0.82613,0.00076842,24.191
0.77303,0.017635,0.023291,0.0070435,0.055048,0.047241,0.0083191,0.029594,0.85641,0.034757,0.83444,0.034416,0.04346,0,25.567
0.0085913,0.042624,0.74128,0,0.7917,0.8536,0.0026254,0.0038794,0.80448,0.059401,0.018238,9.2551e-05,0.82504,0.84958,21.533
0.026789,0.809,0.049034,4.945e-06,0.030292,0.75022,0.7166,0.14897,0.74892,0.010333,0.85394,0,0.84209,0.00037945,21.632
0.09016,0.85807,0,0.0070435,0.011196,0.0013807,0.0067166,0.023245,0.85556,4.3922e-06,0.78754,0.02986,0,0.1096,26.865
0.03092,0.0014797,0,0,0.00074156,3.9244e-12,0.01956,4.743e-05,0.0097243,0.11186,0,0.014631,0.85566,0.00055333,28.321
0.026389,0,0.037676,0,0,0.00022248,0.79548,0.7853,7.8031e-05,0.024035,0.81269,0.80179,0.035234,0.82965,23.409
0.0070448,0.80401,0,0.018691,0.7595,0,7.442e-05,0.78602,0,0,0,0.80763,0.077718,0.79225,23.785
0.048528,1.7493e-05,0.00032215,0.0015401,1.7937e-06,1.6838e-07,0.83392,0.046087,0,0.088153,1.188e-06,8.3255e-09,0.014309,7.3504e-09,28.238
0.13493,0,0.8328,0.83237,0,0,0.83573,0.83604,0.8123,0.78435,0.043964,0.80068,0.85805,0.82164,16.943
0.028007,0.79821,0.060176,0.57479,0,0,0.03111,0.0075397,0.013376,0.82227,0.044516,0.01927,0.74296,0.018473,25.794
0.77401,0.80541,0.0020596,0.00017773,0.011376,0.023978,0.73403,0.66422,0.039118,0.0216,0,8.8819e-05,0.010719,0,25.218
0.0028144,0.71931,0.80113,0.82539,0.0063968,0,0.0047547,0.80312,0.020154,0.039811,0,0.71128,0.0021823,0.80324,22.931
0,0.00087838,0.81131,0.8037,0,0.82227,0.0023979,0.012947,0.81252,0.026892,0.0064287,0.8103,0.68658,5.1536e-08,21.615
0.80236,0.013659,3.8289e-06,0.0022632,0.00065849,0.78201,0.72362,0.72313,0.023985,2.501e-05,0.77431,0,0.80514,0.012818,22.697
0.77298,0.0040208,0.032751,0.013104,0.71732,0.79472,0.001365,0.00012769,0.0056281,0.80525,0.022959,0.076599,0.81775,0,24.703
2.4659e-05,1.7493e-05,1.8027e-05,0,1.313e-05,0,2.6724e-07,2.5676e-05,2.4045e-05,9.7663e-06,0.83538,1.9772e-05,1.5854e-06,3.976e-07,29.877
0.02423,0.00049217,0.81148,0,0,0.80847,0.02253,0.021464,0.00046898,0.0010222,0.81248,0,0.80317,0.01355,25.758
0.82912,0.0404,0.00032795,0,0.7609,0.015657,0.83463,0.0092845,2.3628e-05,0.0087987,0.0003578,0,0,0.011976,28.424
0.019392,0.82673,0.82536,0.011683,0.0010944,0.82719,0,0.0068449,0.85214,0,0.83724,0.0032845,0.016609,0.80772,21.598
0.82828,0.06525,0.81725,0.83677,0.054942,0.7989,0.031321,0.78487,0.81946,0.019765,0.0081879,0.003717,0.84665,0.83314,17.2
0.84593,0.034178,0.00035236,0,0,0.77452,0,0,6.2816e-05,0.026358,7.039e-05,0.82711,0.00064397,0.10689,25.542
0.78091,0.0065337,0.82565,5.0735e-05,0.82182,0.7783,0.036808,0,0,0.0019746,0.80869,0.085751,0.011034,0.036975,23.964
2.789e-05,0.0026801,0.041036,0,1.313e-05,0.79625,6.4905e-10,2.5676e-05,0.0026028,0.019909,1.8766e-05,1.9772e-05,0.0084469,3.7307e-07,28.709
0.09016,0.0113,0,0.0070435,0.73919,0.0013807,0.0067166,0.023245,2.2752e-08,4.4377e-06,0.83444,0.02986,0,3.5008e-09,27.789
0.77052,0.052262,0.0021191,0.018707,0,0.045729,0.048401,0.79282,0.00014193,0.0038971,0.0093554,0.77638,0.72244,0.0055526,25.039
0.7184,0.082096,0.0011634,0.017199,0.80284,0.094951,0.83129,0.082325,0.020024,0.79903,0.032867,0.78565,0.092267,0.79866,22.52
0.7469,0.0077772,0.82961,0.801,0.81462,0,0.0047638,0,0,0,0,0.028681,0.78372,5.0885e-05,23.8
0.091061,0.031489,0.79992,0.046012,0,0.14181,0,0.014628,0.014844,0.0043646,0,0,2.3909e-05,0.85844,26.664
0.090526,0.73661,0,0,0.096857,0.024263,0.72478,0,0,0.0091121,0.79808,0.2195,0.8159,0.017853,23.951
0.020349,0,0.048186,0.037188,0.84849,0.82506,0.79162,0.071314,0.83801,0,0.83119,0.025234,0.016609,0.8308,21.82
0.0025782,0.0085275,0.75286,0.82507,0.0023053,0.02887,2.4108e-06,0.73421,0.81796,0.85541,0.002219,0.81222,0.0057379,0.00036428,21.803
0.029306,0.0015116,0.040242,0.8061,0.85559,0.08345,0.8488,0.050194,0,0.73889,0,0.83238,0.856,0.031743,21.609
0.82898,0.052262,0.0021191,0.018206,0.83107,0.03879,0.059118,0.14251,0.84608,0.0054038,0.0093554,0.78624,0.79499,0.81432,20.035
0.008662,0.83568,0.82897,0.055458,0.82259,0.095795,0.78175,0.82972,0.80254,0.012635,0.0002589,0.78405,0.80871,0.83879,16.783
0.010662,0.00042682,0.74378,0.00011794,0,0.8419,0.013887,0.84404,0,0,0.71882,0.80022,0.0023362,0.85571,22.35
0.77303,0.025507,0,0.0070435,0.73919,0.82325,0.0067166,0.024674,0.84738,0,0.83444,0.034416,0,3.5008e-09,23.548
0,0.73145,0.027571,0,0,0.0077774,0.64779,0,0.019625,0.84661,0.83824,0.85594,0,0.77286,23.06
0.020003,0.018823,0,0.030451,0.83685,0.035395,0.75917,0.82189,0.015411,0,0.052943,0.02398,0.843,0.82083,22.498
0.83952,0.00035534,0,6.9882e-05,0,0.017729,0.72582,0.023245,0.84845,0.74154,0.83444,0.0070573,0,0.017556,23.745
2.4659e-05,1.7493e-05,0,0.7693,1.313e-05,0,0.00031492,2.5676e-05,2.2605e-08,0.00081471,1.8766e-05,0,0.0022291,0.020916,29.122
0,0.0025077,0.85223,0.78807,0.72051,0.77191,0.0034734,0.85027,0.79941,0.7915,0.79592,0,0,0.76464,17.841
3.8462e-06,0.00022806,0.83843,0.83239,0.0065889,0.0046657,0,0.048465,0.0003365,0.069844,0,0,9.4639e-05,0.00066181,26.691
0.84629,0,0.01149,0.81058,0.0029407,0.8354,0.022127,0.021408,0.0085474,0.00093308,0.85643,0.84394,0.80146,0,21.243
0,0.0003584,0.0097595,0.023716,0.77482,0.00074832,0.72578,0.77725,0.069887,0.77098,0,0.74779,0,4.0473e-08,24.552
0,0.022949,0,1.2661e-05,1.7396e-07,0.036189,0.0012611,0.79895,0.0022413,9.7663e-06,0.81452,2.9977e-06,0.0033049,3.6317e-05,27.895
0.00063709,0.81256,0.68423,0.78135,0,0.0006315,0.81267,0,0.0099965,0.0074625,0.043206,0.050766,0,0.85836,24.011
0.76828,0.19947,0.82426,0,0.026701,0.06938,0.0082269,7.4267e-06,0.040192,0.85165,0.019278,0.82984,0.0071183,0.025503,23.316
0.026627,0,0.8328,0.79041,0,0,0.75756,0.015168,0.013922,0.78373,0.043964,0.80068,0.83049,0.010438,22.501
0.053005,1.1917e-07,0.77144,0.0072455,0.015986,0.014182,0.76924,0.77415,0.79955,0.85776,0.002264,0.000114,0.00067794,3.9967e-08,25.08
0.80242,0.018154,0.0002059,0.76774,0,0.017843,0,0.8545,0.80551,0.81685,0.05435,0,0.79099,0.036886,21.83
0.008662,0.83568,0.82897,0.055458,0.010378,0.095795,5.0543e-05,0.82969,0.80254,0,0.0002589,0.78405,0.0093783,0.017723,23.964
0.00068912,0.011521,0.80889,0.74854,0.72788,0.81409,0.082401,0,0.016189,0.013871,0.82403,0.00095646,0.70488,0.024948,22.513
0.0040469,0.80804,0.83934,0.83169,0.040485,0.83118,0.83136,0.83134,0.83154,0.8596,0.83176,0.0035405,0.83469,0.002617,13.336
