1.1902,1.1429,1.0224,0.87466,0.75606,0.71195,0.75917,0.87968,1.0275,1.1461
1.1483,1.1925,1.1445,1.0226,0.87332,0.75376,0.70956,0.75761,0.87954,1.0288
0.9913,1.1146,1.1754,1.1505,1.0495,0.91081,0.78754,0.72672,0.75159,0.85265
0.89167,1.0412,1.1563,1.193,1.1373,1.0104,0.86089,0.74577,0.70907,0.76479
0.76428,0.88452,1.0302,1.1456,1.1867,1.1378,1.0176,0.87194,0.7565,0.71538
0.73129,0.77716,0.88945,1.0253,1.1327,1.1708,1.125,1.0127,0.87685,0.76937
0.75275,0.71432,0.76633,0.88889,1.0352,1.1494,1.1878,1.1358,1.0132,0.86692
0.84364,0.71432,0.67543,0.74182,0.88813,1.0585,1.1878,1.2267,1.1603,1.014
1.0229,0.8736,0.7539,0.70952,0.75739,0.87923,1.0285,1.1482,1.1926,1.1447
1.1362,1.0136,0.86721,0.75279,0.71411,0.76593,0.88846,1.0349,1.1493,1.188
0.7571,0.24408,0.0011102,0.12098,0.55792,1.145,1.658,1.901,1.7811,1.3442
0.0028903,0.19777,0.68038,1.2664,1.7319,1.8992,1.7043,1.2217,0.63574,0.17018
1.2259,1.7047,1.8957,1.7258,1.26,0.67619,0.19738,0.0064457,0.17632,0.64212
1.6192,1.0823,0.49528,0.082341,0.0012266,0.28291,0.81981,1.4068,1.8198,1.9009
1.8524,1.8989,1.5834,1.0264,0.44054,0.049712,0.003169,0.31869,0.87575,1.4616
0.30935,0.85232,1.433,1.8296,1.8906,1.5928,1.0498,0.4691,0.072503,0.011483
0.081677,0.001961,0.28477,0.82207,1.4086,1.8204,1.9002,1.6173,1.08,0.49347
1.3831,0.79731,0.27026,0.0032545,0.098273,0.51903,1.1048,1.6318,1.8989,1.8038
1.7902,1.5211,1.0343,0.51561,0.16329,0.11187,0.38099,0.86785,1.3865,1.7388
0.78767,1.2793,1.6456,1.7466,1.5437,1.1144,0.62279,0.25653,0.15555,0.35842
0.55281,0.31061,0.31303,0.55916,0.95498,1.3493,1.5915,1.5891,1.343,0.94714
0.39466,0.65754,1.0325,1.3764,1.5578,1.5075,1.2446,0.86958,0.52571,0.3443
1.4512,1.667,1.6093,1.3002,0.85777,0.45093,0.23512,0.29278,0.60187,1.0443
1.0579,0.69258,0.42603,0.36002,0.51977,0.84425,1.2095,1.4761,1.5421,1.3823
0.4214,0.42296,0.62623,0.95357,1.28,1.4807,1.4792,1.2759,0.94854,0.62216
1.5002,1.4636,1.2312,0.89185,0.57506,0.40189,0.43848,0.67086,1.0103,1.3271
1.3804,1.0847,0.73798,0.4726,0.38998,0.52167,0.81737,1.1641,1.4295,1.5121
0.62275,0.96601,1.3036,1.5065,1.4972,1.2794,0.9361,0.59855,0.39565,0.40489
1.139,1.4102,1.506,1.3898,1.1061,0.76312,0.49194,0.39613,0.51228,0.79603
0.27218,0.001961,0.094267,0.51384,1.1004,1.6299,1.9002,1.8078,1.3883,0.8017
0.81093,0.52091,0.39519,0.4818,0.74764,1.0912,1.3812,1.5069,1.4203,1.1545
0.89008,1.2092,1.4297,1.4674,1.3078,1.012,0.69293,0.47242,0.43473,0.59426
1.0145,0.45363,0.082756,0.043546,0.35097,0.88761,1.4485,1.8194,1.8586,1.5511
0.34413,0.48593,0.8054,1.1805,1.468,1.558,1.4162,1.0967,0.72161,0.43415
1.6298,1.2776,0.80067,0.38116,0.17933,0.27227,0.62449,1.1014,1.521,1.7228
1.5279,1.3365,0.99779,0.64127,0.40308,0.37419,0.56565,0.90432,1.2608,1.499
0.93646,0.94141,0.95004,0.95906,0.96502,0.96565,0.9607,0.95207,0.94305,0.93709
0.60077,0.48378,0.54526,0.76175,1.0505,1.3013,1.4183,1.3568,1.1404,0.85157
1.7446,1.6345,1.2633,0.77291,0.35055,0.15756,0.26766,0.63879,1.1292,1.5516
1.0121,1.4452,1.6896,1.6518,1.3465,0.89004,0.45693,0.21256,0.25027,0.55565
1.2556,1.4018,1.3758,1.1876,0.90907,0.64654,0.50033,0.52628,0.71448,0.99305
0.1589,0.21493,0.55215,1.0417,1.4967,1.7432,1.6872,1.35,0.86038,0.40544
0.555,0.14151,0.037247,0.28202,0.78235,1.3471,1.7606,1.8649,1.6201,1.1198
1.1492,0.88684,0.64905,0.52662,0.56631,0.75296,1.0153,1.2531,1.3755,1.3358
0.57675,1.077,1.5291,1.7604,1.6826,1.3254,0.82514,0.37301,0.14167,0.2195
0.38417,0.24408,0.37404,0.7244,1.1613,1.5179,1.658,1.5281,1.1777,0.74078
1.4169,1.7741,1.817,1.5291,1.0204,0.48525,0.12799,0.085116,0.373,0.88168
0.54652,0.696,0.94289,1.1929,1.3505,1.3556,1.2061,0.95922,0.70921,0.55157
1.3262,1.1753,0.93876,0.70693,0.56835,0.57595,0.72683,0.96335,1.1952,1.3338
1.4061,0.97862,0.54061,0.25937,0.24233,0.49601,0.92349,1.3615,1.6427,1.6598
1.6759,1.8554,1.6895,1.2415,0.68259,0.22624,0.046738,0.21266,0.66062,1.2195
0.86338,0.44884,0.22614,0.28032,0.59071,1.0387,1.4533,1.676,1.6218,1.3114
1.4215,1.4947,1.3602,1.0695,0.73349,0.48061,0.40741,0.54187,0.83263,1.1686
1.6657,1.6682,1.3967,0.95506,0.51185,0.2364,0.23392,0.50537,0.94705,1.3903
0.58888,0.6175,0.77352,0.99736,1.2035,1.3132,1.2846,1.1286,0.90475,0.6986
1.1825,0.71432,0.33657,0.19352,0.33983,0.71961,1.1878,1.5655,1.7086,1.5623
0.20702,0.44628,0.87835,1.3382,1.6502,1.6951,1.4558,1.0238,0.56392,0.25195
0.69352,0.33694,0.21493,0.37409,0.75363,1.2086,1.5652,1.6872,1.528,1.1485
1.0846,1.273,1.3384,1.2558,1.0569,0.81747,0.6291,0.56371,0.64627,0.84525
1.255,1.0412,0.79302,0.60517,0.54945,0.64712,0.86089,1.1091,1.2969,1.3527
0.6649,0.90903,1.1692,1.3461,1.372,1.2372,0.99309,0.73291,0.55605,0.53008
0.49776,0.80946,1.1752,1.4554,1.5429,1.4044,1.0927,0.72687,0.44671,0.3592
0.76909,0.57442,0.52362,0.63608,0.86885,1.133,1.3277,1.3785,1.266,1.0333
0.80473,1.0412,1.2433,1.3337,1.278,1.0974,0.86089,0.65883,0.56839,0.62412
0.36936,0.79731,1.284,1.6435,1.7385,1.5328,1.1048,0.61812,0.25861,0.16359
1.2943,1.5366,1.5552,1.343,0.98115,0.60779,0.36554,0.34694,0.55909,0.92096
1.3457,1.2711,1.0742,0.8303,0.6325,0.55638,0.63101,0.82789,1.0718,1.2696
0.75296,1.1558,1.4804,1.6028,1.4763,1.1491,0.74636,0.42176,0.29933,0.42584
1.578,1.849,1.777,1.3896,0.83463,0.32416,0.053145,0.1251,0.51254,1.0675
1.5822,1.6923,1.5192,1.1291,0.67102,0.3199,0.20986,0.38293,0.77301,1.2311
1.2358,0.84257,0.49081,0.31484,0.38189,0.66634,1.0595,1.4113,1.5873,1.5202
1.0157,0.5706,0.27078,0.2308,0.46593,0.88637,1.3315,1.6313,1.6713,1.4362
1.5268,1.1325,0.66888,0.31307,0.20094,0.37534,0.76964,1.2332,1.589,1.7012
1.0247,0.75896,0.56664,0.52116,0.63988,0.87746,1.1432,1.3355,1.381,1.2622
1.0612,1.0137,0.94226,0.87422,0.83552,0.84096,0.88845,0.95985,1.0279,1.0666
0.50977,0.93811,1.3714,1.6441,1.6521,1.3923,0.96401,0.53072,0.25799,0.24998
1.2015,1.5429,1.6582,1.5034,1.1377,0.70061,0.35922,0.2439,0.39868,0.76446
1.0181,1.3603,1.5461,1.5047,1.2518,0.88402,0.54185,0.35599,0.39742,0.65032
1.1843,0.6197,0.18162,0.037442,0.24223,0.71777,1.2824,1.7205,1.8647,1.6599
0.45525,0.3751,0.51494,0.82136,1.1773,1.4469,1.527,1.3872,1.0808,0.72479
1.2512,1.3196,1.2473,1.0618,0.83405,0.65095,0.58248,0.65479,0.84027,1.0681
1.3683,1.3639,1.2018,0.94388,0.68872,0.53377,0.5382,0.70033,0.95823,1.2134
0.29377,0.36155,0.6545,1.0607,1.4251,1.6083,1.5406,1.2476,0.84138,0.47705
0.93535,1.1429,1.2772,1.2869,1.1684,0.96676,0.75917,0.62487,0.61516,0.73376
0.60332,0.56036,0.66663,0.88154,1.123,1.2988,1.3418,1.2355,1.0206,0.77911
0.92547,0.99895,1.0541,1.07,1.0404,0.97665,0.90316,0.84797,0.83216,0.86176
0.15867,0.33694,0.74979,1.2395,1.6191,1.7434,1.5652,1.1523,0.6626,0.28306
0.41555,0.12289,0.14657,0.47754,0.98937,1.4866,1.7792,1.7555,1.4246,0.91274
0.91393,0.65013,0.50128,0.52423,0.71021,0.98819,1.252,1.4008,1.3779,1.1919
1.0773,1.5773,1.838,1.76,1.373,0.82479,0.32485,0.064097,0.14213,0.52915
0.96804,0.88494,0.8271,0.81661,0.85747,0.93408,1.0172,1.075,1.0855,1.0446
1.5976,1.4515,1.1142,0.71462,0.40534,0.30451,0.45063,0.78791,1.1875,1.4968
0.56538,0.77716,1.0554,1.2937,1.4012,1.3367,1.125,0.84676,0.60839,0.50092
1.6689,1.3783,0.92444,0.48079,0.21676,0.23321,0.52385,0.97767,1.4213,1.6854
0.91297,1.3179,1.5827,1.6063,1.3795,0.98914,0.58421,0.3194,0.29586,0.52259
0.85108,0.83588,0.86466,0.92645,0.99764,1.051,1.0662,1.0374,0.97566,0.90448
1.0726,1.0847,1.0458,0.97071,0.88809,0.82952,0.81737,0.85628,0.9314,1.014
0.30912,0.23726,0.43805,0.83479,1.2759,1.593,1.6649,1.4641,1.0673,0.62617
1.5182,1.2607,0.8849,0.53436,0.34298,0.38387,0.6414,1.0172,1.3678,1.5591
0.1415,0.12289,0.42062,0.92095,1.4328,1.7606,1.7792,1.4815,0.98116,0.46933
1.3654,1.5405,1.4904,1.2344,0.87009,0.53674,0.36165,0.41169,0.66775,1.032
0.66232,0.81977,1.0274,1.2058,1.2869,1.2398,1.0823,0.87475,0.69631,0.61516
0.56003,0.22599,0.16891,0.41058,0.85869,1.3421,1.6761,1.7332,1.4915,1.0434
1.4617,1.337,1.0649,0.7493,0.51079,0.44044,0.56513,0.83723,1.1528,1.3913
1.6547,1.2094,0.66536,0.23046,0.070811,0.24738,0.69273,1.2368,1.6717,1.8313
1.1488,0.95603,0.76138,0.63918,0.6361,0.75333,0.94608,1.1407,1.2629,1.266
0.63689,0.42972,0.42168,0.61584,0.93805,1.2652,1.4724,1.4804,1.2863,0.96406
1.1187,1.2425,1.255,1.1514,0.97126,0.78344,0.65963,0.64715,0.75074,0.93085
1.2595,0.92692,0.6036,0.41299,0.42791,0.64265,0.97519,1.2985,1.4891,1.4742
0.26811,0.11528,0.28169,0.70377,1.2203,1.634,1.7868,1.6204,1.1983,0.6818
0.51087,0.3369,0.39751,0.66955,1.0491,1.3912,1.5652,1.5046,1.2326,0.85299
0.74781,1.0825,1.367,1.4927,1.4114,1.1543,0.81958,0.53507,0.40945,0.49071
0.4414,0.62668,0.93586,1.2508,1.4513,1.4607,1.2754,0.96625,0.65127,0.45079
0.64528,0.73668,0.90996,1.0989,1.2314,1.2568,1.1654,0.99216,0.80318,0.67068
1.7424,1.5671,1.1564,0.66728,0.28658,0.15968,0.33506,0.74573,1.2348,1.6155
1.5239,0.9645,0.39997,0.045937,0.037631,0.37822,0.93762,1.5021,1.8562,1.8645
0.27738,0.28578,0.5483,0.96466,1.3758,1.6247,1.6163,1.3538,0.93746,0.5263
0.36157,0.69339,1.1236,1.488,1.6472,1.5405,1.2087,0.77849,0.41416,0.25491
0.46412,0.51275,0.7288,1.0297,1.3006,1.438,1.3894,1.1733,0.87237,0.60149
1.1542,0.81895,0.53417,0.40863,0.49028,0.74793,1.0832,1.3679,1.4935,1.4118
0.67869,1.2014,1.6284,1.7968,1.6421,1.2234,0.70075,0.27369,0.10535,0.26005
0.92328,0.75048,0.6543,0.67147,0.79543,0.97884,1.1516,1.2478,1.2306,1.1067
0.34713,0.12509,0.21854,0.59179,1.1023,1.555,1.777,1.6836,1.3103,0.79985
1.7232,1.7741,1.5107,1.0335,0.52478,0.17892,0.12799,0.39144,0.86865,1.3773
1.5284,1.5852,1.3998,1.043,0.65105,0.3737,0.31688,0.50229,0.85912,1.2511
1.6792,1.4605,1.0473,0.59733,0.28245,0.22296,0.44157,0.85479,1.3048,1.6197
1.2896,0.77016,0.31983,0.1106,0.2224,0.61252,1.132,1.5823,1.7915,1.6797
1.4637,1.7491,1.7296,1.4128,0.91956,0.43837,0.15301,0.17247,0.48933,0.98255
1.34,1.1325,0.85564,0.61525,0.50313,0.5621,0.76964,1.0465,1.2869,1.399
0.89886,0.57347,0.3923,0.42456,0.65792,1.0033,1.3286,1.5098,1.4776,1.2442
0.9946,1.283,1.4447,1.4178,1.2126,0.90751,0.61907,0.45743,0.48434,0.68952
0.88111,0.39737,0.12512,0.16835,0.51055,1.021,1.5047,1.777,1.7338,1.3916
1.534,1.0768,0.57156,0.21131,0.13362,0.36816,0.82535,1.3306,1.6908,1.7685
1.2389,1.1406,0.96989,0.79201,0.67489,0.66325,0.76155,0.93223,1.1101,1.2272
1.525,1.1925,0.76785,0.41313,0.26388,0.37711,0.70956,1.1343,1.489,1.6382
1.7915,1.8989,1.6444,1.125,0.53915,0.11066,0.003169,0.25774,0.77713,1.363
1.1655,1.3614,1.4006,1.2681,1.0145,0.73665,0.54069,0.50147,0.63397,0.8876
1.4008,0.91348,0.44055,0.16262,0.18584,0.50135,0.98864,1.4616,1.7395,1.7163
1.2972,1.2752,1.1294,0.91553,0.71519,0.60495,0.62691,0.77268,0.98659,1.1869
0.84134,1.1255,1.3431,1.4109,1.303,1.0608,0.7766,0.55906,0.49125,0.59907
1.3786,1.6431,1.6432,1.379,0.95134,0.52355,0.25905,0.25887,0.52309,0.95077
1.112,1.4605,1.6144,1.5149,1.2,0.79007,0.44161,0.28774,0.38723,0.70209
1.4277,1.374,1.1587,0.86414,0.60276,0.47442,0.52814,0.7434,1.038,1.2993
0.76388,0.6498,0.65079,0.76647,0.95266,1.1382,1.2523,1.2513,1.1356,0.94945
0.30559,0.52936,0.91421,1.3131,1.5737,1.5965,1.3728,0.98791,0.58899,0.32836
0.67078,0.6843,0.79972,0.97294,1.1378,1.2313,1.2178,1.1024,0.92918,0.76431
1.2515,1.6366,1.7598,1.5741,1.1504,0.65059,0.26552,0.1423,0.328,0.75169
1.4471,1.1745,0.81653,0.50998,0.3719,0.45504,0.72764,1.0856,1.3921,1.5302
1.0461,1.1265,1.1398,1.081,0.9726,0.85596,0.77565,0.76233,0.8211,0.92951
0.45256,0.58769,0.86161,1.1697,1.3943,1.4495,1.3144,1.0405,0.73242,0.50784
0.22401,0.33901,0.68779,1.1371,1.5154,1.6781,1.5631,1.2143,0.76498,0.38672
0.95895,1.4505,1.7512,1.7463,1.4377,0.94316,0.45166,0.15092,0.1558,0.46444
1.5282,1.7047,1.5934,1.2368,0.77095,0.37395,0.19738,0.30869,0.66536,1.1312
1.8398,1.6664,1.2198,0.67051,0.2284,0.062324,0.23571,0.68234,1.2316,1.6737
1.3306,0.95297,0.57461,0.34004,0.33886,0.57152,0.94914,1.3275,1.5621,1.5633
1.2227,1.448,1.4835,1.3157,1.0085,0.67941,0.45407,0.41857,0.58645,0.8936
0.66566,0.56555,0.61269,0.78908,1.0273,1.2365,1.3366,1.2894,1.113,0.87478
0.21431,0.50291,0.96269,1.418,1.695,1.6878,1.3992,0.93943,0.48409,0.20713
1.2835,1.5979,1.6653,1.4598,1.06,0.61858,0.30417,0.23685,0.44233,0.84213
0.86031,1.3691,1.7182,1.7743,1.5159,1.0418,0.533,0.18388,0.1278,0.38617
0.46868,0.83503,1.2457,1.5438,1.6155,1.4334,1.0671,0.65641,0.35829,0.28659
1.0998,1.5051,1.6987,1.6068,1.2644,0.80231,0.39705,0.20341,0.29535,0.63774
0.97594,0.64438,0.42996,0.41458,0.60412,0.92617,1.2577,1.4721,1.4875,1.298
1.7238,1.3783,0.86954,0.39195,0.12792,0.1783,0.52385,1.0326,1.5102,1.7742
1.4602,1.2552,0.93401,0.61933,0.43136,0.4419,0.64692,0.96811,1.2828,1.4708
0.83317,1.224,1.5107,1.5835,1.4148,1.0689,0.67806,0.39146,0.3186,0.48732
0.62377,0.91683,1.223,1.4252,1.4464,1.2783,0.98528,0.67915,0.47687,0.45572
1.1708,1.1698,1.0853,0.9495,0.8143,0.73134,0.7323,0.81682,0.95261,1.0878
0.75374,0.42383,0.2953,0.41725,0.7431,1.1484,1.4783,1.6068,1.4849,1.159
0.11205,0.21951,0.60641,1.1249,1.5771,1.7901,1.6826,1.2957,0.77717,0.32505
1.0567,0.55463,0.20399,0.13871,0.38371,0.84542,1.3475,1.6981,1.7634,1.5184
0.73978,1.0131,1.2627,1.3933,1.3549,1.1623,0.88903,0.63943,0.50885,0.54719
0.43981,0.24906,0.32644,0.64241,1.0763,1.4623,1.6531,1.5757,1.2597,0.82584
0.69409,0.88452,1.1004,1.2592,1.3003,1.208,1.0176,0.80175,0.64293,0.60181
0.097925,0.32717,0.79473,1.322,1.7076,1.8042,1.5749,1.1074,0.58012,0.19454
0.57062,0.64438,0.83529,1.0704,1.26,1.3315,1.2577,1.0668,0.8317,0.64216
0.82719,0.77716,0.79355,0.8701,0.97758,1.0749,1.125,1.1086,1.032,0.92454
1.4401,1.586,1.4893,1.1871,0.7947,0.46202,0.31614,0.41277,0.71502,1.1074
0.42568,0.88863,1.3754,1.7001,1.7387,1.4764,1.0135,0.52669,0.20199,0.16341
0.99245,1.0412,1.0556,1.03,0.97425,0.90966,0.86089,0.84655,0.87214,0.92787
0.31366,0.5819,0.99115,1.3851,1.6132,1.5884,1.3202,0.91096,0.51703,0.28888
0.67807,0.19777,0.0051946,0.17391,0.63947,1.224,1.7043,1.8969,1.7282,1.2626
0.91946,0.88494,0.87567,0.8952,0.93606,0.98265,1.0172,1.0264,1.0069,0.96605
0.87467,0.77716,0.74607,0.79328,0.90076,1.0274,1.125,1.156,1.1088,1.0014
1.3146,1.01,0.68281,0.4581,0.42168,0.58747,0.89213,1.2193,1.444,1.4804
1.0333,1.2757,1.394,1.3432,1.1426,0.8688,0.62644,0.50807,0.55891,0.75953
0.79622,0.36443,0.15672,0.25241,0.61497,1.1059,1.5377,1.7454,1.6497,1.2871
0.54521,0.91297,1.2953,1.5461,1.5696,1.3569,0.98915,0.60684,0.35601,0.33247
1.3833,1.0412,0.66476,0.39764,0.34192,0.51886,0.86089,1.2374,1.5045,1.5602
1.0044,0.98976,0.96034,0.92737,0.90345,0.89772,0.91236,0.94178,0.97474,0.99866
1.1178,1.0823,0.99669,0.89365,0.81254,0.78433,0.81981,0.90542,1.0085,1.0896
0.71417,0.55556,0.54802,0.69443,0.93885,1.1879,1.3465,1.3541,1.2077,0.96326
0.94661,0.47996,0.19325,0.19599,0.48714,0.9555,1.4222,1.7089,1.7061,1.415
1.4024,1.4294,1.2738,0.99485,0.69919,0.49974,0.47267,0.62833,0.90726,1.2029
0.71987,0.64451,0.68623,0.82911,1.0186,1.1822,1.2576,1.2159,1.073,0.88355
0.94205,0.82743,0.76004,0.7656,0.84201,0.96006,1.0747,1.1421,1.1365,1.0601
1.4654,1.0543,0.60372,0.28581,0.222,0.43667,0.84781,1.2984,1.6163,1.6801
0.62547,0.25309,0.14731,0.34853,0.7799,1.2766,1.649,1.7548,1.5536,1.1222
0.56863,0.49418,0.59425,0.8306,1.113,1.3335,1.4079,1.3079,1.0715,0.78915
0.52563,0.6399,0.87303,1.136,1.3283,1.3765,1.2622,1.0291,0.76615,0.57385
1.6433,1.525,1.1874,0.75955,0.40484,0.25876,0.37712,0.7147,1.1426,1.4973
0.89052,0.51678,0.30892,0.34634,0.61473,1.0116,1.3853,1.5932,1.5558,1.2874
0.51175,0.76373,1.0873,1.3588,1.4745,1.3904,1.1384,0.81486,0.54335,0.42757
0.83782,0.97466,1.1025,1.1725,1.1579,1.0643,0.92745,0.79962,0.72964,0.74422
1.4742,0.98675,0.48565,0.16232,0.14026,0.4279,0.91536,1.4165,1.7398,1.7619
0.86558,0.88452,0.92888,0.98171,1.0228,1.0365,1.0176,0.97323,0.9204,0.87928
1.0647,0.64438,0.34126,0.27105,0.46058,0.83746,1.2577,1.5609,1.6311,1.4415
0.84362,1.2793,1.5896,1.656,1.4531,1.0585,0.62279,0.31248,0.24609,0.44896
0.50599,0.70972,1.0056,1.2807,1.4299,1.3961,1.1924,0.89648,0.62142,0.47226
0.31771,0.001961,0.048735,0.44017,1.0267,1.5844,1.9002,1.8534,1.4619,0.87537
1.3908,1.2096,0.92956,0.65776,0.49799,0.51128,0.69254,0.97256,1.2444,1.4041
1.0853,0.82593,0.61437,0.53141,0.60874,0.81683,1.0762,1.2877,1.3707,1.2934
0.78619,0.98853,1.1765,1.2784,1.2553,1.1159,0.91359,0.72557,0.62367,0.64683
1.7927,1.7109,1.3389,0.81877,0.34915,0.10944,0.1912,0.5632,1.0833,1.553
0.83193,0.63757,0.56296,0.63658,0.83032,1.0702,1.2645,1.3392,1.2655,1.0718
1.2522,0.69355,0.23327,0.047166,0.20632,0.64993,1.2086,1.6688,1.8549,1.6958
1.315,1.3619,1.252,1.027,0.77309,0.58712,0.54017,0.65016,0.87508,1.129
0.86465,0.942,1.0228,1.0762,1.0818,1.0375,0.96012,0.87931,0.82591,0.82031
0.6569,0.62658,0.7202,0.902,1.1025,1.2452,1.2755,1.1819,1.0001,0.79958
0.31334,0.62355,1.0589,1.453,1.6554,1.5888,1.2786,0.84326,0.44913,0.24672
0.79086,0.77716,0.82988,0.92889,1.0364,1.1113,1.125,1.0722,0.97322,0.86575
1.6931,1.7888,1.5645,1.1059,0.58815,0.20903,0.11334,0.33763,0.79622,1.314
1.7733,1.5523,1.1016,0.59345,0.22188,0.12884,0.34985,0.80051,1.3087,1.6802
0.42308,0.18595,0.24107,0.56737,1.0402,1.479,1.7162,1.661,1.3347,0.86188
0.89924,1.0106,1.0993,1.1313,1.0945,1.0029,0.89148,0.80284,0.77082,0.80764
0.35136,0.37337,0.61603,0.98667,1.3437,1.5508,1.5287,1.2861,0.91545,0.55841
1.4969,1.5221,1.3291,0.99181,0.63891,0.40525,0.38006,0.57298,0.91031,1.2632
1.2604,1.1925,1.0324,0.84123,0.69198,0.64169,0.70956,0.86968,1.0609,1.2101
1.0182,0.71432,0.50089,0.4594,0.60571,0.88393,1.1878,1.4012,1.4427,1.2964
1.1513,1.6345,1.8566,1.7329,1.3105,0.75084,0.26766,0.045515,0.16926,0.59162
0.063545,0.2155,0.64841,1.1969,1.6515,1.8386,1.6866,1.2537,0.70519,0.25059
1.1004,1.1877,1.1846,1.0923,0.94601,0.80168,0.71441,0.71753,0.80985,0.9561
1.2698,0.83153,0.43895,0.24199,0.31586,0.63236,1.0706,1.4632,1.6601,1.5862
0.48002,0.45333,0.61676,0.90787,1.2155,1.4221,1.4488,1.2854,0.99424,0.68663
1.3846,1.4954,1.3982,1.1302,0.79384,0.51748,0.40674,0.5039,0.77187,1.1083
1.078,1.3476,1.4658,1.3873,1.1422,0.8241,0.55448,0.43633,0.5148,0.7599
0.89322,1.0832,1.2227,1.2585,1.1768,1.0089,0.81891,0.6794,0.64366,0.72533
0.5622,0.87949,1.2241,1.4645,1.5087,1.3399,1.0226,0.67799,0.43766,0.39343
1.7318,1.4492,0.97625,0.49372,0.18588,0.17031,0.45296,0.92587,1.4084,1.7162
1.3591,1.113,0.80514,0.55298,0.45286,0.54305,0.78907,1.097,1.3491,1.4492
1.6213,1.3123,0.86533,0.45109,0.22781,0.28079,0.58979,1.0368,1.451,1.6743
0.92307,1.3679,1.6536,1.6709,1.4132,0.97904,0.53417,0.24853,0.23124,0.48889
0.14762,0.038487,0.27792,0.77448,1.3385,1.7545,1.8636,1.6242,1.1276,0.56364
1.1837,1.0105,0.81463,0.67083,0.63407,0.71839,0.89158,1.0875,1.2313,1.268
0.22648,0.29696,0.61729,1.0651,1.4694,1.6756,1.6051,1.2848,0.83701,0.43276
0.57003,0.37714,0.40347,0.63895,0.99365,1.3321,1.525,1.4986,1.2632,0.90846
0.94235,1.2677,1.4722,1.4775,1.2818,0.95976,0.63437,0.42994,0.42456,0.62029
0.73733,0.52027,0.46776,0.59984,0.86608,1.1648,1.3818,1.4344,1.3023,1.036
1.5843,1.7741,1.6495,1.2582,0.74948,0.31779,0.12799,0.25257,0.64395,1.1526
1.3646,1.7047,1.757,1.5014,1.0356,0.53751,0.19738,0.14513,0.40071,0.86651
