1.0714,1.0657,1.0493,1.0246,0.99537,0.96656,0.94338,0.93037,0.93024,0.94301,0.96603,0.99478,1.024,1.0489,1.0655
1.0871,1.0927,1.0835,1.0608,1.0279,0.98973,0.95264,0.92357,0.90848,0.91071,0.92974,0.96145,0.99946,1.0369,1.0676
1.0524,1.069,1.0744,1.0678,1.0501,1.0239,0.99333,0.96347,0.93979,0.92697,0.92771,0.94184,0.96642,0.99662,1.027
1.0391,1.059,1.0692,1.0682,1.0561,1.0346,1.0071,0.978,0.95241,0.9352,0.92987,0.93753,0.95658,0.9832,1.0124
1.0026,1.0334,1.0583,1.0735,1.0767,1.0676,1.0475,1.0192,0.98723,0.95704,0.93424,0.92342,0.92687,0.94386,0.97086
0.96811,1.0045,1.0396,1.0676,1.0844,1.0877,1.077,1.0538,1.0214,0.98478,0.95026,0.92429,0.91223,0.91672,0.93677
0.94846,0.96844,0.99378,1.0199,1.0423,1.0576,1.0634,1.0588,1.0446,1.0229,0.99697,0.97129,0.95044,0.93844,0.93774
0.91841,0.92816,0.9511,0.98253,1.0165,1.0472,1.0697,1.0809,1.079,1.0645,1.0392,1.0071,0.97321,0.94359,0.92395
0.92438,0.92422,0.93816,0.96325,0.99453,1.0263,1.0532,1.0712,1.0775,1.0714,1.0537,1.0269,0.99524,0.96389,0.9386
0.96276,0.95046,0.94711,0.9534,0.96806,0.98826,1.0103,1.0304,1.0452,1.0525,1.0511,1.0413,1.0246,1.0035,0.98162
0.96829,0.94162,0.9254,0.92301,0.93498,0.95877,0.98959,1.0217,1.0498,1.0694,1.0777,1.0734,1.0573,1.0316,1.0002
1.0012,0.9757,0.95426,0.94092,0.93838,0.94716,0.96546,0.9897,1.0154,1.0383,1.0546,1.0618,1.059,1.0465,1.0261
1.0349,1.0064,0.97634,0.9501,0.93268,0.92763,0.93602,0.95608,0.98377,1.0139,1.0413,1.0615,1.0717,1.0702,1.0573
1.0437,1.0183,0.98942,0.96204,0.94117,0.93095,0.9335,0.94829,0.97229,1.0009,1.0289,1.0518,1.066,1.0694,1.0616
1.0815,1.0666,1.0407,1.0076,0.97273,0.94213,0.92178,0.91595,0.92592,0.94951,0.98187,1.0169,1.0485,1.0717,1.0833
1.4637,1.7102,1.882,1.9715,1.9749,1.8919,1.7263,1.4853,1.1793,0.82186,0.42857,0.02263,0.39703,0.79239,1.1532
1.9165,2.0013,1.9987,1.9087,1.7352,1.486,1.1718,0.80636,0.40578,0.01689,0.43073,0.82968,1.1924,1.503,1.748
0.77416,0.38475,0.049607,0.43333,0.81972,1.171,1.4713,1.7074,1.869,1.9489,1.9437,1.8535,1.6824,1.4379,1.1306
1.9787,1.9797,1.8941,1.7258,1.482,1.1735,0.81371,0.4184,0.010947,0.40935,0.80526,1.166,1.4758,1.7211,1.8912
1.7182,1.8905,1.9803,1.9835,1.8999,1.7334,1.4911,1.1837,0.82447,0.42927,0.016822,0.3995,0.79666,1.159,1.4707
0.40922,0.80755,1.1706,1.4825,1.7295,1.901,1.9895,1.9909,1.9054,1.7365,1.4918,1.1819,0.82033,0.4229,0.0070896
1.4799,1.1681,0.80519,0.40711,0.0087848,0.42425,0.8212,1.1823,1.4916,1.7358,1.9042,1.9893,1.9875,1.8988,1.7271
0.39089,0.030766,0.4461,0.84423,1.2055,1.5141,1.7566,1.9223,2.0039,1.998,1.9048,1.7284,1.4763,1.1598,0.79264
1.1521,0.78136,0.37669,0.050963,0.46553,0.86442,1.2257,1.5335,1.7743,1.9376,2.0162,2.0067,1.9095,1.7288,1.4726
1.7346,1.4889,1.1782,0.81594,0.41805,0.0026254,0.41437,0.8125,1.1751,1.4864,1.7327,1.9033,1.9907,1.9911,1.9044
0.84507,1.1994,1.5014,1.7377,1.8981,1.9756,1.9667,1.8719,1.6953,1.4446,1.1308,0.76756,0.37098,0.045914,0.45391
2.0002,1.9142,1.7445,1.4986,1.1871,0.82386,0.42462,0.012435,0.41165,0.81175,1.1764,1.4897,1.7378,1.9101,1.9988
1.9036,1.7354,1.4912,1.1819,0.82094,0.42409,0.008796,0.40705,0.80502,1.1678,1.4796,1.7266,1.8983,1.9869,1.9887
0.012747,0.40484,0.80406,1.1681,1.4812,1.7295,1.9022,1.9918,1.9943,1.9096,1.7416,1.4974,1.1877,0.82615,0.4285
1.1717,1.4798,1.7233,1.8914,1.9769,1.976,1.8887,1.7189,1.4739,1.1646,0.80437,0.40906,0.013423,0.41769,0.81243
1.045,0.88037,0.72414,0.61916,0.61347,0.71034,0.86365,1.0288,1.1783,1.2956,1.3707,1.398,1.3757,1.3052,1.1918
0.71042,0.86092,1.0243,1.1728,1.2898,1.3652,1.3933,1.3721,1.3033,1.1917,1.0469,0.88424,0.7296,0.6248,0.61694
1.3817,1.31,1.1947,1.0455,0.87815,0.7191,0.61229,0.60755,0.70764,0.86433,1.0322,1.1836,1.302,1.3776,1.4048
0.71866,0.61468,0.61204,0.71226,0.86778,1.0341,1.1838,1.3007,1.375,1.4011,1.3773,1.3052,1.19,1.0415,0.87552
1.2195,1.3188,1.3745,1.3825,1.3421,1.2563,1.1319,0.9803,0.82051,0.68383,0.61623,0.65174,0.7713,0.92777,1.0846
1.3574,1.3676,1.3309,1.25,1.1314,0.98634,0.83299,0.70102,0.63288,0.66099,0.77088,0.91944,1.0709,1.2027,1.301
0.9682,1.1276,1.2596,1.3522,1.3982,1.3944,1.3412,1.2421,1.1051,0.94309,0.77765,0.64533,0.59758,0.66104,0.8014
1.3024,1.1536,0.97231,0.77901,0.61131,0.53503,0.59969,0.76232,0.95523,1.1386,1.2909,1.3995,1.4569,1.4593,1.4068
0.55296,0.5881,0.73095,0.91567,1.0981,1.2541,1.3696,1.4363,1.4496,1.4087,1.3163,1.1787,1.007,0.81942,0.6488
0.85889,0.6349,0.47314,0.48059,0.65052,0.87594,1.0972,1.2873,1.4314,1.5204,1.5491,1.5158,1.4225,1.2746,1.0816
1.4523,1.5254,1.5381,1.4897,1.3828,1.2239,1.0239,0.80058,0.58832,0.46362,0.51968,0.7085,0.93304,1.1455,1.323
1.3281,1.4904,1.5925,1.629,1.598,1.5012,1.3435,1.1339,0.88627,0.62509,0.41204,0.40098,0.60442,0.86488,1.1148
0.4852,0.68295,0.91973,1.1438,1.3317,1.4701,1.5506,1.5688,1.5235,1.4174,1.2565,1.051,0.81766,0.58827,0.43914
0.83003,1.0595,1.2608,1.4175,1.5195,1.5611,1.5398,1.457,1.3171,1.129,0.90626,0.67348,0.48469,0.45072,0.60311
1.5595,1.5136,1.4074,1.2473,1.0436,0.81321,0.58879,0.4466,0.49511,0.68978,0.92281,1.1435,1.3284,1.4643,1.5428
1.1369,0.88088,0.60965,0.38694,0.38532,0.60675,0.87792,1.1343,1.3516,1.5157,1.6179,1.6528,1.6186,1.5172,1.3537
1.0928,0.99494,0.8932,0.80695,0.7585,0.7638,0.82095,0.91181,1.0141,1.1095,1.185,1.2321,1.246,1.2256,1.1728
0.62219,0.90786,1.1719,1.3928,1.5574,1.6572,1.6873,1.6462,1.5359,1.3619,1.1334,0.86418,0.57844,0.34517,0.37111
1.6327,1.5284,1.3612,1.1399,0.87828,0.60029,0.37047,0.37506,0.60828,0.88635,1.147,1.3669,1.5324,1.6348,1.6688
0.73185,0.77854,0.87027,0.98144,1.09,1.1803,1.242,1.2693,1.2596,1.2138,1.1361,1.0346,0.92238,0.81824,0.74701
1.3543,1.1367,0.87972,0.60742,0.38391,0.38405,0.60767,0.87997,1.137,1.3545,1.5188,1.6208,1.6553,1.6207,1.5186
1.6252,1.6537,1.6132,1.5056,1.3365,1.1151,0.85602,0.58493,0.37313,0.39887,0.63113,0.90307,1.157,1.3701,1.529
0.56919,0.38515,0.43415,0.66141,0.92316,1.1666,1.3697,1.5192,1.6069,1.6284,1.5823,1.4712,1.3009,1.0812,0.82765
1.5378,1.3834,1.1741,0.92278,0.65122,0.41235,0.36509,0.56588,0.83576,1.0967,1.3212,1.4945,1.6068,1.6524,1.629
0.93168,0.84178,0.78046,0.76604,0.80345,0.88041,0.9763,1.0719,1.1526,1.2086,1.2341,1.2265,1.1867,1.1184,1.0295
1.251,1.2263,1.1689,1.0847,0.98353,0.88012,0.79488,0.75078,0.76283,0.82668,0.92227,1.0269,1.1225,1.1965,1.2407
1.1611,1.2096,1.2275,1.2132,1.1681,1.0967,1.0075,0.91312,0.83074,0.78038,0.77745,0.82293,0.90264,0.99665,1.0872
0.32208,0.33732,0.60608,0.90584,1.1811,1.4112,1.5833,1.6887,1.7225,1.6829,1.5719,1.3948,1.1606,0.88244,0.58218
1.2247,1.1435,1.0374,0.91949,0.8096,0.73414,0.71843,0.76873,0.86627,0.98337,1.0969,1.1909,1.255,1.283,1.2727
1.1342,1.3654,1.5416,1.6537,1.6961,1.6667,1.5671,1.4021,1.1801,0.91395,0.62481,0.36706,0.33546,0.57239,0.86188
0.83643,0.91915,1.0128,1.1004,1.1698,1.2128,1.2251,1.2054,1.1557,1.0811,0.99084,0.89811,0.82077,0.77841,0.78429
0.81687,0.78385,0.79774,0.85404,0.93666,1.027,1.1094,1.1726,1.2094,1.2159,1.1915,1.1386,1.0631,0.97446,0.88647
1.5952,1.7132,1.7579,1.7272,1.6226,1.449,1.2147,0.93204,0.61962,0.32417,0.28353,0.56045,0.87511,1.1651,1.4095
1.9644,1.9195,1.7907,1.5836,1.3075,0.97424,0.59871,0.1988,0.21793,0.61724,0.99113,1.322,1.5951,1.7986,1.9235
1.0795,1.199,1.2863,1.3335,1.337,1.2965,1.2151,1.0999,0.96279,0.82271,0.70903,0.65931,0.69606,0.80221,0.94039
0.23103,0.6161,0.98048,1.3031,1.5692,1.7669,1.8876,1.926,1.8802,1.7525,1.5483,1.2767,0.94974,0.5825,0.19781
0.97131,1.2839,1.5414,1.7321,1.8476,1.8826,1.8357,1.7089,1.5079,1.2416,0.92224,0.56574,0.20482,0.2535,0.61898
1.5336,1.5275,1.4609,1.3376,1.1652,0.95638,0.73244,0.5372,0.46246,0.57029,0.7768,1.0002,1.2031,1.3664,1.4789
1.1842,1.0158,0.83086,0.66077,0.56092,0.58775,0.72371,0.90483,1.086,1.2423,1.3592,1.4281,1.4444,1.4069,1.3181
0.96629,1.0551,1.1319,1.1869,1.2139,1.2102,1.1762,1.1154,1.0347,0.94492,0.86129,0.80218,0.78416,0.813,0.87963
1.3812,1.4972,1.554,1.5484,1.4808,1.3549,1.1782,0.96323,0.7307,0.52414,0.4416,0.55549,0.77186,1.0035,1.2129
0.90386,0.7538,0.64709,0.62797,0.70662,0.84584,1.0027,1.1485,1.2657,1.3437,1.3764,1.3614,1.2997,1.196,1.0592
0.33943,0.51309,0.78423,1.0534,1.289,1.475,1.6008,1.66,1.6497,1.5703,1.4259,1.224,0.97644,0.70211,0.44324
0.71803,0.50746,0.42956,0.55606,0.78102,1.0173,1.229,1.398,1.5133,1.5682,1.5597,1.4884,1.3581,1.1765,0.95606
0.90162,0.57654,0.27331,0.29047,0.59979,0.92369,1.2163,1.4595,1.641,1.7522,1.788,1.7468,1.6304,1.4443,1.1971
1.1676,1.328,1.4409,1.499,1.4988,1.4404,1.3273,1.1667,0.9708,0.76028,0.57523,0.49372,0.57595,0.76128,0.9718
0.59779,0.19107,0.22512,0.6304,1.0083,1.3422,1.6175,1.8221,1.947,1.9868,1.9399,1.8081,1.5973,1.3167,0.97863
1.4465,1.2573,1.0207,0.75423,0.49355,0.3497,0.47533,0.73253,1.0003,1.24,1.4335,1.5694,1.6405,1.6432,1.5775
0.6285,0.74153,0.89986,1.0629,1.206,1.3144,1.3793,1.3958,1.3628,1.2827,1.1614,1.0096,0.84477,0.69617,0.60987
0.99107,0.75723,0.54158,0.43631,0.53139,0.74393,0.97809,1.1926,1.3675,1.4907,1.555,1.5568,1.496,1.3759,1.2038
0.96357,1.2014,1.3964,1.5364,1.6137,1.6243,1.5677,1.4469,1.2681,1.0422,0.78571,0.53199,0.37539,0.46434,0.70298
0.84064,1.0076,1.1616,1.2848,1.3665,1.4007,1.385,1.3205,1.2117,1.0676,0.90284,0.74179,0.62532,0.60415,0.69039
1.2895,1.3548,1.374,1.3457,1.2719,1.1586,1.0157,0.86018,0.71921,0.63427,0.64413,0.74356,0.89015,1.045,1.1832
0.59484,0.54051,0.62412,0.79317,0.98463,1.1627,1.3077,1.4078,1.4563,1.4501,1.3894,1.2783,1.1245,0.94129,0.75093
1.5534,1.7607,1.8911,1.9389,1.9021,1.7822,1.5846,1.3179,0.99382,0.62706,0.23693,0.18641,0.57684,0.94794,1.2785
1.2413,1.0034,0.73747,0.48167,0.3538,0.49175,0.74953,1.0148,1.2509,1.4403,1.5718,1.6384,1.6369,1.5672,1.433
1.4225,1.3136,1.1588,0.97029,0.76867,0.59301,0.51503,0.58869,0.76257,0.96411,1.1534,1.3095,1.4199,1.4774,1.4783
1.7534,1.5511,1.2814,0.95606,0.59026,0.20676,0.22346,0.60722,0.97158,1.2947,1.5617,1.7607,1.8829,1.923,1.8792
1.2525,0.92001,0.5485,0.16225,0.26513,0.65204,1.0147,1.3338,1.5949,1.7866,1.9003,1.9311,1.8775,1.7421,1.5306
1.6023,1.338,1.0154,0.64896,0.25696,0.16452,0.55766,0.93204,1.2664,1.5457,1.7575,1.8927,1.9452,1.9127,1.7967
0.70243,0.69704,0.7641,0.87774,1.0067,1.1272,1.2238,1.2866,1.3101,1.2923,1.2348,1.1424,1.0244,0.89548,0.77794
0.82923,0.7351,0.69877,0.7351,0.82922,0.95108,1.0741,1.1798,1.2562,1.2962,1.2962,1.2562,1.1798,1.0741,0.95109
1.3867,1.3641,1.2945,1.1831,1.0395,0.87931,0.72863,0.62896,0.62502,0.71897,0.86751,1.028,1.1735,1.2877,1.3606
0.47051,0.37486,0.52571,0.7781,1.0348,1.2618,1.4419,1.5645,1.6229,1.6142,1.5389,1.4007,1.2073,0.97071,0.71062
1.6891,1.6163,1.4757,1.2741,1.0227,0.73824,0.4551,0.30128,0.46483,0.74923,1.0329,1.2827,1.4821,1.6203,1.6904
0.5947,0.81715,1.0453,1.247,1.4054,1.5099,1.5546,1.5369,1.4579,1.322,1.1376,0.91825,0.68757,0.49694,0.45258
1.6488,1.7091,1.6969,1.6127,1.4605,1.248,0.9867,0.69431,0.40994,0.29295,0.49959,0.79439,1.079,1.3255,1.5188
0.51997,0.87826,1.2022,1.475,1.6841,1.8201,1.8769,1.852,1.7465,1.5652,1.3161,1.0105,0.6632,0.29822,0.17027
1.0228,1.2205,1.3775,1.4831,1.5308,1.5179,1.4451,1.3167,1.1408,0.93066,0.70938,0.52477,0.47118,0.59358,0.80239
1.2518,1.2755,1.2615,1.2111,1.129,1.0238,0.90911,0.80498,0.73725,0.72879,0.78292,0.88027,0.99441,1.1036,1.1927
1.2794,1.4801,1.6197,1.6912,1.6912,1.6197,1.48,1.2793,1.0283,0.74369,0.45918,0.29974,0.45936,0.7439,1.0285
1.9405,1.8173,1.6147,1.3416,1.0098,0.63402,0.231,0.18482,0.58965,0.9694,1.3069,1.5873,1.7983,1.9308,1.9789
1.6999,1.702,1.632,1.4931,1.2923,1.0402,0.75299,0.46263,0.2901,0.44702,0.73555,1.0241,1.2788,1.4829,1.6257
1.196,1.0688,0.92282,0.78001,0.67441,0.64607,0.70895,0.83409,0.98148,1.1221,1.2378,1.3171,1.3537,1.3446,1.2907
0.78841,0.62653,0.55088,0.60808,0.76156,0.9475,1.1261,1.2756,1.383,1.4406,1.4446,1.3948,1.2945,1.1506,0.9752
1.8022,1.91,1.9344,1.8743,1.7325,1.515,1.2315,0.89462,0.51973,0.13299,0.29442,0.68204,1.0429,1.3589,1.6158
0.89572,1.0179,1.1308,1.2198,1.2759,1.2939,1.2723,1.2129,1.1213,1.0068,0.88472,0.77735,0.71356,0.71685,0.78585
1.0179,0.90397,0.80175,0.73702,0.73182,0.78816,0.88618,0.99977,1.1076,1.1949,1.2522,1.2739,1.2581,1.2063,1.1233
0.75195,1.0383,1.2899,1.4904,1.6292,1.6993,1.6973,1.6235,1.4813,1.2778,1.0239,0.73631,0.44904,0.29274,0.46301
1.4958,1.4263,1.3027,1.1333,0.93137,0.72005,0.54565,0.49336,0.60405,0.80072,1.0122,1.2035,1.3565,1.4599,1.5073
1.3093,1.203,1.0625,0.90258,0.74733,0.63628,0.61666,0.69929,0.84395,1.0057,1.1553,1.2753,1.3549,1.3882,1.3726
1.4313,1.1632,0.84694,0.50144,0.18977,0.32902,0.67504,1.0091,1.3033,1.5425,1.7153,1.814,1.8341,1.7746,1.6383
0.517,0.64026,0.83467,1.0382,1.2197,1.3621,1.455,1.4925,1.4725,1.3959,1.2677,1.0967,0.89745,0.69552,0.54166
0.77835,0.49704,0.3162,0.43596,0.70831,0.99047,1.243,1.4479,1.5937,1.6729,1.6815,1.6193,1.4893,1.2979,1.0556
1.1163,1.0681,1.0075,0.94386,0.8886,0.8537,0.84792,0.87283,0.92192,0.98391,1.0468,1.1005,1.1375,1.1533,1.1459
0.65168,0.35517,0.27487,0.53071,0.84191,1.1328,1.3804,1.571,1.6952,1.747,1.7241,1.6275,1.4618,1.235,0.95893
1.8737,1.8973,1.8382,1.699,1.4859,1.2084,0.87903,0.51409,0.15136,0.30051,0.6744,1.0264,1.3351,1.5863,1.7685
1.4978,1.6434,1.7193,1.7221,1.6514,1.5107,1.3069,1.0503,0.75686,0.45657,0.27033,0.43602,0.73439,1.0297,1.2896
1.2746,1.51,1.681,1.7798,1.8017,1.7459,1.6147,1.4144,1.1543,0.84751,0.51439,0.22302,0.33292,0.66131,0.98629
1.3485,1.3036,1.2171,1.0961,0.9532,0.80819,0.69237,0.64597,0.69109,0.80619,0.95104,1.0942,1.2155,1.3027,1.3481
1.7408,1.7188,1.6234,1.4592,1.2341,0.96004,0.65508,0.36138,0.27873,0.52874,0.83744,1.1269,1.3738,1.5641,1.6884
1.751,1.6188,1.4171,1.1553,0.84666,0.51116,0.21641,0.33251,0.66442,0.99111,1.2805,1.5165,1.6877,1.7863,1.8077
1.1656,1.2916,1.3754,1.4108,1.3954,1.3302,1.2198,1.073,0.90445,0.73856,0.61711,0.59378,0.68234,0.83686,1.0081
0.96267,0.68523,0.42645,0.33679,0.52544,0.80106,1.071,1.3057,1.4894,1.6122,1.6677,1.6532,1.5694,1.4205,1.2142
1.0684,1.3249,1.5275,1.666,1.7336,1.7272,1.647,1.4969,1.2841,1.0196,0.71985,0.41796,0.26189,0.46712,0.7731
1.3731,1.4243,1.4235,1.3705,1.2691,1.1267,0.95586,0.77773,0.62961,0.56954,0.6334,0.78333,0.9617,1.1319,1.2731
0.99428,1.1193,1.221,1.2889,1.3172,1.3035,1.2489,1.158,1.0397,0.90787,0.78448,0.70039,0.68648,0.74889,0.86246
1.5032,1.5209,1.4788,1.3793,1.2285,1.0368,0.82159,0.6151,0.48613,0.52295,0.69527,0.91093,1.1193,1.2958,1.4266
1.0862,1.1273,1.1484,1.1471,1.1234,1.0802,1.0231,0.96046,0.90309,0.86282,0.8494,0.86636,0.90924,0.96786,1.0304
0.87111,0.91701,0.97694,1.0391,1.0932,1.1317,1.1497,1.145,1.1183,1.0726,1.0141,0.95153,0.89589,0.859,0.84994
1.1604,1.1325,1.0838,1.0204,0.95156,0.88924,0.84673,0.83477,0.85668,0.90648,0.97215,1.0405,1.1003,1.1433,1.1641
1.8287,1.642,1.3836,1.0649,0.69983,0.30532,0.11365,0.51258,0.89413,1.2371,1.5261,1.7485,1.8945,1.9578,1.9355
1.0998,0.95566,0.80874,0.69051,0.64201,0.68656,0.80256,0.94897,1.0938,1.2167,1.3052,1.3517,1.3527,1.3082,1.2215
0.64514,0.50607,0.51924,0.67408,0.88232,1.089,1.2673,1.4023,1.4848,1.5099,1.4759,1.385,1.2427,1.0589,0.84984
1.3075,1.015,0.68242,0.33739,0.18801,0.49379,0.83859,1.155,1.4239,1.6319,1.7696,1.8307,1.8125,1.7157,1.5448
1.3,1.1224,0.9125,0.69464,0.51951,0.48117,0.6116,0.82027,1.0374,1.2306,1.3827,1.483,1.5257,1.5081,1.4314
1.1036,1.2875,1.4258,1.5096,1.534,1.4976,1.4024,1.2543,1.0629,0.84452,0.629,0.4816,0.50039,0.66918,0.88885
0.44457,0.49707,0.69381,0.92736,1.1478,1.3322,1.4672,1.5447,1.5602,1.513,1.4057,1.2444,1.0397,0.80874,0.58446
0.79556,0.80828,0.86078,0.93844,1.0239,1.1022,1.1626,1.1979,1.2043,1.1811,1.1308,1.0591,0.97509,0.89205,0.82662
1.0282,1.0946,1.1446,1.1722,1.1741,1.1502,1.1032,1.0387,0.96566,0.89619,0.84453,0.82359,0.83926,0.8871,0.95485
1.6126,1.404,1.1358,0.82138,0.48141,0.19432,0.3553,0.69419,1.0214,1.3089,1.5414,1.7079,1.8007,1.8156,1.7519
0.7678,0.70678,0.7152,0.78955,0.90322,1.0274,1.1406,1.2288,1.283,1.2985,1.2738,1.2113,1.1164,0.9991,0.87516
1.5941,1.4689,1.284,1.0498,0.78284,0.51507,0.34579,0.44819,0.70366,0.97544,1.2211,1.4214,1.5647,1.6433,1.6533
0.74712,0.97605,1.1865,1.3583,1.4793,1.5424,1.5438,1.4836,1.3652,1.1956,0.9866,0.75787,0.54903,0.44918,0.5409
1.5331,1.58,1.5627,1.4822,1.3429,1.153,0.9257,0.68393,0.47868,0.42699,0.57913,0.81357,1.0514,1.2606,1.4246
1.249,1.386,1.4718,1.501,1.472,1.3864,1.2495,1.0709,0.86634,0.66386,0.52056,0.52031,0.6633,0.86571,1.0704
1.1647,0.96771,0.75634,0.57125,0.4917,0.57705,0.76435,0.97572,1.1717,1.3318,1.4442,1.5015,1.5004,1.4409,1.3265
0.9503,0.76158,0.60454,0.54457,0.62063,0.78488,0.97426,1.152,1.2978,1.3997,1.4505,1.447,1.3894,1.2815,1.1308
1.5564,1.6441,1.6631,1.6125,1.4946,1.3155,1.0852,0.81876,0.54458,0.34765,0.41668,0.66763,0.94347,1.1958,1.4043
1.081,1.2341,1.349,1.4167,1.4328,1.3961,1.3092,1.178,1.0134,0.8332,0.66844,0.57235,0.59764,0.72832,0.90414
0.44045,0.7559,1.0599,1.3246,1.5349,1.6802,1.7538,1.7521,1.6753,1.527,1.3141,1.0473,0.74205,0.42738,0.23769
1.1088,1.179,1.2218,1.2327,1.2107,1.158,1.0801,0.98635,0.8906,0.81156,0.76975,0.77862,0.83515,0.92218,1.0191
0.50207,0.48187,0.62791,0.84277,1.0609,1.2523,1.4007,1.4962,1.533,1.5091,1.4258,1.2881,1.1048,0.89053,0.67116
0.48951,0.10807,0.32467,0.71036,1.0678,1.3793,1.6308,1.8111,1.9125,1.9303,1.8639,1.7161,1.4935,1.2059,0.86593
0.88412,0.85842,0.86093,0.89099,0.94114,1.0005,1.0581,1.1051,1.1349,1.144,1.1312,1.0981,1.0488,0.99012,0.93154
1.0395,0.96656,0.89704,0.84514,0.82379,0.83901,0.88647,0.954,1.0273,1.0938,1.144,1.1718,1.1741,1.1505,1.1038
1.0821,0.86552,0.64798,0.49011,0.49109,0.65008,0.86784,1.0843,1.2716,1.4146,1.5037,1.5338,1.5031,1.4133,1.2699
0.94177,0.88889,0.85644,0.85253,0.8782,0.92686,0.9875,1.0485,1.1002,1.1352,1.1494,1.141,1.111,1.063,1.0036
1.276,1.2247,1.14,1.0306,0.91016,0.79928,0.72544,0.71424,0.77022,0.87247,0.99246,1.1072,1.2009,1.2636,1.2894
0.97974,0.83967,0.72183,0.66309,0.68924,0.78804,0.92323,1.0626,1.1846,1.2758,1.3279,1.3367,1.3016,1.2252,1.1142
0.65065,0.71524,0.84003,0.98592,1.1246,1.2381,1.3155,1.3502,1.3397,1.2847,1.1896,1.0627,0.91798,0.77755,0.67546
0.76947,0.87772,1.0019,1.119,1.2134,1.2753,1.299,1.2827,1.2276,1.1386,1.0248,0.90039,0.78704,0.71377,0.70695
1.7225,1.6688,1.5442,1.3549,1.1105,0.82526,0.52428,0.29128,0.37926,0.66456,0.96269,1.231,1.4511,1.611,1.703
0.78483,0.85046,0.94236,1.0401,1.1274,1.1929,1.2294,1.2333,1.2042,1.145,1.062,0.96544,0.87045,0.79674,0.76464
1.5042,1.4016,1.2458,1.0468,0.82171,0.6023,0.46101,0.50049,0.68562,0.91286,1.1302,1.3136,1.4492,1.5287,1.5473
0.62901,0.78477,0.96747,1.1405,1.2833,1.3838,1.4346,1.4324,1.3774,1.2732,1.1274,0.95265,0.77047,0.61926,0.55988
1.6287,1.8148,1.9217,1.9447,1.8828,1.7386,1.5185,1.2322,0.89236,0.51428,0.12206,0.30117,0.69194,1.0545,1.3715
0.23154,0.18739,0.58354,0.95761,1.2903,1.5668,1.7749,1.9056,1.9529,1.915,1.7935,1.5936,1.3242,0.99702,0.62674
1.2191,1.5055,1.7263,1.8718,1.9355,1.9148,1.8105,1.6271,1.3728,1.0588,0.69902,0.31137,0.11685,0.50313,0.87977
0.3795,0.23646,0.48387,0.80489,1.107,1.3665,1.5691,1.7051,1.768,1.7549,1.6665,1.5068,1.2833,1.0074,0.69513
0.36346,0.63797,0.93449,1.2043,1.4277,1.5924,1.69,1.716,1.6691,1.5514,1.3688,1.1305,0.85049,0.55248,0.31
1.0565,0.75213,0.43683,0.23746,0.43089,0.74586,1.0508,1.3171,1.5292,1.6768,1.7527,1.7535,1.679,1.5328,1.3218
1.5459,1.3677,1.1343,0.85939,0.56685,0.32718,0.36439,0.62775,0.91965,1.1873,1.4101,1.5754,1.6747,1.7032,1.6596
0.90177,1.0819,1.2378,1.3549,1.4242,1.4412,1.4048,1.3173,1.1848,1.0179,0.83433,0.66518,0.56482,0.58918,0.72244
0.28467,0.42119,0.71076,1.0038,1.2641,1.4745,1.6237,1.7044,1.7127,1.6482,1.514,1.3166,1.0664,0.77867,0.48245
1.3904,1.4792,1.5108,1.4834,1.3986,1.2615,1.0815,0.87382,0.666,0.51468,0.5084,0.65222,0.85836,1.0672,1.2498
0.86331,0.50049,0.14833,0.31519,0.68494,1.0332,1.3382,1.5856,1.7642,1.8661,1.8867,1.8251,1.6841,1.4698,1.192
1.347,1.2577,1.1294,0.9738,0.81049,0.67206,0.60672,0.64857,0.77473,0.93582,1.0953,1.2312,1.3303,1.3847,1.3904
0.8341,1.1159,1.3569,1.5428,1.6643,1.7152,1.6933,1.5995,1.4384,1.218,0.95037,0.65459,0.37603,0.30263,0.53634
1.4348,1.2228,0.96416,0.67777,0.40728,0.31606,0.52232,0.80916,1.0861,1.3254,1.512,1.6361,1.6913,1.675,1.5881
1.2039,1.1987,1.1645,1.105,1.0272,0.94174,0.86345,0.80965,0.79522,0.82467,0.88904,0.97173,1.056,1.1284,1.1796
1.4688,1.4338,1.3452,1.2089,1.0353,0.84122,0.6574,0.54126,0.56043,0.70134,0.89197,1.0829,1.2482,1.373,1.4481
1.1462,1.2356,1.2902,1.3053,1.2796,1.2153,1.1182,0.99821,0.8714,0.76159,0.69962,0.70946,0.78692,0.90395,1.0309
1.3735,1.2292,1.0445,0.83647,0.63591,0.50618,0.52991,0.6884,0.89561,1.0994,1.2741,1.4051,1.4836,1.5047,1.4673
1.1331,1.1548,1.1531,1.1283,1.0833,1.0238,0.95856,0.89876,0.85685,0.84312,0.86125,0.90641,0.96773,1.0328,1.0907
1.1184,1.0416,0.95495,0.8728,0.81264,0.79074,0.81396,0.87505,0.95759,1.0441,1.1204,1.1764,1.2057,1.2052,1.1751
1.6065,1.5243,1.3801,1.1819,0.94237,0.6827,0.45157,0.3833,0.55221,0.80663,1.0603,1.2822,1.4559,1.5715,1.6225
0.69864,0.654,0.69784,0.80973,0.95109,1.0912,1.2102,1.2957,1.3403,1.3405,1.2963,1.2112,1.0924,0.95246,0.81098
1.2166,1.2761,1.2974,1.2788,1.2218,1.1315,1.0172,0.89354,0.78247,0.71306,0.71058,0.77608,0.88528,1.0089,1.1244
1.2817,1.3684,1.4073,1.3956,1.3342,1.2274,1.0837,0.91707,0.75102,0.6256,0.59406,0.67473,0.82507,0.99518,1.1535
1.3966,1.6084,1.7509,1.8179,1.8061,1.7162,1.5522,1.3217,1.0354,0.70846,0.36735,0.18601,0.46715,0.80876,1.1255
1.31,1.3507,1.346,1.2963,1.2055,1.0814,0.93702,0.79332,0.683,0.64621,0.70077,0.82115,0.96721,1.1089,1.2271
0.48611,0.30685,0.43833,0.71644,1.001,1.2546,1.4595,1.6045,1.6822,1.6889,1.6243,1.4914,1.2969,1.0514,0.7707
1.6293,1.4781,1.2654,1.0024,0.70624,0.41307,0.27761,0.48403,0.78428,1.0741,1.3254,1.5233,1.6573,1.7211,1.7116
0.62862,0.63668,0.7372,0.88634,1.044,1.1848,1.2934,1.3604,1.3808,1.3531,1.2792,1.165,1.0204,0.86205,0.71739
0.25795,0.52784,0.84702,1.1433,1.3949,1.5883,1.7142,1.7667,1.7433,1.6451,1.4767,1.2461,0.96503,0.65096,0.34333
0.95813,1.0202,1.0772,1.1208,1.1452,1.1475,1.1274,1.0874,1.0325,0.97068,0.91223,0.86889,0.85089,0.86292,0.9018
0.64363,0.44582,0.42772,0.60792,0.85226,1.0916,1.298,1.4563,1.557,1.5945,1.5669,1.4756,1.3256,1.1257,0.89005
1.178,1.1246,1.0504,0.96518,0.88263,0.81982,0.79328,0.81115,0.86787,0.9479,1.0338,1.1111,1.1693,1.2015,1.2046
0.53237,0.828,1.1089,1.3498,1.5361,1.6583,1.7103,1.6898,1.5976,1.4383,1.2198,0.95409,0.66026,0.38313,0.3047
1.395,1.4276,1.4079,1.3373,1.2206,1.0668,0.89125,0.71956,0.59687,0.58114,0.6822,0.84687,1.0245,1.1853,1.3123
1.299,1.2853,1.2327,1.1457,1.033,0.90859,0.79353,0.7165,0.70479,0.76329,0.86958,0.99369,1.1119,1.2083,1.2726
1.2624,1.046,0.80043,0.55835,0.40527,0.47293,0.69262,0.94243,1.174,1.3658,1.5051,1.584,1.5981,1.5469,1.4329
1.4367,1.2713,1.0596,0.81791,0.57729,0.41684,0.46691,0.67703,0.92373,1.1552,1.3486,1.4907,1.5734,1.592,1.5456
0.66714,0.87095,1.0759,1.2542,1.3903,1.4749,1.5028,1.4722,1.3851,1.2467,1.0667,0.86111,0.65841,0.51689,0.52083
0.32896,0.70915,1.0626,1.3707,1.6192,1.7973,1.897,1.914,1.8475,1.7004,1.4792,1.1937,0.85678,0.48451,0.11564
0.56755,0.71821,0.91207,1.1025,1.2652,1.3858,1.4559,1.4711,1.4302,1.3361,1.1947,1.017,0.821,0.6393,0.53312
0.58376,0.32228,0.33534,0.60418,0.90441,1.1802,1.4108,1.5834,1.6894,1.7236,1.6844,1.5737,1.3968,1.1627,0.88442
1.4873,1.5863,1.6202,1.5872,1.489,1.3308,1.1217,0.87597,0.61895,0.41479,0.41312,0.61579,0.87268,1.1188,1.3285
1.0537,0.7916,0.5287,0.3593,0.44872,0.69555,0.96311,1.2066,1.4063,1.55,1.6299,1.6421,1.586,1.4643,1.2834
0.72509,0.41413,0.24423,0.45776,0.77153,1.0724,1.3335,1.5397,1.6809,1.7504,1.7448,1.6645,1.5132,1.2981,1.0301
0.92505,0.69634,0.50559,0.4556,0.5908,0.80967,1.0364,1.2379,1.3968,1.5026,1.5491,1.5336,1.457,1.3237,1.1419
1.7997,1.8381,1.7967,1.6774,1.4857,1.2303,0.92332,0.5817,0.24509,0.25639,0.5953,0.93601,1.2413,1.4944,1.6835
1.1166,0.99492,0.86677,0.75646,0.69545,0.70772,0.78798,0.9072,1.0355,1.1513,1.2406,1.2945,1.3085,1.2814,1.2155
0.95734,1.1535,1.3158,1.4315,1.493,1.4968,1.4424,1.3333,1.1764,0.98361,0.77476,0.588,0.49801,0.56915,0.74859
1.2561,1.1307,0.97833,0.8179,0.68111,0.61436,0.65153,0.77262,0.93003,1.0873,1.2222,1.3213,1.3766,1.3839,1.3427
1.4466,1.3174,1.1406,0.92947,0.70713,0.52178,0.46899,0.59344,0.80378,1.0251,1.2233,1.3805,1.486,1.5334,1.5201
1.7948,1.6962,1.5245,1.2875,0.99664,0.66765,0.33126,0.20817,0.50797,0.84659,1.1576,1.4214,1.6247,1.7582,1.8158
1.4212,1.3749,1.2799,1.1431,0.97659,0.79999,0.64788,0.57543,0.62404,0.76457,0.93958,1.1102,1.2544,1.3588,1.4157
0.83957,0.69315,0.61056,0.63283,0.74749,0.90565,1.0676,1.2091,1.3157,1.3787,1.3935,1.359,1.2776,1.1555,1.0036
1.1877,1.2132,1.2082,1.1731,1.1115,1.0305,0.94115,0.8587,0.80148,0.78563,0.81623,0.88371,0.97033,1.0584,1.1341
0.89839,1.0462,1.1781,1.2791,1.3403,1.3569,1.3276,1.2546,1.1439,1.0058,0.85721,0.72522,0.64894,0.66217,0.75829
1.0127,0.80551,0.61325,0.50431,0.55196,0.71998,0.92656,1.1253,1.2927,1.4153,1.4848,1.4971,1.4513,1.3502,1.2004
1.0577,1.3532,1.5907,1.7593,1.8515,1.8633,1.794,1.6467,1.4282,1.1481,0.81976,0.46152,0.14311,0.35739,0.71847
1.0541,1.0015,0.94724,0.90128,0.87338,0.87022,0.89261,0.93507,0.98828,1.0421,1.0879,1.1191,1.1315,1.1238,1.0969
0.21925,0.32473,0.65678,0.98461,1.2754,1.5131,1.6861,1.7866,1.8098,1.7549,1.6242,1.4237,1.1628,0.85466,0.51879
1.3204,1.4564,1.5357,1.5537,1.5094,1.4054,1.2475,1.0463,0.81859,0.59642,0.4539,0.49689,0.68649,0.91671,1.1359
0.82748,0.76323,0.75065,0.79426,0.87922,0.98254,1.0838,1.1682,1.2258,1.2509,1.2409,1.197,1.1233,1.0279,0.92324
1.3019,1.2319,1.1269,0.99721,0.85962,0.73999,0.67338,0.6876,0.77608,0.90529,1.0426,1.1655,1.2597,1.3163,1.3308
1.3621,1.2391,1.0767,0.88986,0.70471,0.56978,0.55289,0.66559,0.84431,1.0337,1.2036,1.337,1.4235,1.4573,1.4364
1.0434,0.68284,0.29557,0.13242,0.51851,0.89323,1.2301,1.5136,1.7311,1.8731,1.9334,1.9092,1.8017,1.6156,1.3591
1.1665,0.9296,0.67518,0.45429,0.39857,0.56702,0.81622,1.0646,1.2815,1.4508,1.5624,1.6102,1.5918,1.5082,1.3637
1.0897,1.1841,1.2494,1.2793,1.2711,1.2255,1.1467,1.0427,0.92637,0.8168,0.73983,0.72072,0.76699,0.86135,0.97664
1.452,1.3036,1.1074,0.87805,0.64183,0.45971,0.45149,0.62512,0.86011,1.0911,1.2904,1.4427,1.5387,1.5729,1.5434
1.1887,1.4044,1.5633,1.6572,1.6814,1.6348,1.5197,1.3418,1.1106,0.84053,0.55756,0.33897,0.39047,0.64581,0.92896
1.1864,0.89628,0.57879,0.28889,0.30364,0.59975,0.91636,1.2038,1.4432,1.6221,1.7318,1.7673,1.7268,1.6124,1.4293
1.6146,1.6006,1.5207,1.3791,1.1839,0.94741,0.69083,0.46176,0.38879,0.54935,0.79941,1.051,1.272,1.4459,1.5622
1.2394,1.2812,1.2845,1.2493,1.1784,1.0788,0.96169,0.84458,0.75211,0.71237,0.74078,0.82608,0.9409,1.0594,1.163
1.5922,1.6651,1.6681,1.601,1.4672,1.2734,1.0304,0.75519,0.48174,0.32482,0.46099,0.73115,1.008,1.2544,1.4529
1.79,1.9281,1.9819,1.9491,1.8311,1.6331,1.3637,1.0348,0.66068,0.25799,0.15789,0.56463,0.9473,1.2886,1.5737
1.5341,1.6652,1.7255,1.7124,1.6263,1.4714,1.2553,0.98942,0.69118,0.3985,0.27805,0.49733,0.79968,1.089,1.3388
1.4055,1.543,1.6174,1.625,1.5653,1.4413,1.2599,1.0316,0.77366,0.52062,0.37178,0.47229,0.71476,0.97566,1.2124
1.002,1.1046,1.1875,1.2413,1.2609,1.2445,1.1935,1.1129,1.0115,0.90304,0.8072,0.74811,0.74545,0.80019,0.89381
1.4516,1.4331,1.3616,1.2416,1.0821,0.89787,0.71436,0.57834,0.55596,0.66222,0.83692,1.0245,1.1939,1.3278,1.4157
1.78,1.8429,1.8259,1.7296,1.5585,1.3202,1.0258,0.69024,0.33904,0.17413,0.48702,0.83653,1.1568,1.4289,1.6399
0.50129,0.76532,1.0324,1.2682,1.456,1.5849,1.6481,1.6425,1.5684,1.4296,1.2332,0.99095,0.72128,0.46418,0.34688
1.2652,1.2712,1.24,1.1744,1.0808,0.97005,0.85844,0.76893,0.72745,0.7493,0.82612,0.93345,1.0466,1.1471,1.2225
0.97546,1.2428,1.4612,1.6188,1.7081,1.7246,1.6677,1.5401,1.3478,1.1007,0.81339,0.51145,0.28413,0.38772,0.67701
0.84902,0.85091,0.88265,0.93616,0.9996,1.0612,1.1116,1.1438,1.154,1.1411,1.1064,1.0543,0.9919,0.929,0.8775
1.0255,1.1743,1.2914,1.3667,1.3946,1.3731,1.3038,1.1918,1.0464,0.88321,0.72813,0.62326,0.61597,0.71037,0.86164
1.6686,1.7119,1.6824,1.5817,1.4146,1.1895,0.91914,0.62385,0.35619,0.32131,0.56778,0.86394,1.141,1.3759,1.5548
0.36379,0.42326,0.66402,0.93403,1.1828,1.3891,1.5403,1.6282,1.6484,1.5999,1.485,1.3098,1.084,0.82306,0.55551
1.1956,1.2749,1.3157,1.3145,1.2715,1.1902,1.0781,0.9474,0.81753,0.71711,0.67961,0.72132,0.82427,0.95484,1.0849
1.2864,1.2005,1.0822,0.9441,0.80635,0.69961,0.66097,0.70821,0.81995,0.95897,1.0958,1.2112,1.2932,1.3347,1.3324
1.8164,1.8122,1.7297,1.5724,1.3475,1.0658,0.74148,0.39885,0.17681,0.43409,0.7768,1.0975,1.3739,1.5921,1.7419
1.5141,1.2486,0.92969,0.57314,0.21017,0.24601,0.61214,0.96563,1.2795,1.5386,1.731,1.8481,1.8848,1.8394,1.714
0.671,0.59248,0.62699,0.75446,0.92134,1.088,1.2312,1.3371,1.3974,1.4078,1.3677,1.2797,1.1504,0.99118,0.82072
1.4929,1.6739,1.7829,1.8148,1.7683,1.6454,1.4516,1.1962,0.89147,0.55591,0.24029,0.29029,0.61971,0.95143,1.2481
1.1288,1.2369,1.3092,1.3396,1.3259,1.2689,1.1735,1.0482,0.90736,0.77365,0.6806,0.66389,0.73146,0.85425,0.99561
0.70438,0.55412,0.52711,0.6431,0.83114,1.0303,1.209,1.3499,1.4424,1.4806,1.4621,1.388,1.2631,1.096,0.90136
0.19111,0.42686,0.7632,1.0808,1.3557,1.5735,1.7239,1.8001,1.7984,1.7191,1.5657,1.3452,1.0682,0.7492,0.41305
1.3251,1.5068,1.6263,1.6778,1.6587,1.5698,1.4157,1.2043,0.94789,0.66636,0.40693,0.33363,0.53904,0.81998,1.0912
1.4891,1.4367,1.3301,1.1761,0.98662,0.78122,0.5973,0.50662,0.57209,0.74594,0.95104,1.1451,1.3063,1.4218,1.484
0.4341,0.40384,0.58998,0.84346,1.091,1.3046,1.469,1.5745,1.6157,1.5902,1.4995,1.3483,1.1453,0.90391,0.64789
0.91961,0.99949,1.0765,1.1393,1.1798,1.1935,1.1791,1.1379,1.0748,0.9975,0.91772,0.85039,0.81146,0.81198,0.85178
1.1341,0.83418,0.51196,0.24465,0.35223,0.66606,0.98149,1.2622,1.4915,1.6577,1.753,1.773,1.7168,1.587,1.3895
1.6441,1.7471,1.7751,1.7268,1.6044,1.4135,1.1635,0.86726,0.54549,0.26172,0.32339,0.63211,0.94997,1.2354,1.4708
0.59895,0.92883,1.2258,1.4724,1.6563,1.769,1.8055,1.7639,1.6463,1.4579,1.2076,0.9078,0.57665,0.26181,0.27896
0.80834,0.57283,0.42221,0.47928,0.68816,0.9315,1.1593,1.349,1.4877,1.5672,1.5832,1.5348,1.4246,1.2588,1.0478
1.6778,1.6391,1.5316,1.3608,1.1358,0.87041,0.58865,0.35757,0.37345,0.6159,0.89776,1.16,1.3802,1.5451,1.646
1.5312,1.5013,1.4125,1.2701,1.0835,0.86798,0.65139,0.49351,0.49233,0.64886,0.86519,1.0809,1.268,1.411,1.5006
0.97689,0.90491,0.84869,0.82194,0.83219,0.87647,0.94312,1.0176,1.0866,1.1404,1.172,1.1781,1.1578,1.1135,1.0503
1.3435,1.4433,1.4886,1.4765,1.4078,1.2867,1.1214,0.92562,0.7228,0.55889,0.5127,0.61848,0.80661,1.0104,1.1955
0.58828,0.57695,0.68385,0.8527,1.0327,1.1945,1.3214,1.4032,1.4342,1.4123,1.3391,1.2195,1.0628,0.88436,0.71061
1.3551,1.1173,0.83911,0.54537,0.31416,0.37718,0.64854,0.94105,1.207,1.4267,1.588,1.6826,1.706,1.6571,1.5381
0.5213,0.24975,0.34467,0.65671,0.9725,1.2543,1.4851,1.6531,1.7505,1.7727,1.7187,1.5909,1.3955,1.1417,0.84305
0.88467,1.1199,1.3199,1.4705,1.5628,1.5916,1.5556,1.4564,1.2998,1.0949,0.85704,0.6137,0.43252,0.44568,0.63976
0.43854,0.70877,0.98944,1.2409,1.4449,1.5901,1.6689,1.6775,1.6154,1.4857,1.295,1.0537,0.77774,0.49843,0.32016
1.0025,1.179,1.3209,1.4169,1.4606,1.4492,1.3834,1.2675,1.1097,0.92383,0.73336,0.58237,0.5402,0.63561,0.81012
1.4759,1.5345,1.5322,1.4691,1.3487,1.1785,0.97066,0.74569,0.54526,0.45902,0.55785,0.76251,0.98725,1.1929,1.3597
1.2295,1.1651,1.0739,0.96684,0.85993,0.77535,0.73743,0.7598,0.83417,0.93752,1.0464,1.143,1.2153,1.2558,1.2607
0.68097,0.96338,1.2189,1.4283,1.5797,1.6653,1.6807,1.6254,1.502,1.3166,1.0794,0.80551,0.52361,0.32528,0.41575
0.53702,0.42327,0.51907,0.73728,0.97685,1.196,1.3746,1.5009,1.5674,1.5705,1.51,1.3892,1.2152,0.99928,0.76041
0.91006,0.84288,0.80592,0.80989,0.85358,0.92463,1.0065,1.0843,1.1467,1.1858,1.1975,1.1805,1.1366,1.0707,0.99117
0.86249,0.60202,0.3996,0.41317,0.62738,0.88872,1.1362,1.3454,1.5026,1.5989,1.6292,1.5921,1.4894,1.3265,1.1127
0.38177,0.4841,0.72227,0.97878,1.2116,1.4012,1.5357,1.6078,1.6136,1.5529,1.4289,1.2482,1.0218,0.76741,0.52073
1.7398,1.7557,1.6962,1.5643,1.3661,1.1115,0.81438,0.49889,0.253,0.37488,0.68209,0.99095,1.2655,1.4888,1.6494
0.68592,0.78674,0.92394,1.0649,1.1881,1.2799,1.3323,1.3409,1.3051,1.2278,1.1154,0.97931,0.83744,0.71803,0.65872
1.4386,1.4529,1.4128,1.3208,1.1832,1.011,0.82219,0.64936,0.5505,0.58366,0.72664,0.9125,1.0963,1.2538,1.3708
1.1969,1.3414,1.438,1.4805,1.4664,1.3964,1.275,1.1105,0.91696,0.71842,0.56156,0.52267,0.63001,0.81557,1.0156
0.78888,0.96691,1.1361,1.2759,1.3743,1.4239,1.4214,1.3671,1.2645,1.1213,0.95033,0.77297,0.62713,0.57086,0.63788
0.88409,0.95327,1.0282,1.0961,1.1474,1.1758,1.1781,1.1541,1.1064,1.0408,0.9662,0.89499,0.84173,0.81978,0.8354
1.1609,1.0135,0.85297,0.70772,0.62148,0.63523,0.74142,0.89416,1.0535,1.1945,1.3022,1.3676,1.3857,1.3552,1.2783
0.7519,0.72953,0.76986,0.85808,0.96862,1.0787,1.1719,1.2374,1.2689,1.2633,1.2214,1.1468,1.0472,0.93504,0.82846
0.81287,0.84545,0.90792,0.98511,1.062,1.1267,1.1707,1.189,1.1797,1.1437,1.0851,1.0111,0.93246,0.86339,0.81952
1.7701,1.6215,1.4028,1.124,0.79885,0.44709,0.15634,0.37704,0.72985,1.0623,1.3515,1.5831,1.7464,1.834,1.842
1.3224,1.048,0.73385,0.40745,0.21259,0.44381,0.77142,1.082,1.3507,1.563,1.7087,1.7809,1.7765,1.6955,1.5418
1.1739,1.0978,1.0034,0.90403,0.81805,0.767,0.76713,0.81841,0.90451,1.0039,1.0983,1.1742,1.223,1.2398,1.2229
0.79647,1.0549,1.2812,1.4592,1.5786,1.6329,1.6195,1.539,1.3955,1.1969,0.95543,0.6915,0.45131,0.36989,0.53774
1.2254,1.1807,1.1082,1.0162,0.91719,0.82892,0.77258,0.76562,0.81044,0.89253,0.99064,1.0859,1.1644,1.2168,1.2379
1.0274,0.84216,0.66914,0.56239,0.58101,0.71268,0.89324,1.0758,1.2345,1.3545,1.4268,1.4464,1.4121,1.3262,1.1945
0.82728,0.63315,0.51318,0.54369,0.70145,0.90482,1.1041,1.2744,1.4012,1.476,1.4941,1.4545,1.3595,1.2151,1.0319
0.97907,0.88204,0.80347,0.7643,0.77743,0.83833,0.92862,1.0273,1.1175,1.1869,1.2279,1.2365,1.2117,1.156,1.0752
1.9555,1.9242,1.809,1.6147,1.3499,1.0263,0.65811,0.26295,0.15569,0.55332,0.93068,1.2678,1.5498,1.764,1.9013
1.7413,1.8178,1.8157,1.735,1.5792,1.3556,1.0746,0.75053,0.40678,0.17358,0.42505,0.7688,1.091,1.3693,1.5894
1.3458,1.4121,1.4271,1.3898,1.3028,1.1722,1.009,0.83094,0.66945,0.57707,0.60406,0.73369,0.90734,1.0819,1.2329
1.2056,1.1105,0.99385,0.87145,0.76668,0.7089,0.71999,0.79537,0.90855,1.0313,1.1427,1.2289,1.2812,1.295,1.2691
0.45804,0.83548,1.1781,1.4698,1.6975,1.8512,1.9241,1.9131,1.8185,1.6446,1.399,1.0926,0.73908,0.35599,0.087876
1.2627,1.4193,1.5212,1.5624,1.5407,1.4574,1.317,1.1282,0.90495,0.67168,0.48281,0.45,0.60384,0.83153,1.0614
1.0766,1.2812,1.4393,1.541,1.5806,1.5561,1.4687,1.3233,1.1285,0.89841,0.65761,0.46289,0.43626,0.60396,0.84109
0.75259,0.56845,0.49157,0.57964,0.76803,0.97948,1.175,1.3345,1.4459,1.5022,1.5,1.4395,1.3242,1.1616,0.96403
1.0906,0.89519,0.6985,0.55059,0.52826,0.64791,0.83727,1.0364,1.2143,1.3539,1.4449,1.4814,1.4611,1.3854,1.2589
0.63424,0.53329,0.57324,0.7261,0.91974,1.1089,1.2696,1.3881,1.4559,1.4688,1.4259,1.3299,1.1873,1.009,0.81351
0.17781,0.5526,0.91778,1.2448,1.5182,1.7256,1.8579,1.9092,1.8772,1.7633,1.5727,1.3136,0.99779,0.63983,0.26156
1.448,1.575,1.6371,1.6312,1.5574,1.4196,1.2252,0.98574,0.72017,0.46939,0.35821,0.50843,0.76707,1.03,1.2627
0.98993,0.62299,0.23306,0.19049,0.58063,0.95123,1.2811,1.5553,1.7617,1.8913,1.9382,1.9006,1.7799,1.5816,1.3143
0.99806,0.68146,0.36205,0.23197,0.49593,0.82113,1.1246,1.3839,1.5853,1.7191,1.7791,1.7625,1.6701,1.5062,1.2784
1.2412,1.3555,1.4222,1.4368,1.3983,1.3092,1.1759,1.0091,0.82699,0.66137,0.56691,0.59658,0.73143,0.90977,1.0878
0.69482,0.43104,0.3295,0.51424,0.7915,1.064,1.3014,1.4881,1.6138,1.672,1.6599,1.5781,1.4308,1.2253,0.97374
0.82931,1.1411,1.4067,1.6127,1.7494,1.8106,1.7935,1.6989,1.5311,1.2978,1.0102,0.68382,0.34833,0.20362,0.49175
0.74734,0.90775,1.0712,1.2136,1.3206,1.3835,1.3977,1.3622,1.2796,1.156,1.0023,0.83647,0.68858,0.60584,0.62999
1.3406,1.0857,0.79066,0.48188,0.26053,0.40071,0.70303,1.0056,1.2736,1.4904,1.6447,1.7291,1.7397,1.6759,1.5407
1.8505,1.9476,1.9596,1.886,1.73,1.4984,1.2014,0.85203,0.46583,0.067155,0.35388,0.74719,1.1085,1.4216,1.6726
1.7712,1.7039,1.5636,1.3568,1.0935,0.78818,0.46531,0.22721,0.39379,0.71342,1.0257,1.3002,1.5212,1.6777,1.7623
1.1512,1.1394,1.106,1.0554,0.99427,0.93236,0.88123,0.85231,0.85297,0.88303,0.93486,0.99697,1.0578,1.1078,1.1403
0.97557,0.8569,0.75972,0.71248,0.73325,0.81367,0.92701,1.0466,1.153,1.2332,1.2793,1.2872,1.2562,1.1889,1.0918
1.2594,1.0754,0.86393,0.65328,0.50289,0.50479,0.65742,0.86855,1.0796,1.2629,1.4028,1.49,1.5192,1.4887,1.4004
0.37394,0.32691,0.55931,0.84975,1.1242,1.3581,1.5374,1.6527,1.6983,1.6721,1.5753,1.4125,1.1923,0.92702,0.63719
1.0924,0.92269,0.75194,0.62039,0.58396,0.66435,0.81768,0.99168,1.1539,1.2854,1.3751,1.4162,1.4059,1.3451,1.2378
1.365,1.165,0.92507,0.66751,0.44451,0.39331,0.56946,0.82284,1.0733,1.2911,1.4605,1.5714,1.6181,1.5979,1.5121
1.0085,1.0612,1.1029,1.128,1.1333,1.1181,1.0844,1.0365,0.98134,0.92799,0.88681,0.86701,0.87351,0.90466,0.95304
0.36119,0.56282,0.83413,1.0963,1.322,1.4963,1.6095,1.6557,1.6328,1.5417,1.3872,1.1776,0.92554,0.65263,0.41119
0.5911,0.46227,0.51474,0.70308,0.92851,1.1423,1.3213,1.4522,1.5268,1.5409,1.4936,1.3876,1.2293,1.0294,0.80536
1.5022,1.2946,1.035,0.73942,0.43959,0.26811,0.45128,0.75218,1.0467,1.3044,1.5096,1.6516,1.7235,1.7219,1.647
1.5484,1.4068,1.2093,0.96792,0.70236,0.45654,0.36261,0.52515,0.78509,1.0461,1.2756,1.4569,1.5795,1.637,1.6265
1.2509,1.106,0.93509,0.76059,0.62184,0.5763,0.65133,0.80443,0.98092,1.1468,1.2824,1.3762,1.4212,1.4144,1.3563
0.76614,0.63152,0.58675,0.65785,0.8056,0.97753,1.14,1.2733,1.3658,1.4104,1.4043,1.3477,1.2446,1.1029,0.93605
1.7299,1.5169,1.238,0.90546,0.53486,0.15339,0.27863,0.6626,1.0224,1.3384,1.5964,1.7849,1.8955,1.9234,1.8674
1.3517,1.5727,1.7263,1.8054,1.8064,1.7293,1.5776,1.3582,1.0816,0.76183,0.42265,0.1843,0.41401,0.75311,1.0737
1.2045,0.9309,0.6301,0.35105,0.30423,0.55703,0.85952,1.1419,1.3813,1.5642,1.6813,1.7269,1.699,1.5989,1.4312
0.93572,0.80203,0.70119,0.66861,0.71908,0.83046,0.96693,1.1003,1.2119,1.2904,1.3287,1.3238,1.2761,1.1894,1.0717
1.1085,1.0795,1.0371,0.98766,0.93918,0.90087,0.881,0.88429,0.90995,0.95199,1.0016,1.0499,1.089,1.1136,1.1204
0.55294,0.47715,0.57489,0.77229,0.9897,1.1889,1.3503,1.4622,1.5177,1.5136,1.4499,1.3306,1.1632,0.96002,0.74244
1.5022,1.7372,1.8963,1.9725,1.9625,1.8668,1.6895,1.4383,1.1243,0.7613,0.36521,0.052185,0.45847,0.84848,1.2016
0.58446,0.85489,1.1137,1.3348,1.5039,1.6116,1.6523,1.624,1.5282,1.3697,1.1571,0.9037,0.63233,0.40054,0.37394
1.4528,1.2122,0.92272,0.60289,0.29991,0.27948,0.57446,0.89559,1.1886,1.434,1.6191,1.7352,1.7767,1.7418,1.6322
0.99092,0.82936,0.6884,0.61404,0.64347,0.7606,0.9176,1.0765,1.2143,1.3169,1.3759,1.387,1.3493,1.2657,1.1425
0.93418,1.0441,1.142,1.2156,1.2573,1.2632,1.2328,1.1688,1.0777,0.97,0.86184,0.77544,0.73549,0.7564,0.83035
1.6509,1.6657,1.6106,1.4883,1.3052,1.0712,0.80207,0.52735,0.33911,0.42689,0.68423,0.96092,1.2121,1.4181,1.567
1.1845,1.074,0.94565,0.81882,0.72159,0.68617,0.72767,0.82859,0.95649,1.0839,1.1924,1.2699,1.3095,1.3078,1.2649
1.6271,1.5749,1.458,1.2827,1.0591,0.80353,0.54715,0.37785,0.45049,0.68518,0.94672,1.1873,1.3859,1.53,1.6118
0.70235,0.35136,0.16927,0.47463,0.82422,1.1456,1.4194,1.6326,1.7752,1.8409,1.8267,1.7332,1.5647,1.3288,1.0365
1.1484,1.2903,1.3893,1.4382,1.4338,1.3764,1.2698,1.1218,0.94538,0.76241,0.61247,0.5576,0.63228,0.79142,0.97541
1.1079,1.1608,1.189,1.1895,1.1622,1.1102,1.0394,0.95959,0.88395,0.82834,0.80723,0.8269,0.88148,0.95668,1.0366
1.3291,1.3509,1.3274,1.2603,1.1552,1.0218,0.87598,0.74301,0.65995,0.66173,0.74747,0.88156,1.0273,1.1599,1.2637
1.0972,1.3773,1.5989,1.7515,1.8284,1.8259,1.7443,1.5873,1.3618,1.0785,0.75149,0.40338,0.16325,0.42435,0.7723
1.0312,1.0303,1.0243,1.0141,1.0015,0.98854,0.9775,0.9704,0.96856,0.97232,0.98098,0.99294,1.006,1.018,1.0269
0.9342,1.2162,1.4498,1.6227,1.7265,1.7565,1.7112,1.5927,1.4067,1.1621,0.87215,0.55793,0.28298,0.32709,0.62239
1.4467,1.374,1.2518,1.0888,0.89971,0.70987,0.56715,0.54242,0.65295,0.83378,1.0268,1.2006,1.3379,1.428,1.4651
1.5384,1.4751,1.3542,1.1829,0.97329,0.74585,0.54202,0.45294,0.55293,0.76034,0.98753,1.1951,1.3635,1.481,1.5404
1.0404,1.3569,1.6144,1.8015,1.91,1.9351,1.8757,1.7345,1.5175,1.2345,0.89781,0.52303,0.13571,0.29114,0.67906
1.7358,1.5782,1.3527,1.0699,0.74412,0.39892,0.17073,0.43153,0.77665,1.0991,1.3769,1.5963,1.747,1.8221,1.8183
1.4018,1.4689,1.4801,1.4345,1.3351,1.1884,1.0054,0.80497,0.62145,0.52043,0.56732,0.72829,0.92761,1.1202,1.2828
0.77647,1.0898,1.3603,1.5737,1.7199,1.792,1.7868,1.7045,1.5489,1.3271,1.05,0.73235,0.40106,0.20228,0.44417
1.3646,1.5123,1.5988,1.6195,1.5734,1.4627,1.2936,1.0757,0.82498,0.57079,0.39271,0.44216,0.66522,0.92333,1.1639
1.563,1.5429,1.461,1.3218,1.1339,0.91098,0.67708,0.48544,0.44727,0.59815,0.82558,1.0562,1.2587,1.4168,1.5202
1.3135,1.4352,1.5022,1.5107,1.46,1.3532,1.197,1.0027,0.7892,0.59263,0.48738,0.54906,0.72935,0.94294,1.1451
1.5829,1.7339,1.8101,1.808,1.7276,1.5727,1.3503,1.071,0.749,0.40859,0.18135,0.42663,0.76717,1.0873,1.3639
1.15,1.2186,1.2552,1.2563,1.2217,1.1548,1.0623,0.95549,0.851,0.77125,0.73975,0.76788,0.84541,0.94912,1.0563
0.95344,0.74155,0.55993,0.49074,0.58682,0.77861,0.99054,1.185,1.3426,1.4515,1.505,1.4997,1.4361,1.3179,1.1528
1.1533,1.1885,1.196,1.175,1.1277,1.0594,0.97915,0.89938,0.83592,0.80464,0.81473,0.86311,0.93644,1.0183,1.0941
0.9201,0.81319,0.74016,0.72517,0.77407,0.86897,0.98319,1.0942,1.1862,1.2489,1.2763,1.266,1.2189,1.1392,1.0352
0.81837,0.97163,1.1188,1.2409,1.326,1.3672,1.3615,1.3093,1.2146,1.0852,0.93441,0.78377,0.66777,0.63015,0.69011
1.5523,1.4534,1.2972,1.0931,0.85624,0.61443,0.43524,0.44874,0.64131,0.8848,1.1189,1.318,1.468,1.5598,1.5884
1.3214,1.3771,1.3848,1.3439,1.2575,1.1322,0.97968,0.81888,0.6814,0.61372,0.65021,0.77115,0.92879,1.0864,1.2218
