32763,1.6355e-12,2.5376e-27,3.05e-241,4.2564e-63,0.033759,1.9953e-11,7.5095e-06,0.00070953,0.028182,4.6881e-141,1.1874e-235,0.034068,0.030506,0.032653
2.0064e-12,16384,6.8931e-44,3.3566e-05,1.8879e-06,0,2.3486e-99,7.5605e-48,3.0975e-05,7.5515e-05,0.015316,0,0.01699,0.015132,0.015686
1.5749e-12,6.2163e-13,8192.1,0,2.4577e-08,1.6399e-07,3.1306e-11,0.0068384,0.004657,0.0084333,0.0071777,6.2733e-142,0.0056756,0.0072574,0.0077101
1.6597e-12,3.3608e-13,2.2635e-13,4096.1,1.052e-117,3.7396e-70,1.0351e-08,2.4424e-84,3.7476e-116,0.00084736,3.6432e-193,1.0895e-83,0.0021377,1.6953e-05,0.0041441
1.5329e-12,2.9553e-18,3.3263e-13,1.4757e-19,2071.8,1.4059e-72,4.3975e-10,1.5118e-43,0.0011642,7.7267e-154,3.6106e-52,8.7527e-134,1.8526e-47,0.0010683,0.0020874
7.3467e-14,1.3602e-13,6.8962e-15,2.4856e-13,3.9299e-16,1025.1,2.6911e-11,1.6392e-43,3.1078e-09,2.6671e-161,4.4931e-57,0.00054122,1.6078e-43,0.00083505,4.4846e-05
2.0058e-12,2.6077e-14,1.2524e-58,2.1831e-76,5.7129e-17,2.7129e-304,512,4.41e-109,2.2796e-117,2.1148e-05,2.4937e-117,8.0859e-100,1.5215e-66,1.7399e-05,3.9484e-05
1.93e-12,2.6062e-13,3.4747e-19,1.9808e-14,1.822e-34,2.0498e-15,7.2704e-31,256,4.9241e-05,1.3049e-47,2.5849e-63,4.5365e-14,7.5723e-18,4.3374e-05,1.7159e-84
1.7447e-12,4.9547e-13,2.275e-151,9.4672e-45,7.159e-35,1.4366e-152,1.011e-106,1.1914e-18,128,1.1625e-47,3.9114e-59,1.2779e-77,4.5121e-20,1.8452e-10,3.8023e-76
9.9123e-29,1.6733e-29,1.6073e-29,4.0077e-37,4.7207e-33,1.2551e-31,1.0307e-47,1.5676e-14,8.1641e-125,64,1.3203e-59,1.289e-15,9.0051e-18,3.1388e-06,4.6426e-05
1.9702e-12,1.3616e-79,3.7007e-51,4.632e-38,9.9865e-96,1.1783e-14,6.3307e-16,2.9413e-18,5.8686e-17,1.6894e-17,32,9.3301e-77,2.7383e-05,2.652e-32,3.2548e-05
1.9691e-12,1.721e-13,1.3667e-54,2.0013e-14,0,1.8532e-15,4.6554e-16,9.6505e-17,1.6872e-19,2.1841e-18,3.4467e-174,16,1.5916e-05,1.5992e-05,1.6059e-05
1.8186e-12,4.0482e-13,1.2631e-68,2.7019e-14,7.1364e-15,1.3658e-15,5.7602e-16,3.2987e-17,6.0179e-144,4.7681e-19,1.4773e-143,1.8306e-20,8,8.1215e-06,7.9632e-06
1.9792e-12,6.3638e-142,1.1766e-54,3.438e-14,8.7593e-251,5.494e-15,2.5971e-47,2.2993e-125,5.5818e-20,3.6144e-19,6.763e-75,2.2567e-17,1.693e-24,4,3.9714e-06
1.9931e-12,1.0835e-13,3.4643e-15,2.1518e-16,1.0341e-91,1.5349e-87,7.7378e-50,6.1213e-16,2.1858e-195,2.6025e-20,6.9523e-180,7.9605e-20,8.1154e-22,1.2736e-21,2
1.9691e-12,1.721e-13,1.3667e-54,2.0013e-14,0,1.8532e-15,4.6554e-16,9.6505e-17,1.6872e-19,2.1841e-18,3.4467e-174,16,1.5916e-05,1.5992e-05,1.6059e-05
1.9271e-12,1.0272e-13,1.4023e-17,6.3996e-14,4.4757e-92,1.5345e-87,7.7361e-50,6.9005e-16,6.6868e-195,1.9518e-20,0,3.6971e-18,8.1154e-22,5.8962e-20,2
1.5749e-12,6.2164e-13,8192.1,0,2.3047e-08,1.6399e-07,3.1307e-11,0.0068385,0.004657,0.0084334,0.0071777,6.2733e-142,0.0056757,0.0072575,0.0035049
8.1648e-13,7.7627e-13,2.7877e-13,1.4201e-14,2.6607e-20,1062.4,2.3399e-11,2.3047,3.8847,0.0068848,1.7919e-185,0,2.8086e-86,1.0778e-20,1.0719e-152
8.064e-13,7.6219e-13,2.9012e-13,4.2691e-15,2.6572e-20,1061,4.4091e-11,2.5433,3.9088,0.0070985,1.7896e-185,0,2.8049e-86,1.0764e-20,1.0705e-152
8037.3,4904.5,2.0453e-25,1510.4,2.0342e-171,54.364,0.023391,71.096,50.195,0.47942,7.3676e-102,6.2364,3.004,1.4227,0.76633
1784.8,494.84,3068,2.2217e-06,0.00015504,369.75,214.01,1.5468e-52,41.49,26.541,9.6596,6.5283,2.0384,9.4918e-06,0.11821
13983,0.26876,3478.6,1925.1,892.16,5.4879e-82,225.08,0.13395,1.3013e-21,0.011515,8.3611,3.7956e-154,8.2513e-91,1.7701,0.0017889
11846,5770.7,2.1805e-20,0.00016583,825.47,447.99,189.87,112.18,8.8478e-16,0.009807,6.2398e-63,5.0313,6.3719e-67,5.2672e-17,3.8423e-12
1.2521e-30,2.6925e-29,2.1992e-13,3.3621e-17,897.88,9.3969e-151,5.5864e-53,105.36,0.0067318,26.829,11.966,7.0031,0.0036434,1.9439,7.9461e-49
8.8155e-13,7198.4,46.645,3.9411e-21,1.1129e-23,2.9601e-172,224.12,4.4745e-32,2.4934e-36,0.00030602,15.561,0.27808,3.8833,1.9295,1.4e-110
10307,59.542,4037.3,15.46,1.5768e-05,490.69,1.2647,1.7713e-33,8.0365e-35,0.047345,1.4963e-06,2.6953e-116,4.0667,1.9206,4.0948e-06
12957,7184,3336.7,5.5394e-15,3.8466e-16,0.37776,8.5792e-30,6.847,0.017912,9.7611,16.414,2.8784e-97,0.014434,5.8214e-06,1.0226
5.2951e-29,4.5767e-31,2.1622e-13,1765.6,1044.9,0.00033416,0.0012501,80.745,65.137,0.004078,16.599,7.9181e-281,0.038786,8.8226e-20,2.324e-06
1.0219e-12,8344.2,2.2873e-99,2228.9,9.0503e-07,589.49,0.00027621,0.00053087,0.012621,15.354,2.1543e-43,7.8383e-31,0.00056949,2.2566,0.019251
50.826,8558.5,5.8635e-60,2.9927e-91,1073.1,2.4506e-71,0.085253,2.6863e-05,68.139,0.41083,0.00062351,9.2303e-107,5.3039e-08,1.9479,1.5298e-07
5.1593e-13,3.0622e-103,2106.4,1897.2,1137.5,0.053094,7.8959e-11,0.6534,1.0969e-10,4.1602e-15,0,8.6369,4.1471,2.5679e-06,1.0655e-05
12354,8.9536,14.933,1.8109e-18,7.817e-31,5.1501e-177,159.04,1.7541e-56,69.382,34.541,1.0038e-97,4.8618e-12,0.031681,2.0241,0.016087
16252,103.75,3.7579e-64,20.027,0,509.38,109.74,1.2055e-57,68.054,2.2398e-07,4.4793e-65,6.8759e-89,7.9735e-66,4.0751e-06,0.96261
538.96,8809.6,1.5106,1969.1,1.3878e-19,6.6586,0.098,0.20585,1.733e-05,6.3886e-83,16.423,8.416,1.5224e-57,1.0909e-10,0.00011777
1.0567e-12,8628.6,40.08,173.28,38.863,8.4785e-85,1.7327e-133,0.00534,62.547,33.86,6.0099e-117,5.6374e-172,4.3019,1.0318e-09,1.8677e-07
18252,2.2041e-38,426.17,0.017282,176.8,1.6937e-08,1.4153e-104,1.6177e-55,68.013,8.8832e-12,16.469,0.049131,4.1562,5.7697e-09,5.2805e-08
6.4568e-29,5.2723e-13,4305.2,1.9434e-15,1.9463e-161,84.766,0.00045036,13.907,61.907,5.6025e-168,16.308,0.02542,2.3073e-19,2.2249,0.1615
15256,3.0152e-46,592.29,2.4562e-05,6.0232e-05,6.1838e-191,86.726,1.2171e-129,5.0564e-18,33.45,4.0093e-61,1.3968e-176,4.4988,1.0212e-05,1.0412
850.95,5055.1,550.98,2219.9,307.97,0,243.37,94.918,0.00085448,32.054,3.0245e-44,3.4705e-159,2.6147e-08,0.044981,0.0067502
1.0927e-12,8922.8,4531.8,1849.8,7.2753e-06,0,4.1406,4.1786e-47,59.334,0.013983,0.021966,1.2479e-165,0.016821,2.0438e-08,0.011337
15918,0.047759,907.54,1.5483e-38,1076.1,3.5423e-137,2.1688e-28,0.010142,71.878,1.1058e-126,1.6532e-62,8.9262,5.0638e-48,0.32189,0.037378
5.7951,0.024197,33.905,1.0245,1226.3,374.51,258.99,2.4181,0.013306,5.3408,7.7293e-77,1.2534e-96,0.0038425,1.6906,1.0538
1.966e-29,1.6054e-13,1310.9,0.19419,2.2795e-05,570.32,6.5746e-09,141.99,1.1486e-132,32.194,11.58,0.00011662,1.872e-17,1.3226e-05,6.181e-49
16858,9740.1,3.2715e-84,1721.6,1109.1,0.067719,8.7647e-11,1.6012e-90,1.7031e-31,8.1363e-192,0,6.5261e-102,2.4498,4.3654e-18,0.00092724
7.6124e-13,1.9242e-15,2.193e-13,1.8262e-14,1194.8,8.8535e-88,303.69,1.8967e-107,69.271,0.00012123,1.447e-06,2.7888e-06,2.8705,2.5066e-05,0.0074471
1.9524e-18,2.7381e-13,2235.8,0.024484,8.6899e-123,186.74,295.4,149.46,2.4814e-18,0.96822,4.8506,0.14345,0.029798,3.6267e-06,1.0257
18110,6920,3697.1,0.29903,1.4582e-19,26.654,6.4137,0.00014203,6.3146e-18,0.010009,4.6396e-53,8.8484,2.1284,0.013015,2.0681e-93
14374,6.693e-06,1.8907e-32,42.333,0.53285,491.06,0.06997,3.8107e-119,1.7053e-15,0.25603,9.5998,9.5076,3.546e-16,2.2251,0.01057
148.05,8715.9,0.00079223,6.1386e-10,235.2,6.5564e-134,267.51,0.011139,60.123,2.714e-90,4.4809e-118,8.6513,1.0357e-67,6.4858e-10,0.0071472
71.905,3249.7,4591.7,2.4475e-05,2.8396e-18,552.26,11.643,0.0006801,1.802e-10,0,2.8382e-08,6.4241,7.2245e-06,7.4234e-06,1.0081
1.2048e-12,8.0511e-14,4962.7,434.78,0.00020717,0.64744,5.8253e-32,139.71,2.397,1.9955e-05,10.758,8.5536,0.18328,0.026829,1.5753e-79
19943,0.01484,1383.6,0.074974,3.4459e-30,0.0039169,4.228e-05,2.6617e-204,10.189,6.5737e-07,6.9906e-129,2.7808e-115,0.00069655,2.4326,1.2121
20194,127.05,89.2,2182.3,324.97,1.9191e-07,2.8872e-84,159.1,8.6021e-42,0.44819,6.1517,2.8197e-76,7.1789e-08,1.6779e-06,9.3741e-129
18.413,8390.3,5.2147e-74,0.41665,1.0613e-125,324.25,1.2075,4.6172e-51,78.746,0.46832,18.73,7.7805e-82,0.023603,2.3459e-06,0.0089085
32.703,8896.1,3501.2,0.35837,1.5631,2.3413e-59,8.6433e-06,154.78,0.0032061,17.22,4.574,6.0883e-118,3.177,0.012574,0.18655
3.186e-13,3.7253e-14,4.5784e-14,1.4298e-13,1228.7,283.74,0.0059112,1.3174,57.974,38.024,5.3095,1.3229e-143,6.4182e-19,2.3471e-34,3.7385e-45
1298.7,498.39,4.8828e-29,1.7982e-105,1000.9,2.0541e-24,161.77,135.13,1.2356e-101,2.2843e-101,14.627,4.2514e-222,4.6776,1.4096e-09,3.494e-05
20470,1406.3,2.5524e-57,0.035707,1.8819e-25,7.489e-06,286.58,2.1223e-21,9.2718e-15,0.69328,17.939,4.2134,0.0014639,0.00028887,2.3485e-07
1868.2,506.4,4228.9,1.7364e-15,1109.3,522.65,2.2929e-29,3.9447e-52,4.2214e-11,11.999,20.992,1.5966e-48,7.5699e-40,3.717e-05,0.27141
1.0499e-12,1.7385e-17,1.4367e-43,2143.3,1.2e-10,5.5511e-87,1.6301e-05,78.756,1.4868e-05,0.011316,19.237,4.399e-204,1.4459e-80,2.4653,1.5848e-13
13175,83.093,2.7501e-42,2500.5,556.14,1.0814e-138,118.3,0.003397,4.391e-117,5.2849,1.8661e-106,0.0014468,7.6362e-64,3.2276e-05,1.1972
5.3519e-29,3.8573e-30,2.2077e-13,9.9246e-18,6.3697e-42,6.374e-18,225.34,29.53,0,25.787,1.9092e-228,9.731,1.9742e-08,0.42829,1.0778
2.4544e-15,3.3343e-13,2.4872e-13,4.5776e-17,2.7583e-14,1.6161e-15,1.3737e-19,1.7077e-67,4.6377e-53,40.747,1.158e-183,0.0035961,4.5754,2.4278,0.0026814
22545,10894,1.564e-70,6.189,0.33318,0.040774,0.0033759,0.0048525,1.0187e-109,40.924,7.7296e-09,0.062277,0.20583,8.831e-26,2.4062e-48
3.2175e-14,1.9106e-14,203.95,9.2066e-17,26.038,2.3539e-07,12.56,163.38,78.457,6.8815e-168,3.1205e-134,6.4741e-140,2.3144e-19,2.2316,0.16199
78.431,1348.9,4228.4,5.8482,586.72,2.0569e-145,3.8677,0.037324,2.2569e-92,37.313,1.2221e-05,3.3651e-05,8.1669e-17,6.9593e-20,1.2109
6.6904e-16,7.4227e-15,60.673,1.2824e-41,1.2433e-265,540.41,8.0198e-29,96.013,14.555,0.15387,15.037,0.055313,6.8505e-99,2.0419,1.3824
1.0911e-12,5.1296e-18,6.1672e-85,1.5103e-16,3.94e-14,643.1,9.2995e-29,5.474e-07,80.637,3.5481e-05,9.8384e-14,10.482,2.9868e-46,1.7334e-05,0.016218
1.2482e-12,1.0776e-106,5096.2,305.01,5.0332e-06,0.0003774,2.1069,94.787,79.232,1.3839e-97,0.0017026,2.781e-75,3.8501,0.21854,4.3592e-124
4.0867e-14,3.3771e-13,1.1293e-16,1.1743e-17,2.5998e-14,1.9686e-28,2.2516e-18,9.4247e-75,50.67,46.426,20.888,1.9775e-48,1.0813e-09,0.82632,0.95144
180.49,105.13,4868.6,2.7085e-26,733.28,453.05,300.38,8.8763e-45,0.00096825,2.6634e-113,1.0136e-161,0,1.485e-47,5.0588e-06,3.3684e-05
1.1813e-12,1.0661e-15,1.2147e-14,2413.6,3.1135e-149,1.9026e-67,297,0.00060752,77.065,0.014813,6.6846e-120,3.2822e-36,4.859e-96,2.6995e-05,7.6943e-06
323.38,73.308,272.1,2154.2,0.42715,5.1922e-127,292.35,59.154,9.6059e-96,3.122e-13,0,4.3428,4.4802,4.2019e-19,0.27497
8603.4,4.7105,5499.9,1529.2,2.3935e-95,0.008201,4.7051e-05,0.0030128,9.5802e-06,39.805,0.02115,3.2172,3.681,0.023131,1.9214e-67
5.9319e-13,4843.7,4585.5,0.00014439,1317.5,3.0191,0.0016893,111.11,21.913,0.076745,3.6614e-08,1.0884e-06,6.6809e-06,1.0016e-05,2.2788e-06
20076,10.446,92.943,0.058272,1272,494.3,7.7702e-09,1.2866e-06,1.3199e-23,17.384,5.2084e-05,5.9225e-35,0.0048364,7.7019e-20,0.6942
1.1897e-12,5.4993e-14,4878.1,0.2596,5.132e-13,6.4003e-06,170.35,1.2907e-33,2.8311e-37,1.8826e-14,1.3352e-56,1.2771,4.9402,5.5755e-33,0.99683
2774.7,18.098,4.9647e-62,2514.7,2.5164e-14,440.77,0.053977,0.0012589,6.0095e-123,32.266,20.343,2.2492e-103,0.00027375,2.4938e-09,0.042206
206.34,1.3758e-29,2.1672,5.4449e-09,5.899e-195,614.85,283.46,4.1564e-07,1.5169e-05,9.7204e-138,1.5283e-60,9.4251e-96,5.32,4.0875e-09,0.00050789
16555,0.32372,0.010296,1.6649e-05,325.22,1.2149e-82,135.6,105.48,0.044118,34.393,1.2142e-72,8.2484,1.723,0.0046077,0.00027257
6.4147e-13,1.2928e-13,8.8476e-14,1.3273e-84,792.99,575.27,0,1.3268e-83,1.2524e-95,0.44177,1.2715e-146,0.00015616,4.2279,1.0574e-06,1.1337
5.663e-29,1.6478e-29,5.4168e-32,4.1186e-48,9.6219e-40,3.3439e-14,3.0381e-25,5.2652e-18,2.0215e-15,1.3035e-162,18.957,10.582,4.129,1.6091e-05,0.036763
8.5213,385.12,457.21,0.0172,1271.3,0.39203,0,3.0531,7.9103e-12,0,16.242,6.4333,3.0852e-05,0.56158,1.0395
8808.6,2194.5,774.71,2484.3,833.77,640.21,1.2688e-11,1.1127e-75,3.3895,3.0726e-08,3.9873e-122,3.5571,1.7762e-72,1.1427e-09,4.812e-116
104.28,10945,3642.8,0.0067377,0.00097684,449.31,3.8434e-22,3.2261,2.1801e-17,32.626,0,5.5027e-31,3.5909e-06,1.0245e-05,2.9195e-77
16639,955.87,2.3457,1472.5,36.49,529.27,346.73,0.0010834,0.0068607,1.6579e-14,1.972e-54,0,2.36e-87,1.3868e-08,0.085577
8.3695e-13,2.2796e-15,3417.2,1859.1,9.4483e-71,490.14,6.6206e-12,164.51,0.012944,3.0692e-08,4.2917e-142,3.3432,1.859e-74,2.0202,2.2186e-118
14143,9374.9,8.545e-33,0.3237,155.23,5.4975e-25,7.2379e-07,146.92,0.13271,2.6329e-08,1.2743e-191,0.22201,2.6368e-16,1.1546e-09,1.1055
1.3006e-12,1.1865e-105,5310,2665.4,4.7144,0.21139,5.5043e-50,1.7544e-58,8.2333e-11,0.39996,6.0661e-196,5.4546,1.403e-07,5.9441e-09,0.8194
6.8955e-13,1.7334e-13,4.5109e-66,1.3588e-13,1.3163e-78,4.4549e-21,340.19,1.3137e-74,3.0808,36.354,16.69,0.0125,0.037652,0.0043382,2.7938e-42
8.6849e-14,2.8286e-14,3.1141e-13,2.9458e-31,1.4157e-32,2.4041e-17,4.5624e-46,159.48,1.727e-34,8.4715,2.3965e-06,7.2559e-48,3.9686,1.1731,1.2506
193.16,10298,9.8285e-72,113.91,1453.5,0.17038,3.4337e-28,77.442,1.9522e-16,31.211,1.5817e-122,5.2112,0.013272,3.9623e-21,3.9129e-07
7.3834e-13,6029,3568.5,0.00075279,110.23,3.0187e-141,205.12,12.016,4.9191,9.6212,1.1936e-44,2.2334e-134,1.1088e-08,1.94,1.0624
6.7905e-13,4.8521e-15,2772.7,1783.5,1.3215e-222,697.25,1.8983e-169,7.2002e-58,77.512,15.508,0.00050158,3.1377e-83,4.3025e-66,4.7673e-06,0.00098226
242.89,0.0082447,4520.4,3.073e-15,424.04,1.8919e-104,4.2228e-86,37.243,3.2781,3.8731e-86,4.3891e-54,10.795,0.0045057,2.7182,5.9909e-14
20398,6228.6,5.3785e-05,1867.4,1.1594e-126,1.4268e-07,6.2269,0.6766,71.296,1.6627,3.6687e-97,0.010365,4.8421e-05,2.9136e-33,0.064179
4.5258e-32,5.1211e-35,4.042e-35,2.879e-70,1.8662e-268,2.3098e-17,1.1271e-14,4.4275e-15,58.519,24.082,0,9.8756,3.6872,1.2599,5.2406e-39
27.151,3293.2,2.587e-05,30.083,0.00018726,391.07,94.285,1.5173,61.379,0.31815,2.2527e-94,8.5517e-78,3.2033,2.6842,0.019526
5.2802e-13,1.1361e-13,5.9457e-15,9.0628e-14,2.068e-23,9.6557e-20,1.4137e-14,2.0059e-20,82.568,0.00017118,12.661,6.625,9.2201e-102,0.6901,1.1137
6.719e-13,5486.5,2627.7,0.017348,445.75,1.462e-74,0.00011168,1.7962e-211,5.1719,27.584,18.954,0.060463,4.2026,2.7645e-06,0.12147
1.2999e-12,9.2767e-63,1.2097e-43,2653.7,552.74,8.7901e-91,9.6918e-06,1.4806e-14,66.415,0.015648,2.5727,3.1878e-81,2.3646,1.8544,5.1428e-09
789.45,11225,2.0289,0.27964,5.6638e-06,565.39,251.39,1.6033e-05,0.00019323,4.7378e-114,3.2655e-09,3.3935e-79,1.5235,1.3086e-20,1.1161e-60
2.8222e-13,2.9993e-13,2.3621e-13,2356.2,1.6256e-154,1.3767e-161,0.14521,1.1726e-77,41.346,25.14,1.2775e-118,1.8572e-36,4.4362,2.5354e-06,0.86338
23765,0.53179,0.033304,55.353,8.6242e-163,1.1718e-114,1.8893e-31,0.458,7.1646e-119,0.0044696,11.341,7.4406,3.1166e-05,3.0788e-09,1.1614
267.87,5765,1398.5,1.9389e-21,1179.2,623.52,0.12198,8.783e-32,1.0098e-11,0.00075671,2.0917,9.1766e-07,1.1894e-98,1.925,1.0414e-05
16538,5965.9,7.0311e-09,0.2547,5.1288e-06,4.468e-285,2.9821,139.31,35.433,15.76,17.745,0.00032675,0.020081,5.58e-21,0.010276
3063.6,1625.8,5425.3,0.22701,1.4203,3.1308e-12,333.42,1.0133e-54,0.26751,1.0796e-118,23.729,0.17602,1.2187e-09,4.5833e-10,4.9988e-57
36.299,11.47,48.501,2486.6,1167.4,3.517e-06,3.3077e-53,1.6507e-05,0.013156,36.044,4.1241,2.2705e-79,4.9817e-09,5.4174e-06,2.6664e-07
19492,66.296,0.0038332,1.3113e-37,1123.3,1.4336e-85,306.59,3.3883e-07,7.1949e-11,0.31054,9.546e-66,3.4803e-35,0.00049653,0.0019923,0.21268
1.4313e-12,11687,907.45,3.1128e-05,9.2281e-05,9.4741e-191,0.38154,8.1104e-101,7.29e-18,2.7009e-07,4.471e-62,9.51e-180,4.487,0.022046,1.0385
10649,5805.9,0.0058636,0.52734,2.8818e-31,443.55,218.56,31.65,4.0398e-12,35.115,8.7216e-07,4.3846e-93,2.8421e-17,0.017689,0.76912
1.2967e-14,5.0047e-13,1.0899e-14,8.388e-27,5.0557e-212,511.36,204.25,127.61,50.175,0.26852,10.231,1.8911e-73,1.9635,1.0263,7.2613e-09
4132.6,4804.1,1.4057e-60,1.5484e-44,0.00020036,77.816,171.28,118.92,90.213,21.784,0.12556,6.7715e-44,1.7714e-45,0.0046096,0.062807
16142,4950.2,3239.9,0.015806,2.5133e-150,1.7312e-07,92.077,58.034,1.1245e-16,23.787,1.4603e-112,3.4608e-34,1.0701,2.4506,0.0039293
1.1656e-12,5.8142e-28,2.7932e-44,1.1032e-203,2.3291e-94,594.86,4.9449e-05,1.4072e-06,0.00047325,42.86,0,3.6906e-31,0.030207,1.955,0.021679
2.6277e-16,4.3738e-16,9.7659e-19,8.8972e-17,0,0.59097,288.37,113.28,29.236,3.473e-133,5.1689e-128,9.846,1.9563e-71,1.2598,6.564e-39
11395,103.03,3315.8,0.0032614,1314.1,0,1.2149e-204,0.00021396,48.536,0.0071824,3.0805,0,2.1246e-40,0.28808,1.041
20656,36.195,4987,1555.5,2.7014e-178,411.78,0.0012795,67.62,1.338e-93,9.8253e-08,2.8689,8.7479e-183,3.7525e-48,3.7759e-06,2.8727e-14
1.0809e-12,8825.9,1.1291e-62,0.048326,2.118e-132,369.97,9.1146,146.1,2.4256e-18,0.46398,2.9193e-123,3.8982e-80,1.4937e-70,2.409,0.15431
13279,2234.3,4.1576e-19,57.114,864.97,1.9343e-126,145.33,2.9248e-09,0.013387,1.0123e-144,6.2545e-171,9.8769e-06,4.3119,2.0153,0.773
127.6,10254,90.582,2216.1,256.08,1.886e-07,4.5486e-83,160.39,8.6716e-42,2.7636e-06,1.2528e-119,1.0015e-76,2.7454e-06,3.3794e-06,9.2913e-129
26.57,0.25393,5.7718e-42,2894.5,1.3991e-21,9.7124e-73,5.3785,8.9733e-47,59.157,0.48818,8.9102e-09,8.8807,0.79909,0.029652,1.0255e-13
89.181,2.6481,2.5423e-24,6.8022e-07,0,652.38,327.71,7.5722,8.2434e-18,6.9373e-142,6.692e-63,7.8732,4.1172e-58,0.00088493,2.0743e-12
5.2898e-14,5.4493e-13,4455,0.68107,1492.3,4.7192e-187,0.002379,4.8748e-09,0.011221,5.4658e-144,1.3342e-150,1.39e-05,2.5687,1.9948,8.3601e-48
909.22,6.3988e-38,8.4265e-79,1595.8,7.59e-69,465.12,249.97,1.7078e-52,5.2882e-29,2.5188,16.15,4.0193e-12,1.4365,1.5309,0.015694
9417.3,8851.5,5920.5,4.2927e-33,59.064,2.4301,283.44,3.6397,2.5999e-34,2.5474e-05,5.9589e-67,0,6.3138e-05,3.4457e-20,2.9427e-08
21548,1.1971e-70,4.0474e-35,5.0659e-22,1.2785e-56,128.86,0.08762,1.2953e-94,0.00054379,35.525,15.905,9.346e-77,2.743e-05,2.6565e-32,1.4913e-06
62.496,6348.4,4.0697e-65,0.00036629,0.05095,0.081751,331.54,1.5028,2.4592e-30,26.839,0,1.2063e-11,1.0643e-16,2.0761,6.2508e-06
1.7847e-14,5.3313e-13,4354,2607.6,3.0585e-70,1.9741e-23,304.84,4.4366e-07,1.0738e-113,9.6203e-111,0,0.039724,0.00047752,3.0208e-19,1.5153e-92
87.034,5.9929,1774.6,155.48,7.4089e-05,729.13,4.2391e-33,55.545,1.3232,1.109e-05,14.277,8.6191,2.2073e-85,0.027028,1.5933e-85
8.0896e-29,6.6057e-13,3.7342e-78,2.3737e-53,1348.5,0.35983,302.87,15.643,9.7567e-15,1.3783e-92,18.914,1.099e-47,0.014168,1.1356e-20,0.014589
632.15,0.019861,513.44,37.625,1.9184e-123,1.0697e-115,1.7247e-32,189.19,5.8334e-117,0.0030862,3.9681,8.2402,0.00030675,3.6674e-06,1.031
70.174,5338.3,51.26,1150,5.7335e-70,248.83,3.6664e-14,158.48,1.1361e-42,4.9713e-119,2.3155e-105,6.3935,3.8628,0.00027168,0.0023217
5.6523e-29,2.1361e-200,2.3077e-13,7.1436e-14,7.8311e-42,1.6192e-14,306.97,1.8743e-88,76.151,0.011239,4.3608,0.27997,3.8757e-08,1.197e-05,1.0645
0.0080833,0.0026645,0.012911,1114.1,1187.2,0,2.0076e-05,4.1971e-07,0.010116,27.715,4.6823e-117,2.3951e-79,0.50098,2.703,7.9626e-06
5.4792e-13,1.2497e-13,3.3292e-37,1.2171e-13,1168.6,1.6034e-13,195.2,0,0.00053878,32.185,0,8.6356,1.4696e-08,2.8543e-35,0.027177
7.5195e-14,1.1963e-13,1.1203e-13,1.4795e-13,1.0596e-40,1.2198e-119,329.22,5.7781e-31,7.8468e-35,1.7647e-188,15.56,5.1009e-166,0,2.3324,0.93195
19229,1735.6,660.57,3010.8,2.7911e-14,24.236,3.9306,9.3627e-11,9.4245e-17,0.024582,1.9887e-08,2.0069e-176,4.0492,6.2753e-06,1.6282e-05
3.6523e-16,2.9824,5407.9,1630.3,3.8675e-136,4.2666e-90,1.8063e-06,6.8849e-16,0.00027001,2.8974e-121,13.932,3.1394e-81,4.2217,4.438e-07,9.0548e-09
7.6633e-29,6.2575e-13,3.712e-57,2554.8,1296.7,2.1201e-10,0.66392,129.25,0.16611,1.3694e-166,0.6789,1.178e-06,1.0566e-15,1.1184e-09,0.2844
7421.5,4562.7,0.0097283,59.598,2.5502e-17,349.87,195.14,0.016607,13.939,0.0061328,7.4358,5.7329,1.5722,0.64772,1.2309
8920.4,7.1984,4334.5,0.24186,1.1257e-179,1.8226e-24,5.9756e-07,151.19,42.162,3.392e-07,1.2459e-191,1.0045,1.4154e-07,1.1315e-09,1.0836
1443.5,2296.6,2149.3,2778.2,3.0737e-25,1.0257e-107,2.0821e-153,7.6551e-56,18.685,2.0752e-188,18.299,5.9984e-166,0,4.9335e-06,0.888
1.0346e-12,1.5403e-20,2.6656e-72,2.9398e-57,1056,0,263.71,184.96,1.0372e-18,1.5135e-05,0.0040331,3.7515e-41,2.057e-47,1.7095e-05,0.10941
1.1466e-12,4.6685e-13,6.9924e-17,1.1665e-29,1509.3,1.4075e-07,0.42502,132.26,8.2501e-18,2.8902e-07,1.4906,8.2822,2.4615e-77,0.027017,5.7965e-05
1.0959e-12,1.7111e-18,8.2999e-50,7.1437e-16,1118.6,712.38,1.6304e-14,1.3526e-46,2.4566e-37,0.47957,3.4547e-64,7.0121,1.1223e-17,1.4419e-06,0.60077
2.1821e-13,1.4212e-15,6.8195e-14,1.0647e-16,8.6976e-14,732.25,1.581e-27,58.321,3.2056e-110,31.319,1.9455e-50,0.026847,4.6266,1.1188e-22,1.2368e-08
23756,2.1137e-05,0.039203,1294,0.00033033,516.83,0.13891,1.7619,7.4824e-16,0.42946,1.5264e-62,1.9032e-220,0.28687,1.8138,0.0045648
1.4752e-12,12046,4.0452,0.40676,33.053,1.1919e-74,5.1855e-08,0.013017,9.484e-28,15.905,18.664,0.001402,7.9826e-18,1.2914,6.3689e-44
2.0716e-45,1.6916e-29,1.3813e-13,1127.9,572.48,531.84,0.16268,6.6099e-33,45.988,15.381,2.4371e-175,1.6225,1.36e-07,2.1912,0.87433
16471,0.00068298,0.96451,1014.6,4.2628,0.007834,4.1392e-190,0.054601,48.161,0.019671,20.543,2.5802e-81,8.8415e-98,1.5901,0.57929
4.9029e-29,2.7059e-29,2.9815e-13,1.8651e-74,7.0542e-23,608.64,0.85643,2.0168e-77,0.2468,1.1871e-190,5.1321e-98,10.617,3.7136,9.8674e-10,0.45278
1.8409e-29,1.5032e-13,5.3008e-17,1.6903e-13,1413.9,1.2756e-99,4.6845e-08,3.2581e-45,5.4267e-21,3.0442e-15,16.598,0.00082535,7.4946e-06,2.0794,1.3075e-47
2682.2,1.9029,1221.8,2571.3,7.73e-118,3.0865e-166,3.777e-07,148.01,0.0019837,0.41385,6.4819e-83,4.0291e-99,1.3642e-07,5.7246e-33,1.0776
2829.1,2.4177,624.8,19.686,1.1304e-17,0.00023278,0.005006,0,6.4445,0.18923,23.529,0.044545,3.2301,0.66032,1.0734
7.7288e-13,2.9274e-17,2.8412e-13,2805.7,544.53,2.3852e-104,2.9918e-05,46.427,4.0866,4.8283e-86,5.4716e-54,7.9381,0.0050494,2.7107,5.9745e-14
3.7246e-13,2.4392e-13,1.9066e-13,1998.4,0.043761,1.06,148.8,2.778e-30,1.3324e-31,50.663,7.3723e-65,0.62299,9.7008e-08,1.9989,6.4082e-10
1.196e-12,2.9811e-13,5456,240.09,2.3014e-17,22.251,13.76,4.0876e-77,3.3188,37.345,16.333,0.016385,0.038878,7.31e-06,8.5185e-08
7140.8,6881.5,2703,29.365,5.0307e-76,739.49,7.5383e-16,1.1352e-53,1.5653e-190,3.2131e-06,13.92,2.7941e-126,0.0023558,7.4708e-06,2.6269e-41
5.5769e-30,3.6164e-29,2.9618e-13,2418.5,1.1261e-07,206.57,6.8654e-16,108.99,0,38.556,0.00098082,6.8833,0.0017301,1.2587e-21,5.7914e-06
9.9939e-13,5.6619e-15,4080.6,6.1814e-08,8.5501e-07,3.1051e-88,162.29,0.00022079,36.548,0.0081262,2.1463e-59,11.753,2.0954e-07,1.5429e-05,0.44183
1.065e-12,3.5281e-13,5215.8,2850.6,1.1454e-06,0,0.00026833,0.00053172,0.012642,15.379,2.1577e-43,1.2521e-30,0.00057041,2.2246,9.7086e-06
4.2939,5257.4,6.0377e-20,1866.8,957.8,0,7.378e-13,0.00079559,88.427,17.562,7.9374e-10,4.4072e-77,0.0012069,3.2233e-06,2.6043e-59
14037,5706.8,3214.3,5.0091e-06,1.4419e-29,1.2693e-61,6.3726e-25,3.1956e-07,56.326,7.3927e-103,1.22e-151,5.7905,6.6572e-49,2.0174,0.015742
3.3385e-29,2.2169e-29,2.266e-13,1.2999e-59,2.6854e-14,2.1941e-15,9.7461e-28,128.29,4.7951,41.235,13.04,1.2036e-124,4.2644,0.00056091,8.5847e-06
2.1584e-29,3.4079e-29,2.9189e-13,3.2063e-19,1191.8,735.7,9.6018e-240,98.635,46.725,7.2568,9.227e-05,3.9813e-83,2.8658e-06,1.221e-20,0.0008628
5567.4,5648.4,2.345e-33,1029.5,1.39e-28,3.5028e-25,395.31,2.5043e-84,0.095658,0.014664,1.2426e-191,0.21648,2.571e-16,1.2037e-09,1.1168
7.2514e-29,6.5441e-32,7.4561e-31,1.4816e-13,1.9112e-165,604.89,293.58,3.2228,78.685,5.6498e-177,6.7151e-120,3.2972e-36,4.8812e-96,3.3542e-05,7.7294e-06
1.0449e-12,8531.9,4181.8,4.4046e-66,1.9132e-14,529.08,0.038426,7.6564e-31,0.084914,5.7216e-160,5.1202e-102,6.0637e-84,4.2806,4.1332e-06,0.0014251
3.4111e-16,5.9561e-21,1.3927,9.5392e-27,8.7838e-27,14.585,8.9245,99.828,5.5076e-06,1.7377,6.7916,2.3583,6.3509,2.6352,0.13565
1.1657e-12,9519,4.8985e-25,2.5724e-21,5.4641e-120,115.83,0.0020459,78.339,3.735e-108,27.761,2.9523e-122,9.8434,2.8494e-14,0.92209,0.80683
16212,23.026,4839.6,0.00055944,150.09,3.1526e-31,242.86,6.4406e-17,24.259,13.022,1.695e-306,0.0015679,4.1832,0.10639,1.2328e-45
16462,9.9563,6096.1,0.17786,961.05,8.5427,1.769e-15,0.17638,4.9627e-21,0,0.00023659,1.7954,4.1012e-18,3.8259e-33,1.4165e-106
16652,0.18807,4.4839e-64,6.9715e-130,1401.4,0.74586,4.2317e-11,5.7697e-07,0.0020541,2.7102e-218,1.2877e-35,0.27966,4.5964,2.5112e-06,5.549e-13
8624.5,699.71,120.81,1155.9,2.4711e-274,0.25601,0.19655,0.0059486,0.0010471,20.921,22.869,6.511,3.0129e-05,1.6731e-20,0.61429
14777,1.801e-30,1.3145e-09,6.3371e-08,20.404,8.0305e-124,2.9037e-09,85.409,79.995,23.493,7.7369,6.5465,1.897e-06,7.09e-09,1.0907e-07
1.2252e-12,9.8866e-16,4.8028e-75,2501.1,7.2571e-118,7.9121e-25,108.58,164.24,64.211,3.9154e-07,1.4381e-191,1.1595,1.6338e-07,1.306e-09,0.034874
7.5153e-14,2.4477e-14,2.6948e-13,2.5491e-31,1.2251e-32,2.1511e-17,3.948e-46,138,52.619,9.219,15.503,9.634e-48,0.013633,5.498e-06,1.2313
1.4319e-12,4.6874e-17,8.5989e-58,2923.1,243.01,1.6391e-10,231.34,65.579,3.64e-16,8.6753e-154,1.541e-112,2.6118e-174,0.0092815,1.691,0.69562
7.9468e-13,5.1616e-13,6.2546e-15,2660,8.656e-70,477.3,5.9323e-14,6.4667,6.0848e-43,5.0199e-119,2.3381e-105,6.456,3.7309,0.000294,0.0023215
21666,0.66302,1755.9,3.1656e-14,4.2391e-16,293.3,1.2958,102.21,21.459,0.16828,1.149e-57,5.9797,3.7793,3.4728e-06,9.7649e-08
4.0248e-13,3.7885e-13,3502.9,4.665e-30,3.751e-64,0.0032896,227.08,2.8648e-05,59.83,40.394,7.0827e-09,0,0.035319,1.87e-05,0.69683
1.3979e-15,1.5474e-18,1.2485e-18,4.5899e-54,0,0.71342,348.12,136.75,0.0010836,2.3375e-05,3.1289e-223,0.47306,3.7297,1.2744,0.091082
17708,3076.4,1003.4,2.7855e-20,2.4757e-23,0.039043,0.085544,7.2698e-33,1.2e-16,0.00028868,14.679,1.4582e-107,3.6703,2.2664,6.6493e-07
8.2945e-13,6773,116.15,0.37243,762,386.95,8.7281e-29,12.633,1.6457e-44,24.391,1.2856e-164,1.1008e-84,4.3009,1.5392,4.0275e-43
17773,127,1.3106e-70,3.3186,1.2999e-222,685.81,1.8672e-169,0.015047,4.9077e-123,37.634,6.7914e-09,2.8623e-86,0.0086367,4.5535e-06,0.00093821
22718,0.011522,3918.1,6.5044e-15,0,0,1.0074e-29,0.013996,0.021018,1.4266,19.014,3.3146e-97,0.016622,1.6772e-09,1.5718e-55
12390,413.37,1.5592e-25,1502.4,1.024e-12,442.64,119.37,0.06366,52.264,1.9523e-133,3.6797e-123,5.5803e-06,5.035,7.6872e-06,0.023827
0.58067,8412.8,5.8735e-30,1.6335,3.7276e-66,408.17,0.0002047,6.8236e-06,63.154,37.685,3.1362e-138,0.042666,2.2059e-70,0.0013904,0.73533
1.248e-12,10190,2.5177e-57,0.035221,2.6744e-150,0.3399,286.09,14.412,9.2152e-15,1.5067,17.835,4.189,0.0014554,1.4948e-25,2.3349e-07
261.53,6227.7,4786.5,1574.4,857.79,1.7834,11.153,1.507e-07,7.4556e-10,2.4159e-97,1.1492e-50,8.2081,7.1934e-10,0.75852,1.2144e-07
0.0014513,0.74464,0.28445,2483.6,695.51,1.0292e-68,196.26,1.2619e-64,5.6683,4.0581e-222,16.622,0.00011268,3.7312,6.1048e-06,0.64105
264.28,9760.7,2.33e-75,123.26,1380.8,0.048169,154.82,12.561,7.4018e-11,2.2713e-118,0.0089266,8.8503,4.8474,6.0414e-22,4.2533e-07
22555,380,1.543e-38,223.32,1207.9,26.411,3.231e-42,96.968,3.2459,0.035031,0.0075738,4.7921,0.44923,0.0029615,1.6555e-05
14872,9140.6,76.569,6.1197e-14,7.3145e-261,26.569,12.201,32.476,0.79251,1.1881e-49,1.2045,4.5776e-134,5.7591,3.7163e-07,0.0021202
1.0858e-13,1.7275e-13,1.0445e-13,8.6022e-15,2.9542e-14,6.9082e-120,1.2721e-14,7.7232e-123,1.6257e-49,34.893,0,0,0,3.1216,0.89171
1315,8105.1,8.6848e-55,66.296,1004,2.2453e-126,147.67,127.3,0.01767,0.82114,8.5065e-171,2.8535e-07,2.7835,3.3082e-09,0.75406
13576,8487.2,0.040893,0.59547,5.7743e-120,597.18,0.11475,0.49426,8.3564e-119,2.7046,4.5388e-156,1.6722e-152,9.4488e-05,3.2453e-05,1.1023
13344,7.3059,2826.9,0.00013126,0,300.72,381.69,110.12,9.2872e-06,16.446,3.8622e-65,5.5958,2.1483e-16,0.06289,1.9233e-67
19443,52.16,89.567,2.6961,4.8426e-18,49.573,308.96,2.4233,0.037104,3.8749,7.5596e-77,8.4989,0.012821,1.6888,1.2313e-07
386.68,4377.2,635.26,9.6684e-43,757.88,74.852,6.7619e-05,76.853,76.824,4.2944e-135,3.4091,0.023261,6.9986e-99,1.5153,1.4768
2.7104e-30,1.7079e-30,8.6839e-31,1.9447e-104,5.7634e-38,4.0742e-33,1.1769e-30,9.6366e-15,78.689,1.9295e-14,6.965,5.6617,1.0507e-08,3.0501,0.00019592
4632.8,0.2006,2961.6,0.00018555,4.0672e-86,218.92,277.66,86.746,1.097e-05,3.7671,13.534,4.6995,1.3483e-85,2.6716,9.5754e-68
3.7367e-13,4.8296e-14,1.1323e-17,9.7815e-27,5.817e-15,7.7449e-26,2.28e-14,192.94,41.081,39.335,2.0332e-131,2.4387e-44,5.1717e-16,2.3179e-09,0.0098474
8014.9,6236.6,2.0289e-27,1401,6.9545e-12,6.0173e-87,0.00017113,85.37,0.00016798,1.5733,9.1974e-06,12.268,3.0149e-98,1.0591,1.5719e-13
10526,2.4981e-33,3206.2,1.2427e-08,774.57,173.47,1.1356e-11,102.43,70.843,29.021,6.9535e-64,0,3.2997e-16,1.3298e-06,2.084e-08
16649,0.90307,1.1026e-63,0.0039223,9.7291e-131,3.6482e-11,253.73,139.49,6.1163,4.1997e-129,8.1436e-260,5.7764e-168,4.3429e-08,1.4061,0.77753
8636.6,49.894,3380.5,1390.1,1.6067e-05,500,1.2887,1.8049e-33,8.189e-35,0.048244,1.5247e-06,2.7465e-116,4.1439,4.5656e-07,0.80132
542.01,1250,3.7407e-09,0.072955,6.1771e-15,0.0024722,366.95,107.32,1.6645,1.6566e-177,19.705,1.1757e-10,1.0323,2.684e-06,6.11e-06
5.7257e-13,5.8528e-18,1.1727e-78,1.4666e-167,584.43,0.37469,106.03,6.5587e-08,0,0.0031196,3.2498e-37,10.863,4.1349,1.6198e-20,1.0083
1086.7,7344.7,9.1728e-21,0.00024274,803.66,3.1598e-176,1.6377e-13,187.63,62.116,0.011767,9.3956e-48,0,1.8212e-67,3.6974e-10,4.5276e-60
16387,9.3682,5704.7,341.7,0.00015637,1.0108,1.6096e-101,1.4432e-70,1.8629e-31,0.0056902,3.3473e-125,1.3898e-156,1.2606e-84,3.1045e-20,1.2807
5.1248e-45,4.1847e-29,2.3319e-35,1.7085e-13,1395.1,4.157e-122,1.9461,155.55,8.1106e-15,1.2459e-13,0.32113,2.3046e-07,0.004796,2.0063,7.874e-49
1.6691e-29,2.7124e-29,3.8935e-60,6.7579e-30,9.1031e-204,6.6671e-141,7.2518e-35,1.0001e-14,3.2427e-15,0,4.7594e-118,12.167,0.33124,2.2273,0.8829
20987,5441.3,1861,0.0015908,990.41,2.451e-113,2.0248e-11,9.7867e-47,9.5595e-23,0.024661,4.4173e-55,4.1447e-108,3.8302e-75,2.0593,1.3597e-90
5645.8,3.4887,3609.2,0.0041867,6.352e-09,1.4213e-07,2.7418e-05,0.0017952,0.0023286,23.195,0.012325,13.619,3.6698,0.0082863,1.9155e-67
6286.2,3264.3,1668.1,0.01791,664.98,1.5396e-75,0.00010304,1.2785,4.4801,1.4022,14.838,12.35,0.0013991,1.0668e-08,0.12732
6.6514e-13,5431.3,9.0014e-29,1.011e-107,910.06,506.57,246.8,1.0964e-05,1.2282e-135,1.4202e-95,16.664,0.02981,3.2197,1.4326e-20,2.7122e-59
6.0644e-13,5.5327e-106,2476,1242.8,855.38,0.13574,109.23,1.2132e-58,84.461,0.39882,6.5907e-135,5.439,1.399e-07,5.9272e-09,0.81706
7.4993e-29,6.3232e-30,1.0238e-80,1.5525e-13,1.3316e-23,4.6921e-24,7.6879e-20,158.47,56.26,0,6.7876e-117,0.0008246,5.467,6.4584e-33,3.9358e-64
1.1318e-12,9241.8,433.97,2311.8,273.35,0.00014954,2.6135,0.18449,1.6628,1.3229e-120,3.4562,0.00051929,1.6025e-06,4.8383e-09,1.2138
1.0983e-12,8968.6,1.2794e-63,0.086747,1.3372e-146,375.95,214.62,182.21,5.2285e-21,0.014706,3.5699e-123,6.9381e-83,1.8266e-70,5.7557e-08,0.15481
6.9161e-13,1.0817e-14,9.5679e-15,9.0391e-14,1022.3,0.31531,1.2578e-50,0.0076429,1.6122,26.889,12.499,5.6485,3.8591,0.003051,0.61481
455.72,0.40711,697.99,0.10312,0.11659,17.476,276.32,1.7067e-85,45.387,0,3.3649,7.5372e-05,6.3803,4.6278e-05,0.45288
9258.6,3.3456,1080.1,7.6017e-11,2.5723e-255,716.57,1.1829e-06,2.3556e-94,65.265,1.4673e-112,1.0273e-46,1.6894,2.6477e-93,1.7319,5.61e-06
8.129e-29,6.6378e-13,3.589e-17,5.4161e-40,2.5037e-39,677.52,4.4964e-09,0.00068789,2.6599e-36,0.00031369,16.564,4.7382e-136,4.2007,5.6454e-06,0.59168
6.4389e-13,6.0521e-13,5597.6,1.3888e-33,42.618,1.7534,204.52,202.04,2.6485e-34,2.5951e-05,1.436e-71,3.7549e-200,6.432e-05,3.5102e-20,2.9978e-08
3.2712e-14,2.0205e-13,1655.2,0.069926,692.65,1.1075e-165,0.060409,57.487,54.611,27.758,0.010872,2.6014e-136,2.3407,2.4619,0.44938
6737.5,6341.9,212.06,1067.6,4.7381e-72,10.65,271.22,4.6161e-05,71.459,0.009706,14.098,0.070771,0.034121,8.303e-06,8.1391e-06
8853.2,5745.4,2490.5,3.0689e-70,0.00018192,395.69,4.1801e-14,1.0118e-46,1.8376e-37,2.0765e-14,6.6768e-65,4.2969,3.4785e-08,2.9353,0.61961
4.2039e-45,3.4328e-29,4.5992e-30,1.451e-13,1184.8,9.9085e-08,284.35,0.049948,2.708e-21,28.971,4.9699e-120,0.0024406,4.2019,0.003348,3.2003e-07
1.5623e-13,1275.7,5172.6,3.9826e-10,1007,5.1399e-09,186.66,0.71532,23.248,31.317,8.8725e-64,2.4423e-44,5.1793e-16,1.9057e-09,9.692e-06
2892.4,3073.9,2432.5,4.0062e-05,4.035e-07,8.6673e-162,96.387,3.1912e-84,47.465,24.062,5.5532e-07,5.7435,4.3786,3.6724e-06,0.91264
6741.7,2.5478e-168,1946,3.9064e-36,1080.2,388.86,0.00091963,2.9267e-89,90.955,0.01348,3.8017,0.33376,0.037402,2.538e-32,2.9362e-06
1.8429e-29,1.5048e-13,1228.8,1.2741e-39,2.8607e-08,551.8,1.0074e-28,97.706,6.8905,34.674,0.0020492,10.333,0.0017709,1.2884e-21,4.7552e-06
7519.3,787.44,33.448,1210.4,453.06,0.0014949,164.84,124.15,7.8979e-18,0.00019321,15.337,9.6997e-33,1.5164e-94,0.69734,1.1254
3.5002e-29,2.8582e-13,2.0349e-13,2030.5,1004.5,497.66,3.1519e-06,3.952e-52,1.2542e-132,3.9711e-101,10.131,0.85687,0.0014586,1.8628,1.0202e-05
1.1162e-12,9114.4,1448,0.27717,25.396,663.14,8.788e-93,17.139,72.612,5.8048e-215,1.4421e-119,0,0.00042452,0.54325,9.2849e-114
3.5035e-13,2.1902e-13,2290.1,2.3473e-08,2.4336e-120,251.68,0.048359,0.2083,100.09,2.6519,4.7165e-156,1.6076e-159,1.9979e-07,3.2292e-05,1.1389
4.7867e-13,3908.7,1306.6,2933.8,0.00091411,1.889e-81,3.2532e-21,1.6389e-83,2.8916e-116,38.79,3.5746e-193,3.0728e-32,0.0021409,2.1852e-06,0.41708
9189.4,23.228,2647.2,220.45,739.48,7.8179e-84,292.78,97.402,73.914,1.2268e-13,1.1734e-243,2.9758e-06,1.0216e-05,0.41089,0.0075079
19567,1.2747e-38,1.0331e-54,2229.9,9.0656e-07,1.5955e-31,4.4151,1.7858e-52,5.2384e-27,0.29285,19.345,4.3907e-12,1.5693,4.2428e-06,0.019698
11145,434.75,0.165,2.4378e-06,807.42,354.37,6.486e-14,71.633,0.0095796,1.057e-127,1.0337e-49,4.2754,0.038879,1.6848e-06,1.4776
1.34e-14,1.1214e-16,2.2602e-13,1845.8,1.9169e-24,569.74,18.949,126.11,5.0385e-12,27.944,0.00044692,9.9825e-78,8.0139e-65,0.017001,0.78231
167.27,6532.9,3085.1,1.5046e-10,5.6572e-138,172.36,168.2,132,52.119,0.29176,10.382,0.74371,0.00064134,0.85822,7.2026e-09
7.6986e-29,6.2864e-13,1.0774e-16,1.2157e-13,3.2999e-36,4.218e-16,6.5893e-18,1.3841e-17,1.1652e-21,50.703,12.689,8.4211,1.5233e-57,2.1441e-10,0.00011784
3.7465e-29,1.4139e-30,1.534e-13,1252.6,2.5271e-31,5.2496e-279,111.58,1.3186e-07,53.17,18.087,3.2592e-93,5.0455,0.015681,0.013771,1.6906
9.405e-13,7679.7,3678.1,0.033848,623.93,6.9562e-75,0.00015632,9.5589e-47,6.7962,0.013814,22.485,0.067932,0.016338,1.99e-08,0.12576
9.2727e-29,7.5717e-13,6182.8,0.00071346,0.09924,0.11032,9.6899e-22,1.5031,2.4597e-30,26.844,0,1.2065e-11,1.0645e-16,2.0764,5.9702e-06
8130.7,49.777,75.589,13.153,1007,1.2735e-07,1.0106e-87,105.58,65.189,0.015565,12.413,0.036561,6.3976e-08,1.8853,4.479e-132
16455,10107,2701.5,2094.4,2.548e-08,32.903,1.8228e-15,10.314,1.2088e-123,3.151e-155,9.6709e-59,3.3478e-95,2.8312e-50,1.2459e-09,3.3732e-111
21035,2422.5,3722.9,5.7719e-06,6.1442e-16,5.1972e-61,1.3972e-29,7.6309,82.78,0.03465,1.1009,6.8986e-144,0.042714,6.6967e-06,0.016737
5713.9,6728.5,0.030925,2.0613e-10,2.9551e-30,2.5752e-25,237.32,5.5004e-73,35.067,46.573,2.0036e-131,3.8532e-34,2.6749e-07,2.3265e-09,0.0033997
5.4177e-29,4.4239e-13,2.1248e-13,2.511e-14,1268.9,82.945,1.9499e-31,1.1335e-08,21.621,22.777,1.3439e-51,0.030314,9.1363e-11,1.6612e-06,1.4739
3.717e-13,7.3756e-18,1517.6,1.1659,117.28,4.2283e-191,0.00059454,0.0027988,101.65,29.608,11.04,8.5497e-259,0.1426,1.3129,8.6306e-51
5.3661e-13,3.4824e-13,1.751e-13,1.9604e-86,1.1621e-20,2.5277e-14,2.6702e-30,176.69,1.917e-37,2.1662e-14,6.9654e-65,4.4827,1.0286e-08,3.0621,0.00039486
11999,76.431,364.77,1496.8,1.5385e-14,369.3,0.047813,0.0010769,5.0351e-123,6.029,14.329,0.0020281,0.00021311,1.7565e-09,1.3467
19100,0.53014,1523.3,1163.1,3.4703e-109,3.4494e-127,173.93,148.44,1.1256e-102,4.3991e-185,7.6643,5.7171e-179,4.4181,2.5543e-05,0.0028244
15384,8163.9,1818.1,1.202e-14,1.4181e-16,5.3042,256.74,3.5811,0.048437,0.17017,1.1619e-57,7.9322e-08,3.5099,1.5295,0.023868
1.2622e-12,4.9822e-13,6565.7,0.0071821,2.9508e-07,1.3143e-07,286.95,0.0098945,0.0045545,0.0082477,0.00082212,6.1352e-142,0.0045225,0.0062064,0.7428
22327,0.27135,1.9994e-24,1.3457e-06,1.5626e-10,2.3378e-113,2.011e-05,8.1788e-14,66.041,0.015507,1.8336e-64,4.4009e-204,2.7892e-06,2.4726,1.3899e-13
2148.9,16.217,5765.6,0.050122,6.2045e-36,747.91,1.1749e-08,0.00019034,6.9703e-38,0.0041592,3.2013,3.7481e-10,0.0007048,3.8833e-09,1.703e-06
1023.8,11481,3704.8,3.5815e-44,1.4129e-17,293.13,0.0003564,1.1054e-45,0.00031052,0.84371,2.3127e-174,2.8008e-07,6.9515e-06,0.53856,1.1217
18834,6688,533.39,0.90493,1.0561e-07,386.64,4.0192e-09,7.7715e-05,65.551,26.606,4.4925,0.0036472,0.00067875,3.9495e-09,7.5428e-07
7.5794e-13,4.256e-13,4.2417e-19,2326.7,3.4046e-31,524.02,258.21,38.267,1.0278e-11,3.4146e-13,9.9877e-06,4.4862e-173,2.2113,0.015079,0.78747
1.1293e-12,8.6698e-14,4664.9,1.9229e-43,2.8725e-123,617.06,0.00038703,101.54,64.898,1.0746,2.8192e-47,6.6214e-143,9.4799e-87,0.82389,5.9991e-06
3.8671e-13,3157.7,2.7559,1527.9,2.2261e-128,2.5202e-80,9.7022e-07,0.016044,1.4139e-21,0,10.001,0.00045768,2.3706,2.9366,0.74997
12265,0.40396,284.67,76.012,5.2696e-08,2.0134e-10,7.1264e-06,1.9445e-05,43.758,49.587,0.00097365,0.002501,3.6597,4.8938e-06,0.032826
8.6632e-13,7074,1.983e-70,9.264e-06,0.056773,0.063109,0.048844,5.2056e-56,1.4071e-30,50.528,1.0215e-54,1.2574e-11,1.1094e-16,2.1639,6.2218e-06
6.1428e-29,1.3789e-29,2.7491e-13,1.241e-31,7.6562e-14,840.12,148.57,25.521,0.0011154,0.0057558,6.3027e-52,0.46621,3.8973e-19,2.2083,0.16936
2.9375e-13,6.7743e-13,2.0273e-24,2830.1,294.4,5.4423e-25,0.025917,105.06,1.6294,1.6217e-177,19.289,1.1509e-10,1.6591,2.6611e-06,6.058e-06
7.5626e-13,2.5232e-14,9.5173e-42,9.1705e-14,6.2504e-29,5.0994e-199,269.17,0.53215,1.6772e-19,1.8765e-134,22.054,5.3207e-06,5.2692,2.3163e-21,0.022274
17763,0.35613,1.2861e-45,119.26,51.693,55.356,270.46,4.4353e-07,0.033336,0.0059256,2.9871,0.33602,2.4812,6.1004e-06,1.2129
3.2594e-29,2.6615e-13,4.9366e-20,1.8646e-13,2.3935e-23,7.6478e-22,2.5396e-102,202.08,72.513,1.149e-145,11.768,4.1692e-51,2.0316e-103,0.0025903,0.00050644
6.604e-29,5.3926e-13,4403.4,0.15971,7.657e-05,0,0.00080239,131.71,4.0135e-123,2.7878e-188,16.712,0.14942,1.2133e-99,1.8572,6.2247e-49
5.4424e-13,2.9844e-13,3297.9,1.8552e-05,8.5513e-05,397.44,3.288e-25,0.0002598,0,31.874,8.4877,5.6336,1.7857,8.3152e-06,1.0206
6370.4,192.65,0.37372,393.15,1478.2,0.10454,5.5675e-190,119.54,64.428,0.023335,3.1483e-52,1.5777e-95,9.6773e-98,3.2866e-06,0.58316
9.5889e-13,1.1686e-46,8.0772e-26,4.1121e-24,978.75,8.508e-124,3.0764e-09,90.488,61.483,21.377,7.0403,9.533,1.9262e-06,1.2829e-15,1.1075e-07
4.9006e-29,4.0017e-13,2.3441e-13,6.3235e-23,8.5326e-180,9.1249e-16,314.66,5.8378e-14,55.924,1.1243,14.027,7.567,1.0129e-05,1.0966,0.043851
1.6332e-45,1.3336e-29,1.089e-13,4.251e-14,7.3613e-14,663.97,16.953,165.22,7.375e-21,0.0096058,9.5687e-153,1.6088e-45,2.5348,1.2459,7.3507e-06
7.6749e-13,6267,3.7176e-41,2477.3,239.38,1.532e-10,0.45044,104.99,36.385,1.1792e-166,0.5846,8.0872e-07,3.0918e-75,1.6715,0.66159
23490,339.95,1.181e-08,0.29351,5.9102e-06,5.1488e-285,3.4364,160.53,40.832,18.161,1.0676e-121,1.4044e-95,5.9744e-67,3.8393e-20,0.0101
68.794,12267,91.358,335.19,5.1053e-57,77.268,0.076747,5.8925e-104,0.00052329,2.2036,7.4938e-46,10.721,7.2462e-05,3.6829e-05,1.7911e-06
8.1649e-13,1.8737e-102,3333.6,3002.5,6.3955,0.26397,0.256,0.7137,56.507,15.62,0,5.5519e-39,2.6352,3.8594e-11,8.0953e-06
6502.6,425.78,574.77,6.348,0.0073522,0.00044091,112.62,6.6172,3.0526e-37,15.24,23.238,0,8.075e-41,2.9603,2.0609e-07
1.091e-12,8908.4,2.3435e-32,52.473,0.66048,597.63,0.087744,4.6771e-119,5.2807e-15,0.00028558,11.782,2.3703e-134,1.1555,2.1295,0.0099913
2.1861e-13,1785.1,3.0942,0.021145,4.2839e-133,153.23,329.48,150.77,7.0858e-19,37.076,3.5923e-123,1.4561e-81,1.838e-70,4.8286e-20,4.2808e-37
9.6676e-13,5.1222e-13,1.1548e-14,2877,8.6268e-15,1.1618e-116,243.65,2.8258,0.00038059,7.7147e-117,4.6044e-130,8.902,0.0016663,2.0143e-21,5.7354e-06
1.1663e-12,9523.2,64.976,1.285e-14,0.0016224,0.27925,5.8805e-08,74.598,104.45,8.2381e-139,4.0413e-37,1.4564e-45,0.015529,4.8337e-33,0.74516
12790,6776.5,152.77,15.337,843.85,1.162e-116,243.69,2.8263,0.00076277,0.1001,5.8504e-07,8.9036,1.0578e-73,2.0146e-21,4.3183e-60
16417,148.44,4777.1,2.4932e-35,9.658e-33,489.74,1.318e-204,0.034932,2.0293e-11,0.0070945,2.4562,7.6323,0.041935,2.8064e-36,2.968e-05
12.423,256.17,1579.4,1523.3,1.667,50.432,0.6935,9.3779e-53,37.311,29.641,1.1937e-66,7.1285,1.3275e-05,2.8818,1.7651e-07
47.17,9533.3,25.004,803.9,1381.8,3.5691e-05,6.8761e-77,85.943,5.4601e-44,2.1393e-06,0.14222,1.0492e-76,2.4045e-06,1.5019,0.00073399
8.173e-13,2.3781e-13,7.8176e-16,5.9441e-32,1.3886e-23,4.8168e-21,2.6848e-25,6.5665e-18,1.7864e-15,7.153e-137,16.752,9.3514,2.1193e-06,1.226e-05,1.3213
1856.1,72.407,4.3021,0.53769,800.43,5.9904e-104,319.01,73.23,0.011255,6.9064e-85,1.1012e-51,4.346,0.044085,1.9157e-06,1.1888
5305.7,9.6184,0.012993,0.12216,352.6,207.66,77.813,8.3705,44.654,15.963,3.6019e-07,5.5098,6.6515,2.7867e-05,9.789e-07
1.4158e-12,4.0278e-17,5780.3,1.6217e-10,1347.3,5.6788e-142,195.18,18.739,1.6777e-113,0.27786,13.597,1.5177e-65,0.0092418,0.023721,4.7693e-05
1.4954e-12,1.3828e-14,6106.6,6.3316e-39,1.4216e-07,0.00045425,1.6828e-28,89.822,8.3834,39.27,0.0024276,4.0214,0.038084,1.261e-21,2.3566e-06
4.5485e-13,3714.1,2.2032e-41,1468.2,881.7,1.4416e-10,0.45143,87.5,29.251,9.7924e-167,0.48546,8.4236e-07,4.4916,1.7502,0.19395
6481.3,4.2488e-32,4510,9.9946e-09,881.84,416.95,2.0009e-11,2.5816e-45,5.9671,40.303,5.6442e-42,1.8807e-31,2.383,4.2061e-06,4.3559e-06
7605.4,7386.9,582.96,2.3287e-60,2.1496e-72,694.05,0.79841,104.94,4.7151e-44,27.259,0.0096617,3.6428,0.0013379,9.9433e-10,1.4825e-07
8.5212e-13,6958.1,3.9047e-55,752.99,1270.4,707.17,5.486,1.284e-05,0.013707,2.1623,0.054594,0.030113,3.2713,1.4483e-20,2.7419e-59
4151.5,3194,3387.1,1.2336e-57,6.9421e-05,462.41,324.33,8.3586e-46,0.039976,0.00010253,0.00054263,0.29579,2.7257,5.0166e-06,0.63584
10582,0.20339,2632.5,1444.5,672.99,2.5774e-74,169.79,8.2202e-47,7.2308e-22,0.0086864,6.1454,2.8584e-154,6.4624,0.00025638,0.0019513
3.727e-46,2.2446e-45,1.8392e-29,1.5018e-13,1.0587e-14,1.3621e-14,2.533e-32,4.784e-15,91.052,40.27,2.0085e-155,6.7659,0.001626,2.2718e-10,5.6926e-06
16484,8.3865,1782.4,19.977,622.55,65.262,0.33795,113.07,7.0528e-18,2.4708e-07,24.061,6.7319e-158,2.0343,0.028737,0.0022312
36.457,269.8,1.5609,6.2264e-43,4.6068e-05,634.88,0.00016685,79.591,111.44,1.5901e-05,4.9433e-43,1.5538e-45,1.2191e-47,5.0341e-32,0.024642
10060,78.695,3.6655e-67,1672.7,2.8492e-123,323.51,1.2907e-142,4.6067e-51,78.566,0.53515,18.687,5.7723e-82,0.023549,4.1681e-07,0.0088882
13281,6212.3,0.17611,3.0213e-10,966.64,4.6573e-09,169.13,106.23,1.0529e-15,30.402,5.1482e-64,2.4259e-44,5.1445e-16,2.3057e-09,0.0097957
16490,0.33478,1925.3,1776.1,2.3778e-128,0.31277,4.731,127.67,6.9549e-21,0.0091544,0,3.7823e-45,0.0090247,2.1944,0.012787
1010.1,0.55305,2.9223,3.8495e-43,2.2639e-125,630.38,386.18,124.65,1.5283e-05,4.8447,0.018122,0.00067425,2.0566e-16,0.060205,1.8412e-67
2.4051e-45,1.9639e-29,1.6037e-13,1309.5,7.5751e-05,433.32,0.0008027,5.3855e-33,37.469,12.532,21.759,1.9343,8.5424e-94,1.9271,0.054871
1.1593e-13,6.4629e-13,5.1082e-73,1.4585e-17,1.5798e-17,5.8793e-18,331.16,43.398,4.4238e-32,37.896,6.1798e-208,6.052e-12,2.0508e-08,0.45563,1.1201
7.0268e-13,5737.8,3361.1,1.3121e-06,1.2234e-163,403.99,177.81,7.1541e-14,68.534,1.3778,6.4661e-64,5.9985,9.9448e-06,1.1023,0.044078
16412,14.811,168.75,3.7926e-05,8.589e-07,1.6185e-67,252.65,0.0005168,65.558,0.014164,5.6743e-07,8.6799,9.0896e-92,2.7062e-05,7.7133e-06
262.29,9245.9,1.2248e-63,0.0043569,1.0807e-130,4.0524e-11,282.71,99.296,23.685,4.2133e-129,8.1698e-260,1.7204e-167,2.2e-08,1.5239,0.78868
21225,12.134,1460,1922.4,1392.7,1.2496,1.9899e-101,8.7834e-71,7.1201e-31,0.0070347,4.1383e-125,1.7182e-156,1.5584e-84,3.838e-20,2.1643e-45
252.98,6167.7,92.318,0.47757,35.869,38.411,187.67,139.98,0.033326,29.65,3.4978,7.6964,2.1091,7.7593e-06,0.0041308
4.2333e-14,6.099e-13,1.1023e-16,1.5193e-17,3.0772e-22,3.1722e-14,6.4716e-74,2.4224e-23,7.2681e-27,50.637,2.5633e-09,2.0638,1.2416,1.1179e-20,1.2606
9137.1,0.1032,2.4604e-64,8.5528,1312.7,0.61168,3.4705e-11,3.1441e-05,79.16,2.9677e-218,0.00036112,0.0033403,3.6687,2.5401e-06,3.6281e-13
1.1322e-12,1.0018e-15,7.788e-14,2397.2,994.6,1.9175,281.53,98.208,1.6906,0.0066978,0.19739,4.7344,9.5422e-83,1.3672e-20,1.0754e-05
8547.3,12638,6.2678e-74,1663.4,2.5737e-178,392.31,6.132e-05,0.0064724,1.4363e-110,25.808,2.3702e-125,1.1159e-114,0.26831,3.7541e-06,8.0839e-48
17300,8359.2,1.2001e-70,0.26135,0.25566,0.031288,0.12885,0.0037235,7.8172e-110,31.38,5.9299e-09,3.2099,0.16193,6.9476e-26,1.2927
7.8632e-13,6420.8,498.54,2.0674e-05,5.0698e-05,5.205e-191,210.5,1.4611e-10,5.7688e-18,40.577,3.4209e-08,9.206e-157,5.3045,1.2041e-05,0.18252
13219,11255,3537.3,384.53,1.1252e-11,9.8364e-93,3.3078e-111,137.12,0.00026981,0.0063901,7.4631e-113,8.5154e-17,5.1021e-100,3.5915e-21,1.7431e-13
8.8029e-13,7188.1,1229.8,3144.8,561.04,7.6615e-70,146.89,0.005371,1.3952e-24,7.2703,6.3065e-57,0.022374,3.1482e-85,1.8648,1.0155e-98
1594.5,8361.6,3038.6,0.19564,1280.4,141.95,344.55,8.9897e-132,9.1113,3.1931e-118,1.0388e-82,0.001264,1.789e-16,1.6072e-06,0.021837
85.834,1.2778e-06,2.2114e-58,1.619e-07,1.6443e-06,634.82,317.05,0.60159,8.8562e-19,32.722,0.0039869,3.7085e-41,2.0335e-47,1.119e-05,0.11686
13389,7028.1,5862.4,27.463,9.1994,412.89,1.8058e-201,9.0384e-50,2.5872e-82,0.012207,1.5712e-49,2.6005e-112,0.020093,8.374e-29,4.9746e-09
4377.8,47.922,8.0491e-21,2136.2,1.9982e-16,2.8386e-10,0.56152,47.198,53.633,36.969,13.129,1.0938e-06,0.62544,0.26851,2.2461e-42
2.2396e-29,6.5167e-30,1.9207e-32,5.5903e-30,7.5903e-40,2.6379e-14,7.8608e-23,1.7846e-19,1.5946e-15,8.5201e-127,14.954,7.9745,0.0024564,3.0451,0.037251
12757,4548.6,3939.2,1.182e-33,1.7178e-113,9.2961e-157,2.0835e-182,2.981e-49,1.6042e-20,52.481,0.77617,0.011111,4.2547e-07,1.2171e-20,0.0044619
3656.6,999.03,3852.5,1.345e-08,5.0801e-128,116.73,3.6219,1.2856e-76,41.47,8.821,2.9608e-64,4.9379e-46,1.5658,3.3469,2.7105e-08
10481,4247.6,3756.4,1309.3,20.363,2.3241e-09,235.34,111.92,5.7182,9.3275,2.8094,0,1.2417e-05,0.0014814,0.6827
1.1535e-12,9419.1,3053.9,2316.2,4.654e-19,6.9332e-114,0.0026374,2.86e-16,0.0011627,1.5939e-34,16.038,0,0.007029,2.3931e-08,2.8178e-09
39.209,0.021463,1606.6,2003.6,1027.8,443.08,311.21,2.0647e-51,1.0053e-118,2.2718e-110,0,8.6722e-05,0.00049644,3.0839e-19,4.3133e-07
2.2104e-30,1.1223e-29,9.2085e-14,751.93,444.99,566.3,0.0010249,109.03,66.471,0.0044092,16.939,2.4623e-194,0.0018037,9.0032e-20,4.6835e-06
7.9338e-29,6.4784e-13,2.804e-14,6.8064e-118,1327.5,394.26,7.3148e-52,4.7639e-43,46.57,0.057679,20.323,5.7426e-77,2.0769e-17,4.7611e-07,8.8267e-06
3.5848e-29,2.9272e-13,2390.2,1.079e-15,665.67,19.389,196.43,15.217,67.684,0.0051802,2.7059e-134,6.2727,2.3007e-19,2.2185,0.16104
1161.9,1.4031e-39,27.13,0.0018293,559.32,3.6117e-07,6.8865e-105,1.0302e-54,86.865,8.4073e-121,15.536,0.042549,3.9208,5.4429e-09,0.69064
11961,108.15,3480.4,1.8164e-35,1379.3,557.99,1.5017e-204,0.0398,0.93188,0.0080834,2.7986,0,0.038094,1.8167e-32,3.7199e-05
1.1062e-12,1.0828e-14,4517.1,1719.1,2.5614e-24,2.7228e-82,0.00017556,121.81,0.00022676,27.003,0.00043188,9.6465e-78,1.1727e-65,0.016429,0.79418
4.9437e-13,4.6896e-13,9.163e-14,1.1904e-15,1.6632e-109,572.53,8.4814e-16,6.3764e-51,68.42,48.972,0.0025645,0.0039142,2.3347e-39,0.13186,1.2111e-07
21291,10879,5.3038e-05,27.463,9.1992,412.88,2.4663,9.0383e-50,2.5871e-82,0.012207,2.5621e-97,5.8942e-88,0.020093,5.2726e-31,2.5625e-06
333.26,313.69,10.489,1242,9.9618e-09,0.063689,161.44,2.7477e-05,42.535,26.408,10.492,0.052671,5.5243,8.4104e-06,7.0473e-06
23798,0.47883,3.2174,159.77,69.254,2.4275e-125,310.11,0.00098662,0.0061342,0.0073861,3.6289,1.186e-69,3.0905,2.2572e-08,3.302e-05
2.6685e-29,2.179e-13,1779.3,0.05126,0.30218,6.1056e-166,0.036163,30.635,92.605,34.119,0.010691,2.2202e-135,2.8758,1.6174e-05,0.45467
6.6057e-13,3.3261e-15,1.049e-105,1348.6,0.30998,5.8181e-07,242.45,6.6979e-170,53.115,0.32024,18.714,8.0169e-108,1.9121e-16,1.9398,2.0551e-07
861.35,1719.2,6.8675e-74,1757.4,862.93,372.02,0.19944,1.4443e-51,14.702,1.223e-273,8.7098e-09,7.0143e-05,0.00034299,4.9502e-19,1.6581
3.7166e-13,1.0226e-13,1732,1165.2,840.47,394.73,8.7487e-29,3.3079,1.4245e-10,28.873,1.6521e-08,0.018995,5.7048,8.994e-20,0.18464
1.3288e-12,3.3179e-16,5425.1,0,1.5294e-08,0.092541,41.492,108.54,0.27853,0.0099746,2.9373e-105,6.4943e-108,5.3033,0.030847,2.4292e-43
1.2886e-12,7.9748e-58,5.0674e-15,2631,5.9038e-69,471.86,1.2563e-13,6.5496,0.031466,2.7828,1.4691,0.017386,3.2576,1.4284,0.98843
403.86,10.158,158.14,3327.4,6.705e-06,565.81,1.6441,2.3027e-33,34.129,0.063774,6.8015e-08,8.0285e-101,3.8742e-05,9.6309e-06,4.0491e-06
1.6093e-29,1.3496e-29,1.283e-13,1047.7,2.5103e-05,295.89,2.746e-08,1.6766e-98,0.85106,44.371,12.935,4.6306e-197,4.1429,1.3254e-19,0.34113
562.32,8895.6,3604.5,104.62,0.00065128,114.84,154.75,7.6841e-155,7.9252,0.3664,4.5337,1.0013e-77,0.011246,2.6988,0.020941
2.8762e-45,2.3486e-29,3.3911e-31,9.5929e-14,5.3118e-180,391.66,107.45,54.015,1.1232e-05,0.7416,25.133,5.9896,6.9869e-78,1.0984,0.048721
38.736,7828.9,20.534,0.13535,0.85257,1.8694e-05,5.1532e-76,188.34,4.9273e-44,2.0434e-06,21.471,2.195e-84,2.7318e-06,1.3e-06,0.00077789
13384,8871.5,8.0861e-33,0.1772,146.89,5.2023e-25,6.8492e-07,138.34,32.474,2.5903e-08,1.2537e-191,0.21842,1.9932,2.0284,0.042325
8.7752e-13,7165.5,55.658,1677.9,1.8677e-32,276.14,9.6164e-55,2.8359e-07,4.09e-11,29.621,0.78093,1.5748,3.8976,6.3013e-06,0.80865
2.7772e-13,2.3966e-15,1134.1,720.27,1555.4,0.0027261,0.00094273,83.603,0.0033315,0.0038852,18.321,3.6576e-104,0.038563,1.842e-19,2.3106e-06
11984,3987.1,0.00020657,784.08,690.98,410.16,0.099998,1.3779,5.6616e-16,36.277,2.3179e-62,1.1369e-131,5.7172e-18,1.7549,8.0709e-110
1.03e-12,8410.5,0.54736,0.00011888,1068.4,0.00038345,0.0013699,88.481,17.71,0.046435,15.063,5.2975e-07,3.1363,1.9222e-19,2.2978e-06
6.1865e-29,1.541e-32,2.5258e-13,2.6189e-55,5.8803e-24,6.719e-18,5.5529e-45,5.3831e-15,3.7976e-16,1.7404e-15,1.0913e-19,12.091,6.3663,7.6171e-22,1.8502e-40
83.344,3766.7,5335.3,0.27299,2.4746e-18,0.48005,10.017,82.335,2.9112e-12,0,2.6936e-08,6.0967,6.8563e-06,0.51986,1.1796
9.1789e-14,9.3326e-46,1.0196e-16,2.42e-24,1.6513e-14,4.1634e-14,347.38,3.4527e-07,1.2601e-05,8.0748e-138,1.6126e-60,8.0939,5.5125,3.9723e-09,0.00052627
16563,259.05,3.8212e-37,2020.9,3.173e-61,0.27322,7.8188e-50,4.2126e-10,2.2818,38.057,8.9794e-47,0.042781,2.2567,1.9784e-06,0.6138
843,69.596,1.3617,3174,1.2908e-06,18.427,0.00012712,17.86,1.7772e-132,7.6246e-104,1.5097e-07,1.6813e-105,4.2609,2.1482,4.139e-10
9.6291e-13,2.0307e-13,6.9841e-14,6.2956e-60,1104.1,584.22,0.00014298,100.82,0.01352,0.9228,1.9437e-47,8.4474e-180,3.8453,0.95082,2.8754e-06
3.5986e-29,2.9385e-13,2399.4,88.368,3.0022e-09,2.243,79.559,3.5731e-31,63.743,2.0181e-09,1.0221e-65,0.00058539,1.0444,2.3399,1.174
1.1113e-12,1.7382e-14,1.7764e-53,1.4502e-13,5.7182e-79,1.8964e-17,3.1454e-67,8.318e-23,1.5838e-16,51.273,9.8975e-06,5.95,4.2048,0.0040025,0.030362
41.228,109.1,35.997,2719.2,6.1036e-19,2.7285e-31,0.001971,2.1599e-16,0.00086889,1.1911e-34,11.985,2.8836e-161,5.3752,2.384e-08,1.697e-09
0.1885,2730.9,1.9066e-30,6.8327e-06,1.0957e-67,132.5,6.388e-05,2.2151e-06,20.501,12.233,1.0181e-138,0.01385,4.5451,0.00090552,1.8217
771.02,12282,1.1414e-48,0.30404,2.4265e-62,8.2123e-05,0.017497,1.4829e-74,3.4774,41.035,1.4585e-09,0.012118,1.5582,0.0023908,1.2116e-61
0.61058,7489.1,0.0024359,1108.3,6.2311e-19,578.84,210.12,1.7602e-31,9.1141e-06,5.9166e-09,2.562e-63,5.8485,1.1715e-81,6.7922e-22,0.75483
