1032.3,0.00092022,3.4308e-34,2.5949e-77,4.4027e-62,9.8882e-32,0,4.6425e-05,0,0.00097093
6.2702e-14,512,1.0832e-32,1.483e-56,3.73e-82,2.4357e-05,4.9268e-05,4.8823e-05,1.2276e-207,4.7619e-05
5.3894e-14,1.6023e-14,256,3.8581e-53,1.4675e-05,2.4357e-05,4.9268e-05,4.8823e-05,1.0399e-261,0.00014675
6.1062e-14,7.0175e-15,6.113e-16,128,3.8141e-05,3.0323e-05,4.8108e-05,4.9656e-05,0,4.9967e-05
2.6865e-15,3.1322e-14,1.144e-48,1.1453e-17,64,3.0541e-06,4.9354e-05,3.4574e-05,6.2046e-129,4.9968e-05
6.0606e-14,3.7598e-20,4.0192e-15,2.6028e-19,2.935e-77,32,3.1612e-05,3.0376e-05,3.4989e-05,3.2058e-05
2.4869e-14,1.3961e-14,8.9932e-49,6.2916e-15,1.3432e-20,1.8333e-21,16,1.6085e-05,0,1.5992e-05
6.1793e-14,4.7136e-15,7.1708e-16,4.4562e-16,9.3348e-17,3.2758e-17,3.5442e-20,8,7.5827e-06,7.9987e-06
5.29e-14,1.679e-14,5.6389e-16,1.2244e-17,3.121e-64,6.8116e-19,9.5188e-18,5.0371e-22,4,3.9969e-06
4.9166e-14,9.6279e-15,1.3355e-15,8.2645e-18,8.1628e-17,5.4092e-17,5.205e-16,5.8151e-18,7.4761e-187,2
6.1071e-14,7.0185e-15,5.4914e-16,128,3.8141e-05,3.0323e-05,4.8108e-05,4.7074e-05,0,4.9967e-05
4.4123e-14,4.4158e-15,7.2226e-16,4.2475e-16,6.2496e-71,4.907e-83,6.7872e-16,0,2.0676e-54,2
367.9,161.95,90.647,46.429,3.3641e-48,0.48459,5.9934,3.0657,1.5374,0.63756
2.8751e-14,234.77,5.0489e-31,59.788,30.152,14.81,5.1856e-11,0.45828,0.01315,0.86247
0.093964,0.020177,132.9,0.0016093,31.682,13.607,2.5917e-06,4.0324,1.6881,2.0473e-09
507.29,72.316,44.936,3.6339e-52,33.268,14.817,8.1917,0.018825,0.0076933,0.028605
3.1124e-14,1.6899e-19,2.2021e-18,1.2995e-15,33.493,1.7604e-38,8.1099,7.9175e-05,1.9451,1.0053
415.92,0.048834,1.776e-10,68.504,34.493,0.0011907,9.3612e-09,4.1857,0,0.019249
8.2559,0.0007819,1.0981e-30,5.2018,1.2233e-45,17.73,8.6998,3.5372,1.9414e-36,1.0132
497.7,281.32,9.6163,0.083856,1.6085e-44,16.246,2.2053e-06,4.3436,0,2.9011e-05
2.8295,278.59,7.9735e-11,0.076879,27.975,0.72561,8.4078,4.2159,0.020052,1.9307e-144
559.71,8.4148e-06,2.3129e-34,2.9029e-53,6.2138e-53,18.795,0.65531,0.53005,2.2414,0.65858
1.9761e-30,1.6136e-14,131.76,68.085,1.4447e-48,17.326,8.0083,0.5028,3.6995e-133,2.3038e-11
416.79,0.00056939,153.28,22.663,34.451,0.40505,7.3896e-09,0.37844,1.0865e-226,0.84583
3.6348e-14,296.81,148.2,74.484,9.7382e-161,3.7781e-05,0.095523,1.5064e-10,1.4273e-05,4.3692e-111
569.98,306.21,17.295,4.5869e-47,3.2312e-10,4.1596e-59,3.2087e-05,3.8248e-09,0.060813,1.1744
3.4813e-14,284.27,64.664,0.001965,9.4395e-59,19.638,5.7585,2.7182e-09,1.9931,1.7213e-09
7.7934e-15,63.638,21.835,67.026,38.702,0.22238,2.1919e-08,3.9111e-09,2.3901,3.0009e-12
19.354,74.956,163.84,4.3347e-56,0.023123,17.55,0.014374,5.2913e-06,0.00032054,1.1615
3.6349e-14,1.2296e-20,2.1417e-33,74.204,1.9966e-67,2.1729e-06,10.19,4.3223e-05,0.0002076,1.0916
486.56,2.5832e-05,11.533,3.4789e-57,4.2736e-50,2.9782e-06,1.0285e-06,5.0026,0.001261,1.254
627.49,1.7201,162.26,6.0968e-57,1.4418e-58,4.9171e-09,4.7827e-05,4.2133,7.5637e-46,9.1227e-05
4.326e-14,4.3018e-18,176.62,9.3939e-58,3.0499e-07,2.6321e-47,8.8114,5.9938e-06,2.6157,1.6588e-05
2.0742e-30,7.4255e-32,8.4903e-15,69.328,0.022109,8.6881e-17,3.2292e-07,0.20285,2.452,1.1799
641.1,0.079429,4.0054,0.071923,5.4719e-57,0.5527,9.6304,4.2526,1.5138e-38,1.0904e-05
2.3076e-17,5.3938e-15,7.9224e-15,68.337,0.0078875,14.9,5.4382e-06,5.4467,2.3386,0.0034902
598.28,0.073381,8.4197e-05,1.0662e-51,27.775,2.5037e-08,2.1739,2.656,2.3823,7.8849e-06
2.637e-14,5.6183e-15,2.268e-27,1.0912e-15,5.8705e-60,6.0091e-16,9.0851,5.1432,2.2733,0.003692
4.0411e-14,329.98,36.014,1.8238e-42,2.626e-90,7.4478e-45,2.7455e-194,4.1115,2.2164,0.00022936
587.39,294.25,2.8308,7.9514,38.198,0.00050226,0.1016,0.57704,9.2554e-68,0.0090985
0.018124,234.17,130.55,1.4936e-33,12.908,3.0209e-05,10.699,5.1265e-09,4.8881e-41,0.55517
509.49,0.001824,0.0042196,88.166,8.656e-44,15.604,0.75632,0.57594,0.08753,0.66129
1.6335e-30,1.3339e-14,1.1024e-50,4.043e-15,42.794,2.0865e-06,2.7336e-06,4.7424,0.98738,0.98688
32.963,2.8906e-05,2.6081e-12,58.946,2.2293,9.5071,10.571,0.0024637,2.3339,0.12736
556.92,0.00060216,156.05,3.8601e-60,2.2076e-51,2.3995,9.5734,0.0052562,2.5534e-113,0
561.87,319.48,7.5509e-29,0.0092828,0.069072,3.8325e-10,3.5388,0.00027011,2.1956,8.7378e-05
1.5824e-14,129.21,8.8537,88.571,44.944,2.3704e-05,9.285,4.6907e-05,2.2409e-12,4.3147e-06
524.08,21.449,1.6662e-29,2.689e-57,11.088,6.0092e-39,10.773,0.042992,3.2311e-163,1.0853
11.315,288.6,124,0.00094851,7.7992e-90,1.2075e-37,1.4576,1.1137e-05,1.625,1.1431
577.96,323.72,1.1878e-27,71.095,0.061043,2.3456e-05,8.8188e-06,3.5107e-09,7.0278e-46,0.0025321
350.83,317.43,158.56,6.6344e-51,1.1165e-05,12.082,4.5664e-06,1.1866e-10,1.5704e-107,0.0094055
17.6,0.00255,132.03,91.986,3.4729e-17,3.5453e-51,9.2325e-08,4.0355,6.6973e-78,9.1826e-89
3.3014e-14,269.58,157.91,2.4711e-05,13.286,4.0527e-05,1.6773,4.7255,1.9642e-137,9.7218e-12
0.28693,354.14,7.9765e-11,66.397,0.00035446,1.1878e-05,3.1569e-06,4.1867,0,4.335e-06
3.6691e-14,299.6,4.1726e-07,76.399,0.059725,1.1797e-75,3.8632e-08,0.015936,2.3211,0
3.267e-14,266.77,92.029,4.5998e-53,44.913,12.48,4.6574e-06,0.00010217,2.9354e-107,2.4761e-217
3.2443e-14,1.5742e-21,132.46,13.223,4.7193,1.5016,10.863,4.2002,1.8648e-231,0.019851
581.91,3.1271e-05,157.04,70.116,0.069821,4.9699,6.3884e-06,2.2644e-09,0.06779,0.12101
23.539,5.1955e-12,64.817,0.00068491,0.013933,22.493,4.1646e-06,5.6646,8.2231e-10,2.1595e-05
603.48,0.061344,4.9428e-11,80.858,12.125,0.00044268,8.1277,3.056e-09,0.0010185,6.1309e-05
485.65,0.00047414,102.48,0.015252,9.9348e-54,2.3044e-40,0.00030354,8.3108e-09,2.2745,1.1365
238.24,98.671,116.26,65.376,7.9422e-118,3.5345e-41,2.0047e-09,3.7782e-09,8.5179e-220,1.3428
222.15,361.26,2.4338,45.899,1.174e-05,9.0241e-05,9.8665,1.2188e-10,5.724e-110,0
136.87,293.21,0.048721,4.6268e-47,5.2278,15.864,6.4775,0.0050838,0.00032704,1.3226
392.36,2.3246,0.11882,60.603,40.86,2.9026e-08,0.18602,1.7819e-09,0.76433,1.8636
8.8694e-31,1.0612e-30,9.3915e-15,1.9449e-15,1.1263e-60,2.3618e-22,2.8291e-22,5.1878,2.1927,1.0944
2.7984e-14,3.5628e-23,114.25,81.944,39.221,7.2644,8.6554e-08,2.4655e-05,3.9621e-06,0.00038859
3.6519,339.01,5.3842,0.17266,34.652,1.5494e-46,1.2318e-05,2.3699,0.008455,0.98542
206.68,2.9293e-07,9.1317e-10,0.019317,34.797,19.803,6.1863e-15,1.7333e-05,2.1646,5.0947e-05
4.3252e-14,2.219e-15,177.52,0.00083731,0.023589,19.663,2.6366e-05,6.6414e-05,2.3919,0.015381
4.5175e-14,368.88,2.1721e-35,55.366,7.4147e-60,2.318e-77,6.7389e-06,0.010665,7.6935e-281,1.1494
800.21,0.046644,142.56,1.4134e-22,15.064,19.036,9.326e-08,1.1632e-08,2.6835e-39,0.16948
22.691,211.58,9.7804e-10,66.797,0.146,9.9089,7.3731,3.1775,4.4386e-08,0.63331
1.7292e-46,1.7006e-50,7.0599e-31,1.2305e-75,2.8824e-15,23.537,11.301,3.1938e-09,2.2136e-36,2.0733e-05
546.54,174.39,6.9715e-31,0.12465,29.166,16.068,5.1739e-11,0.45725,0.01312,0.86052
2.9519e-14,1.5689e-19,6.9341e-16,60.526,28.876,18.754,7.7939,2.4843,0.1414,2.0667e-09
4.7957e-14,6.1624e-18,195.8,6.2815e-51,36.867,4.3693e-09,5.2105,6.1011e-05,6.9941e-39,1.3734e-162
97.356,0.060169,133.3,36.264,2.5152e-42,3.0067e-36,3.9445e-09,4.3846,2.4836,5.6659e-06
6.6559,0.91055,138.34,3.3943e-50,29.991,0.0017055,6.3476,3.1898,0.72459,1.0816
14.23,369.47,3.9934e-07,54.568,0.062232,20.159,3.4535e-08,9.5719e-05,1.723e-36,7.1249e-226
2.0385e-14,8.9631e-15,2.8374e-15,4.9618e-15,2.4872e-20,25.217,1.0973,0.066947,4.0168e-09,1.4695
9.237,1.8725,3.8102e-06,3.0459e-05,44.659,1.2445e-06,11.804,6.4809e-05,1.1171e-113,1.9579e-09
14.709,1.6036e-07,147.6,1.6856e-54,3.4193e-41,8.6123e-05,8.1988e-12,6.306,7.805e-118,0.66771
322.13,5.3183e-05,88.185,24.609,37.529,5.1084,6.9541,1.0455e-10,2.1508,0
3.2563e-14,265.9,1.9367e-05,5.6321e-53,0.00012952,18.614,7.827,3.3835,3.49e-119,6.3474e-189
2.0315e-14,165.88,1.9146e-32,6.4188e-06,1.7157e-09,5.9694e-07,6.0636,5.4125,3.6392e-06,1.2439
596.67,3.2996e-16,0.00019967,4.2719e-42,25.334,15.166,3.7303e-05,4.1298,0.71335,0.00046058
3.8595e-14,315.15,96.588,0.009104,31.462,1.5603e-64,2.6822,1.3276,1.8867,9.759e-81
305.65,146.83,4.3383,0.0028151,2.7937e-49,9.662e-06,9.2606,0.233,2.3975,0.76253
495.99,0.00014013,64.551,77.234,1.9565e-10,2.4611e-06,4.4758e-06,3.9261,0.092706,0.82162
847.66,1.3681e-05,0.043489,61.573,8.1726e-50,1.4275e-69,3.3214e-09,3.2506e-09,1.8036,9.6358e-10
526.31,0.0038155,0.010502,0.0014849,38.242,4.2128e-05,5.2386,3.437,0.12173,0.67908
0.66817,121.1,90.794,72.095,2.6871,14.341,4.992,1.0583e-10,1.8212,0.91054
0.48519,73.933,89.105,0.0045521,49.756,2.5169e-61,7.4115e-09,4.129,3.3376e-194,1.4636e-05
790.02,179.85,21.587,0.033048,1.3417,1.0136,8.5655,5.9372e-05,7.2158e-259,3.5538e-10
9.3974e-15,1.0777e-18,8.0925e-15,1.1609e-80,4.2567e-76,1.1388e-15,12.667,2.6942,1.0227,0.92564
9.9693,1.3638,0.0015899,3.733e-53,49.559,0.0018464,4.9217,3.2469,2.2557,1.517e-07
1.5223e-14,9.401e-15,2.0882e-46,49.386,17.773,11.519,1.107,6.3754,0.014083,0.42075
556.28,196.77,22.905,2.0943e-56,26.992,0.060315,4.5194e-05,6.0343,1.2689e-39,0.00010798
3.3466e-14,1.5031e-14,183.67,3.3404e-59,3.9381e-06,16.494,5.1857,2.7526,9.5307e-122,0.17212
87.756,2.8325e-06,9.5258e-37,72.493,0.010049,22.677,4.8372e-09,0.0087239,2.5476,0.0031219
829.79,1.1761e-06,7.2584e-11,0.086033,37.322,7.309,9.1387e-15,1.9687e-05,0.23771,0.00039164
1.9936e-14,162.79,81.335,75.168,2.0795,20.087,0.063425,3.1334,0.58598,1.9658e-09
425.55,269.88,1.0458e-10,0.081191,28.618,0.75717,7.2242,0.0059623,0.62556,0.73453
284.32,129.21,2.449e-36,54.589,18.509,8.0885e-06,5.0646e-06,4.9476,1.5419,0.74538
723.55,0.10396,141.46,18.396,2.9721e-82,6.3206e-11,5.2503e-09,2.5542e-06,1.9694,0.0025903
235.53,0.00012573,124.46,0.00058135,0.00045741,12.859,10.395,0.0078759,6.6636e-38,0.88754
753.25,9.8849e-09,0.11751,0.0022238,0.040312,2.4399e-08,4.0985e-06,2.0936e-09,1.0054e-10,1.4797
5.7061e-31,5.2965e-35,2.3297e-15,1.4115e-73,2.9305e-15,24.397,2.9705e-05,2.7355,2.2395,0.00018067
2.2279e-15,2.6158e-19,9.0961,70.977,0.029736,1.5662,10.857,4.2687,8.6439e-156,2.4274e-05
678.02,0.048044,2.6965e-05,3.1492e-34,15.754,1.6126e-51,10.758,2.8301e-08,1.9392,0.011996
59.748,324.7,73.941,1.1335e-06,8.363e-44,15.335,0.38747,3.2514,0.81603,0.65226
486.07,40.816,60.804,59.064,43.144,3.5273e-76,5.189e-07,0.014727,0.88886,0.047561
520.98,119.08,105.66,0.002108,0.00018846,13.187,7.9956e-06,3.9079,1.636,1.9841e-09
3.972e-14,324.34,15.454,1.3875e-33,15.164,2.8725e-05,10.267,9.0694e-09,1.8628,0.00041077
3.0476e-14,248.86,174.63,1.532e-41,3.3343e-90,9.4568e-45,0,0.0021269,2.245,0.00022692
390.39,0.06516,206.3,0.0010911,0.0026771,6.6987e-72,3.8805,0.0077885,0.66405,0.89174
234.46,139.86,3.4633,63.956,4.6748e-73,22.024,6.7173,2.1296e-05,2.3206e-08,2.2566e-05
1.1979,302.54,0.0041004,1.1974e-05,3.3683e-61,1.1738e-06,2.9604,6.755,6.4604e-40,0.00029471
3.0124e-16,2.4598,118.2,5.564e-48,50.129,0.00061584,4.2023e-08,0.013417,1.2849,0.61235
621.67,163.66,0.00022391,0.00082439,22.356,7.8836e-47,5.5955e-06,0.16053,1.7854,1.0445
187.49,99.523,45.919,27.033,52.009,4.2024,5.1893,0.014593,0.0443,0.62097
2.7228e-15,22.233,0.014313,100.27,1.8602e-125,9.5641,0.00013412,3.8007,1.1007e-93,1.2227
6.0491e-15,2.0401e-14,6.6906e-15,1.5333e-24,50.187,17.307,5.7229,3.7692e-05,0.0029038,9.0182e-07
3.5024e-18,5.1419e-16,1.2526e-14,102.3,3.1505e-10,3.3012e-05,1.0753e-05,3.3878e-09,2.5315,0
809.14,4.7763e-05,6.2387e-34,1.3208e-58,3.7357e-89,7.7504e-32,0,4.9114,0,1.8955e-09
30.783,310.31,0.004271,1.889e-06,48.373,1.7251e-06,4.8562,5.9811e-05,4.8498e-117,2.2292e-08
182.11,36.099,166.16,46.079,0.00035351,9.4772,0.14577,3.4625,1.9089e-131,0.79771
3.2057e-14,261.77,28.466,105.56,19.917,5.4649e-84,3.2104e-08,0.005822,2.363e-93,2.6309e-05
92.645,189.54,0.11698,34.605,1.913e-49,12.749,3.333e-06,0.020313,2.9549,0.781
1.9952e-14,162.92,91.218,1.2934e-21,18.158,22.625,7.3629,0.00063695,0.0022266,0.15009
480.68,418.1,4.357,7.4329e-55,1.1179e-05,12.111,4.5726e-06,6.4904e-10,1.5726e-107,0.0094183
0.59745,28.335,71.711,94.898,1.1364e-05,8.3542e-05,10.659,1.2218e-09,1.606e-107,0
767.45,0.0004761,0.00016638,0.0028438,0.00011696,15.973,7.1158,3.0507e-05,3.514e-05,1.4134e-05
2.017e-30,1.647e-14,1.5529e-16,67.255,24.334,0.00024162,5.9269,3.1272,2.2594,0.011273
3.8686e-14,1.7704e-14,214.12,76.956,1.1271e-60,2.8413e-77,3.1771e-06,3.8806e-10,0.0024856,1.5977e-09
543.26,0.027249,16.72,42.026,4.4177,15.037,7.2636,2.6938,3.2523e-126,0.74677
459.96,0.00010046,48.203,0.052807,1.3995e-10,24.739,5.637e-15,1.7556,0.09167,0.81244
162.12,116.79,92.344,0.017301,18.38,10.384,8.0906e-09,1.8052e-08,3.3026,0.00010184
3.2149e-14,1.6493e-15,131.95,0.00062236,25.887,12.96,2.1919e-05,5.628e-05,1.9885,0.88221
406.2,41.98,5.8253e-05,43.94,26.697,1.261e-05,10.128,3.2069,0.2352,4.4207e-06
491.43,220.55,123.65,0.00044043,2.9842,10.309,5.3012,1.4064e-09,1.9158,0
0.037137,0.04429,124.83,86.388,8.5984e-45,16.02,6.3802e-06,1.4652e-05,2.3201e-129,0.76225
295.55,134.31,115.41,0.00074636,22.704,2.8355e-05,6.2107,0.0062643,2.0488,0.87545
281.2,182.47,2.6793e-12,0.00038963,14.75,14.768,11.412,4.4307e-09,1.3859,3.1834e-08
2.6516e-14,216.52,2.0415,1.4649,23.043,0.00020697,5.0769,2.6788,1.9354,1.0752
451.03,2.4238e-05,121.72,50.993,6.8319e-50,3.8003e-06,6.7725,4.2117,0.047708,0.064334
459.03,257.74,1.7459,59.158,4.7298e-41,18.024,1.4217e-08,1.395,1.1567,0.69647
1.4319e-30,1.1692e-14,4.0335e-15,57.997,32.148,24.34,3.1224e-06,0.00010172,3.8407e-115,1.6891e-236
1.3869e-14,113.25,172.4,59.514,4.7224,8.7575e-53,7.5422,0.011343,0.00035654,0.61108
9.4249e-16,7.696,0.0012053,1.1827e-48,41.677,8.5132,5.5995e-05,2.0248e-10,2.2471,0.91314
5.3968e-14,440.69,4.2097e-10,2.7339e-65,6.2539e-52,3.641e-76,1.6667e-06,4.2182,9.2075e-184,0.87022
335.63,188.45,1.2765,41.4,7.8418e-44,13,1.0254e-08,5.3519,2.3312e-39,0.87616
7.8971e-15,64.485,142.88,72.071,8.3737e-05,0.00054272,9.6526e-08,3.9692e-05,2.2038,0.59372
26.357,0.0053514,210.58,1.1317e-34,20.447,8.7121e-52,1.6568e-07,4.0358,4.9688e-41,1.1396e-81
318.59,0.26001,80.959,0.00058031,27.118,1.0631e-06,5.6872,5.912,0.007715,2.7383e-07
39.284,174.62,99.953,54.779,32.224,11.058,4.207e-06,3.8471,1.9224e-267,2.5148e-155
2.1796e-16,2.146e-14,3.7618e-27,5.9281e-18,43.809,0.71164,8.2459,4.1347,0.019666,0.32852
408.08,5.8495e-06,1.6863e-34,61.845,3.225e-49,12.371,0.62619,2.4904,2.2601,0.65708
15.264,0.0025478,6.2123,3.4389e-05,2.7098e-51,22.928,4.0574,0.0052505,2.2173,0.84671
2.3909e-30,1.9523e-14,3.5658e-16,8.0112e-18,1.1695e-70,4.5935e-19,2.7687e-18,3.1328e-22,2.4926,1.6064
439.04,233.05,107.53,63.301,8.092e-50,4.2116,5.3219,0.014664,0.044514,0.62398
1.0678e-32,8.8464e-32,7.2368e-16,5.9093,5.4718e-44,1.3505e-06,2.4493e-07,6.6815,2.2515,0.00019612
1.8849,174.98,3.0035,0.089122,17.887,23.991,2.3279e-05,2.4102,0.0080374,0.914
6.7081,0.91769,139.42,2.0144e-51,30.458,0.0017245,6.4184,3.2254,2.2393,0.00026336
2.0097e-30,1.641e-14,5.6079e-16,67.156,0.01771,14.717,14.025,0.00020395,8.6806e-186,0.01599
468.92,273.2,16.978,0.0019432,6.3358,0.3705,8.7166,3.563,1.2233e-170,1.7908e-05
757.14,203.7,5.7376,0.0027288,7.6236,1.1536e-76,3.5441e-06,3.2249,1.6272,1.6545e-05
0.040539,218.16,83.81,61.769,33.456,0.00059529,3.8259e-06,0.00013754,3.0491e-06,1.1436
29.628,0.0033879,91.634,54.792,32.054,15.717,1.6906e-08,4.1348e-09,8.603e-123,0.92282
5.3073e-14,433.37,1.685e-29,0.090972,4.4094e-96,9.5565e-45,0,0.0021493,2.2687,0.00022931
3.7194e-14,303.71,1.385e-35,45.196,32.026,10.886,7.4678,1.6869e-09,1.0623e-35,0.00022916
3.5792e-14,1.4652e-14,188.86,2.8529e-57,8.0723e-61,2.6923e-38,11.62,2.5681e-10,1.7295e-148,1.6058e-09
6.2865,123.05,3.4246e-31,1.913e-51,1.021e-49,7.2391,13.225,4.1323,0.0056548,0
2.5222e-14,205.95,120.64,1.8879e-05,26.798,3.6202e-05,4.0858e-06,4.0826,1.7267e-137,0.99921
644.34,26.371,1.1832e-27,1.9864,38.094,9.6227e-39,0.14851,5.6651e-06,3.2066e-136,1.0155
0.054359,370.45,185.33,0.024042,0.50844,0.00037152,3.6022,3.0876e-09,5.2365e-41,1.745e-05
76.375,344.19,70.941,0.0013041,6.8277e-11,7.1697e-09,6.7181,1.6196,1.034e-93,1.1005
543.85,239.13,12.694,77.969,0.00048182,1.2389,5.4916,3.4522,9.291e-08,0.17016
1.4389e-30,1.1749e-14,1.7707e-25,1.5406e-58,23.985,14.623,1.2573e-05,5.7748,1.5221,0.00023036
2.5138e-14,4.5277e-18,1.1851e-16,51.327,18.571,0.0001844,6.4041,2.6652,1.9256,1.0698
3.1316e-14,255.71,188.09,27.809,5.7531e-151,1.9059,7.3657e-09,0.37722,1.083e-226,0.8431
16.577,324.48,7.2895e-30,6.2919e-47,23.307,22.014,2.5634,1.5461,0.0056864,0
2.5861,246.86,31.556,63.994,0.002103,3.7931e-06,7.2063,1.2837e-05,1.5393,0.8403
406.28,57.252,116.97,1.0582e-21,32.061,5.6789e-90,10.748,9.5159e-09,0.004227,0
501.89,121.71,213.69,1.8189e-51,24.348,3.67e-08,3.1866,2.2385e-09,1.842,4.2265e-109
429.18,59.11,0.00015867,92.584,0.056109,0.0020121,3.8296e-08,2.9314,2.2405,0.00046992
905.8,11.523,38.592,1.0816e-47,1.4603e-44,0.0042462,2.255e-06,2.1677,1.325,0.63147
4.3149e-14,6.3507e-22,5.2974e-51,4.6979e-15,1.2048e-18,29.203,5.8641,3.4054,5.4416e-09,0.16792
470.61,52.25,6.7703e-05,38.695,3.2757e-66,7.2384e-06,6.7013,3.3418,0.18986,1.2198
0.062094,236.82,37.819,60.73,1.0656e-42,0.00031283,1.3238,3.8353,2.2857,0.39514
144.77,236.82,89.848,37.071,1.0085e-65,11.519,3.4774e-05,5.6121,2.12e-35,0.0016356
275.09,160.27,10.668,0.062196,0.61877,0.21544,5.0687,0.049568,6.3726e-171,1.707
29.422,194.53,1.8162,7.7086,1.4746e-78,14.241,5.3824,1.9746,1.9346,1.0747
4.4495,5.3236,129.48,0.00037759,0.0002011,9.6195,6.8009,3.6892,2.1737,3.2539e-18
576.7,0.00035877,112.75,14.662,2.3689e-82,16.595,2.9168e-06,3.0595e-09,1.9308,0.00030892
372.3,215.18,15.313,0.00059759,34.108,14.65,2.7902e-06,3.3015,1.7118,2.076e-09
94.35,2.0825e-11,98.44,0.0010653,6.8342e-42,16.084,5.0654e-05,4.8477,4.0827e-07,1.0699
0.03633,0.043326,122.11,84.509,8.4113e-45,15.671,2.9538e-06,1.4333e-05,1.6374,3.7082e-09
71.27,40.191,56.769,0.00026516,14.826,8.0646,6.5202,0.0049402,3.1041,0.56327
16.714,175.92,2.9008e-30,0.0041553,45.419,11.452,7.4295e-09,4.139,0.0025028,9.4192e-06
45.531,153.75,106.97,38.904,51.871,4.7009e-05,3.6881e-06,0.016056,2.396e-142,7.6674e-136
32.729,8.4301,110.72,48.511,5.4911e-134,3.0982e-06,9.8665,0.00010141,1.5522,0.84734
477.98,193.34,111.68,73.184,23.66,1.5819e-55,1.482e-06,0.68789,1.8627e-47,0.006784
3.759e-14,2.8973e-19,7.5004e-19,76.736,36.777,4.4662e-05,5.5194,2.5896,0.12175,0.67923
402.02,103.55,1.1231e-27,47.956,9.922e-198,1.3472e-05,13.118,1.0361,7.628e-46,0.0026044
3.3407e-30,3.8762e-34,1.3639e-14,111.37,0.045131,16.771,0.0005497,0.00064012,1.0138e-133,0.006769
422.52,0.02731,3.8636e-40,14.476,0.64596,9.1609e-39,0.60852,4.115,3.0119,1.5364e-142
398.7,0.0014274,2.1882,67.786,32.644,15.28,0.74059,0.49166,0.085655,0.61199
3.3262e-30,3.9054e-34,1.358e-14,110.89,0.044936,2.4419,0.00047066,4.2265,2.9629e-141,0
53.428,108.43,4.9721,39.262,3.9084e-45,7.2511,3.4223e-07,2.4729,0.23554,1.8069
780.77,179.89,0.045973,0.046896,0.0001936,15.925,9.6557e-06,8.3125e-06,1.6908,2.0505e-09
3.5253e-14,5.2827e-19,3.9599e-16,5.4502e-15,57.254,1.4551e-08,4.4453e-08,0.014896,0.0016457,1.8464
250.99,149.7,40.742,37.252,10.949,18.313,1.1022,0.066489,1.8845e-08,1.5002
6.3741e-16,5.2049,104.46,8.2822e-06,2.4199e-41,9.4098,2.5935e-12,5.5004,2.0511,0.67976
1.1314e-14,1.3537e-14,119.8,3.1147,7.9079e-42,1.5687e-05,5.5332,3.3664,1.8574,1.1009
336.59,409.88,4.2672e-36,0.0010383,6.4156,2.1369e-05,6.5303e-06,0.18165,1.513,0.74046
4.4564e-14,6.3161e-23,181.95,0.068022,32.734,6.4106,8.0153e-15,1.8358e-05,1.8735,0.00038674
409.3,213.25,0.00010364,49.007,0.00015551,14.903,3.7602,3.291e-09,2.7138,0.013095
79.979,163.62,0.10099,29.874,5.1752e-43,11.18,2.8966e-06,3.1587,3.1944,0.013694
5.378e-14,1.8193e-20,3.1687e-33,109.79,2.954e-67,3.2148e-06,1.4662,4.3292e-05,1.6774e-05,1.0877
2.2837,4.6896,89.689,62.842,6.2558e-45,11.606,2.1875e-06,3.9581,1.4905,0.99359
756.55,0.00016524,77.49,0.0014245,7.4281e-10,7.8315e-09,7.3383,1.7691,0,0.81846
15.615,18.408,126.56,38.988,3.3653e-49,7.3543e-94,4.6045,6.4916,0.012859,0.014296
186.39,0.00012515,207.97,6.2229,3.2194e-64,1.2074e-06,1.878e-78,3.8154e-05,2.2894,4.7381e-07
513.3,267.26,105.16,0.009798,31.005,4.2185,4.2485,0.01567,0.0016253,0.010738
7.9388e-15,64.825,98.684,7.1253,25.989,5.9357e-53,5.112,0.007688,0.0049859,1.5468
2.6478e-14,216.21,29.321,56.106,0.00018154,0.00051318,6.2164,5.5865,6.3834e-111,6.3347e-189
504.24,112.76,3.5677e-31,0.015443,0.00012439,10.233,6.2042e-06,5.3411e-06,1.1723,1.7008
1.1477e-14,93.716,1.4353e-31,23.987,10.969,5.7489,13.854,0.47656,4.3998e-08,0.87024
501.56,0.064991,5.6325e-30,38.509,2.7402e-44,7.2639e-94,4.7722,6.5043,0.012862,0.014299
363.05,189.03,201.83,0.011068,8.4412e-50,4.0101,5.3895,0.015221,0.0018223,0.010416
5.0561e-14,412.86,1.3208e-30,8.6821e-53,1.4759e-05,14.808,7.8687e-05,0.45823,0,0.86236
2.7166e-14,1.3972e-19,5.1342e-23,55.456,2.3164e-06,25.023,0.00096428,4.5466,0.14253,0.16017
837.06,0.10853,1.9086e-35,62.282,0.037829,12.146,7.8303e-06,1.5365e-09,1.0566e-35,0.00022791
3.0393e-14,248.18,59.715,0.12161,19.282,1.1744,1.3923e-06,1.1461,1.0023e-103,1.6675
10.08,0.0015321,90.421,62.993,2.3046,1.7041e-51,4.5564e-12,4.5378,7.9771e-75,1.4084
623.69,134.86,4.7567,44.435,0.0018473,19.139,0.32358,2.6684,1.5524e-113,0.00044444
519,141.39,5.6979,0.00069403,43.533,9.1374e-47,6.4853e-06,0.18606,2.0694,8.3939e-05
9.1593e-18,1.0737e-23,1.1903e-14,1.4869e-19,48.6,3.5352,0.00036108,5.5808e-06,2.9178,4.966e-09
504.15,108.26,94.599,0.0020775,38.058,1.1988e-76,3.6831e-06,3.3514,1.691,1.7195e-05
5.3985,2.3399e-19,54.173,6.7947e-44,2.609e-41,8.5323,4.8396e-12,3.6292,1.3129,1.6704
1.7666e-14,144.25,98.345,4.407e-08,25.179,13.946,6.7694,0.0098445,2.2331,0.00014621
542.02,238.32,12.652,77.707,22.845,1.3223,5.9922,1.243e-09,9.1241e-08,6.1481e-08
400.58,232.02,8.5448e-28,65.996,4.2309e-10,0.0016444,3.9032,0.00023726,2.1115,0.51654
538.71,0.075392,151.41,3.7401e-60,37.88,3.3293,3.674,7.1531e-06,3.9415e-111,0
2.1223e-14,3.7536e-15,5.3361e-16,1.6096e-73,23.081,0.12741,1.0055e-06,3.9124,8.8206e-122,1.598
4.1346e-14,2.4431e-20,1.5797e-24,84.404,37.828,2.248e-05,1.6693e-08,4.0828e-09,8.4948e-123,0.97724
5.7048e-14,465.84,0.031348,0.00052239,0.045585,1.2041,4.5623,3.4422,6.4583e-40,0.00012407
469.36,64.643,0.00017352,102.25,4.5206e-68,0.0022164,4.2183e-08,3.229,1.8245e-32,0.00049898
