1.1726,1.1136,0.99257,0.85565,0.75518,0.72952,0.78849,0.90955,1.0465,1.1469
1.0994,1.1322,1.0958,1.0041,0.89217,0.80269,0.76989,0.80628,0.89798,1.0099
1.0437,1.1507,1.1814,1.1242,1.0008,0.85845,0.75144,0.72067,0.77791,0.90128
0.87562,1.034,1.1607,1.2073,1.156,1.0265,0.86812,0.74143,0.69481,0.74607
0.74745,0.85581,1.0005,1.1264,1.1852,1.1547,1.0463,0.90156,0.77573,0.71687
0.74581,0.78251,0.88359,1.0104,1.1146,1.1563,1.1196,1.0185,0.89168,0.78751
0.75481,0.70626,0.75122,0.8725,1.0238,1.1473,1.1958,1.1509,1.0296,0.87832
0.88351,0.76121,0.71142,0.75317,0.8705,1.0186,1.1409,1.1907,1.1489,1.0316
1.0193,0.86963,0.75107,0.70891,0.75923,0.88283,1.0325,1.151,1.1932,1.1429
1.1507,1.0206,0.86391,0.74049,0.69751,0.75137,0.8815,1.0382,1.1616,1.2046
0.24308,0.75645,1.3441,1.7817,1.902,1.659,1.1457,0.55797,0.12042,0.00014176
1.8457,1.4484,0.8611,0.30817,0.00080778,0.056406,0.45373,1.041,1.5939,1.9013
0.41001,0.03123,0.0037883,0.33817,0.90665,1.4921,1.8709,1.8983,1.5639,0.99546
0.17823,0.00083388,0.18639,0.66403,1.2513,1.7239,1.9013,1.7157,1.2381,0.65081
1.8915,1.8625,1.4853,0.90405,0.34078,0.010609,0.039661,0.41683,0.99806,1.5613
0.51573,1.0935,1.6168,1.8858,1.7978,1.3864,0.80866,0.28532,0.016275,0.10428
1.4426,0.85581,0.30545,0.0016915,0.060556,0.45956,1.0463,1.5967,1.9004,1.8416
1.505,1.881,1.9018,1.5594,0.98466,0.39707,0.021089,0.00032167,0.3427,0.91745
1.8432,1.9019,1.5974,1.046,0.45835,0.058872,0.00018205,0.30469,0.85609,1.4438
0.01317,0.034405,0.40577,0.98542,1.5519,1.8889,1.8677,1.4963,0.9167,0.35018
0.92607,0.42265,0.12107,0.13652,0.46309,0.97604,1.4795,1.781,1.7656,1.439
0.24335,0.46547,0.87306,1.3104,1.6106,1.6588,1.4366,1.0291,0.59167,0.29156
1.052,1.463,1.6785,1.6161,1.2997,0.85008,0.43907,0.22363,0.28603,0.60246
1.3727,1.5181,1.4469,1.1863,0.83584,0.52942,0.38405,0.45526,0.71584,1.0663
1.5591,1.4043,1.0764,0.70066,0.42054,0.34305,0.4978,0.82568,1.2014,1.4816
0.42988,0.392,0.56766,0.88976,1.2353,1.4722,1.5101,1.3345,1.0124,0.66684
1.1423,0.78663,0.49379,0.37561,0.47724,0.75985,1.1155,1.4083,1.5265,1.4249
1.4536,1.1131,0.71079,0.40023,0.30006,0.44855,0.78898,1.1913,1.5019,1.6021
0.6559,0.43641,0.4135,0.59592,0.91398,1.2462,1.4657,1.4886,1.3062,0.98813
0.76928,1.1322,1.426,1.5383,1.4263,1.1328,0.76989,0.47615,0.3638,0.47577
0.49595,0.78251,1.1334,1.4147,1.5189,1.4062,1.1196,0.76866,0.48739,0.38323
0.99806,1.2518,1.3907,1.3616,1.1757,0.90405,0.65031,0.51145,0.5405,0.72637
1.348,1.3353,1.1759,0.93058,0.69309,0.55413,0.56678,0.72621,0.97153,1.209
1.1831,0.63052,0.20039,0.056991,0.25509,0.71903,1.2716,1.7017,1.8451,1.647
0.51256,0.58522,0.79762,1.0686,1.2947,1.3896,1.3169,1.1045,0.83349,0.60739
0.9272,0.6705,0.52097,0.53572,0.70911,0.97491,1.2316,1.3811,1.3664,1.193
1.553,1.5838,1.3729,1.0009,0.60989,0.34916,0.31833,0.52918,0.90117,1.2922
0.68896,0.2493,0.07768,0.23966,0.67337,1.2131,1.6528,1.8244,1.6625,1.2287
0.23429,0.3076,0.62669,1.0697,1.4673,1.6678,1.5945,1.2754,0.83244,0.43476
0.5004,0.92107,1.3532,1.6317,1.6502,1.4017,0.98105,0.54893,0.27041,0.25187
1.6057,1.1136,0.55948,0.1549,0.054423,0.29643,0.78849,1.3426,1.7472,1.8477
1.6384,1.8057,1.6465,1.2218,0.69357,0.26374,0.096439,0.25557,0.68036,1.2085
1.3933,1.1986,0.9093,0.63596,0.48297,0.50877,0.70351,0.99281,1.2662,1.4191
1.2658,1.6464,1.7614,1.5668,1.1371,0.63626,0.25571,0.14075,0.33531,0.76505
0.99252,0.95607,0.9177,0.89208,0.88898,0.90959,0.94604,0.98441,1.01,1.0131
1.2615,1.0128,0.74051,0.54864,0.51047,0.64059,0.8893,1.1616,1.3535,1.3916
1.7829,1.5918,1.1559,0.64173,0.24576,0.11918,0.31036,0.74626,1.2604,1.6564
0.29993,0.67244,1.1514,1.5538,1.726,1.6022,1.2297,0.75074,0.34832,0.17613
0.46342,0.27773,0.34923,0.6506,1.0667,1.4387,1.6244,1.5529,1.2515,0.83537
1.2136,1.4413,1.4817,1.3195,1.0165,0.68852,0.46083,0.42039,0.58264,0.88562
0.87887,0.52179,0.32868,0.37329,0.63859,1.0232,1.3803,1.5734,1.5288,1.2635
0.57693,0.73125,0.96953,1.2008,1.3366,1.3252,1.1709,0.93258,0.70136,0.56551
1.3976,1.6722,1.6713,1.3953,0.94965,0.50452,0.22995,0.23082,0.5068,0.95247
0.66612,0.91745,1.1816,1.3577,1.3785,1.236,0.98466,0.72049,0.54439,0.52363
1.7262,1.6558,1.3162,0.83717,0.40164,0.17596,0.24635,0.58591,1.0649,1.5005
0.55543,0.26536,0.2372,0.48171,0.90549,1.3467,1.6368,1.6649,1.4204,0.99662
1.2423,1.3161,1.2505,1.0705,0.84484,0.65978,0.58597,0.65161,0.83163,1.0573
1.3239,0.94899,0.5749,0.34449,0.34576,0.57824,0.95313,1.3272,1.5576,1.5563
0.91984,1.2878,1.5271,1.5464,1.3383,0.98227,0.61436,0.37505,0.35576,0.56385
0.58201,0.45669,0.5202,0.74829,1.0538,1.3201,1.4454,1.3819,1.1538,0.84829
0.20163,0.12605,0.36559,0.82876,1.3386,1.7005,1.7761,1.5365,1.0734,0.56347
0.74141,1.2123,1.5835,1.7131,1.5516,1.1607,0.68976,0.31863,0.18906,0.35055
1.3545,1.2515,1.0337,0.7843,0.59863,0.54757,0.65063,0.86844,1.1178,1.3035
1.54,1.2578,0.85839,0.4944,0.30484,0.36211,0.64434,1.0437,1.4077,1.5973
0.31111,0.03123,0.10269,0.4982,1.0667,1.591,1.8709,1.7994,1.4039,0.83543
0.38769,0.62239,0.98263,1.3308,1.5339,1.5144,1.2797,0.91948,0.5713,0.36817
0.77361,0.62046,0.59359,0.70326,0.90758,1.1285,1.2817,1.3085,1.1989,0.99454
1.3404,0.86551,0.42329,0.18266,0.23553,0.56171,1.0366,1.4788,1.7195,1.6666
0.83996,1.1125,1.3234,1.392,1.2923,1.0622,0.78962,0.57875,0.51009,0.60986
0.87942,0.95954,1.0364,1.0807,1.0754,1.0227,0.94258,0.8657,0.82143,0.82667
1.1709,1.3241,1.3348,1.199,0.96843,0.73124,0.57801,0.56728,0.70313,0.93369
0.38983,0.93784,1.4909,1.8378,1.8459,1.5123,0.96427,0.41122,0.064363,0.056195
0.37007,0.52032,0.8351,1.1942,1.4604,1.532,1.3818,1.067,0.70795,0.44174
1.4796,1.6674,1.5815,1.2549,0.81216,0.4225,0.23472,0.32057,0.64723,1.0899
0.85517,0.83031,0.85157,0.91084,0.98546,1.0469,1.0718,1.0505,0.99128,0.91665
1.0476,0.81933,0.64138,0.58171,0.66312,0.85451,1.0828,1.2607,1.3204,1.239
1.703,1.4559,1.016,0.55132,0.23931,0.19916,0.44621,0.88609,1.3508,1.6628
1.0498,0.46532,0.066389,0.0053761,0.30558,0.85234,1.4368,1.8357,1.8967,1.5965
0.60123,0.6046,0.7403,0.95651,1.1706,1.3009,1.2975,1.1618,0.9456,0.73148
1.4802,1.4532,1.2344,0.90733,0.59701,0.42192,0.44895,0.66776,0.99478,1.3051
1.1913,1.6619,1.861,1.7125,1.2732,0.71085,0.24023,0.041132,0.18959,0.6289
1.1288,0.67441,0.32571,0.21587,0.38685,0.77334,1.2277,1.5764,1.6862,1.5153
1.4597,1.0362,0.58018,0.26582,0.21319,0.44241,0.86591,1.3219,1.6363,1.6889
1.7268,1.3014,0.74222,0.26276,0.046215,0.17528,0.60067,1.1599,1.6393,1.8559
1.3876,1.4562,1.3318,1.062,0.74985,0.51453,0.44594,0.57029,0.84008,1.1523
1.2637,1.0865,0.85751,0.66426,0.58056,0.63838,0.81563,1.0446,1.2379,1.3216
1.6886,1.7489,1.5044,1.0485,0.55546,0.21349,0.15324,0.39773,0.85357,1.3467
0.96322,1.1481,1.2577,1.2502,1.1284,0.93889,0.75401,0.64438,0.6519,0.77368
0.82711,0.5496,0.42543,0.50203,0.75015,1.075,1.3525,1.4767,1.4001,1.152
1.0769,1.3697,1.5026,1.4248,1.1661,0.82522,0.53244,0.39955,0.47732,0.73605
1.5881,1.1816,0.68695,0.29324,0.15078,0.31401,0.72056,1.2152,1.6089,1.7513
0.39703,0.79331,1.2498,1.5923,1.6897,1.5051,1.1088,0.65227,0.30986,0.21237
0.62211,1.0116,1.378,1.5813,1.5439,1.28,0.8905,0.52412,0.32082,0.35825
0.94574,0.75645,0.6415,0.64478,0.76506,0.95638,1.1457,1.2606,1.2573,1.1371
0.67064,0.83852,1.0494,1.2227,1.2922,1.2315,1.0636,0.85273,0.67942,0.60987
0.61075,0.69409,0.87559,1.0859,1.2447,1.2914,1.208,1.0265,0.8162,0.65739
0.72451,1.034,1.3118,1.4518,1.4006,1.1776,0.86812,0.59031,0.4503,0.50156
0.69382,0.60546,0.64911,0.80809,1.0217,1.2083,1.2966,1.253,1.094,0.88043
1.4907,1.6072,1.4731,1.1396,0.73406,0.41143,0.29492,0.42903,0.76254,1.1681
0.3259,0.21026,0.37758,0.76395,1.2218,1.5762,1.6919,1.5245,1.1382,0.68033
1.0503,0.75645,0.53698,0.47567,0.59594,0.85186,1.1457,1.3651,1.4264,1.3062
1.6629,1.3347,0.85988,0.41991,0.18282,0.23916,0.56743,1.0422,1.4822,1.7193
0.97966,1.0363,1.0604,1.0428,0.99006,0.92246,0.86577,0.84167,0.85934,0.91205
1.1239,0.92253,0.73208,0.62528,0.64291,0.77824,0.97958,1.17,1.2768,1.2592
1.1656,1.5205,1.6579,1.5253,1.1734,0.7365,0.3816,0.24422,0.37682,0.72876
0.3497,0.37961,0.62779,0.99945,1.3526,1.5524,1.5225,1.2743,0.90266,0.54949
1.2522,1.2314,1.1035,0.91741,0.74412,0.64988,0.67068,0.79857,0.98471,1.158
1.5622,1.8625,1.8146,1.437,0.87368,0.33996,0.039661,0.087481,0.46516,1.0284
1.1361,0.85862,0.61647,0.50212,0.55925,0.76603,1.0435,1.2856,1.4,1.3429
0.98856,0.53677,0.24322,0.22004,0.47609,0.91356,1.3653,1.6589,1.6821,1.426
1.3725,1.0935,0.76011,0.49964,0.41161,0.52962,0.80861,1.142,1.4025,1.4905
1.6677,1.524,1.1615,0.71863,0.36453,0.23446,0.37811,0.7406,1.1835,1.5376
1.2681,1.4303,1.4094,1.2135,0.91732,0.63404,0.47185,0.4927,0.68863,0.9848
1.0208,0.92606,0.84082,0.79769,0.81314,0.88127,0.97606,1.0613,1.1044,1.089
1.4907,0.95771,0.42216,0.088628,0.084513,0.41139,0.9444,1.48,1.8135,1.8176
0.076518,0.00083388,0.2881,0.8286,1.4159,1.8256,1.9013,1.614,1.0735,0.48625
0.47978,0.37357,0.48795,0.77921,1.1361,1.4223,1.5285,1.4142,1.1229,0.766
0.13897,0.18991,0.53157,1.0335,1.5039,1.7631,1.7122,1.3705,0.86865,0.39823
1.3023,1.7509,1.894,1.677,1.1826,0.59982,0.15119,0.0080841,0.22516,0.7195
1.3749,1.7479,1.8165,1.5546,1.0621,0.52723,0.15424,0.085605,0.34755,0.84001
1.7735,1.4484,0.93327,0.42496,0.11759,0.12858,0.45373,0.96884,1.4772,1.7845
0.21892,0.20251,0.47202,0.9245,1.3871,1.6832,1.6996,1.4301,0.97761,0.51499
0.84239,0.64022,0.55678,0.62395,0.81605,1.0597,1.2619,1.3453,1.2782,1.0861
0.52715,1.0038,1.4603,1.7222,1.6897,1.375,0.89834,0.44185,0.17986,0.21245
1.6266,1.6016,1.3282,0.91065,0.50856,0.2755,0.30047,0.57395,0.99147,1.3935
1.0696,1.0594,1.0078,0.93454,0.86757,0.8325,0.8427,0.8943,0.96758,1.0345
0.59119,0.80369,1.0725,1.2949,1.386,1.3109,1.0984,0.82964,0.60723,0.51615
1.4497,1.3191,1.048,0.73982,0.51235,0.45246,0.58301,0.85414,1.1623,1.3898
1.0834,1.2301,1.2702,1.1884,1.0159,0.81868,0.672,0.6319,0.71372,0.88618
0.65838,1.1133,1.5062,1.6871,1.5868,1.2437,0.78883,0.39589,0.215,0.31527
0.78449,0.43235,0.27834,0.38129,0.70186,1.1176,1.4698,1.6238,1.5208,1.2002
1.2115,0.8797,0.57513,0.41415,0.45825,0.69059,1.0224,1.327,1.488,1.4439
1.5803,1.814,1.7181,1.3292,0.79585,0.32179,0.08809,0.18401,0.57292,1.1063
0.42598,0.47821,0.71104,1.0356,1.3278,1.4761,1.4239,1.1911,0.86656,0.57432
0.83748,0.31315,0.032481,0.10268,0.49693,1.0646,1.589,1.8696,1.7994,1.4052
1.249,0.73174,0.29821,0.11405,0.2496,0.65308,1.1704,1.6039,1.7881,1.6525
0.80361,1.0029,1.1824,1.2735,1.2415,1.0985,0.89924,0.71976,0.62863,0.66066
0.87975,1.0894,1.2462,1.2903,1.2048,1.0224,0.81269,0.65587,0.6118,0.69731
1.2546,0.82992,0.45152,0.26393,0.33879,0.64752,1.0722,1.4506,1.6382,1.5633
0.56514,0.36278,0.38512,0.62363,0.9872,1.337,1.5393,1.517,1.2785,0.91491
0.81998,0.95317,1.0856,1.1666,1.1653,1.0821,0.94894,0.81656,0.73555,0.73685
0.82928,1.2603,1.5732,1.6485,1.4574,1.0728,0.64178,0.32887,0.25361,0.44475
1.4745,1.2897,0.97558,0.65205,0.44273,0.42758,0.61237,0.92654,1.2501,1.4594
0.48854,0.6563,0.93665,1.2225,1.4047,1.4136,1.2458,0.96546,0.67961,0.49744
1.2233,1.1022,0.92342,0.75519,0.66177,0.67885,0.7999,0.97869,1.1469,1.2403
0.83397,0.76071,0.76016,0.83253,0.95016,1.0681,1.1414,1.142,1.0696,0.95195
1.7221,1.8443,1.6254,1.1488,0.59679,0.18005,0.057803,0.27675,0.75327,1.3053
1.7636,1.7739,1.47,0.96781,0.45926,0.13856,0.1282,0.43215,0.9343,1.4429
0.73277,0.92253,1.1232,1.2581,1.2757,1.1693,0.97958,0.77893,0.64402,0.62638
0.28164,0.078313,0.20835,0.62207,1.1615,1.6205,1.8238,1.6938,1.28,0.74066
1.123,1.2095,1.1974,1.0911,0.93139,0.77915,0.69257,0.70473,0.81097,0.97072
1.2323,1.2603,1.1703,0.99649,0.80535,0.66986,0.64178,0.73183,0.90562,1.0968
0.41208,0.12201,0.14861,0.48172,0.99409,1.49,1.7801,1.7535,1.4204,0.90802
1.1458,1.3552,1.4102,1.2898,1.0401,0.75631,0.54693,0.49192,0.61228,0.86204
0.91908,0.85717,0.83112,0.85088,0.90891,0.98304,1.0449,1.071,1.0512,0.9932
0.46414,0.46557,0.65245,0.95338,1.2534,1.438,1.4365,1.2497,0.94873,0.64869
1.3203,1.6322,1.6838,1.4556,1.0347,0.58181,0.26996,0.21827,0.44648,0.86742
1.3218,1.3577,1.2382,1.0091,0.75778,0.58029,0.54442,0.66387,0.89301,1.1443
0.64611,0.76323,0.95208,1.1405,1.2566,1.256,1.1389,0.95003,0.76156,0.64548
0.98233,1.288,1.465,1.4456,1.2374,0.91979,0.61412,0.43716,0.45649,0.66472
1.8039,1.7564,1.4012,0.87417,0.37646,0.098227,0.14575,0.50087,1.0279,1.5257
0.35786,0.86127,1.399,1.7656,1.8211,1.5442,1.0408,0.50314,0.13653,0.081035
1.3895,1.3188,1.1077,0.8367,0.6094,0.5126,0.58328,0.79443,1.0654,1.2927
1.6516,1.6688,1.4118,0.97885,0.53525,0.25047,0.2333,0.49028,0.92327,1.3669
0.28833,0.4403,0.78737,1.197,1.5126,1.6138,1.4618,1.1147,0.70515,0.38949
0.95234,0.95769,0.9605,0.95971,0.95561,0.94978,0.94443,0.94161,0.9424,0.9465
0.77543,0.76832,0.83101,0.93955,1.0525,1.1267,1.1338,1.0711,0.96256,0.84963
1.0266,0.50547,0.15456,0.10788,0.38327,0.87553,1.3966,1.7476,1.7942,1.5188
0.93718,1.0352,1.1011,1.1097,1.0577,0.96493,0.86688,0.80097,0.7924,0.84442
0.31633,0.75645,1.2709,1.6632,1.7835,1.5858,1.1457,0.63121,0.23893,0.11865
0.68821,0.76121,0.90672,1.0692,1.1865,1.2139,1.1409,0.99539,0.83294,0.71561
0.83375,0.8912,0.97152,1.044,1.081,1.0684,1.0109,0.93059,0.85809,0.8211
0.7054,0.54701,0.54295,0.69478,0.94449,1.1967,1.3551,1.3592,1.2073,0.95762
1.6375,1.4484,1.0693,0.64502,0.33766,0.26459,0.45373,0.83283,1.2571,1.5645
1.4294,1.1876,0.85539,0.55972,0.41354,0.47267,0.71452,1.0467,1.3424,1.4886
0.3798,0.21026,0.32368,0.67674,1.1346,1.5223,1.6919,1.5784,1.2254,0.76753
0.58425,0.50271,0.59242,0.81912,1.0962,1.3179,1.3994,1.3097,1.083,0.8059
0.26864,0.28372,0.5537,0.97545,1.3879,1.6335,1.6184,1.3484,0.92666,0.51422
0.78342,0.67057,0.66485,0.76845,0.94181,1.1187,1.2315,1.2373,1.1337,0.96031
1.4976,1.018,0.51295,0.17519,0.13379,0.40456,0.88407,1.3892,1.7269,1.7683
1.1848,1.1638,1.0616,0.91711,0.78561,0.71731,0.73829,0.84054,0.98501,1.1165
0.90898,1.2301,1.4447,1.4707,1.2982,0.99313,0.672,0.45746,0.43145,0.60392
1.0572,0.99523,0.91641,0.85083,0.82353,0.84494,0.90688,0.9857,1.0513,1.0786
0.32908,0.54546,0.91677,1.3012,1.5518,1.573,1.3566,0.98534,0.60094,0.35027
1.1729,1.5918,1.7659,1.6287,1.2328,0.72918,0.31036,0.13626,0.27339,0.66936
1.4898,1.1812,0.78469,0.45173,0.3095,0.41232,0.72092,1.1174,1.4504,1.5926
1.3411,1.5877,1.5911,1.3501,0.95657,0.56098,0.31438,0.31097,0.55206,0.94554
0.90475,1.1819,1.3709,1.3995,1.2568,0.99736,0.72021,0.53124,0.50263,0.64529
0.86911,0.46532,0.24706,0.29771,0.59791,1.033,1.4368,1.6551,1.6044,1.3042
1.149,1.4307,1.5293,1.4069,1.1104,0.7531,0.47137,0.37286,0.49521,0.79167
1.3833,1.2314,0.97252,0.7054,0.53212,0.51885,0.67068,0.9296,1.1967,1.37
1.163,0.9187,0.68675,0.55575,0.57575,0.7391,0.98341,1.2154,1.3464,1.3264
0.76087,1.0258,1.2622,1.3797,1.3335,1.1412,0.87632,0.63994,0.5224,0.56859
1.0995,1.4321,1.5808,1.4891,1.1918,0.80257,0.47006,0.32128,0.41305,0.71032
1.2666,1.5184,1.5535,1.3585,1.0079,0.63554,0.3837,0.34857,0.54357,0.89422
1.5717,1.4562,1.1477,0.76418,0.452,0.33044,0.44594,0.75438,1.1379,1.4501
0.29714,0.14055,0.29355,0.69769,1.1986,1.605,1.7616,1.6086,1.2044,0.7035
1.5498,1.689,1.5463,1.1762,0.72012,0.35227,0.21313,0.35586,0.72593,1.182
0.93729,0.82768,0.7652,0.77371,0.84996,0.96482,1.0744,1.1369,1.1284,1.0522
0.71227,0.51043,0.47689,0.62447,0.89679,1.1898,1.3917,1.4252,1.2776,1.0053
0.59303,0.25651,0.18529,0.40657,0.83582,1.3091,1.6456,1.7168,1.4955,1.0663
0.69301,0.71725,0.83079,0.99027,1.1348,1.2091,1.1849,1.0713,0.91184,0.76734
1.2209,0.75645,0.36637,0.19963,0.3199,0.68125,1.1457,1.5357,1.7025,1.5822
1.5549,1.5177,1.264,0.89078,0.5406,0.3472,0.38446,0.63813,1.0113,1.3615
0.53801,0.64219,0.86435,1.1196,1.3105,1.3641,1.2599,1.0378,0.78249,0.5916
1.3326,1.5184,1.4875,1.2517,0.90102,0.56949,0.3837,0.41463,0.65045,1.0011
0.71109,0.45776,0.39286,0.54116,0.84604,1.191,1.4444,1.5093,1.3609,1.0561
0.90597,0.89311,0.90238,0.93024,0.96606,0.99614,1.009,0.99973,0.97187,0.93606
1.5027,1.7323,1.6634,1.3225,0.83969,0.39941,0.16984,0.23867,0.57961,1.0624
1.483,1.7797,1.7598,1.4311,0.91896,0.41911,0.12244,0.14227,0.47104,0.98315
1.3294,1.1612,0.9128,0.67899,0.5491,0.57274,0.74089,0.98931,1.2231,1.353
1.3108,1.0974,0.82817,0.60584,0.51536,0.59131,0.80467,1.0739,1.2963,1.3867
1.2216,0.84653,0.51144,0.34426,0.40886,0.68056,1.0556,1.3907,1.5579,1.4933
1.2942,1.1892,0.99327,0.78119,0.63399,0.6079,0.71288,0.90884,1.1209,1.2681
1.5456,1.3459,0.99543,0.62797,0.38391,0.35649,0.55617,0.90669,1.2741,1.5182
1.2305,1.3602,1.3336,1.1609,0.908,0.67158,0.54191,0.56852,0.74125,0.99411
0.59783,1.034,1.4385,1.6568,1.6055,1.3043,0.86812,0.46363,0.24532,0.29658
1.188,1.2897,1.2621,1.1157,0.9064,0.71414,0.61237,0.63997,0.7864,0.99572
0.88915,0.72472,0.64674,0.68501,0.82489,1.013,1.1774,1.2554,1.2171,1.0772
0.43546,0.75645,1.1518,1.4704,1.5907,1.4667,1.1457,0.75034,0.43168,0.31141
1.4089,1.3702,1.1713,0.88828,0.62926,0.49316,0.53196,0.73084,1.0138,1.2728
0.37233,0.12445,0.19231,0.54998,1.0609,1.5298,1.7777,1.7098,1.3521,0.84126
0.80833,0.83918,0.91277,1.001,1.0701,1.0938,1.0629,0.98934,0.90113,0.83199
1.1882,0.78348,0.44282,0.29628,0.39985,0.71396,1.1186,1.4593,1.6058,1.5023
0.56186,0.83569,1.1536,1.3941,1.4654,1.3403,1.0664,0.74852,0.50798,0.43668
1.1104,0.53947,0.12577,0.027303,0.28168,0.79173,1.3626,1.7763,1.8748,1.6204
1.3176,0.80631,0.3503,0.12376,0.21322,0.58451,1.0958,1.5518,1.7784,1.6889
0.5134,0.26187,0.27359,0.54408,0.97002,1.3887,1.6402,1.6285,1.358,0.9321
0.45484,0.66922,0.99124,1.2979,1.4721,1.4473,1.2329,0.91087,0.60419,0.43001
1.4112,1.6071,1.5525,1.2681,0.86266,0.49094,0.29497,0.3496,0.63397,1.0395
1.3797,1.486,1.3879,1.123,0.79237,0.52239,0.41614,0.51422,0.77915,1.1097
1.6755,1.5679,1.2247,0.777,0.39576,0.22663,0.3342,0.67739,1.1251,1.5063
1.2515,0.67244,0.19984,0.014179,0.18637,0.65065,1.2297,1.7023,1.8879,1.7157
1.3651,1.0098,0.6321,0.37621,0.3399,0.53703,0.8923,1.27,1.5259,1.5622
1.007,1.0093,0.98938,0.95482,0.91882,0.89514,0.89281,0.91273,0.9473,0.98329
1.138,0.63052,0.24545,0.1299,0.328,0.76409,1.2716,1.6567,1.7722,1.5741
0.53299,0.4403,0.54271,0.80109,1.1167,1.3691,1.4618,1.3594,1.101,0.78536
1.4472,1.5181,1.3723,1.0657,0.71526,0.45489,0.38405,0.52978,0.83643,1.1869
0.40372,0.51715,0.79632,1.1346,1.4028,1.4984,1.385,1.1058,0.76752,0.49935
1.2331,0.95965,0.68291,0.50859,0.50328,0.66901,0.94247,1.2192,1.3935,1.3988
1.4343,1.4721,1.3109,1.0122,0.69024,0.46786,0.43005,0.59124,0.88987,1.2119
0.6199,0.43538,0.44782,0.65248,0.97119,1.2822,1.4667,1.4543,1.2496,0.93092
0.98035,1.3352,1.5434,1.5253,1.2878,0.92176,0.56687,0.35873,0.37684,0.61428
1.3732,0.82063,0.31783,0.05691,0.13752,0.52887,1.0815,1.5843,1.8452,1.7646
1.2958,1.375,1.2922,1.0792,0.81714,0.60628,0.52711,0.60987,0.82296,1.085
1.1951,1.2578,1.2033,1.0524,0.86288,0.707,0.64434,0.69884,0.84967,1.0392
0.67403,0.97574,1.268,1.4392,1.424,1.2281,0.92637,0.63408,0.46287,0.47813
1.0512,1.0774,1.0554,0.99358,0.91546,0.85095,0.82467,0.84666,0.90854,0.98665
1.0976,0.93113,0.77228,0.68172,0.69404,0.80452,0.97098,1.1298,1.2204,1.2081
1.2517,1.044,0.8009,0.61512,0.55765,0.65045,0.85807,1.1012,1.287,1.3445
