0.35355,0.35355,0.5,0.70711,0
6.4299e-07,6.4299e-07,9.0932e-07,1.286e-06,1
0.35355,0.35355,0.5,0.70711,0
2.1649e-17,2.1649e-17,3.0617e-17,4.3298e-17,1
0.15811,0.15811,0.22361,0.31623,0.89447
0.27227,0.27227,0.38505,0.54454,0.638
0.071716,0.071716,0.10142,0.14343,0.97925
0.32852,0.32853,0.4646,0.65705,0.36968
0.21185,0.21185,0.2996,0.42369,0.80065
0.11203,0.11203,0.15843,0.22405,0.94853
0.034837,0.034837,0.049266,0.069673,0.99515
0.052923,0.052923,0.074845,0.10585,0.98875
0.18397,0.18397,0.26018,0.36795,0.85402
0.30228,0.30228,0.42748,0.60455,0.51871
0.13422,0.13422,0.18982,0.26844,0.92521
0.24152,0.24152,0.34156,0.48305,0.73035
0.34692,0.34692,0.49063,0.69385,0.19303
0.091252,0.091252,0.12905,0.1825,0.96614
0.017024,0.017024,0.024075,0.034047,0.99885
0.025915,0.025915,0.036649,0.05183,0.99735
0.33897,0.33897,0.47938,0.67795,0.28425
0.12292,0.12292,0.17384,0.24584,0.93765
0.14594,0.14594,0.20639,0.29188,0.91089
0.28752,0.28752,0.40661,0.57503,0.58203
0.17077,0.17077,0.2415,0.34154,0.87565
0.06216,0.06216,0.087908,0.12432,0.98445
0.25683,0.25683,0.36321,0.51365,0.68731
0.35187,0.35187,0.49762,0.70374,0.097616
0.31611,0.31611,0.44705,0.63222,0.4481
0.19769,0.19769,0.27958,0.39538,0.82915
0.22652,0.22652,0.32035,0.45304,0.76791
0.10142,0.10142,0.14344,0.20285,0.95801
0.081321,0.081321,0.115,0.16264,0.97325
0.043721,0.043721,0.061831,0.087443,0.99234
0.0080655,0.0080655,0.011406,0.016131,0.99975
0.066897,0.066897,0.094606,0.13379,0.98197
0.04828,0.04828,0.068278,0.09656,0.99065
0.10667,0.10667,0.15086,0.21334,0.95345
0.26456,0.26456,0.37415,0.52913,0.66345
0.19075,0.19075,0.26976,0.3815,0.842
0.086248,0.086248,0.12197,0.1725,0.96985
0.1773,0.1773,0.25074,0.3546,0.86525
0.12852,0.12852,0.18175,0.25703,0.93164
0.21912,0.21912,0.30989,0.43825,0.78481
0.29497,0.29497,0.41715,0.58994,0.55133
0.14004,0.14004,0.19804,0.28008,0.91831
0.27993,0.27993,0.39587,0.55985,0.61093
0.32251,0.32251,0.45609,0.64502,0.40995
0.33405,0.33405,0.47242,0.6681,0.3276
0.30935,0.30935,0.43749,0.6187,0.48434
0.35315,0.35315,0.49943,0.7063,0.048902
0.34332,0.34332,0.48553,0.68665,0.23914
0.20471,0.20471,0.2895,0.40942,0.81535
0.15195,0.15195,0.21489,0.3039,0.903
0.23399,0.23399,0.33092,0.46799,0.74975
0.24917,0.24917,0.35239,0.49835,0.70948
0.34981,0.34981,0.4947,0.69961,0.14597
0.16442,0.16442,0.23253,0.32884,0.88535
0.096324,0.096324,0.13622,0.19265,0.96223
0.076468,0.076468,0.10814,0.15294,0.97635
0.11736,0.11736,0.16597,0.23472,0.94334
0.030271,0.030271,0.04281,0.060542,0.99635
0.039241,0.039241,0.055495,0.078482,0.99385
0.057436,0.057436,0.081227,0.11487,0.98675
0.012306,0.012306,0.017403,0.024612,0.99941
0.021071,0.021071,0.029799,0.042142,0.99825
0.0037029,0.0037029,0.0052368,0.0074059,0.99995
0.023415,0.023415,0.033114,0.046831,0.99784
0.050611,0.050611,0.071574,0.10122,0.98975
0.12014,0.12014,0.1699,0.24027,0.94054
0.10934,0.10934,0.15464,0.21869,0.95105
0.33135,0.33135,0.4686,0.6627,0.34889
0.34123,0.34123,0.48256,0.68245,0.26187
0.16126,0.16126,0.22805,0.32251,0.88994
0.18062,0.18062,0.25543,0.36124,0.85975
0.1942,0.1942,0.27464,0.3884,0.83572
0.13712,0.13712,0.19392,0.27424,0.92181
0.26842,0.26842,0.3796,0.53683,0.65095
0.23024,0.23024,0.3256,0.46047,0.75895
0.24533,0.24533,0.34694,0.49065,0.72012
0.13136,0.13136,0.18577,0.26272,0.92844
0.29867,0.29867,0.42239,0.59735,0.53519
0.35345,0.35345,0.49985,0.7069,0.024455
0.32554,0.32554,0.46038,0.65108,0.39022
0.31277,0.31277,0.44233,0.62555,0.46642
0.078889,0.078889,0.11157,0.15778,0.9748
0.20118,0.20118,0.2845,0.40235,0.82241
0.26072,0.26072,0.36872,0.52145,0.6755
0.20826,0.20826,0.29453,0.41652,0.80815
0.28373,0.28372,0.40125,0.56745,0.59681
0.29125,0.29125,0.41189,0.5825,0.56699
0.21545,0.21545,0.30469,0.4309,0.79292
0.31935,0.31935,0.45163,0.6387,0.42916
0.30582,0.30582,0.4325,0.61165,0.50184
0.059736,0.059736,0.08448,0.11947,0.98565
0.088719,0.088719,0.12547,0.17744,0.96805
0.27608,0.27608,0.39044,0.55217,0.62475
0.35094,0.35094,0.4963,0.70188,0.12162
0.18731,0.18731,0.2649,0.37463,0.84814
0.22277,0.22277,0.31505,0.44555,0.77655
0.10401,0.10401,0.14709,0.20802,0.95582
0.23773,0.23773,0.3362,0.47546,0.74024
0.25299,0.25299,0.35778,0.50597,0.69865
0.143,0.143,0.20223,0.286,0.91464
0.15497,0.15498,0.21917,0.30995,0.89885
0.33661,0.33661,0.47604,0.67323,0.30595
0.074088,0.074088,0.10478,0.14818,0.97785
0.17405,0.17405,0.24614,0.3481,0.87045
0.032642,0.032642,0.046163,0.065285,0.99575
0.34522,0.34522,0.48822,0.69045,0.21604
0.1489,0.1489,0.21058,0.2978,0.90702
0.098852,0.098852,0.1398,0.1977,0.96015
0.1676,0.1676,0.23702,0.3352,0.88055
0.028095,0.028095,0.039732,0.05619,0.99685
0.09382,0.09382,0.13268,0.18764,0.96417
0.046057,0.046057,0.065135,0.092115,0.99155
0.064457,0.064457,0.091156,0.12891,0.98325
0.34846,0.34846,0.4928,0.69692,0.1693
0.12565,0.12565,0.1777,0.2513,0.93475
0.35262,0.35262,0.49869,0.70525,0.072792
0.11465,0.11465,0.16214,0.2293,0.94601
0.08368,0.08368,0.11834,0.16736,0.97162
0.037118,0.037118,0.052493,0.074236,0.99454
0.041249,0.041249,0.058335,0.082499,0.99321
0.014213,0.014213,0.0201,0.028425,0.99921
