0.90922,4.7782e-05,3.0476e-05,4.6251e-05,4.9378e-05,4.7277e-05,4.7997e-05,4.8041e-05,2.4469e-05,8.348e-07
4.9739e-05,0.89542,4.9445e-05,4.8672e-05,4.9556e-05,4.9535e-05,4.9637e-05,4.9728e-05,4.4529e-05,3.0891e-05
4.8845e-05,4.8922e-05,0.89372,4.6952e-05,4.8628e-05,4.8891e-05,4.7975e-05,4.7942e-05,4.8622e-05,8.5523e-07
4.6081e-05,4.5476e-05,4.896e-05,0.89963,4.8855e-05,4.7941e-05,4.5886e-05,4.8314e-05,4.7377e-05,7.9205e-07
4.9697e-05,4.9641e-05,4.8663e-05,4.9133e-05,0.89154,4.8823e-05,4.9882e-05,4.9155e-05,4.9389e-05,2.2663e-05
3.7231e-05,3.7731e-05,3.7523e-05,3.7538e-05,8.4295e-10,0.91281,4.8904e-05,4.5559e-05,4.8961e-05,2.5646e-05
4.8038e-05,4.6757e-05,4.6983e-05,4.7222e-05,4.6805e-05,4.6608e-05,0.89577,4.8498e-05,4.958e-05,7.8266e-07
4.8025e-05,3.9384e-05,4.9276e-05,4.3442e-05,4.4746e-05,4.4711e-05,4.3911e-05,0.90004,4.9215e-05,1.2223e-06
4.7808e-05,4.7729e-05,4.8035e-05,4.7455e-05,3.838e-05,4.1859e-05,4.4156e-05,4.5327e-05,0.89935,2.7931e-05
4.9884e-05,4.9785e-05,4.9785e-05,4.9929e-05,4.984e-05,4.9863e-05,4.96e-05,4.9908e-05,4.9851e-05,0.93714
0.015163,0.015411,0.015482,0.015294,0.015317,0.015424,0.014292,0.013181,0.0028709,4.8587e-05
5.9408e-06,0.137,0.036381,1.1744e-05,4.296e-11,0.049616,0.12243,3.4583e-05,0.12576,0.14066
1.0818e-67,0.0076956,0.0049029,0.095595,0.00020108,0.008134,0.094903,0.10681,8.6057e-05,0.11174
0.10143,0.098658,1.7501e-06,0.097715,1.9722e-05,2.8312e-10,9.8345e-05,1.3793e-07,0.0095899,0.11433
0.091427,0.0018124,2.5226e-10,0.00045188,0.0022931,0.095944,9.702e-05,0.102,0.057689,0.069295
0.072925,5.7182e-14,0.10694,2.1945e-05,0.00063092,1.8422e-05,0.081763,0.0016922,0.10377,6.3677e-05
5.3318e-07,0.021359,0.099398,0.058837,7.3092e-10,0.11771,2.0692e-05,3.2718e-07,1.5968e-06,0.11315
1.5916e-66,0.11322,0.076207,9.4274e-06,0.11886,3.4183e-05,3.995e-06,0.058627,6.7192e-05,0.11753
0.034914,0.039108,0.023577,0.080513,8.5595e-07,7.9306e-06,0.0011066,0.10565,0.09846,0.00010891
0.093534,4.731e-05,0.00050038,1.518e-07,0.095196,0.018278,1.4052e-05,0.031034,0.078397,0.00013044
0.014648,2.9769e-09,0.029606,0.054497,0.065939,7.9032e-07,0.00031111,1.703e-05,0.080719,0.094324
0.0057997,0.017247,0.028585,0.075495,0.016755,0.080079,2.3807e-05,6.8388e-05,0.073325,0
0.10695,0.10723,0.10767,1.0839e-09,4.6601e-05,1.9726e-05,4.5082e-05,0.00031264,3.5024e-05,4.0276e-05
2.2794e-05,0.17112,0,2.6303e-06,0.1484,0.15137,0.00032191,3.9331e-05,1.3539e-07,9.6568e-05
0.26752,0,0.0012514,0.035499,2.4498e-05,0.2586,0.30287,0.0001275,5.607e-05,0.030624
1.526e-05,7.7378e-16,2.5892e-06,0.095984,0.089422,0.027063,5.8903e-06,0.095646,4.7786e-05,0.00017891
0.022001,0.016235,0.12719,0.001583,0.0083323,5.8047e-06,0.00010861,0.11419,0.060473,0.072877
2.0552e-06,0.0039178,0.0029527,0.011264,0.046561,0.014102,0.070678,2.6604e-05,0.063803,0.0041981
0.013657,0.011216,0.012434,6.3857e-17,0.10884,6.3876e-07,0.10102,3.0312e-06,6.7249e-05,0.10273
0.12178,0.12245,0.0048386,1.0392e-06,0.011506,0.01437,4.3775e-05,0.15347,4.1349e-05,1.8605e-07
2.5213e-05,0.10074,0.0073598,0.089046,0.068735,2.8798e-05,3.0606e-06,4.2647e-05,0.021394,1.1406e-07
7.515e-67,6.5467e-67,0.19982,0.21241,0.000283,9.5184e-06,6.6801e-06,0.11731,7.4883e-05,9.5461e-06
0.07793,0.080347,0.001376,4.3347e-05,0.010642,0.016595,2.7174e-05,1.4808e-05,0.090078,2.1978e-05
0.041801,0.030845,2.4699e-06,2.9547e-07,0.0004377,0.048635,0.1091,0.11558,0.0038707,0
0.00014066,0.072546,0.011264,1.043e-08,0.0045528,0.1215,0.00030676,0.11377,0.0016673,9.8832e-05
0.10471,0.10527,2.8352e-08,3.9213e-05,0.05344,2.1571e-06,0.086135,3.7341e-05,8.8325e-06,0.00012006
0.15185,1.1907e-13,0.0909,0.00010792,2.121e-05,8.5127e-05,0.10504,0.002174,9.0802e-05,0.1057
0.042144,0.0083725,0.00010663,0.071421,0.023229,0.00010333,0.082935,0.0046536,0.00069439,3.594e-06
0.0082628,0.067813,0.081818,0.055714,0.0025523,2.1295e-05,8.2106e-07,0.00015066,0.052442,0.00048158
0.0023738,0.0015664,0.0058542,0.022102,0.072036,0.072473,0.063204,2.7834e-05,0.00097583,0.00041134
0.00097276,0.008018,0.094925,9.8059e-06,0.10375,1.2914e-08,0.10683,0.066795,8.21e-05,1.8955e-05
0.035716,1.9279e-15,0.0002126,0.023534,0.12158,0.16112,3.3105e-05,2.0398e-12,0.00010046,0.13725
6.831e-08,1.0567e-11,0.065993,0.0063984,2.522e-06,0.063272,0.041333,0.039268,0.046804,1.529e-05
0.17204,0.00023091,0.00097455,0.18501,0.00034741,0.056448,1.2369e-05,0.035434,9.9102e-06,9.3046e-06
3.3545e-06,0.11141,0.0083149,2.7188e-09,0.00040168,0.14418,0.13771,1.9516e-05,2.1924e-05,1.4658e-05
0.027121,7.8061e-05,0.17886,0.00013949,0.14623,1.5878e-06,0.00013698,2.1662e-05,0.1516,3.502e-05
1.3248e-05,1.3078e-05,1.6466e-05,0.40594,1.7573e-05,1.6644e-05,1.7737e-05,1.2067e-05,1.7819e-05,0.42516
0.0051445,0.0056155,0.0060841,0.028665,0.00016902,0.073282,0.10126,0.00023393,1.8588e-05,0.1036
0.13059,3.9717e-08,0.081483,5.6424e-08,0.18937,3.5272e-06,1.6146e-06,4.1501e-05,2.2055e-06,0.10136
0.20891,0.00023487,0,2.3819e-05,0.08591,0.17733,0.00016051,8.5758e-05,0.00022861,0.012901
0.0020808,0.038277,7.0137e-06,3.5675e-05,0.060429,0.052879,8.9486e-08,0.058614,0.057241,9.8268e-05
2.0507e-10,4.781e-07,0.09414,0.10783,0.029897,4.7126e-07,0.072038,6.7752e-11,0.009386,0.080143
1.2335e-66,0.08774,0.017912,1.5702e-05,0.065499,0,1.8442e-06,0.11792,0.14086,0.13802
0.086232,0.00035006,0.019919,1.7416e-05,0.086023,0,2.1849e-06,0.17935,0.0047117,0.12079
0.06222,0.094565,3.042e-06,0.066553,3.6139e-06,0.16669,0.00028014,1.7828e-06,8.7076e-06,0.074423
3.9152e-06,0.10206,0.022923,0.085318,9.5282e-06,1.5347e-05,2.9519e-05,0.072437,3.8979e-05,0.042129
0.11432,0.00029303,1.7736e-12,0,0.011471,4.8698e-07,0.061766,0.065735,0.14375,0.12004
2.5604e-05,4.5687e-06,1.2642e-05,0,4.0457e-05,0.25147,1.2751e-05,1.9096e-10,0.20123,0.1058
0.057016,0,0.010891,0.029203,0.01708,3.7694e-05,0.028705,0.038698,0.019296,3.885e-05
2.1335e-66,2.1276e-70,3.5555e-69,0.16758,0.12476,0.15533,0.00080609,0.00015538,6.4772e-05,7.6671e-07
0.017029,1.9856e-06,0.11746,9.4035e-06,3.2169e-10,0.043187,5.2966e-06,1.2493e-07,0.084711,0.10819
6.7945e-67,0.048332,0.080442,5.3181e-06,0.016368,0.019022,0.033216,0.055199,0.001178,0.00048227
0.084889,0.015237,0.077542,0.052782,2.8518e-05,0.034922,5.518e-05,6.0721e-05,0.013319,5.9922e-05
0.0051851,0.0042404,0.087701,0.00010672,0.12005,0.14835,6.7419e-07,2.5006e-05,0.0011286,2.3879e-08
0.0038371,0.0016289,0.0034201,0.089891,1.8034e-05,0.0087017,0.064624,0.029881,0.14128,0.0054039
0.00028753,0.31167,2.5448e-05,3.3583e-05,1.6083e-05,1.5684e-05,1.2137e-05,0.0027865,1.6316e-05,0.40158
0.048142,0.027558,0.047634,4.0139e-05,0.00016626,0.022091,4.4565e-06,0.02626,0.046342,0.0045409
1.3934e-12,0.083799,0.058493,0.053404,0.00066699,0.023056,0.049172,0.00021457,5.2415e-05,0.076754
0.3357,1.7121e-05,1.7012e-08,1.7713e-05,1.3764e-05,1.648e-05,1.5469e-05,0.0071056,2.0393e-06,0.32626
1.4487e-66,0.10305,0.014615,0.14807,0.00052896,1.0732e-10,0.091969,0.00030463,5.7407e-05,9.954e-05
3.2836e-11,9.05e-07,0.072057,9.2699e-09,0.027869,0.10373,0.0052924,0.093858,1.5726e-07,0.079278
3.5471e-07,0.086758,0.14894,0.096981,0.14952,0.00011645,1.4654e-05,0.11666,0.0013308,0.00034207
1.8999e-07,1.6187e-13,0.12894,0.0020545,0.053283,0.016535,0.059476,1.7707e-08,0.010811,0.07898
0.14933,1.1537e-08,0.025746,0.083259,0.0011062,3.6809e-05,0.00058758,0.0017069,0.099948,6.5358e-05
0.040323,1.1579e-10,0.025135,0.19802,0.15733,1.8576e-06,0.00073123,0.00010607,1.4698e-08,0.12352
1.7071e-05,0.12004,8.2984e-09,7.7922e-07,0.11379,1.3086e-06,0.051869,9.1871e-06,0.028477,9.0429e-05
0.034624,0.035159,0.027534,0.046996,0.043773,1.09e-05,4.6246e-05,3.2947e-06,0.10689,1.6794e-08
4.8904e-05,0.15229,0.022427,1.3448e-05,0.0014343,5.7668e-05,0.054398,0.10341,0.0016463,0
1.5988e-66,8.1539e-71,8.3083e-71,0.11701,5.6715e-06,0.10381,0.13017,3.0278e-05,4.9176e-05,1.2844e-06
2.129e-08,0.062059,0.087722,0.032402,0.00078173,0.14037,0.00032409,4.771e-05,0.021124,0
0.099003,0,0.023703,5.5572e-07,0.088099,0.048175,1.1094e-06,0.092348,1.7345e-05,0.00015325
1.5631e-05,1.6945e-05,1.6489e-05,1.6289e-05,1.6313e-05,1.6427e-05,1.5221e-05,1.0257e-06,0.39526,0.37808
0.070034,0.045881,0.046568,1.2075e-06,0.055685,0.041119,5.7675e-05,1.9445e-05,5.6412e-06,0.00045298
0.0093453,0.0050542,0.044028,0.037927,1.8016e-06,0.020724,5.9051e-05,0.076663,0.010295,0.12042
0.11785,0.12529,0.0019803,1.6417e-06,0.056518,0.088145,2.1705e-05,0.00029679,0.037868,0.16813
0.00063064,0.0051757,0.028527,0.014257,0.0034617,0.0063867,0.047177,0.06838,0.061032,0.041438
7.2197e-10,0.10572,0.00042607,0.096649,0.00071365,0.017744,3.1753e-05,5.6542e-10,0.094106,0.13328
1.597e-05,0.14563,0.10711,2.0412e-05,8.7614e-06,0.037751,0.030488,5.9003e-05,1.568e-07,0.00015739
0.056329,0.057249,7.5621e-06,0.025435,0.015912,0.023547,4.9649e-05,0.015162,0.0033025,5.2112e-05
0.0038837,0.0028301,0.082408,6.4307e-09,0.0043082,0.0066764,0.088298,0.083472,0.00025195,0.053875
0.011684,1.6709e-07,0.020712,0.0077825,4.8824e-06,0.13457,0.076668,0.054845,9.3618e-06,0.019004
2.0099e-06,0.16936,5.1728e-08,5.7267e-14,0.023864,0.019319,0.16297,3.4681e-05,0.048053,0
8.2203e-68,0.0058474,9.3519e-08,0.044887,0.107,0.041961,2.0954e-05,0.067518,0.0043199,0.084119
4.2453e-06,0.043404,0.01171,0.010759,0.15714,7.8873e-06,0.0096044,0.19472,3.2915e-07,3.5142e-07
0.00037815,0.0096044,0.01455,0.045813,0.0078066,5.6862e-07,0.044885,0.094266,0.016962,7.3405e-05
0.086615,0,0.05138,0.00013703,0.074599,1.6357e-07,0.10162,2.9252e-06,4.7655e-10,0.017475
0.061957,0,0.10038,0.054697,9.1793e-07,2.0758e-05,0.10811,0.00023997,4.83e-05,0.017935
0.069649,0.073213,0.079752,3.6169e-05,0.0028564,0.00019959,3.6187e-05,0.00024642,6.5114e-11,0.09565
2.0835e-06,0.072307,0.1272,1.5501e-13,0.060126,1.8267e-05,0.0047296,6.6028e-06,0.021119,0
5.3634e-13,2.8743e-18,4.2881e-08,0.035755,0.01141,0.061147,0.030067,0.027572,0.04445,0.074597
1.4721e-67,0.010471,4.2267e-05,8.5972e-11,0.0073906,0.09656,0.092738,0.14705,1.1271e-06,0.14116
0.059846,1.8427e-06,0.015153,0.010038,0.01932,0.016957,0.0066667,0.011907,0.019972,0.023806
8.2128e-11,0.084918,0.00062128,1.5715e-09,0.055707,0.032303,0.065713,0.00029949,0.00039719,0.06293
0.0027544,0.14819,1.8078e-05,0.00010175,0.00022563,0.06652,1.8395e-05,0.059107,0.057722,2.1765e-06
0.0067654,0.008407,3.936e-10,0.0041955,0.082927,7.3561e-06,0.12167,0.10629,0,0.038491
0.010884,9.9598e-08,0.086657,0.21805,0,0.14882,0.00034418,4.767e-07,1.6763e-05,0.00051045
0.015173,0.011448,0.039802,0.0032157,0.026936,0.027145,0.068054,2.5929e-05,0.021992,4.2299e-05
1.3455e-66,0.095712,0.015053,2.1611e-05,0.0106,0.017306,0.01513,0.027531,0.12441,0
2.2547e-12,0.1356,0.098543,3.8795e-05,0.00054373,1.5682e-05,0.028496,0.25536,1.2914e-09,0.088904
1.3319e-09,5.3215e-06,0.15398,0.076585,0.093359,0.00012553,3.1498e-06,4.817e-05,0.026612,1.3396e-07
8.4282e-08,0.061754,7.4931e-05,0.065636,0.019184,0.027004,0.10313,0.0061955,0.036064,0.046739
5.7991e-17,1.2326e-12,2.9529e-06,0.11681,0.045263,0.14636,4.4228e-06,0.11019,5.1183e-05,0
1.3091e-05,0,2.5471e-06,0.085782,0.082848,2.8221e-05,0.081219,0.044199,5.3434e-05,7.8473e-06
8.2607e-06,0.09992,0.068641,1.5124e-05,0.015984,2.5307e-09,4.0196e-05,2.1508e-05,0.06627,0.1091
0.0015281,0.027299,0.051534,0.074354,0.15173,0,3.1885e-05,4.8079e-06,0.03996,0.00037015
0.009728,0.0026964,0.0026851,3.1473e-06,0.0029986,0.056459,0.0032706,0.043877,0.079623,1.367e-05
0.0023882,2.0904e-06,0.015549,1.5396e-06,0.14497,2.6922e-07,1.448e-05,0.089534,0.084679,0.01156
0.039869,8.711e-05,2.2342e-11,5.5764e-06,0.04843,0.060796,2.5798e-06,0.050952,0.016413,0.1542
5.0721e-05,0.096688,0.00040436,0.091511,5.3052e-06,2.7068e-06,0.027411,1.2694e-05,0.073191,2.6127e-08
5.2999e-07,0.013816,0.026571,0.075749,0.0016394,0.026307,1.7459e-05,0.079609,7.5549e-05,0.045734
0.049678,0.04729,0.029105,0.036993,0.0011971,1.3733e-05,0.061595,9.1597e-05,0.00367,0.04011
0.090011,1.5731e-05,0.00063323,1.4647e-07,0.096239,0.016165,1.1744e-05,0.031314,0.076668,0.10854
0.17165,0.00016761,3.0256e-12,1.8814e-05,0.016933,3.67e-06,0.09152,0.097401,0.00019794,0.10806
0.034461,0.032636,0.027006,3.7024e-06,0.033706,4.1792e-05,0.034967,0.025842,0.024327,0.00087689
0.073425,0.060633,1.4638e-05,0.088494,0.099894,2.0917e-08,0.00015427,3.8868e-06,5.9281e-06,2.3324e-05
0.11317,7.3088e-08,0.0001406,0.07259,1.6883e-05,0.015875,0.091724,6.9291e-05,0.066608,0.00024893
1.4838e-66,0.10555,0.14885,4.7903e-08,0.00075549,4.1176e-05,0.13276,3.6466e-10,1.8396e-06,0.30718
0.087489,2.2711e-09,0.021371,0.055896,6.7745e-10,0.1091,1.822e-05,2.7563e-05,1.4934e-06,0.10943
0.0092812,2.018e-06,0.0065516,0.11887,3.7683e-06,0.009701,0.11319,4.3161e-05,5.5301e-05,0.092664
4.6245e-12,1.7359e-20,8.1803e-08,0.068749,0.0020976,0.055376,0.045288,0.030705,0.0495,0
4.6732e-06,0.0089084,0.058549,0.091693,5.3157e-06,2.9848e-06,0.027473,1.1833e-05,0.073332,1.771e-07
7.043e-06,6.9094e-06,0.20513,0.0017302,0,0.13035,7.0478e-06,0.23936,2.1966e-05,9.1256e-07
0.022959,2.2245e-05,0.14423,3.2146e-05,0,0.061137,0.10423,0.035365,7.2345e-06,0.014918
3.1386e-06,0.011648,0.078186,0.058235,0.053095,0.023741,1.0327e-08,5.1891e-05,4.6676e-05,0.099272
3.7927e-06,3.9165e-06,1.0377e-09,0.19707,0.12178,7.9996e-06,3.6987e-05,3.5951e-05,0.077524,0.0008257
0.21899,7.5415e-10,0.16909,0.00029283,0.049652,1.8966e-06,0.034993,3.6502e-05,4.8173e-05,9.5889e-06
8.7297e-08,7.4378e-14,0.059245,0.027439,0.035827,0.014664,0.11185,1.936e-08,0.012295,0.083057
3.1564e-07,0.064211,9.6454e-05,0.042085,0.00056614,0.066296,0.00023169,0.077087,0.080442,0.00023318
0.0094389,0.0092611,0.05866,3.9256e-05,0.073684,0.12726,0.0001594,3.2785e-05,0.12573,0.0074266
0.045511,0.046214,0.014396,0.054024,0.019687,9.919e-06,7.7138e-05,0.047228,0.00058021,1.512e-08
0.034965,2.092e-05,2.3783e-05,0.054019,0.00097683,9.4482e-06,0.0057412,0.080101,0.083924,0.11984
0.0077781,3.9669e-07,0.013226,0.01018,4.5006e-06,0.082374,0.1033,2.4027e-05,0.032175,2.3943e-07
1.2347e-08,0.056115,0.036656,0.030101,0.03376,0.028309,6.6142e-05,0.021356,9.7182e-06,0.024516
0.0034653,0.033049,0.00059562,0.018442,0.020276,0.080703,1.4401e-05,0.021509,0.017563,0.0015461
5.0606e-06,0.061212,0.04205,4.4204e-06,0.0097519,2.4306e-07,0.062317,2.7108e-05,0.063134,1.2901e-05
0.079369,0.017772,0.03389,0.092317,0.0428,0.089489,6.1381e-05,5.7094e-05,0.00014597,4.8142e-07
0.045943,0.048845,0.093545,1.6392e-06,0.056434,0.088015,2.1673e-05,0.00032658,0.037862,0.17102
0.041068,0.044915,0.042747,0.093879,1.4673e-05,2.717e-10,0.020293,4.4577e-07,0.011941,0
0.12742,4.606e-06,0.00074149,0.016504,0.0009807,8.9928e-05,4.8619e-06,0.13949,0.014099,0.041749
5.869e-06,0.011995,0.010296,0.0079597,0.084612,0.025004,0.12734,0.00011233,4.7584e-06,0.0043479
0.15108,0.0001339,0,0.017818,0.10965,0.031415,0.00012279,0.0013822,0.00084589,0.0042412
0.0069787,0.070766,4.2301e-06,4.0409e-13,0.00014284,0.058157,1.1538e-06,0.040928,0.065624,0.098548
0.057938,0.03198,0.11955,0.01388,4.2027e-05,0.030777,0.00026828,0.037186,6.6579e-05,4.9315e-05
0.0050677,0.0052986,0.12824,0.005744,0.0072126,0.03856,0.0002587,0.035147,0.073555,0
0.0065607,0.0036901,0.10507,1.1574e-05,0.11991,1.5106e-08,6.4178e-06,0.038266,4.4444e-05,1.4344e-05
0.0068445,0.093072,0.00060705,0.00143,0.056856,0.011114,0.00037292,0.14828,5.7571e-05,0.13841
0.046592,1.4996e-05,0.068168,8.865e-06,1.2703e-05,0.16249,5.7175e-06,0.047832,0.018973,1.1104e-05
0.035161,9.0128e-05,4.4171e-13,9.8491e-11,0.011712,0.21973,1.8775e-05,0.083677,1.3981e-06,0.098255
2.6902e-05,1.9851e-05,1.2712e-09,0.1883,0.00058969,1.5533e-06,0.067746,0.067576,0.052916,0.083154
0.033825,3.9441e-06,0.23331,8.0826e-05,6.479e-10,0.092403,1.985e-05,2.5692e-07,3.0024e-06,0.10807
0.096807,0.00028294,0.00038126,0.012612,0.010327,0.17511,0.031144,6.3796e-05,0.059216,0.020508
0.010951,0.10444,0.0018823,0.058404,0.020071,0.051634,2.4622e-05,0.036773,0.0056577,0.0019384
1.9742e-05,1.6101e-05,1.4498e-07,4.4623e-20,1.1628e-05,2.1299e-06,0.24179,8.0166e-07,0.20698,0.099469
0.00010212,0.16078,2.0796e-06,3.6491e-05,0.069247,0.14321,0.00036103,0,1.5006e-05,0.14604
0.096389,0.016129,0.037146,8.5702e-12,0.020851,0.042002,8.1834e-06,2.7773e-05,0.12508,4.2412e-07
1.0184e-07,0.013895,0.022868,0.13793,0.030298,0.033299,0.054278,0.092071,5.9734e-05,0.00069367
0.042171,0.041691,0.00021932,0.00010605,0.18393,0.024528,2.0094e-07,7.5943e-06,4.1512e-05,0.14553
0.040757,0.042021,0.00071963,3.4062e-05,0.0055932,0.0087216,0.031902,0.0339,0.018663,2.0463e-05
0.0041414,0.0011479,0.0023045,1.6434e-06,0.0015658,0.02327,0.087954,0.067462,0.11534,1.6158e-05
0.0050027,0.00038772,0.06683,0.026892,0.00046606,1.7116e-06,0.046456,4.7601e-09,0.073875,0.057388
0.057235,0.054484,0.03401,0,0.00080101,9.1885e-06,0.027928,0.059398,0.0036693,0.040106
0.0018196,0.043605,9.4655e-05,0.055148,0.0093974,0.024277,0.00023426,0.097044,0.017461,2.1093e-06
0.028844,0.030899,5.8261e-05,1.9491e-07,0.016209,1.4317e-05,0.046587,0.062963,0.035329,0.14371
3.1659e-07,0.0033895,0.15864,0.03934,0.0067383,1.2119e-06,0.056438,0.071993,0.016457,6.2393e-05
0.020469,0.020354,0.022214,0.021305,0.024285,4.5723e-05,0.00013248,0.03634,0.014559,0.016009
0.055713,0.042862,1.8545e-05,2.2783e-05,0.0004413,0.060503,1.9003e-05,0.058215,0.056851,0.00025028
0.014816,0.003419,0.067705,0.12209,1.9281e-05,2.7835e-05,0.10472,4.3054e-05,0.00019402,1.3291e-06
0.03559,0.023831,0.023618,0.02731,0.02735,0,0.017705,4.4836e-05,0.002809,4.6554e-05
0.083121,5.0767e-05,0.0004668,0.20582,0.002198,4.7935e-05,0.0014904,0,0.086345,0
0.034075,0.039338,6.4132e-07,0.035808,6.605e-06,1.0371e-10,0.14279,1.3579e-07,0.0093239,0.1146
0.019672,0.013481,0.013192,0.015254,0.015277,0.043165,0.017651,4.47e-05,0.0029014,0.0017094
0.044237,0.043103,9.6089e-06,9.2403e-06,0.051571,0.026288,2.6453e-05,0.038287,4.7757e-05,3.4824e-06
0.044811,0.024235,0.074214,0.099537,1.836e-05,2.8828e-10,0.0001996,3.9644e-06,0.0097573,0.11723
5.4875e-10,0.028697,2.691e-05,0.05824,0.01258,0.084455,0.063931,0.0054969,0.031997,0.044025
1.5746e-06,0.052298,0.0039031,2.6259e-06,0.0001906,0.062896,0.062894,9.1008e-06,0.058576,1.2808e-05
0.00052927,0.012683,2.7532e-05,0.016009,0.050299,0.064768,0.00033545,0.097142,0.018001,7.6973e-07
1.3837e-66,0.098427,0.020094,1.9287e-05,0.073783,1.1139e-05,3.6314e-05,0.13544,0.16178,0.0091025
0.016426,0.018123,0.010195,0.035485,0.0016673,0.027675,0.049514,3.1528e-08,0.063926,0.14419
1.5072e-06,0.03929,0.0076153,0.078706,5.2397e-06,8.4393e-06,1.6233e-05,0.043348,0.070742,0.04558
0.094888,0.00046458,0.13668,2.3091e-05,0.019453,0,3.4797e-05,7.7874e-08,0.013712,0.11252
0.04821,0.046116,0.011985,0.04124,0.0030508,0.050641,0.08713,6.0623e-08,3.3915e-05,1.0344e-07
0.022353,0.02117,0.027907,2.3516e-05,0.00014009,0.0067789,0.071703,0.020537,0.039489,0.011481
0.092938,3.0982e-07,0.016095,0.060601,0.17503,6.727e-05,0.00055681,9.9024e-07,0.00012947,6.7516e-06
4.1651e-07,0.016686,0.077649,0.045963,5.7099e-10,0.091957,1.6165e-05,0.06102,1.9958e-06,0
1.2133e-05,0.31629,1.4174e-05,0.20427,3.2856e-05,4.6606e-05,3.4246e-05,4.2291e-05,4.6147e-05,1.484e-05
4.0332e-66,0.2869,0.001158,0.0028985,0.00064403,0.015996,0.00035549,0.14134,5.488e-05,0.13849
1.305e-10,1.95e-06,0.072477,0.0045818,0.040281,0.13744,0.084496,0.00016526,0.0043406,0
1.0312e-05,9.784e-06,0.22155,4.7366e-09,0.092591,2.8225e-05,3.1949e-08,2.4005e-05,2.847e-05,0.43368
0.019099,0,0.032223,6.7395e-05,0.023863,0.017386,0.050043,0.096304,4.9325e-10,0.017778
0.039861,4.0415e-08,0.062655,0.017352,0.03365,1.2468e-05,6.6938e-06,2.9198e-05,0.10387,0.036799
0.33077,0.2436,0.0014392,2.4842e-06,8.5724e-05,0.00091177,4.7589e-05,2.9039e-07,5.2914e-05,0.046651
2.7123e-05,0.061804,0.0091361,0.039996,0.11477,4.411e-05,0.09828,0.064782,2.1132e-05,2.6438e-07
0.0090779,0.0050864,0.085832,0.04257,0.0021091,1.2641e-05,2.188e-06,0.15859,8.8878e-05,0.036602
7.686e-06,0.13687,0.031713,0.2151,0.054039,0.08718,1.966e-05,7.1233e-05,0.00017209,2.5494e-08
0.011283,2.3672e-07,5.8257e-05,0.025693,0.060422,0.010728,0.00083983,0.026804,0.077308,0
0.015695,2.4279e-06,0.011045,0.0052049,0.00398,0.073274,0.048265,0.045855,0.054578,1.652e-05
0.028061,0.026712,0.01644,0.020896,0.00075073,0.03216,0.057122,0.022656,1.57e-05,0.04138
1.3203e-13,0.0079405,0.0060914,0.040679,0.000697,0.032409,0.018413,0.15576,6.9498e-05,0.07223
0.075993,0.056075,5.5933e-06,5.3767e-07,0.00079648,2.098e-06,0.11713,0.10003,0.00065135,0.086479
1.2849e-05,0.09646,0,1.4827e-06,0.083652,0.085325,0.09885,1.2887e-05,1.3454e-07,4.1187e-05
0.19918,0.00042718,6.6145e-08,7.3228e-14,0.030515,0.024703,0.21633,4.4307e-05,0.00099118,3.1923e-06
0.094069,7.3762e-14,0.056311,0.00060912,1.3936e-05,0.013506,0.00043619,0.10619,1.9479e-08,0.1213
0.067353,0,0.11364,1.7596e-05,2.147e-06,1.1629e-05,0.061184,0.10028,5.1363e-10,0.018142
0.018259,0.02775,8.9267e-07,0.027909,1.1955e-06,0.054591,0.00017345,0.098264,0.049354,0.067239
0.051585,0.00011271,2.8908e-11,7.2151e-06,0.062663,0.083523,0.00020303,0.069548,0.022403,0.039397
0.04059,1.0536e-09,0.0099151,0.01438,0.012288,0.067235,1.1206e-05,1.6953e-05,0.066928,0.071428
0.077224,0.076544,1.4506e-05,7.9055e-06,0.040286,0,2.4001e-05,0.03404,0.047066,0.067533
0.033533,0.033326,0.06649,0.043831,0.051424,9.463e-05,0.00027418,1.5633e-05,0.018819,0.018426
0.0019792,0.003008,0.066845,0.027308,0.1712,1.1881e-06,0.00016375,1.0421e-06,0.12119,0.077527
0.14985,0.11695,4.4717e-06,2.6625e-05,2.6281e-05,1.9125e-05,2.6564e-05,1.1857e-08,2.6347e-05,0.33706
0.011457,1.0485e-07,0.091224,0.23747,1.5171e-12,0.073177,0.00029926,3.3323e-07,2.726e-06,0.12091
9.7603e-06,0.089007,0.065461,9.3727e-06,0.00021223,0.024048,0.12198,4.5544e-05,1.6784e-07,1.4636e-05
0.019392,0.15864,0.18011,1.2472e-07,0.0066753,4.9173e-07,1.4989e-06,3.8525e-05,2.0473e-06,0.09766
0.21049,0,9.2057e-07,0.050873,9.4489e-06,1.4836e-10,0.078433,1.4011e-07,0.0096201,0.098903
5.6167e-08,0.0076632,0.012612,0.076069,0.016654,0.10426,0.082207,0.07922,5.6829e-05,0.038864
0.057915,0.083415,0.00036659,1.0521e-05,0.10124,0.025969,1.042e-06,7.8115e-06,0.1356,0.14369
0.031233,2.8413e-07,0.24868,0.15466,0,0.046042,0.000175,5.0271e-07,1.7475e-05,0.00099429
0.005028,0.0050705,0.093701,0.012235,0.0057473,0.12407,9.6547e-06,3.1745e-05,0.24736,0.056504
0.037157,0.037471,0.029365,0.07999,0.037085,0.074838,1.4411e-05,4.8843e-05,0.00014476,0.144
0.21717,5.6375e-09,0.048333,6.1254e-10,6.9254e-10,0.11027,1.8557e-05,2.8072e-05,1.526e-06,0.11044
0.0825,0.045538,0.039935,0.011628,0.00044314,0.025726,0.00023169,0.032114,0.014759,0
0.012529,0.1011,0.0017115,1.4351e-13,0.0058882,0.0099418,0.12245,0.10908,0.00012181,0.03061
0.10927,0.10745,0.068218,0.0069686,0,7.7167e-05,0.079532,7.8665e-05,2.0371e-05,1.5218e-07
0.038508,0.025228,0.025606,0.02033,0.055335,0.037765,0.065943,2.693e-05,1.5366e-05,0.00053352
0.0053017,0.0055629,0.13353,0.13257,0.014805,2.6543e-07,9.5959e-06,3.8391e-05,0.30215,3.8418e-07
0.016097,0.13071,0.00022484,0,0.0011116,0.013089,0.070008,0.017868,8.5928e-05,0.08929
0.00073293,0.0060412,0.056192,6.2313e-06,0.064558,8.133e-09,0.067284,0.042067,0.061488,1.8427e-05
6.7548e-68,0.0048049,7.6847e-08,0.036884,0.087921,0.07371,2.142e-05,0.041869,0.069461,0.095211
0.0017564,1.7017e-06,0.011033,2.4592e-06,0.22587,2.6367e-05,0.066512,0.019644,0.1209,0.015759
0.01003,0.0098408,0.062332,4.3233e-05,0.082041,0.15059,0.0001778,0.084495,2.6502e-05,0.016244
0.0019694,0.0058173,0.0096651,0.025526,0.0058485,0.027221,0.055443,4.4584e-05,0.047017,0
2.0493e-66,0.14578,0.095238,0.0652,0.00069227,1.4045e-10,1.8852e-05,0.036194,5.7038e-05,4.5549e-05
0.021144,0.016943,0.0033285,0.016201,0.025939,0.026341,0.0021527,0.018858,0.028587,3.3778e-05
0.205,2.5866e-09,0.050198,4.2757e-05,0.056864,2.3372e-06,0.093325,4.0458e-05,9.5699e-06,0.00012497
0.0070399,0.063174,1.6579e-06,0.036943,0.040309,0.0095894,0.089157,2.3226e-06,1.8564e-05,1.3353e-07
0.055135,0.00012224,3.9224e-06,0.014871,0.0043891,2.2271e-06,0.15239,0.11432,0.095499,0.059241
0.040088,0.042553,0.041211,0.041325,1.4399e-06,0.039101,1.1803e-06,4.7278e-05,5.1559e-05,4.5262e-05
1.1955e-05,0.03816,0.062872,2.2224e-05,0.019784,0.014261,2.484e-05,0.06973,0.074135,0.011696
0.044794,1.5426e-10,0.034469,0.034726,0.029841,8.5919e-05,0.056022,0,0.023256,0.0093702
0.20182,1.5592e-08,0.034795,0.11252,0.051002,6.9892e-05,0.0011157,0.003241,1.731e-05,7.3175e-05
