0.89394,4.8933e-05,4.7157e-05,4.9194e-05,4.9032e-05,4.9228e-05,4.4117e-05,4.954e-05,4.9209e-05,8.5436e-07
4.819e-05,0.8955,4.7044e-05,4.9593e-05,4.7412e-05,4.8497e-05,4.8719e-05,4.9203e-05,4.9374e-05,2.9261e-07
4.9718e-05,4.9711e-05,0.89294,4.897e-05,4.9081e-05,4.9889e-05,4.8859e-05,4.9331e-05,4.9719e-05,9.128e-07
4.9037e-05,4.869e-05,4.8941e-05,0.89245,4.73e-05,4.8711e-05,5.7568e-05,4.247e-05,4.9895e-05,3.0819e-06
4.5693e-05,4.5668e-05,4.0981e-05,4.6972e-05,0.89471,4.9267e-05,4.8853e-05,6.2308e-05,5.7802e-05,2.5324e-05
3.8626e-05,4.1056e-05,4.7039e-05,4.3897e-05,4.0122e-05,0.90116,0.00012216,4.8112e-05,4.5924e-05,5.8153e-07
4.8459e-05,4.9481e-05,4.91e-05,4.9029e-05,4.7971e-05,4.9015e-05,0.89593,4.8945e-05,4.9393e-05,1.0455e-06
4.881e-05,4.9224e-05,4.9017e-05,4.8919e-05,4.8817e-05,4.8629e-05,4.8919e-05,0.89246,4.8829e-05,1.5165e-06
4.9947e-05,4.8987e-05,4.9474e-05,4.947e-05,4.9481e-05,4.9287e-05,4.9429e-05,4.9486e-05,0.89251,9.0832e-07
4.9948e-05,4.9951e-05,4.9634e-05,4.9886e-05,4.978e-05,4.9935e-05,4.9885e-05,4.9518e-05,4.5988e-05,0.93932
0.012973,0.012881,0.013164,0.013017,0.013012,0.012872,0.012849,0.012865,0.012896,0.00010861
0.092339,0.0013611,5.1206e-09,0.015094,0.07567,1.6941e-05,1.9592e-05,0.087982,5.8873e-05,0.095257
0.10052,0.11402,8.7642e-07,1.2405e-07,0.0034475,1.0144e-05,0.014645,0.00039964,0.094707,0.11309
0.099685,0.00033288,0.11275,0.00025879,0.026888,0.11836,5.0389e-05,0.0013278,9.3894e-05,0.11899
3.4136e-05,3.0096e-10,2.2742e-09,1.2726e-09,0.071637,0.078196,5.3442e-07,0.0301,0.088582,0.080796
1.1003e-66,0.078269,0.012247,0.086978,1.1673e-07,0.098675,4.6673e-06,2.7709e-05,3.3969e-05,0.077654
0.021939,0.09595,0.090255,5.2931e-07,7.2091e-06,1.2255e-05,0.0011946,0.10584,1.5309e-06,0.090273
5.7428e-05,0.00024676,0.12301,0.12471,2.6999e-09,0.0088519,0.0013674,0.00039747,0.10513,0.046302
0.0049345,0.10839,0.00015943,0.11558,1.1102e-07,0.00049552,0.00028876,0.11238,0.0072137,9.0962e-08
0.083811,0.00051788,0.014792,0.099073,1.2491e-06,4.5502e-05,0.058675,2.3561e-05,0.0094537,0.084095
0.16747,0.0013242,0.00032385,0.00018262,6.9749e-06,0.17425,5.3948e-06,3.4015e-06,0.15102,5.6072e-06
3.5031e-07,0.082537,7.1617e-06,0.0010089,5.7354e-07,0.029304,0.084334,1.2241e-06,0.087175,4.3954e-05
0.0043247,0.096791,0.069656,3.4858e-07,0.097605,0.00086799,0.00048268,0.0051105,4.7214e-07,0.00188
8.6003e-05,8.1516e-05,0.076122,0.01362,0.072018,0.028834,0.068248,6.3796e-05,5.9426e-07,0.044726
0.081177,1.1242e-07,0.078147,0.0024094,0.01816,2.6824e-05,1.5815e-05,0.065157,0.0029884,9.2107e-05
0.036609,0.00021927,2.6574e-06,0.0049471,0,0.1086,0.079874,0.090963,1.2825e-09,3.6531e-06
0.0037271,0.0046474,0.009922,0.029234,0.0016477,1.1484e-05,0.046643,0.045858,0.042663,0.050704
1.6132e-05,1.1086e-05,1.0468e-09,0.15593,0.1211,0.085662,0.13565,5.3938e-07,4.6438e-05,2.3052e-06
0.021256,0.019639,0.089265,7.3942e-08,0.078061,2.883e-07,4.9922e-07,7.8461e-06,0.10016,0.00014423
0.11773,0.11772,0.083147,5.0567e-05,1.2129e-05,5.1096e-05,5.0081e-05,5.1143e-05,5.1007e-05,9.2419e-07
0.11717,0.0013157,2.8899e-06,0.069302,0.081102,3.9262e-05,0.00085566,4.1338e-05,0.1066,7.7226e-06
0.0020528,0.091211,0.00011577,0.01443,0,2.4724e-11,0.13466,0.12201,7.7961e-08,1.0573e-08
0.072811,2.6397e-05,1.2661e-07,0.00028981,0.0010683,0.014556,0.026073,0.11554,0.12747,5.5358e-05
0.00014712,0.00037932,0.10134,1.1718e-06,0.0030499,8.3491e-06,0.12921,2.7205e-05,0.099069,1.4772e-05
0.081291,0.00027146,6.1264e-07,4.9957e-05,0.11529,0.067895,0.080469,8.1791e-06,6.0514e-05,5.1574e-05
6.0527e-12,3.5385e-07,1.5779e-10,0.088611,5.7451e-10,0.12495,0.043484,5.3244e-05,0.087141,0
0.059413,0.058838,1.6016e-05,0.031827,3.2079e-08,0.017958,0.069762,2.6381e-06,5.7268e-05,0
0.01439,0.085163,2.9417e-06,0.084783,0.035544,2.3427e-05,0.00073407,3.7981e-05,0.098215,7.4126e-06
0.042747,0.00087704,0.030861,0.083008,0.11207,1.8024e-05,0.00029986,0.070874,0.0017242,6.7928e-05
3.6084e-06,0.033206,0.034784,0.019874,0.11164,0.12071,1.3654e-09,2.2111e-05,2.4774e-05,0
0.015045,0.070583,0,6.9776e-06,0.0094535,0.054896,0.022162,0.043559,4.4428e-05,0
0.0037247,0.16341,0.20455,3.9573e-07,0.011049,1.9406e-05,0.17353,3.7172e-05,1.5291e-10,0.045004
7.8804e-07,6.8475e-05,4.732e-07,4.8979e-09,0.11471,0.00018785,0.084669,0.040577,0.1373,0.00013999
1.7725e-09,7.313e-09,0.079398,0.038747,6.6812e-08,0.041464,0.048106,0.048278,9.3573e-09,0.0028587
0.016379,0.066838,1.9794e-05,0.025554,0.096708,5.5233e-05,0.038003,1.383e-07,5.0489e-05,0.071904
3.659e-05,0.08046,1.8802e-06,3.4314e-06,0.0052762,0.10604,7.5089e-07,0.0091954,0.089127,0.0054312
0.0080172,0.030361,0.022606,9.9791e-08,0.018513,0.078664,0.063793,1.0872e-15,7.1582e-09,0.10841
0.020628,0.12416,0.11173,2.0602e-05,5.9431e-07,0.093041,4.6031e-05,9.5917e-05,2.3107e-13,1.4612e-05
1.6294e-07,0.00040305,1.2475e-11,0.057605,0.029025,0.032464,1.8412e-05,0.058631,0.036356,3.6175e-07
0.13692,0.00074701,0.092146,9.8307e-05,1.8193e-05,1.0716e-05,0.0068674,0.00040913,0.080273,0.089871
6.2894e-07,0.22828,0.036543,9.7336e-09,2.1756e-10,0.067679,1.654e-05,1.0871e-05,4.3898e-05,0.2064
0.0076161,0.075445,0.0035267,9.6995e-05,0.062207,0.074716,0.11056,7.4151e-06,7.0299e-05,6.1132e-05
0.10293,0,3.6385e-06,0.011757,9.8108e-06,1.0737e-05,0.11943,0.033672,0.03491,0.054573
0.057013,0.056057,0.075474,0.078655,1.8666e-05,4.5319e-05,0.0021797,9.0982e-05,2.5573e-11,0.041194
1.0724e-08,8.4132e-09,3.7624e-09,0.13594,0.0058379,7.172e-06,0.17473,0.086477,0.00021314,3.6004e-06
4.799e-08,4.7952e-08,0.0020447,0.00022463,0.00021716,2.6481e-07,2.0926e-07,0.00012078,0.31622,0.38273
1.2744e-08,0.00069424,0.35325,6.723e-08,1.1817e-05,2.4663e-05,1.7196e-05,1.5657e-05,0.0041487,0.32241
0.02576,0.0012715,0.0038086,0.0359,0.055892,0.066669,0.00049604,0.0008566,0.00064034,0.068354
0.11907,0.035391,8.3668e-05,3.6431e-07,1.0811e-07,9.7157e-06,0.027703,0.1003,0.018171,0.012451
0.037678,0.019991,0.099689,7.3254e-06,2.3971e-07,0.07763,0,5.2431e-08,0.091949,6.8398e-07
0.039295,0.0014108,0.070664,0.1162,0.084844,1.2631e-05,3.7622e-05,2.1041e-05,4.1031e-06,0.11744
2.6177e-06,0.11739,1.6901e-05,3.6825e-06,0.10718,0.0045653,0.063486,0.084967,2.2702e-05,0.00011666
3.9281e-07,9.1768e-14,0.12657,0.017249,0.081971,1.8699e-05,0.0004599,0.067393,0.00096929,0.051484
0.050361,0.039379,3.8207e-06,0.10715,0.064425,0.053665,4.1348e-06,5.0236e-05,3.3571e-05,0
0.076224,2.6074e-05,0.040793,0.029608,0.054131,0.030781,0.0022969,0.011131,2.147e-05,6.1616e-06
0.015776,0.018841,0.060841,0.084616,1.4513e-05,0.080267,2.1461e-27,4.5647e-06,0.0018175,5.5005e-07
0.00051467,0.080376,0.012847,4.8774e-09,9.3227e-07,0.00017283,0.0098046,0.084606,0.088386,5.4224e-06
0.093575,0.0030062,0.12296,0.073155,0.01625,5.7412e-05,0.14534,6.1677e-05,3.574e-05,0.046915
2.188e-08,7.5491e-10,0.097944,1.9691e-05,1.2953e-11,0.023325,0.14847,0.061766,4.0906e-06,0.11256
0.076008,0.00065903,2.517e-07,2.5251e-09,0.065151,0.00030189,0.016549,6.3933e-05,0.068797,0.093957
0.046754,0.000963,0.00035311,0.057748,0.0034485,0.049926,0.018884,0.053331,0.00038316,0.015661
0.0039409,0.005367,0.0042495,0.010565,0.047841,0.069298,1.6921e-05,0.093874,0.0008705,0.0046241
1.0582e-66,0.075273,0.04021,0.10406,0.046115,4.4615e-05,0.067515,9.6972e-05,4.7789e-06,0.00013396
0.024526,0.015693,0.0022321,6.8759e-13,0.005393,0.028663,0.032309,0.081805,0.0036576,0.073601
0.058463,0.00019976,0.005567,0.0104,0.084236,4.2028e-05,0.10982,5.5722e-06,0,0.10958
3.3644e-11,1.4937e-06,2.1173e-10,0.0053261,0.0052604,0.034792,0.097103,0.04773,0.048993,3.3245e-06
7.0906e-06,0.099395,1.6241e-06,0.013239,0.066371,1.4859e-05,1.7184e-05,0.077169,0.040098,0.10694
0.0016283,0.0644,0.1037,4.7778e-07,0.03166,3.4189e-05,0.00022584,0.0002817,0.03791,0.04919
0.0088245,0.033271,0.028189,9.8001e-06,0.001785,0.063974,0.00032344,0.062249,0.040697,0.015942
2.0498e-07,0.079025,0.087312,0.055143,0.0070788,3.1107e-05,3.6085e-07,0.048333,7.2961e-05,1.5683e-06
0.004215,0.060329,0.0028948,0.087278,9.6896e-07,0.11071,0.099807,7.9673e-10,2.943e-05,5.7002e-07
0.0052135,0.021192,0.012382,0.066557,0.0028938,1.9115e-05,0.018841,1.5316e-05,0.065211,0.06998
0.22555,2.8402e-09,2.6583e-05,0.25052,0,6.3358e-08,0.001042,5.9052e-06,0.01789,0.00031087
3.9182e-06,2.834e-09,0.099723,0.053194,4.7458e-05,2.0806e-05,0.03085,0.13892,0.061602,3.1475e-09
0.018254,0.00065536,0.033217,0.066342,0.043108,0.043686,2.9855e-05,1.6829e-05,0.049501,0.00015599
0.097841,0.098074,6.7976e-06,0.044555,0.052152,3.3495e-05,0.0011512,5.8854e-05,0.014365,8.567e-09
4.6671e-05,2.5327e-07,0.030069,0.011804,0.017731,0.032065,0.013878,0.031934,0.066424,0
0.042406,0.031292,7.4088e-05,0.031103,0.047888,2.2191e-08,0.060243,0.033879,0.00022073,0.00018102
0.057852,0.0005016,0.044269,6.2082e-09,0.016923,0.00035417,0.038798,0.040146,0.00083029,0.1165
0.16881,0.10905,9.9476e-05,0,1.9219e-08,0.083839,6.8709e-07,0.024262,0.002459,4.0988e-06
5.4516e-08,0.027635,0.032514,0.041244,0.021283,0.020134,0.00017219,0.040882,0.00066499,0.048456
0.0004965,7.3184e-06,2.7533e-11,0.1958,0.075391,1.7092e-05,1.9766e-05,0.088766,5.1992e-05,0.095636
0.023081,0.028963,0.050495,3.6862e-07,1.3864e-08,5.2761e-06,0.033616,0.034174,0.0487,9.8886e-05
0.030357,0.022498,0.00020503,0.083698,0.048064,5.9741e-06,0.032141,0.032169,0.04242,9.6195e-05
1.2125e-05,7.3683e-05,0.12338,0.015573,0.009129,0.10893,0.0055443,0.016284,0.00011105,0
3.3717e-08,8.7124e-08,0.00012878,7.6613e-07,1.8491e-05,0.23288,0.19189,4.0467e-05,0.10892,4.6421e-06
0.15578,0.0004919,0.00018272,0.10993,1.331e-07,0.10161,0.11659,0,2.6781e-15,1.0069e-05
1.4007e-08,0.16295,0.0097646,0.12549,6.3782e-05,0.007352,0.00045666,4.4296e-05,0.0312,0.049064
0.0015766,0.062722,0.084394,0.00036045,0.019349,7.8197e-06,0.063066,0.092664,0,9.2984e-06
0.057038,7.1824e-10,6.7226e-06,0.063354,0,1.6022e-08,0.14566,4.4035e-06,0.10014,0.00032279
0.0033903,0.27144,0.00047552,0.043942,0,0,0.22005,5.8357e-08,4.3967e-09,0.03888
0.07648,0.00022506,0.039976,0.023085,0.18642,9.7968e-05,8.7878e-09,6.2135e-06,4.7339e-13,0.11212
6.4162e-08,0.024736,0.030396,0.064232,0.0060821,1.5123e-05,0.045396,2.8717e-12,0.05906,4.1674e-06
0.038694,0.00057035,0.049,0.0012247,0.069593,2.6172e-05,1.9788e-05,0.10337,0.0033454,0
0.017992,0.082476,2.3295e-07,0.041982,2.0726e-05,5.4544e-08,0.063854,0.043118,0.039263,0.057349
0.06286,0.00093091,0.0078055,0.078756,0.024397,7.1917e-11,3.2312e-05,0.12407,6.4241e-05,5.0001e-05
9.2291e-05,0.070117,3.123e-07,4.4297e-06,0.066951,0.011149,0.041156,2.3082e-07,0.065866,1.7831e-05
0.051674,0.00015322,1.5923e-07,1.5974e-09,0.041215,0.00018215,0.010869,0.093788,0.095119,0.11386
2.6155e-08,0.00024597,6.584e-05,9.1231e-05,0.00023863,0.00010367,0.37702,1.4156e-05,0.014841,0.45718
0.21743,0.00044514,0.12539,3.7423e-06,1.3003e-07,0.0068398,0.081521,7.6092e-05,2.0927e-06,1.6477e-06
0.062476,0.054846,0.011301,3.7286e-06,0.044849,1.6092e-06,3.4554e-05,0.01795,0.00070692,0.084216
3.0243e-06,2.5625e-12,0.094441,5.4509e-07,0.011348,0.031606,0.034459,0.11002,6.2965e-08,0.087507
0.014842,0.00076136,0.013834,0.037975,0.050571,3.6799e-06,0.049478,0.019791,0.035783,0.042428
0.063646,0.00042778,0.025934,0.023594,0.021631,0.083632,0.00012393,7.1329e-07,5.2926e-05,0
2.9141e-07,0.029519,0.0029977,0.027143,0.014765,0.037581,0.00040125,0.021711,0.034846,0.0685
0.027726,0.00025615,0.0010259,0.01564,0.01452,0.10003,0.00015894,0.030762,0.031026,0.039727
3.3417e-11,2.6027e-07,0.062114,0.099721,0.014284,0.02779,0.066795,5.0202e-05,7.4853e-07,0
0.0030151,0.011418,0.011885,0.030635,0.022614,0.046697,0.019115,0.022646,0,4.5894e-06
1.4246e-05,4.8727e-05,0.098024,0.055575,0.0065828,0.081736,0.023978,6.5987e-05,0.0001059,0.092666
0.018909,0.00010653,0.0080406,0.006961,0.028871,0.043951,0.063047,2.1237e-05,0.029456,0.038392
0.075634,3.2657e-07,0.00036212,0.027457,7.8988e-06,0.034391,0.012661,0.011955,0.043921,0.074129
0.037936,0.045304,2.3265e-05,0.052242,3.027e-06,0.061379,0.00072717,0.0066125,0.058916,7.4777e-06
9.5929e-08,0.037461,0.050078,0.030336,0.023264,0.020398,0.00012952,0.018696,0.051481,2.4202e-05
0.070844,0.065457,9.5315e-06,6.4378e-08,0.073369,7.0402e-05,5.4952e-07,7.7631e-06,0.087977,0.0043739
0.0040206,0.038002,0.024202,4.8953e-06,0.022048,0.012529,0.045669,0.018077,0,0.040985
4.7336e-68,3.6637e-66,0.32323,8.1439e-06,4.6743e-06,0.074724,0.0006992,0.20599,3.0813e-07,1.6376e-08
0.053494,0.042856,0.02465,1.0566e-05,0.004588,0.01028,0.033116,0.045599,5.1548e-05,0.04712
1.0911e-07,4.0828e-08,0.00013516,0.32922,0.016026,1.161e-05,3.2786e-06,2.0251e-05,0.0016522,0.35038
0.031047,0.031069,0.0041167,0.024908,0.025615,0.0002933,0.00014897,0.033451,0.0299,5.269e-05
4.9144e-67,6.1278e-67,0.15662,0.087437,0.0049283,3.435e-05,0.00044717,0.065528,0.00061198,0.050972
0.069783,0.00084959,0.019021,0.14923,1.0866e-09,0.11834,0,4.4696e-06,1.055e-05,0.1086
0.02988,0.00062022,0.056264,0.025458,0,0.048978,0.0018161,0.02419,0.070023,0.058373
1.4823e-06,0.067417,0.038966,0.063968,0.059937,0.035684,0.0026627,0.012476,1.4503e-05,6.6148e-06
4.7041e-08,0.00031434,0.070039,0.044728,0.02212,0.025885,0.019882,1.4962e-05,0.040715,0.16243
0.039765,0.0016665,0.029496,0.025732,0.030468,0.017979,0.026168,0.020685,0.00094269,0.038766
0.0004609,0.037264,0.029733,0.018213,0,0,0.091205,2.2907e-08,0.083318,0.091695
8.1688e-09,5.3057e-05,0.030394,0.01335,0.037688,0.043365,0.01904,1.0896e-05,0.034966,4.2553e-11
5.1663e-06,1.019e-05,2.1994e-09,4.032e-06,1.8741e-06,0.46293,1.9305e-05,2.0043e-05,9.1776e-06,0.41583
0.030539,0.030617,0.073857,0.0029174,0.062151,4.0933e-05,2.7533e-05,0.00034364,0.0026556,0.079171
0.070931,0.070791,0.070784,0.00045321,2.997e-05,3.2377e-05,2.1188e-05,3.2227e-05,0.075537,4.9734e-12
0.064859,0.00036294,0.016215,3.6017e-06,0.034644,8.4533e-06,0.045705,0.038929,0.011395,0.0001136
0.044665,0.00017059,0.0060724,2.1341e-08,0.15208,5.3246e-05,1.8089e-05,0.0077529,0.084508,0.0083523
1.5025e-13,1.4946e-13,0.05423,0.088027,0.12509,0.031604,1.0805e-07,0.00067979,0.00013318,0.0042768
0.025975,0.027065,0.028713,0.026838,1.9317e-10,5.2105e-06,0.047352,0.037115,0.015838,7.8471e-09
0.039366,0.039774,0.020797,2.8115e-06,0.0035761,1.8427e-05,0.050575,4.9792e-06,0.11534,1.5948e-05
0.0065297,0.0064338,0.026678,0.044777,0.080608,3.6085e-10,4.5136e-08,1.1035e-05,0.10165,0.11817
0.019435,0.080123,0.047455,1.6349e-05,0.0053169,0.087959,2.2593e-11,0.048552,5.7756e-05,0.055465
0.013518,0.13391,8.2467e-06,0.00020208,6.288e-06,0.20276,0.096305,7.1407e-06,6.7698e-05,5.9865e-06
0.01395,0.018809,0.038715,7.7632e-05,0.0022456,1.5294e-05,0.025731,0.029942,0.039941,0.048829
1.5942e-06,0.016178,0.03238,0.019425,0.076564,0,0.023374,0.023188,0.041309,0.00026274
7.8581e-13,6.3357e-13,0.15336,0.022549,0.024066,0.052911,5.7581e-08,8.7042e-06,0.057707,0.047808
0.048886,0.01263,0.060495,1.3008e-05,5.9766e-06,0.055206,1.3671e-06,0.078632,0.0010071,0.00013061
0.011849,0.0073466,0.074285,0.044564,0.043317,0,0.034987,0.034708,0.00093712,8.7772e-05
6.3185e-05,0.052489,0.0067764,2.3815e-08,0.16971,5.942e-05,2.0187e-05,0.14482,2.4603e-08,0.0086735
0.029712,0.022439,0.047957,0,0.016637,0.059739,0.097768,2.0614e-05,6.059e-05,0
0.13685,0.00019326,0.00012847,1.9653e-07,0.052262,0.028775,0.022942,0.0010273,0.055049,0.038209
0.00016014,6.1101e-07,0.23577,0.036776,6.7298e-10,1.7915e-08,0.19698,3.2733e-10,6.4225e-05,3.3316e-05
0.062399,0.0012952,0.11775,0.053226,7.2665e-09,3.2069e-05,0.0020435,0.023094,0.077042,1.3673e-05
8.1054e-67,0.057657,0.0308,0.079708,0.035323,2.8158e-05,0.039239,7.0368e-05,5.1548e-06,0.11789
0.024756,0.025795,6.8459e-06,0.036248,7.2689e-11,0.035967,0.053157,0.041665,1.2702e-06,7.4477e-09
0.034644,0.00021407,0.0061978,0.025714,4.3115e-07,0.031807,0.039264,1.5767e-05,0.14281,0.061598
0.056642,0.00015687,0.026788,0.055713,0.029073,2.8442e-05,0.0004003,0.042539,0.039443,0.016652
0.15109,0.00046852,0.25416,0,0.035694,1.5536e-07,0,0.0018867,0.0010407,0.0027884
0.10507,0.00040174,0.018684,2.9386e-06,1.2893e-06,0.054762,0.00047469,0.062916,0.013558,0.030626
0.012405,0.050622,1.4992e-05,0.07116,0.0030939,7.0193e-06,0.022261,0.052442,4.8511e-05,0.070481
0.29108,1.6235e-05,1.2371e-06,9.5379e-06,0.0061761,1.9452e-05,1.3436e-05,1.5546e-05,1.3803e-05,0.42829
0.021472,0.026286,1.3341e-05,0.029956,1.7357e-06,0.035195,0.044573,2.3365e-05,0.04681,6.6653e-06
0.069751,0.0025043,0.12543,2.1179e-05,0.067262,3.1169e-08,0.084615,2.4554e-05,0.0002251,0
1.3832e-07,0.01138,0.013247,0.011221,0.0068485,0.04339,0.035949,0.039575,0.015502,0.037047
0.070024,0.019596,0.089049,2.3166e-07,8.701e-06,0.078573,0.00053666,0.020663,0.0020554,0.00013813
0.00023516,0.056504,0.010578,3.5098e-09,2.2174e-08,0.00012331,0.0067675,0.05845,0.10746,0.098355
0.00012525,0.087239,0.011562,3.2318e-06,0.14837,4.6964e-07,0.081806,3.6004e-05,0.00012612,0
5.3978e-10,2.0318e-09,3.3524e-09,0.031605,0.044161,0.026072,0.037873,0.11339,0.092286,0.0088945
0.02951,0.029016,0.039066,0.040713,9.6619e-06,1.1712e-05,0.001124,0.10064,3.7019e-11,0.041226
0.012539,0.091504,0,0.020347,5.5305e-06,0.041543,0.018108,0.071806,1.0761e-07,0.06309
0.011462,0.012278,0.02582,0.015226,4.7299e-06,0.041905,0.015078,0.014247,0.011101,0.00012169
8.9191e-05,1.7194e-05,0.040872,0.020406,0.15409,0.087327,0.079837,0.00022445,0.0005312,0.00035814
0.044612,0.044026,0.022085,0.038943,0.0073113,2.1194e-05,0.040934,8.4472e-06,3.6144e-05,0.044118
0.10923,0.0059442,0.025203,0.042796,4.9699e-08,4.6528e-05,0.0016613,0.017974,0.062247,1.2291e-05
0.025392,0.021821,0.023603,0.033934,0.048967,4.1848e-05,2.5289e-05,5.5995e-05,0.039344,2.5914e-05
0.045187,0.053963,2.9839e-05,0.066098,1.1425e-05,0.062704,1.7005e-10,0.018425,0.0015733,6.846e-06
7.3482e-67,1.7167e-73,0.052321,0.02921,0.141,3.5578e-05,0.00046316,0.067872,0.00098067,0.052169
0.10315,0.099156,0.070774,0,0.034322,5.5972e-05,0.099955,1.4625e-05,0.00010475,4.9112e-06
5.0286e-06,0.032661,8.1157e-06,0.01396,0.039521,0.044204,0.019863,1.1325e-05,0.036343,3.6169e-07
0.053329,0.076185,0.00024473,0.033228,0,5.3718e-11,0.051816,0.074029,7.9289e-08,0.007949
0.01247,0.1028,0.032006,5.121e-06,0.047915,0.026837,2.4223e-05,1.6381e-06,0.0095687,0.043035
0.023089,3.237e-08,0.022228,0.0010021,0.0053395,0.029097,0.031388,0.083314,0.0031636,0.00010339
5.236e-67,0.037246,0.024706,0.040233,0.035547,0.02216,0.099295,0.012516,6.9757e-05,0
9.5124e-67,0.067665,0.036126,0.032355,0.028787,2.7851e-05,0.042563,6.0656e-05,0.059862,7.0346e-06
1.5009e-08,0.14943,2.6181e-06,0.046391,0.15593,1.2929e-05,5.6801e-05,0.0016136,0.026709,0
0.0071833,0.042318,0.03387,0.02592,7.7645e-07,0.05397,4.2131e-05,0.099034,2.4432e-13,3.1267e-05
0.050115,0.061351,5.2431e-05,2.1561e-06,1.6992e-06,0.034455,0.043636,2.2874e-05,0.04695,6.6106e-06
0.13996,0.005025,0.078421,5.2196e-07,0.062962,9.3732e-06,2.1796e-15,0.02508,1.1038e-13,0.11622
0.15409,0.00051455,0.020879,0.00018073,0.0181,0.090775,3.0175e-05,0.00095829,3.2985e-06,0.099921
0.13957,0.17086,0.00014602,5.9343e-06,4.6459e-06,0.00016232,0.065329,3.4245e-05,8.4327e-06,5.9406e-06
0.0042499,0.017779,0.01792,0.039357,0.020302,9.623e-06,0.013658,0.038029,0.050331,0.00045958
0.011572,6.4629e-05,0.0016904,0.076154,0.015343,0.012588,0.02153,1.1879e-05,0.10086,0
0.037888,0.00021549,0.016383,0.017266,0.056763,0.012551,0.025134,1.0237e-06,0.030847,7.1139e-07
7.7679e-08,0.069253,1.1523e-05,0.066045,3.8738e-07,0.046145,1.2081e-10,0.049258,0.042589,0
0.034234,0.033976,0.045531,0.037249,1.0573e-05,1.2817e-05,0.00123,0.015151,0.013076,0.07596
2.7587e-67,0.019624,0.022556,0.03185,0.015466,0.014598,0.047409,0.049471,0.00086228,0.13072
0.14255,0.0076646,5.9845e-06,0.067148,3.9025e-06,0.079984,0.00033672,5.8544e-05,0.0037909,0
0.023847,0.015259,0.034979,0,0.014937,0.058949,0,0.041383,0.0045791,0.0738
2.562e-09,0.019006,0.0090052,0.024908,0.098247,4.067e-06,5.376e-05,0.069382,0.027972,0.11137
3.6277e-09,0.00033865,0.074127,0.047339,0.023411,0.027218,0.063987,1.8966e-05,0.053132,0.00036938
0.048529,0.041704,0.045379,0.064983,0.00023955,4.5978e-05,2.7785e-05,0.0003585,0.044266,5.6235e-05
0.080999,0.00074015,0.019959,2.1007e-06,0.091143,5.7656e-05,3.1639e-05,0.061114,0.0011829,1.2119e-05
0.032325,0.14818,4.3332e-07,0.035167,2.9916e-05,7.8729e-08,5.1932e-05,0.032352,0.049678,0.050664
0.054698,0.00054589,0.0020374,0.031205,0.028889,0.064298,0.0002148,1.3538e-05,0.048331,0.039735
0.012609,0.075896,3.4209e-09,1.3298e-09,0.12518,0.073147,7.7153e-05,7.594e-05,1.8294e-13,0.10518
0.04458,0.048499,0.023514,3.2713e-06,0.071878,3.6948e-05,0.098696,1.0139e-05,8.0885e-05,1.632e-05
0.018109,4.9633e-08,0.002349,0.019897,0.054948,0.0033578,0.071188,0.060236,6.417e-05,0.079143
1.782e-66,0.12676,0.00018352,0.079446,0.018571,0.10655,0.15625,0.00010887,9.3166e-05,0.14426
0.02488,0.024553,0.10245,0.030384,0.0085303,2.3685e-05,0.045743,9.4397e-06,4.039e-05,0.046637
0.021196,0.0010852,0.011727,0.064099,0.069115,5.0293e-06,0.00049535,0.01632,0.029507,0.038528
0.0055426,0.043432,0.083142,1.0678e-05,0.04246,2.9156e-05,1.5572e-05,0.045333,0.0029281,9.0814e-05
0.018418,0.15187,5.0633e-06,3.8678e-06,0.035619,0.1176,2.8473e-05,1.608e-05,4.7001e-05,2.7811e-05
0.0088485,0.010372,0.015382,0.011684,0.10111,4.4441e-09,0.054307,0.02156,6.9273e-08,0.049574
0.068858,0.053719,7.7298e-06,0.1055,1.2755e-05,0.040094,0.051927,2.2055e-05,3.4187e-05,4.2639e-07
0.00017641,0.13403,0.020502,1.6e-05,1.1704e-05,0.011171,0.040426,1.8204e-09,0.06463,1.7663e-05
0.055187,0.00042214,0.0073392,0.020417,0.095018,0.06428,0.0016042,0,0.0015687,0.0051153
0.079598,0.0028578,0.01744,0.081173,0.067697,1.0078e-05,3.0018e-05,1.6954e-05,4.972e-05,0.22276
0.05452,0.047174,0.0099034,0.046001,0.074598,2.5795e-06,0.0029316,0.031978,0.001284,0
0.025609,0.030583,1.4963e-05,0.035247,2.0423e-06,0.041411,0.00049061,0.07076,0.013814,0.033099
0.031726,0.027223,0.039292,0.040948,0.037508,1.7926e-05,0.055634,5.0424e-05,5.4632e-13,0.00010639
3.2766e-09,0,0.039012,0.006265,0.047267,0.027366,0.0008938,0.13728,8.9444e-06,0.044501
0.022792,0.030721,3.137e-06,0.033105,0.1105,9.1672e-06,0.026625,0.001479,0.026536,0
0.040195,0.00022449,0.0058718,0.051119,0.022007,0.018055,0.030859,1.5726e-05,0.02868,4.2409e-11
0.018978,0.024406,0.018983,7.9478e-06,0.034155,0.0010122,0.15927,0.072419,1.0825e-05,0.00018069
0.029062,0.029039,0.00057531,0.014347,0.011167,0.013696,0.013818,0.013943,0.01052,3.4706e-09
8.494e-09,7.8166e-05,0.12968,0.019704,0.11069,0.11968,1.3537e-09,2.1922e-05,2.8643e-05,0
0.012112,0.10802,0.0072173,0.19396,5.519e-07,1.8373e-06,3.5877e-09,0.026179,1.9699e-05,1.6782e-05
3.3302e-07,0.12087,0.15836,1.2632e-06,2.708e-10,0.084239,2.0587e-05,1.339e-05,3.7916e-06,0.10889
5.6467e-06,1.1792e-05,0.10681,2.032e-06,0.023484,5.1884e-07,0.05446,0.012843,0.10864,0.04702
0.0092717,0.0092242,0.0012258,0.008269,0.027853,0.053636,0.00013547,0.03042,0.027191,3.2194e-05
8.2364e-08,4.8647e-14,0.18857,4.4086e-08,0.050243,0.079734,0.074172,1.7629e-05,2.766e-07,0.0048236
0.21169,0.0042837,1.7272e-05,0.032154,0,1.6913e-05,0.1081,0.068827,0.0016255,3.5992e-06
0.06798,0.00028003,8.0947e-05,0.044857,0.056188,0.094538,0.10847,0,2.4916e-15,9.7123e-06
0.060624,0.003299,0.013988,0.093689,2.273e-06,4.1393e-05,0.00035335,0.0136,0.051812,0.084209
2.6332e-06,0.086193,0.041786,0.040372,4.5764e-05,0.00046525,0.1212,2.4061e-06,0.055418,6.7561e-06
0.011014,0.091374,0.00018228,0.12047,0.075364,0.0017494,0.00056559,3.8124e-05,0.0070512,3.6919e-05
0.092613,0.0019076,1.4237e-06,0.099482,0.005772,4.2062e-05,0.043615,0.0543,0.00040468,0.016095
5.6663e-05,4.9957e-10,2.7553e-07,6.1577e-10,0.13305,0.17597,1.0962e-06,7.4289e-05,0.039042,0.078788
7.8327e-05,7.424e-05,0.069328,0.012404,0.065589,0.02626,0.025868,4.6673e-05,0.04582,0.047641
0.051616,0.00031079,0.00028391,2.7731e-06,0.004264,0.085698,4.4863e-07,0.0074288,0.072004,0.12016
1.5094e-11,1.1067e-07,0.03273,0.052525,0.0075235,0.014638,0.035182,0.09916,7.5302e-07,0
8.6971e-06,3.5077e-07,9.6866e-09,0.054593,0.015498,0.027727,0.012116,0.054836,0.040989,0.073334
0.021988,0.00049048,0.0032413,0.0081474,0.0055013,0.13692,3.1908e-05,0.066963,0.00016739,2.7657e-07
0.16945,0.0037798,0.024978,0.06359,0.056816,6.4402e-05,3.225e-05,1.5241e-05,0.00020631,3.0704e-07
0.075005,0.047993,2.1508e-13,0,0.010202,0.06215,0,0.062987,0.0037604,2.0152e-05
