0.35355,0.35355,0.5,0.70711,0
8.1889e-07,8.1889e-07,1.1581e-06,1.6378e-06,1
0.35355,0.35355,0.5,0.70711,0
2.1649e-17,2.1649e-17,3.0616e-17,4.3298e-17,1
0.15812,0.15812,0.22362,0.31625,0.89443
0.071712,0.071712,0.10142,0.14342,0.97925
0.27227,0.27227,0.38505,0.54455,0.63794
0.11205,0.11205,0.15846,0.2241,0.94852
0.32852,0.32852,0.4646,0.65704,0.36965
0.21184,0.21184,0.29959,0.42368,0.80064
0.034859,0.034859,0.049299,0.069719,0.99515
0.052927,0.052927,0.07485,0.10585,0.98874
0.30232,0.30232,0.42755,0.60465,0.51874
0.18397,0.18397,0.26017,0.36793,0.85404
0.24153,0.24152,0.34157,0.48305,0.73035
0.13422,0.13422,0.18982,0.26844,0.92525
0.091271,0.091271,0.12908,0.18254,0.96615
0.34692,0.34692,0.49063,0.69385,0.19292
0.017037,0.017037,0.024094,0.034074,0.99885
0.025809,0.025809,0.036499,0.051618,0.99735
0.1015,0.1015,0.14354,0.20299,0.95794
0.33897,0.33897,0.47938,0.67795,0.2843
0.19765,0.19765,0.27952,0.3953,0.8292
0.062162,0.062162,0.08791,0.12432,0.98443
0.1708,0.1708,0.24155,0.3416,0.87561
0.28753,0.28753,0.40662,0.57505,0.58205
0.31615,0.31615,0.4471,0.6323,0.44781
0.25682,0.25682,0.3632,0.51365,0.68735
0.22647,0.22647,0.32028,0.45294,0.76795
0.14591,0.14591,0.20635,0.29182,0.91095
0.08135,0.08135,0.11505,0.1627,0.97325
0.35187,0.35187,0.49763,0.70375,0.09739
0.12284,0.12284,0.17373,0.24569,0.93775
0.043711,0.043711,0.061817,0.087423,0.99235
0.0080405,0.0080405,0.011371,0.016081,0.99975
0.030266,0.030266,0.042803,0.060532,0.99635
0.066905,0.066905,0.094618,0.13381,0.98195
0.048265,0.048265,0.068257,0.09653,0.99065
0.15196,0.15196,0.21491,0.30392,0.90295
0.1285,0.1285,0.18172,0.257,0.93164
0.34332,0.34332,0.48553,0.68664,0.23929
0.26455,0.26455,0.37413,0.5291,0.66352
0.096354,0.096354,0.13626,0.19271,0.9622
0.1644,0.1644,0.2325,0.32881,0.88534
0.29498,0.29497,0.41716,0.58995,0.55133
0.30935,0.30935,0.43748,0.61869,0.48425
0.19075,0.19075,0.26976,0.38149,0.84203
0.33405,0.33405,0.47242,0.6681,0.32772
0.24915,0.24915,0.35235,0.4983,0.70957
0.20467,0.20467,0.28944,0.40933,0.81545
0.23394,0.23394,0.33084,0.46788,0.74985
0.32254,0.32254,0.45614,0.64508,0.40966
0.27995,0.27995,0.3959,0.55989,0.61081
0.1067,0.1067,0.1509,0.2134,0.9534
0.21912,0.21912,0.30989,0.43824,0.78485
0.17734,0.17734,0.2508,0.35469,0.86515
0.34982,0.34982,0.49473,0.69965,0.14522
0.13997,0.13997,0.19795,0.27994,0.91835
0.076524,0.076524,0.10822,0.15305,0.97635
0.1174,0.1174,0.16603,0.2348,0.94331
0.039257,0.039257,0.055517,0.078513,0.99385
0.086204,0.086204,0.12191,0.17241,0.96985
0.35315,0.35315,0.49943,0.7063,0.048075
0.057373,0.057373,0.081138,0.11475,0.98675
0.012192,0.012192,0.017243,0.024385,0.99943
0.021129,0.021129,0.02988,0.042257,0.99825
0.0036683,0.0036683,0.0051877,0.0073365,0.99995
0.023407,0.023407,0.033102,0.046813,0.99785
0.059712,0.059712,0.084445,0.11942,0.98571
0.12567,0.12567,0.17772,0.25134,0.93475
0.069289,0.069289,0.097989,0.13858,0.98065
0.032491,0.032491,0.045949,0.064982,0.9958
0.14892,0.14892,0.21061,0.29785,0.90704
0.34848,0.34848,0.49282,0.69695,0.16927
0.35262,0.35262,0.49869,0.70525,0.072614
0.34121,0.34121,0.48255,0.68243,0.26196
0.26839,0.26839,0.37957,0.53679,0.65095
0.29867,0.29867,0.42239,0.59735,0.53524
0.14292,0.14292,0.20213,0.28585,0.91475
0.26068,0.26067,0.36865,0.52135,0.67561
0.15503,0.15503,0.21925,0.31007,0.89874
0.17406,0.17406,0.24616,0.34813,0.87045
0.29127,0.29127,0.41192,0.58255,0.56692
0.30585,0.30585,0.43254,0.6117,0.50171
0.19419,0.19419,0.27462,0.38837,0.83573
0.18733,0.18733,0.26492,0.37465,0.84813
0.23775,0.23775,0.33623,0.4755,0.74024
0.20826,0.20826,0.29453,0.41653,0.80814
0.20114,0.20114,0.28445,0.40227,0.82245
0.25299,0.25299,0.35779,0.50599,0.69865
0.24532,0.24532,0.34694,0.49064,0.72015
0.064493,0.064493,0.091207,0.12899,0.98324
0.10939,0.10939,0.1547,0.21878,0.95095
0.31282,0.31282,0.4424,0.62565,0.46614
0.2302,0.2302,0.32555,0.4604,0.75914
0.088677,0.088677,0.12541,0.17735,0.96805
0.16761,0.16761,0.23703,0.33521,0.88055
0.21545,0.21545,0.30469,0.4309,0.79294
0.34522,0.34522,0.48822,0.69045,0.21604
0.33132,0.33132,0.46856,0.66265,0.34911
0.28372,0.28372,0.40125,0.56745,0.5967
0.16123,0.16123,0.22801,0.32245,0.89003
0.32562,0.32562,0.4605,0.65125,0.38974
0.045947,0.045947,0.064978,0.091893,0.99155
0.13131,0.13131,0.1857,0.26262,0.92855
0.050516,0.050516,0.07144,0.10103,0.98975
0.11471,0.11471,0.16223,0.22943,0.94594
0.31942,0.31942,0.45173,0.63885,0.42882
0.27608,0.27608,0.39043,0.55215,0.62474
0.078938,0.078938,0.11164,0.15788,0.97484
0.35095,0.35095,0.49632,0.7019,0.1213
0.093768,0.093767,0.13261,0.18753,0.96425
0.18062,0.18062,0.25544,0.36124,0.85975
0.098881,0.098881,0.13984,0.19776,0.9601
0.1371,0.1371,0.19388,0.27419,0.92185
0.10412,0.10412,0.14724,0.20823,0.95575
0.33655,0.33655,0.47595,0.67309,0.30651
0.074069,0.074069,0.10475,0.14814,0.97785
0.12013,0.12013,0.16989,0.24026,0.94055
0.22273,0.22273,0.31499,0.44547,0.77665
0.35347,0.35347,0.49988,0.70694,0.02397
0.083808,0.083808,0.11852,0.16762,0.97155
0.041395,0.041395,0.058541,0.08279,0.99315
0.055087,0.055087,0.077905,0.11017,0.98784
0.019156,0.019156,0.027091,0.038313,0.99862
