0.0625,0.0625,0.088388,0.125,0.17678,0.25,0.35355,0.5,0.70711,0
1.4862e-07,1.4862e-07,2.1018e-07,2.9724e-07,4.2036e-07,5.9447e-07,8.4071e-07,1.1889e-06,1.6814e-06,1
0.0625,0.0625,0.088388,0.125,0.17678,0.25,0.35355,0.5,0.70711,0
3.827e-18,3.827e-18,5.4122e-18,7.654e-18,1.0824e-17,1.5308e-17,2.1649e-17,3.0616e-17,4.3298e-17,1
0.019756,0.019756,0.027939,0.039511,0.055878,0.079023,0.11175,0.15805,0.22351,0.94875
0.039174,0.039174,0.0554,0.078348,0.1108,0.1567,0.2216,0.31339,0.4432,0.77925
0.0085314,0.0085314,0.012065,0.017063,0.02413,0.034125,0.048261,0.068251,0.096521,0.99065
0.013576,0.013576,0.0192,0.027153,0.0384,0.054305,0.076799,0.10861,0.1536,0.97615
0.053667,0.053667,0.075896,0.10733,0.15179,0.21467,0.30359,0.42934,0.60717,0.51261
0.027887,0.027887,0.039437,0.055773,0.078875,0.11155,0.15775,0.22309,0.3155,0.89495
0.0041078,0.0041078,0.0058093,0.0082155,0.011619,0.016431,0.023237,0.032862,0.046474,0.99785
0.046218,0.046218,0.065362,0.092436,0.13072,0.18487,0.26145,0.36974,0.5229,0.67321
0.033062,0.033062,0.046757,0.066125,0.093515,0.13225,0.18703,0.2645,0.37406,0.84863
0.059935,0.059935,0.084761,0.11987,0.16952,0.23974,0.33904,0.47948,0.67809,0.28369
0.023507,0.023507,0.033244,0.047014,0.066488,0.094028,0.13298,0.18806,0.26595,0.92661
0.010955,0.010955,0.015492,0.021909,0.030984,0.043819,0.061969,0.087637,0.12394,0.98453
0.016474,0.016474,0.023298,0.032949,0.046597,0.065898,0.093193,0.1318,0.18639,0.96465
0.0062325,0.0062325,0.0088141,0.012465,0.017628,0.02493,0.035257,0.04986,0.070513,0.99503
0.0020831,0.0020831,0.002946,0.0041663,0.005892,0.0083326,0.011784,0.016665,0.023568,0.99945
0.0073688,0.0073688,0.010421,0.014738,0.020842,0.029475,0.041684,0.05895,0.083368,0.99303
0.0097185,0.0097185,0.013744,0.019437,0.027488,0.038874,0.054976,0.077748,0.10995,0.98786
0.018064,0.018064,0.025546,0.036128,0.051093,0.072256,0.10219,0.14451,0.20437,0.95735
0.061832,0.061832,0.087443,0.12366,0.17489,0.24733,0.34977,0.49465,0.69955,0.14593
0.042593,0.042593,0.060236,0.085186,0.12047,0.17037,0.24094,0.34074,0.48189,0.73188
0.030368,0.030368,0.042946,0.060735,0.085893,0.12147,0.17179,0.24294,0.34357,0.87405
0.035996,0.035996,0.050906,0.071992,0.10181,0.14398,0.20362,0.28797,0.40725,0.81751
0.057097,0.057097,0.080748,0.11419,0.1615,0.22839,0.32299,0.45678,0.64598,0.40679
0.025606,0.025606,0.036212,0.051211,0.072423,0.10242,0.14485,0.20484,0.28969,0.91225
0.049965,0.049965,0.070662,0.099931,0.14132,0.19986,0.28265,0.39972,0.56529,0.60076
0.014986,0.014986,0.021193,0.029971,0.042386,0.059943,0.084772,0.11989,0.16954,0.97085
0.02156,0.02156,0.03049,0.04312,0.060981,0.08624,0.12196,0.17248,0.24392,0.93865
0.012212,0.012212,0.017271,0.024425,0.034542,0.04885,0.069084,0.097699,0.13817,0.98074
0.00109,0.00109,0.0015414,0.0021799,0.0030829,0.0043599,0.0061658,0.0087197,0.012332,0.99985
0.0051341,0.0051341,0.0072607,0.010268,0.014521,0.020536,0.029043,0.041073,0.058086,0.99663
0.0031417,0.0031417,0.0044431,0.0062835,0.0088861,0.012567,0.017772,0.025134,0.035545,0.99874
0.012886,0.012886,0.018223,0.025771,0.036446,0.051542,0.072892,0.10308,0.14578,0.97855
0.0056756,0.0056756,0.0080265,0.011351,0.016053,0.022702,0.032106,0.045405,0.064212,0.99588
0.017256,0.017256,0.024403,0.034511,0.048806,0.069022,0.097612,0.13804,0.19522,0.96115
0.048085,0.048085,0.068003,0.09617,0.13601,0.19234,0.27201,0.38468,0.54402,0.63883
0.040853,0.040853,0.057775,0.081706,0.11555,0.16341,0.2311,0.32682,0.4622,0.75681
0.029103,0.029103,0.041158,0.058207,0.082316,0.11641,0.16463,0.23283,0.32927,0.88497
0.031687,0.031687,0.044812,0.063374,0.089624,0.12675,0.17925,0.25349,0.3585,0.86199
0.062331,0.062331,0.08815,0.12466,0.1763,0.24932,0.3526,0.49865,0.7052,0.073632
0.04438,0.04438,0.062762,0.088759,0.12552,0.17752,0.25105,0.35504,0.5021,0.70415
0.034498,0.034498,0.048787,0.068995,0.097574,0.13799,0.19515,0.27598,0.39029,0.83392
0.055435,0.055435,0.078397,0.11087,0.15679,0.22174,0.31359,0.44348,0.62718,0.46188
0.026719,0.026719,0.037786,0.053438,0.075572,0.10688,0.15114,0.21375,0.30229,0.90404
0.061018,0.061018,0.086293,0.12204,0.17259,0.24407,0.34517,0.48815,0.69034,0.21655
0.037556,0.037556,0.053113,0.075113,0.10623,0.15023,0.21245,0.30045,0.4249,0.79932
0.058609,0.058609,0.082885,0.11722,0.16577,0.23443,0.33154,0.46887,0.66308,0.34743
0.051831,0.051831,0.0733,0.10366,0.1466,0.20732,0.2932,0.41465,0.5864,0.55887
0.015715,0.015715,0.022225,0.031431,0.04445,0.062862,0.0889,0.12572,0.1778,0.96789
0.024542,0.024542,0.034708,0.049085,0.069416,0.098169,0.13883,0.19634,0.27766,0.9197
0.018887,0.018887,0.026711,0.037775,0.053422,0.07555,0.10684,0.1511,0.21369,0.95325
0.022504,0.022504,0.031825,0.045007,0.06365,0.090015,0.1273,0.18003,0.2546,0.93294
0.020633,0.020633,0.02918,0.041267,0.05836,0.082533,0.11672,0.16507,0.23344,0.94395
0.007923,0.007923,0.011205,0.015846,0.02241,0.031692,0.044819,0.063384,0.089639,0.99195
0.014254,0.014254,0.020158,0.028507,0.040315,0.057014,0.08063,0.11403,0.16126,0.97365
0.0091025,0.0091025,0.012873,0.018205,0.025746,0.03641,0.051492,0.07282,0.10298,0.98935
0.011569,0.011569,0.01636,0.023137,0.032721,0.046274,0.065441,0.092548,0.13088,0.98274
0.0025832,0.0025832,0.0036532,0.0051664,0.0073064,0.010333,0.014613,0.020666,0.029226,0.99915
0.0068274,0.0068274,0.0096554,0.013655,0.019311,0.02731,0.038622,0.054619,0.077244,0.99403
0.01036,0.01036,0.014651,0.02072,0.029302,0.04144,0.058605,0.08288,0.11721,0.98617
0.0036003,0.0036003,0.0050916,0.0072006,0.010183,0.014401,0.020366,0.028802,0.040733,0.99835
0.0045726,0.0045726,0.0064666,0.0091452,0.012933,0.01829,0.025866,0.036581,0.051733,0.99734
0.0006408,0.0006408,0.00090622,0.0012816,0.0018124,0.0025632,0.0036249,0.0051264,0.0072498,0.99995
0.0016658,0.0016658,0.0023559,0.0033317,0.0047117,0.0066634,0.0094234,0.013327,0.018847,0.99965
0.0065289,0.0065289,0.0092333,0.013058,0.018467,0.026116,0.036933,0.052231,0.073866,0.99453
0.010038,0.010038,0.014196,0.020076,0.028392,0.040152,0.056783,0.080304,0.11357,0.98703
0.0028736,0.0028736,0.0040638,0.0057471,0.0081277,0.011494,0.016255,0.022989,0.032511,0.99895
0.0082176,0.0082176,0.011621,0.016435,0.023243,0.03287,0.046486,0.065741,0.092972,0.99134
0.005953,0.005953,0.0084189,0.011906,0.016838,0.023812,0.033675,0.047624,0.067351,0.99546
0.013231,0.013231,0.018712,0.026462,0.037424,0.052925,0.074847,0.10585,0.14969,0.97734
0.014624,0.014624,0.020681,0.029247,0.041362,0.058495,0.082724,0.11699,0.16545,0.97225
0.022996,0.022996,0.032522,0.045993,0.065043,0.091985,0.13009,0.18397,0.26017,0.92989
0.027298,0.027298,0.038605,0.054596,0.07721,0.10919,0.15442,0.21838,0.30884,0.89958
0.016862,0.016862,0.023846,0.033724,0.047693,0.067448,0.095386,0.1349,0.19077,0.96295
0.06146,0.06146,0.086918,0.12292,0.17384,0.24584,0.34767,0.49168,0.69535,0.18172
0.0048391,0.0048391,0.0068436,0.0096783,0.013687,0.019357,0.027374,0.038713,0.054749,0.99702
0.028487,0.028487,0.040287,0.056974,0.080573,0.11395,0.16115,0.22789,0.32229,0.89013
0.040006,0.040006,0.056577,0.080012,0.11315,0.16002,0.22631,0.32005,0.45262,0.76833
0.029729,0.029729,0.042043,0.059458,0.084086,0.11892,0.16817,0.23783,0.33635,0.87965
0.016094,0.016094,0.02276,0.032187,0.04552,0.064375,0.09104,0.12875,0.18208,0.96629
0.019323,0.019323,0.027327,0.038647,0.054655,0.077293,0.10931,0.15459,0.21862,0.95103
0.032369,0.032369,0.045776,0.064737,0.091552,0.12947,0.1831,0.25895,0.36621,0.85548
0.052756,0.052756,0.074608,0.10551,0.14922,0.21102,0.29843,0.42205,0.59687,0.53625
0.047144,0.047144,0.066672,0.094288,0.13334,0.18858,0.26669,0.37715,0.53338,0.65653
0.031022,0.031022,0.043871,0.062043,0.087743,0.12409,0.17549,0.24817,0.35097,0.86815
0.045288,0.045288,0.064047,0.090576,0.12809,0.18115,0.25619,0.3623,0.51237,0.68918
0.038359,0.038359,0.054247,0.076717,0.10849,0.15343,0.21699,0.30687,0.43398,0.78955
0.059294,0.059294,0.083854,0.11859,0.16771,0.23717,0.33542,0.47435,0.67083,0.31624
0.026155,0.026155,0.036989,0.05231,0.073977,0.10462,0.14795,0.20924,0.29591,0.90825
0.057872,0.057872,0.081843,0.11574,0.16369,0.23149,0.32737,0.46297,0.65474,0.37774
0.035245,0.035245,0.049843,0.070489,0.099687,0.14098,0.19937,0.28196,0.39875,0.82585
0.054555,0.054555,0.077153,0.10911,0.15431,0.21822,0.30861,0.43644,0.61722,0.48797
0.050898,0.050898,0.071981,0.1018,0.14396,0.20359,0.28792,0.40719,0.57585,0.58041
0.036762,0.036762,0.05199,0.073525,0.10398,0.14705,0.20796,0.2941,0.41592,0.80874
0.04171,0.04171,0.058987,0.083421,0.11797,0.16684,0.23595,0.33368,0.4719,0.74478
0.056287,0.056287,0.079602,0.11257,0.1592,0.22515,0.31841,0.4503,0.63682,0.4347
0.018473,0.018473,0.026124,0.036946,0.052249,0.073891,0.1045,0.14778,0.209,0.95535
0.043473,0.043473,0.061481,0.086947,0.12296,0.17389,0.24592,0.34779,0.49184,0.7185
0.062124,0.062124,0.087856,0.12425,0.17571,0.24849,0.35142,0.49699,0.70285,0.10967
0.049016,0.049016,0.069318,0.098031,0.13864,0.19606,0.27727,0.39212,0.55455,0.6205
0.033766,0.033766,0.047753,0.067533,0.095506,0.13507,0.19101,0.27013,0.38202,0.84154
0.060513,0.060513,0.085579,0.12103,0.17116,0.24205,0.34231,0.48411,0.68463,0.2502
0.012537,0.012537,0.01773,0.025074,0.03546,0.050148,0.070919,0.10029,0.14184,0.97969
0.02203,0.02203,0.031155,0.044059,0.062309,0.088119,0.12462,0.17624,0.24924,0.93585
0.011893,0.011893,0.016819,0.023785,0.033637,0.04757,0.067275,0.095141,0.13455,0.98174
0.062459,0.062459,0.088331,0.12492,0.17666,0.24984,0.35332,0.49968,0.70665,0.036142
0.0093942,0.0093942,0.013285,0.018788,0.026571,0.037577,0.053141,0.075153,0.10628,0.98865
0.024007,0.024007,0.033951,0.048015,0.067903,0.096029,0.13581,0.19206,0.27161,0.92332
0.0014139,0.0014139,0.0019996,0.0028278,0.0039991,0.0056556,0.0079982,0.011311,0.015996,0.99975
0.017646,0.017646,0.024956,0.035293,0.049912,0.070586,0.099823,0.14117,0.19965,0.95934
0.025077,0.025077,0.035465,0.050154,0.070929,0.10031,0.14186,0.20062,0.28372,0.916
0.021077,0.021077,0.029807,0.042153,0.059614,0.084306,0.11923,0.16861,0.23845,0.94144
0.020182,0.020182,0.028541,0.040363,0.057082,0.080726,0.11416,0.16145,0.22833,0.94645
0.011263,0.011263,0.015928,0.022525,0.031856,0.045051,0.063711,0.090101,0.12742,0.98365
0.015362,0.015362,0.021724,0.030723,0.043449,0.061446,0.086898,0.12289,0.1738,0.96935
0.013907,0.013907,0.019667,0.027813,0.039334,0.055627,0.078668,0.11125,0.15734,0.97495
0.0053898,0.0053898,0.0076223,0.01078,0.015245,0.021559,0.030489,0.043118,0.060978,0.99629
0.010652,0.010652,0.015064,0.021303,0.030128,0.042607,0.060255,0.085214,0.12051,0.9854
0.0087981,0.0087981,0.012442,0.017596,0.024885,0.035192,0.049769,0.070385,0.099539,0.99005
0.0076242,0.0076242,0.010782,0.015248,0.021564,0.030497,0.043129,0.060993,0.086257,0.99255
0.0033707,0.0033707,0.0047669,0.0067414,0.0095338,0.013483,0.019068,0.026966,0.038135,0.99855
0.0071293,0.0071293,0.010082,0.014259,0.020165,0.028517,0.040329,0.057034,0.080659,0.99349
0.003808,0.003808,0.0053853,0.0076159,0.010771,0.015232,0.021541,0.030464,0.043082,0.99815
0.0018803,0.0018803,0.0026592,0.0037607,0.0053184,0.0075213,0.010637,0.015043,0.021274,0.99955
0.0043071,0.0043071,0.0060912,0.0086143,0.012182,0.017229,0.024365,0.034457,0.04873,0.99763
0.0022601,0.0022601,0.0031963,0.0045203,0.0063927,0.0090406,0.012785,0.018081,0.025571,0.99935
0.0024306,0.0024306,0.0034373,0.0048611,0.0068747,0.0097222,0.013749,0.019444,0.027499,0.99925
0.0027345,0.0027345,0.0038672,0.0054691,0.0077344,0.010938,0.015469,0.021876,0.030938,0.99905
0.0095601,0.0095601,0.01352,0.01912,0.02704,0.03824,0.05408,0.076481,0.10816,0.98825
0.0098795,0.0098795,0.013972,0.019759,0.027943,0.039518,0.055887,0.079036,0.11177,0.98744
0.017854,0.017854,0.025249,0.035708,0.050499,0.071416,0.101,0.14283,0.20199,0.95835
0.024274,0.024274,0.034329,0.048549,0.068658,0.097097,0.13732,0.19419,0.27463,0.9215
0.021321,0.021321,0.030152,0.042642,0.060305,0.085284,0.12061,0.17057,0.24122,0.94003
0.043924,0.043924,0.062118,0.087849,0.12424,0.1757,0.24847,0.3514,0.49695,0.71141
0.013403,0.013403,0.018954,0.026805,0.037908,0.05361,0.075817,0.10722,0.15163,0.97674
0.059622,0.059622,0.084319,0.11924,0.16864,0.23849,0.33727,0.47698,0.67455,0.30007
0.019108,0.019108,0.027023,0.038217,0.054047,0.076433,0.10809,0.15287,0.21619,0.95214
0.023254,0.023254,0.032886,0.046508,0.065772,0.093016,0.13154,0.18603,0.26309,0.92823
0.054998,0.054998,0.077779,0.11,0.15556,0.21999,0.31111,0.43998,0.62223,0.4751
0.034871,0.034871,0.049315,0.069742,0.09863,0.13948,0.19726,0.27897,0.39452,0.82991
0.047614,0.047614,0.067336,0.095228,0.13467,0.19046,0.26935,0.38091,0.53869,0.64783
0.042147,0.042147,0.059605,0.084294,0.11921,0.16859,0.23842,0.33718,0.47684,0.73844
0.022749,0.022749,0.032172,0.045498,0.064344,0.090996,0.12869,0.18199,0.25738,0.93144
0.062406,0.062406,0.088255,0.12481,0.17651,0.24962,0.35302,0.49925,0.70604,0.055288
0.060233,0.060233,0.085182,0.12047,0.17036,0.24093,0.34073,0.48186,0.68146,0.26695
0.028792,0.028792,0.040718,0.057584,0.081435,0.11517,0.16287,0.23033,0.32574,0.88761
0.0080662,0.0080662,0.011407,0.016132,0.022815,0.032265,0.045629,0.06453,0.091259,0.99165
0.040429,0.040429,0.057175,0.080858,0.11435,0.16172,0.2287,0.32343,0.4574,0.76264
0.030692,0.030692,0.043405,0.061383,0.086809,0.12277,0.17362,0.24553,0.34724,0.87115
0.011729,0.011729,0.016587,0.023457,0.033174,0.046915,0.066348,0.09383,0.1327,0.98225
0.052296,0.052296,0.073957,0.10459,0.14791,0.20918,0.29583,0.41837,0.59166,0.54765
0.051364,0.051364,0.07264,0.10273,0.14528,0.20546,0.29056,0.41091,0.58112,0.5698
0.02701,0.02701,0.038198,0.05402,0.076396,0.10804,0.15279,0.21608,0.30558,0.90181
0.039587,0.039587,0.055985,0.079175,0.11197,0.15835,0.22394,0.3167,0.44788,0.77388
0.032027,0.032027,0.045293,0.064054,0.090586,0.12811,0.18117,0.25621,0.36234,0.85875
0.020409,0.020409,0.028863,0.040819,0.057727,0.081638,0.11545,0.16328,0.23091,0.94521
0.031352,0.031352,0.044339,0.062705,0.088678,0.12541,0.17736,0.25082,0.35471,0.86512
0.053212,0.053212,0.075253,0.10642,0.15051,0.21285,0.30101,0.42569,0.60202,0.5246
0.026437,0.026437,0.037387,0.052874,0.074775,0.10575,0.14955,0.21149,0.2991,0.90615
0.034125,0.034125,0.048259,0.068249,0.096519,0.1365,0.19304,0.273,0.38608,0.83782
0.061987,0.061987,0.087663,0.12397,0.17533,0.24795,0.35065,0.4959,0.7013,0.12812
0.0030026,0.0030026,0.0042463,0.0060052,0.0084926,0.01201,0.016985,0.024021,0.03397,0.99885
0.035619,0.035619,0.050372,0.071237,0.10074,0.14247,0.20149,0.28495,0.40298,0.82173
0.04948,0.04948,0.069976,0.098961,0.13995,0.19792,0.2799,0.39584,0.55981,0.61095
0.046677,0.046677,0.066011,0.093354,0.13202,0.18671,0.26405,0.37342,0.52809,0.66503
0.018267,0.018267,0.025833,0.036534,0.051667,0.073068,0.10333,0.14614,0.20667,0.95635
0.04128,0.04128,0.058379,0.08256,0.11676,0.16512,0.23352,0.33024,0.46703,0.75091
0.044837,0.044837,0.063409,0.089674,0.12682,0.17935,0.25364,0.35869,0.50727,0.69673
0.032711,0.032711,0.04626,0.065421,0.09252,0.13084,0.18504,0.26168,0.37008,0.85214
0.05749,0.05749,0.081304,0.11498,0.16261,0.22996,0.32522,0.45992,0.65043,0.39232
0.027587,0.027587,0.039013,0.055173,0.078027,0.11035,0.15605,0.22069,0.31211,0.89733
0.056698,0.056698,0.080183,0.1134,0.16037,0.22679,0.32073,0.45358,0.64146,0.42082
0.025881,0.025881,0.036601,0.051761,0.073202,0.10352,0.1464,0.20705,0.29281,0.91025
0.033414,0.033414,0.047255,0.066828,0.094509,0.13366,0.18902,0.26731,0.37804,0.84514
0.050429,0.050429,0.071317,0.10086,0.14263,0.20172,0.28527,0.40343,0.57054,0.59079
0.03876,0.03876,0.054815,0.07752,0.10963,0.15504,0.21926,0.31008,0.43852,0.78453
0.037149,0.037149,0.052536,0.074298,0.10507,0.1486,0.21015,0.29719,0.42029,0.80423
0.058251,0.058251,0.082379,0.1165,0.16476,0.233,0.32952,0.46601,0.65903,0.36248
0.055856,0.055856,0.078992,0.11171,0.15798,0.22342,0.31597,0.44685,0.63194,0.44872
0.036375,0.036375,0.051442,0.07275,0.10288,0.1455,0.20577,0.291,0.41153,0.81325
0.062237,0.062237,0.088017,0.12447,0.17603,0.24895,0.35207,0.4979,0.70414,0.091811
0.06166,0.06166,0.0872,0.12332,0.1744,0.24664,0.3488,0.49328,0.6976,0.16344
0.02942,0.02942,0.041606,0.05884,0.083212,0.11768,0.16642,0.23536,0.33285,0.88231
0.048546,0.048546,0.068655,0.097092,0.13731,0.19418,0.27462,0.38837,0.54924,0.62985
0.045765,0.045765,0.064721,0.091529,0.12944,0.18306,0.25888,0.36612,0.51777,0.68108
0.043027,0.043027,0.060849,0.086053,0.1217,0.17211,0.2434,0.34421,0.48679,0.72534
0.022264,0.022264,0.031487,0.044529,0.062973,0.089058,0.12595,0.17812,0.25189,0.93442
0.058951,0.058951,0.083369,0.1179,0.16674,0.2358,0.33348,0.47161,0.66696,0.33221
0.030054,0.030054,0.042503,0.060108,0.085006,0.12022,0.17001,0.24043,0.34002,0.87684
0.01745,0.01745,0.024677,0.034899,0.049355,0.069798,0.098709,0.1396,0.19742,0.96025
0.05412,0.05412,0.076537,0.10824,0.15307,0.21648,0.30615,0.43296,0.6123,0.5002
0.018676,0.018676,0.026411,0.037351,0.052822,0.074702,0.10564,0.1494,0.21129,0.95433
0.0050037,0.0050037,0.0070762,0.010007,0.014152,0.020015,0.028305,0.040029,0.05661,0.9968
0.037945,0.037945,0.053662,0.07589,0.10733,0.15178,0.21465,0.30356,0.4293,0.79463
0.061255,0.061255,0.086627,0.12251,0.17325,0.24502,0.34651,0.49004,0.69302,0.19872
0.014083,0.014083,0.019917,0.028166,0.039833,0.056333,0.079667,0.11267,0.15933,0.97431
0.028176,0.028176,0.039847,0.056352,0.079693,0.1127,0.15939,0.22541,0.31877,0.89264
0.020855,0.020855,0.029493,0.04171,0.058987,0.08342,0.11797,0.16684,0.23595,0.9427
0.060779,0.060779,0.085955,0.12156,0.17191,0.24312,0.34382,0.48623,0.68764,0.23314
0.017065,0.017065,0.024134,0.034131,0.048268,0.068262,0.096537,0.13652,0.19307,0.96203
0.019531,0.019531,0.027621,0.039063,0.055243,0.078125,0.11049,0.15625,0.22097,0.94994
0.01666,0.01666,0.023561,0.033321,0.047122,0.066641,0.094245,0.13328,0.18849,0.96383
0.014424,0.014424,0.020399,0.028849,0.040798,0.057697,0.081596,0.11539,0.16319,0.97304
0.012055,0.012055,0.017049,0.024111,0.034098,0.048222,0.068196,0.096444,0.13639,0.98124
0.015895,0.015895,0.022479,0.03179,0.044958,0.06358,0.089915,0.12716,0.17983,0.96714
0.01516,0.01516,0.021439,0.03032,0.042879,0.060639,0.085757,0.12128,0.17151,0.97015
0.014813,0.014813,0.020949,0.029627,0.041898,0.059253,0.083797,0.11851,0.16759,0.97155
0.01307,0.01307,0.018483,0.026139,0.036966,0.052278,0.073933,0.10456,0.14787,0.97791
0.010806,0.010806,0.015282,0.021612,0.030563,0.043223,0.061127,0.086446,0.12225,0.98495
0.062491,0.062491,0.088375,0.12498,0.17675,0.24996,0.3535,0.49992,0.707,0.017501
0.016274,0.016274,0.023014,0.032547,0.046029,0.065094,0.092057,0.13019,0.18411,0.96553
0.012368,0.012368,0.017491,0.024736,0.034981,0.049471,0.069963,0.098942,0.13993,0.98024
0.012728,0.012728,0.018,0.025456,0.036,0.050912,0.072,0.10182,0.144,0.97906
0.010217,0.010217,0.014448,0.020433,0.028897,0.040866,0.057793,0.081732,0.11559,0.98657
0.019961,0.019961,0.028229,0.039921,0.056457,0.079843,0.11291,0.15969,0.22583,0.94765
0.0061051,0.0061051,0.0086339,0.01221,0.017268,0.02442,0.034536,0.048841,0.069071,0.99525
0.023742,0.023742,0.033576,0.047484,0.067152,0.094967,0.1343,0.18993,0.26861,0.92505
0.0083514,0.0083514,0.011811,0.016703,0.023621,0.033406,0.047243,0.066811,0.094486,0.99105
0.021777,0.021777,0.030798,0.043555,0.061595,0.087109,0.12319,0.17422,0.24638,0.93734
0.013747,0.013747,0.019441,0.027493,0.038881,0.054987,0.077763,0.10997,0.15553,0.97554
0.024786,0.024786,0.035053,0.049573,0.070106,0.099145,0.14021,0.19829,0.28042,0.91805
0.025325,0.025325,0.035815,0.05065,0.07163,0.1013,0.14326,0.2026,0.28652,0.91424
0.0046949,0.0046949,0.0066396,0.0093898,0.013279,0.01878,0.026558,0.037559,0.053116,0.9972
0.0086647,0.0086647,0.012254,0.017329,0.024508,0.034659,0.049015,0.069318,0.09803,0.99035
0.0089279,0.0089279,0.012626,0.017856,0.025252,0.035712,0.050504,0.071423,0.10101,0.98975
0.011093,0.011093,0.015688,0.022186,0.031376,0.044372,0.062752,0.088745,0.1255,0.98415
0.011402,0.011402,0.016125,0.022804,0.03225,0.045608,0.0645,0.091217,0.129,0.98323
0.0039225,0.0039225,0.0055473,0.007845,0.011095,0.01569,0.022189,0.03138,0.044378,0.99805
0.0034866,0.0034866,0.0049307,0.0069731,0.0098615,0.013946,0.019723,0.027893,0.039446,0.99845
0.0092312,0.0092312,0.013055,0.018462,0.02611,0.036925,0.05222,0.07385,0.10444,0.98905
0.0066475,0.0066475,0.009401,0.013295,0.018802,0.02659,0.037604,0.05318,0.075208,0.99434
0.005837,0.005837,0.0082548,0.011674,0.01651,0.023348,0.033019,0.046696,0.066038,0.99564
0.0052767,0.0052767,0.0074624,0.010553,0.014925,0.021107,0.02985,0.042214,0.0597,0.99645
0.0077421,0.0077421,0.010949,0.015484,0.021898,0.030969,0.043796,0.061937,0.087592,0.99233
0.0032491,0.0032491,0.0045949,0.0064981,0.0091898,0.012996,0.01838,0.025993,0.036759,0.99865
0.010524,0.010524,0.014883,0.021048,0.029767,0.042096,0.059533,0.084193,0.11907,0.98573
0.015511,0.015511,0.021935,0.031021,0.043871,0.062042,0.087741,0.12408,0.17548,0.96874
0.0074804,0.0074804,0.010579,0.014961,0.021158,0.029922,0.042316,0.059843,0.084631,0.99283
0.0037061,0.0037061,0.0052413,0.0074123,0.010483,0.014825,0.020965,0.029649,0.04193,0.99825
0.0054846,0.0054846,0.0077564,0.010969,0.015513,0.021938,0.031025,0.043877,0.062051,0.99615
0.0044895,0.0044895,0.0063492,0.0089791,0.012698,0.017958,0.025397,0.035916,0.050793,0.99745
0.0070479,0.0070479,0.0099672,0.014096,0.019934,0.028192,0.039869,0.056383,0.079738,0.99363
0.0063108,0.0063108,0.0089248,0.012622,0.01785,0.025243,0.035699,0.050486,0.071399,0.9949
0.0072059,0.0072059,0.010191,0.014412,0.020381,0.028824,0.040763,0.057647,0.081526,0.99334
0.015996,0.015996,0.022622,0.031992,0.045244,0.063985,0.090488,0.12797,0.18098,0.9667
0.0067574,0.0067574,0.0095563,0.013515,0.019113,0.027029,0.038225,0.054059,0.076451,0.99414
0.026861,0.026861,0.037988,0.053723,0.075976,0.10745,0.15195,0.21489,0.3039,0.90295
