1.1094,1.1061,1.0807,1.0375,0.9841,0.92964,0.88358,0.85386,0.84564,0.86033,0.89539,0.94476,0.9999,1.0513,1.09
1.1126,1.1297,1.1205,1.0867,1.0342,0.97193,0.91077,0.86126,0.83196,0.82794,0.84989,0.89402,0.95269,1.0158,1.0723
1.0687,1.1124,1.1329,1.1266,1.0947,1.0426,0.97935,0.91591,0.86324,0.83043,0.82317,0.8427,0.88566,0.9446,1.0093
1.0318,1.085,1.1197,1.1299,1.1139,1.0744,1.0183,0.95521,0.89611,0.8512,0.82823,0.83119,0.85956,0.90843,0.96936
0.95466,1.0183,1.075,1.1149,1.1312,1.121,1.0862,1.0326,0.96963,0.90813,0.85873,0.82998,0.82685,0.84988,0.89509
0.8895,0.95569,1.0258,1.0876,1.1305,1.1471,1.1344,1.0948,1.0349,0.96529,0.89786,0.84432,0.81391,0.81191,0.83864
0.84861,0.90031,0.96547,1.0328,1.0907,1.1292,1.1415,1.1256,1.0841,1.0244,0.95668,0.89266,0.84342,0.81747,0.81931
0.81538,0.84564,0.8988,0.96569,1.0347,1.094,1.1332,1.1456,1.1291,1.0864,1.0251,0.9556,0.89002,0.83967,0.81327
0.84114,0.84507,0.872,0.91729,0.9731,1.0298,1.0775,1.1081,1.1162,1.1004,1.0635,1.0118,0.95433,0.90095,0.86091
0.86852,0.83948,0.83441,0.8542,0.89541,0.95094,1.0112,1.0657,1.1051,1.1225,1.115,1.0838,1.0343,0.97518,0.91652
0.90731,0.8642,0.84079,0.84114,0.86517,0.90873,0.9643,1.0223,1.0726,1.1066,1.1184,1.1059,1.0714,1.0207,0.96267
0.97921,0.91423,0.86031,0.82677,0.8194,0.83947,0.88353,0.94395,1.0103,1.0711,1.1158,1.1367,1.1302,1.0974,1.044
1.0274,0.95946,0.8948,0.84455,0.8174,0.81804,0.84637,0.89748,0.96254,1.0303,1.089,1.1286,1.1422,1.1273,1.0867
1.0839,1.0364,0.97878,0.92108,0.87324,0.84355,0.83713,0.85509,0.89433,0.94806,1.007,1.0609,1.1006,1.119,1.1131
1.117,1.0849,1.0343,0.974,0.91443,0.86587,0.83673,0.83205,0.85262,0.8949,0.95157,1.0128,1.0681,1.1078,1.1251
0.63699,1.0381,1.4288,1.7416,1.9224,1.9399,1.7911,1.5018,1.1219,0.71716,0.35754,0.10523,0.003854,0.070942,0.29489
0.1388,0.41301,0.78493,1.1903,1.5589,1.8271,1.9486,1.9022,1.6961,1.3658,0.96849,0.57285,0.24729,0.048105,0.0097292
0.25493,0.58628,0.98538,1.3832,1.711,1.9121,1.9517,1.823,1.5481,1.1748,0.76738,0.39644,0.12609,0.0030603,0.048636
0.45863,0.16509,0.012137,0.026217,0.20489,0.51727,0.90934,1.3133,1.6593,1.8876,1.9585,1.86,1.609,1.2489,0.84199
1.9123,1.9561,1.8307,1.558,1.1849,0.77617,0.40233,0.12804,0.00075403,0.042464,0.24596,0.57606,0.97568,1.3757,1.707
1.6111,1.2457,0.834,0.44725,0.1523,0.00013644,0.017085,0.20021,0.51785,0.91507,1.3232,1.6717,1.9002,1.9693,1.8671
0.042268,0.0035568,0.13336,0.40924,0.78348,1.1914,1.5624,1.8324,1.9547,1.9082,1.7008,1.3685,0.96865,0.57048,0.2428
1.2187,0.8205,0.4496,0.17008,0.03029,0.054391,0.23822,0.54999,0.93579,1.3289,1.6614,1.8757,1.9349,1.8286,1.5752
0.5133,0.19819,0.017946,0.0037277,0.158,0.45407,0.84077,1.2512,1.6145,1.8677,1.9671,1.8955,1.6653,1.3163,0.90878
1.6831,1.8996,1.9568,1.8448,1.5829,1.2164,0.80878,0.43041,0.14674,0.0068305,0.034872,0.22601,0.54721,0.94291,1.3447
1.914,1.7223,1.4019,1.0082,0.60937,0.27427,0.060874,0.0060869,0.11938,0.38116,0.74616,1.1513,1.5265,1.8068,1.9439
0.93225,1.3355,1.677,1.8976,1.9593,1.8513,1.5923,1.2272,0.81893,0.43823,0.1509,0.0065984,0.03029,0.21788,0.53692
1.5195,1.8007,1.9396,1.9123,1.7234,1.4057,1.0141,0.61626,0.28098,0.06625,0.0091942,0.11968,0.3786,0.74119,1.1448
0.0014113,0.093393,0.33836,0.69395,1.0987,1.4826,1.7792,1.9374,1.9297,1.7575,1.4505,1.0618,0.65869,0.31081,0.078316
0.53106,0.43363,0.43036,0.52181,0.69216,0.91196,1.1432,1.3459,1.485,1.5365,1.4914,1.3576,1.1582,0.92761,0.70579
0.88139,0.66178,0.49688,0.4152,0.43085,0.54113,0.72698,0.95626,1.1893,1.3859,1.5119,1.5457,1.4813,1.3299,1.1177
1.1181,1.3227,1.4678,1.5281,1.4934,1.3696,1.1781,0.952,0.73044,0.55171,0.44672,0.43361,0.51466,0.67585,0.88931
1.4132,1.2512,1.042,0.82168,0.62846,0.4957,0.44635,0.48896,0.61616,0.80594,1.0255,1.2369,1.4035,1.4966,1.5
1.4522,1.5133,1.4819,1.3634,1.1782,0.9585,0.74216,0.56663,0.46225,0.44707,0.52373,0.67895,0.88591,1.1088,1.3091
0.44667,0.55444,0.73547,0.95846,1.1849,1.3755,1.4975,1.5296,1.4664,1.3188,1.1123,0.88255,0.66936,0.50957,0.4308
0.69635,0.91068,1.1367,1.3353,1.4721,1.5235,1.4806,1.3509,1.1567,0.9316,0.71458,0.54312,0.44689,0.44251,0.53075
1.1981,0.95808,0.72153,0.52935,0.41478,0.39761,0.48083,0.65003,0.87597,1.1196,1.3387,1.4955,1.5629,1.5291,1.4001
1.613,1.5497,1.3875,1.1546,0.89114,0.64273,0.45231,0.35281,0.36144,0.47671,0.67868,0.93243,1.1941,1.4184,1.5666
0.24417,0.078214,0.067866,0.21491,0.49393,0.85667,1.2404,1.5788,1.8134,1.9035,1.8336,1.6158,1.2878,0.90617,0.53704
0.89495,0.54239,0.26518,0.11124,0.10721,0.25376,0.52557,0.87564,1.2434,1.5653,1.7857,1.8665,1.7936,1.5798,1.2619
1.6759,1.4252,1.0973,0.74871,0.43984,0.22405,0.13865,0.1984,0.39298,0.68874,1.0345,1.3706,1.6388,1.7927,1.8059
0.88839,1.1636,1.4068,1.5758,1.6415,1.5925,1.4373,1.2027,0.92922,0.66423,0.45352,0.33353,0.32499,0.4294,0.62868
0.39708,0.39931,0.50162,0.68634,0.92151,1.1665,1.3789,1.522,1.5711,1.5176,1.3709,1.1563,0.91084,0.67705,0.49532
1.1823,1.5048,1.7362,1.8366,1.7885,1.6003,1.3045,0.95233,0.60459,0.32145,0.15185,0.12513,0.2459,0.49329,0.82451
1.4143,1.5879,1.656,1.6069,1.4491,1.2098,0.93055,0.65948,0.44352,0.32,0.31028,0.41604,0.61899,0.88405,1.1654
1.3462,1.3135,1.2228,1.0899,0.93756,0.79229,0.67915,0.61771,0.6186,0.68165,0.79597,0.94179,1.0939,1.226,1.3152
1.2175,1.3218,1.3666,1.3443,1.2587,1.1245,0.96506,0.80786,0.68011,0.60389,0.59238,0.64758,0.75993,0.91002,1.0719
0.7828,0.67289,0.61577,0.6213,0.68854,0.80585,0.95295,1.1044,1.234,1.3194,1.3458,1.3086,1.2143,1.0791,0.92648
0.61761,0.41368,0.30736,0.31702,0.44099,0.65785,0.93008,1.2106,1.451,1.6096,1.659,1.5907,1.4165,1.1664,0.88388
0.41861,0.63452,0.90984,1.197,1.4463,1.6146,1.6729,1.6111,1.4398,1.1887,0.9012,0.627,0.41351,0.29765,0.29945
0.92612,1.0933,1.2406,1.3425,1.3814,1.3506,1.2554,1.1122,0.94587,0.78512,0.65774,0.58577,0.58164,0.64607,0.76792
1.8907,1.8241,1.6112,1.2888,0.91277,0.54801,0.25763,0.091828,0.079283,0.22216,0.49575,0.85276,1.2314,1.5663,1.7995
0.15515,0.31977,0.59822,0.94237,1.2927,1.5887,1.779,1.8309,1.7354,1.5089,1.1906,0.83564,0.50528,0.25668,0.13283
0.621,0.62744,0.69452,0.81065,0.95573,1.1047,1.2318,1.315,1.34,1.3024,1.2087,1.0752,0.92492,0.78381,0.67631
0.50753,0.82803,1.1745,1.487,1.7115,1.8092,1.7633,1.5815,1.2954,0.95452,0.61767,0.34316,0.17844,0.152,0.2684
0.67394,0.78509,0.92962,1.0825,1.2174,1.3109,1.3469,1.3191,1.2323,1.1016,0.9496,0.80249,0.68575,0.61958,0.6154
1.6607,1.7499,1.7057,1.5356,1.2692,0.95247,0.64017,0.3863,0.23477,0.21177,0.32129,0.54439,0.84248,1.164,1.4534
1.6403,1.4883,1.2481,0.96117,0.67722,0.44531,0.30553,0.28205,0.37893,0.57942,0.84886,1.1406,1.4043,1.5943,1.6778
1.0558,0.75806,0.49839,0.32168,0.25847,0.3197,0.49479,0.75345,1.051,1.3359,1.559,1.6816,1.6826,1.5618,1.3401
1.0015,0.85776,0.73481,0.65393,0.62911,0.66465,0.75439,0.88282,1.0277,1.1641,1.2683,1.3223,1.3168,1.2528,1.1413
1.4633,1.2127,0.92149,0.6401,0.41717,0.29123,0.28407,0.39692,0.61027,0.88723,1.1799,1.4377,1.616,1.6841,1.63
0.24653,0.31832,0.50419,0.77202,1.0755,1.3621,1.5824,1.6981,1.6894,1.5577,1.3258,1.0338,0.73211,0.47301,0.30125
0.72394,0.43941,0.24803,0.18289,0.25526,0.45262,0.74085,1.0701,1.3835,1.6268,1.7579,1.7542,1.6163,1.3681,1.0524
1.6607,1.6701,1.5598,1.349,1.074,0.78244,0.52473,0.34542,0.27551,0.3271,0.49125,0.7396,1.0292,1.31,1.5334
1.2107,1.0469,0.8711,0.71385,0.60229,0.55573,0.5822,0.67714,0.82412,0.99774,1.168,1.3054,1.3862,1.3965,1.3344
0.27598,0.22157,0.29799,0.49201,0.77009,1.0841,1.3799,1.6061,1.7238,1.7126,1.5743,1.333,1.0303,0.71862,0.45179
0.70433,0.99684,1.2861,1.5221,1.6641,1.6875,1.5882,1.3834,1.1086,0.81117,0.54265,0.34944,0.26493,0.30374,0.45917
1.2973,1.3348,1.3107,1.229,1.104,0.95726,0.8141,0.69931,0.63273,0.62588,0.67993,0.78556,0.92448,1.0727,1.2045
1.2663,1.5108,1.6633,1.6972,1.6069,1.4078,1.1344,0.83405,0.55857,0.35565,0.26036,0.28918,0.43713,0.67863,0.97192
1.353,0.99786,0.63927,0.33928,0.14975,0.10346,0.20841,0.44646,0.77644,1.1413,1.4779,1.7282,1.8487,1.8187,1.6434
0.43859,0.25927,0.20426,0.28305,0.48204,0.7668,1.0881,1.3904,1.6214,1.7412,1.7291,1.5871,1.3398,1.03,0.7112
1.4892,1.3905,1.2206,1.0088,0.7916,0.60671,0.48604,0.45046,0.50613,0.6434,0.83856,1.0579,1.2634,1.4196,1.4994
0.79182,0.94101,1.0966,1.2317,1.323,1.3547,1.3212,1.2284,1.0924,0.93657,0.78795,0.67222,0.60939,0.61031,0.67484
0.72861,0.6822,0.68696,0.74207,0.83801,0.95817,1.0818,1.1875,1.257,1.2783,1.2477,1.1705,1.06,0.93538,0.81816
1.2155,1.1277,1.014,0.89417,0.78882,0.7162,0.68888,0.71157,0.78036,0.88335,1.0027,1.1179,1.2088,1.2599,1.2623
0.32688,0.49797,0.75208,1.0453,1.3269,1.5482,1.6709,1.6739,1.5565,1.3392,1.0594,0.76557,0.50851,0.33265,0.26841
0.54966,0.70997,0.91665,1.134,1.3243,1.4549,1.5029,1.4603,1.3343,1.1467,0.92993,0.72153,0.5575,0.46621,0.46343
0.75667,0.58405,0.47956,0.46129,0.53239,0.68056,0.88019,1.0968,1.2928,1.4345,1.4972,1.4702,1.3581,1.1803,0.96759
1.5802,1.7327,1.7548,1.6425,1.4154,1.1127,0.78668,0.4938,0.28467,0.19545,0.24156,0.41504,0.68588,1.0073,1.3236
1.0737,1.3464,1.5554,1.6645,1.655,1.5285,1.3068,1.0282,0.74106,0.49487,0.33224,0.2813,0.35085,0.52886,0.78456
0.4882,0.53362,0.6559,0.8339,1.0368,1.2296,1.3789,1.459,1.4558,1.3701,1.2166,1.0219,0.81959,0.64472,0.5275
0.38062,0.26749,0.27724,0.40818,0.63768,0.92604,1.2234,1.4784,1.6469,1.6997,1.6278,1.4435,1.1788,0.87941,0.59707
0.79955,1.1626,1.4937,1.7356,1.8466,1.8075,1.6249,1.3305,0.97518,0.62036,0.32742,0.14698,0.11027,0.22362,0.46743
1.8241,1.7015,1.4538,1.1239,0.76879,0.44986,0.22228,0.12539,0.17595,0.36522,0.66047,1.0106,1.3552,1.6346,1.8004
1.2679,1.4324,1.5183,1.5108,1.4112,1.2368,1.0176,0.79157,0.59783,0.46984,0.42975,0.48448,0.62457,0.82579,1.0534
1.4894,1.4719,1.369,1.1986,0.98996,0.77933,0.60307,0.49166,0.46438,0.52593,0.66567,0.85944,1.0737,1.2715,1.4186
0.5418,0.50179,0.54415,0.66155,0.8337,1.0308,1.2188,1.3652,1.4447,1.4435,1.3618,1.2138,1.0251,0.82819,0.65725
1.0267,1.1467,1.2375,1.2835,1.2767,1.2182,1.1183,0.99413,0.8672,0.75945,0.68952,0.66949,0.70283,0.78378,0.89833
0.60468,0.6755,0.79866,0.95285,1.1114,1.2469,1.336,1.3632,1.3238,1.2246,1.0828,0.92296,0.77263,0.65784,0.59843
0.97201,0.98255,0.99234,0.99967,1.0033,1.0025,0.99759,0.98927,0.97903,0.96864,0.95989,0.9543,0.95283,0.95574,0.96252
0.50319,0.75842,1.0517,1.3322,1.5515,1.6716,1.6719,1.5522,1.3332,1.0529,0.75961,0.50412,0.33059,0.26903,0.33008
1.5599,1.367,1.1068,0.82438,0.56855,0.38354,0.30135,0.33617,0.48201,0.71362,0.99098,1.2661,1.4915,1.6281,1.6523
0.88226,0.7284,0.61771,0.56935,0.59168,0.68083,0.82138,0.98905,1.1548,1.2901,1.3714,1.3847,1.3277,1.2103,1.0527
0.16143,0.052801,0.10417,0.30666,0.62526,1.0049,1.3799,1.6854,1.8686,1.8979,1.7681,1.5018,1.1449,0.75914,0.41127
0.10373,0.11869,0.28226,0.56615,0.92129,1.2862,1.5979,1.8025,1.8645,1.7732,1.5445,1.2178,0.84972,0.50384,0.23996
1.4662,1.5837,1.5965,1.5023,1.3176,1.0741,0.8141,0.58242,0.41916,0.35256,0.39413,0.53668,0.75556,1.0129,1.2643
1.3221,1.0938,0.84542,0.62003,0.45657,0.38329,0.41287,0.54019,0.74323,0.9869,1.2291,1.4278,1.5488,1.5712,1.491
0.9902,1.2174,1.4032,1.5156,1.535,1.4581,1.2982,1.083,0.84968,0.63855,0.48614,0.4188,0.44817,0.56919,0.76092
1.0714,0.68584,0.35079,0.12422,0.045304,0.12768,0.35711,0.69392,1.0799,1.4482,1.7353,1.8915,1.8897,1.7303,1.4409
0.89317,0.79812,0.7342,0.71246,0.73666,0.80261,0.89892,1.0089,1.1136,1.1949,1.2387,1.2374,1.1913,1.1084,1.0029
0.30354,0.42044,0.63378,0.90666,1.1919,1.4402,1.6086,1.668,1.6081,1.4393,1.1907,0.90543,0.6327,0.41971,0.30328
1.1079,0.98331,0.85782,0.75313,0.68735,0.67185,0.70931,0.79326,0.90918,1.037,1.1547,1.2418,1.2834,1.2721,1.2101
1.4238,1.6556,1.7703,1.7481,1.5927,1.331,1.0083,0.68046,0.40405,0.2269,0.17965,0.27047,0.48365,0.78234,1.1149
0.98865,0.78942,0.62282,0.51766,0.49212,0.55062,0.68304,0.86649,1.0692,1.2563,1.3952,1.462,1.4451,1.3475,1.1861
0.3512,0.12421,0.044877,0.12691,0.35613,0.69291,1.079,1.4477,1.7351,1.8917,1.8903,1.7312,1.4419,1.0724,0.6866
1.3828,1.6922,1.8782,1.9085,1.7779,1.5091,1.1484,0.75833,0.40625,0.15306,0.042528,0.093775,0.29794,0.61972,1.0035
1.4081,1.1015,0.77344,0.48083,0.27421,0.18931,0.2408,0.41979,0.69532,1.0198,1.337,1.5922,1.7412,1.7583,1.6405
0.66681,0.83453,1.0271,1.2112,1.355,1.4336,1.4335,1.3547,1.2107,1.0265,0.83401,0.66641,0.5527,0.51256,0.55293
1.128,1.2072,1.2468,1.24,1.1879,1.0995,0.99017,0.87873,0.78449,0.72373,0.70697,0.73709,0.80889,0.90996,1.0228
1.0625,1.4323,1.7236,1.8861,1.8915,1.739,1.455,1.0885,0.7029,0.36492,0.13297,0.047159,0.12233,0.34547,0.67802
0.81708,1.027,1.2285,1.3867,1.4742,1.476,1.3917,1.2359,1.0355,0.82522,0.64137,0.51576,0.4701,0.51228,0.63502
1.3419,1.4552,1.4861,1.4291,1.2942,1.1046,0.89314,0.6964,0.54836,0.47465,0.48799,0.58608,0.75197,0.95696,1.1656
0.41321,0.35459,0.40379,0.5523,0.77445,1.0318,1.2799,1.4758,1.5857,1.5905,1.4894,1.3,1.0548,0.79647,0.56951
0.91691,1.0349,1.143,1.2226,1.26,1.2486,1.1905,1.0956,0.98046,0.86489,0.7689,0.70909,0.69581,0.73135,0.80955
0.66554,0.56357,0.53329,0.57993,0.69542,0.8598,1.0446,1.218,1.3499,1.4175,1.4091,1.3262,1.1832,1.0047,0.82156
0.26285,0.27907,0.41616,0.65043,0.94136,1.2387,1.4909,1.6545,1.7011,1.6228,1.4329,1.1645,0.86379,0.58288,0.37032
0.54493,0.2979,0.16849,0.17908,0.32783,0.58903,0.91751,1.2565,1.5473,1.7397,1.8005,1.719,1.5095,1.208,0.86687
0.9246,1.2618,1.55,1.7393,1.797,1.7131,1.5021,1.2005,0.86051,0.54082,0.29674,0.17049,0.18389,0.33462,0.59662
1.0955,0.91803,0.75094,0.62314,0.55673,0.56318,0.64138,0.77781,0.94888,1.125,1.2758,1.375,1.4057,1.3624,1.2527
0.37352,0.65347,0.98957,1.3237,1.5981,1.7652,1.7963,1.6859,1.4532,1.1383,0.79568,0.48464,0.25893,0.15758,0.19811
0.61835,0.96248,1.3093,1.5989,1.7811,1.8245,1.7216,1.4901,1.1701,0.81687,0.49155,0.25038,0.13504,0.16548,0.33644
0.17506,0.38776,0.70254,1.065,1.4124,1.6847,1.8349,1.8369,1.6905,1.4208,1.0746,0.71179,0.39498,0.17901,0.10122
0.72798,0.49899,0.35286,0.31484,0.39152,0.56963,0.81837,1.0947,1.351,1.5427,1.6368,1.6171,1.4868,1.2686,1.0002
0.65014,0.50148,0.43525,0.46288,0.57961,0.76525,0.9877,1.2085,1.3895,1.4993,1.5191,1.4453,1.2907,1.0821,0.85551
0.37783,0.7323,1.1293,1.5001,1.7807,1.9225,1.9011,1.72,1.4107,1.0266,0.63408,0.30108,0.085156,0.023637,0.12716
1.2679,0.96499,0.66436,0.41799,0.26847,0.24166,0.3422,0.5527,0.83676,1.1453,1.4249,1.6273,1.7174,1.6797,1.5207
1.3737,1.2829,1.1394,0.96798,0.79835,0.65982,0.57632,0.56231,0.6202,0.73998,0.90094,1.0753,1.2328,1.3463,1.3961
0.68984,0.72535,0.80457,0.9138,1.0342,1.1448,1.2267,1.2656,1.2547,1.1961,1.0998,0.98241,0.86432,0.7659,0.70419
0.52889,0.38062,0.33567,0.40181,0.5676,0.80438,1.0712,1.3219,1.5132,1.612,1.6012,1.4826,1.2768,1.0194,0.75484
0.79246,0.8852,0.99402,1.1001,1.1851,1.2343,1.2392,1.199,1.1206,1.0175,0.9077,0.81004,0.74144,0.71377,0.73182
1.7388,1.5436,1.2505,0.91036,0.58194,0.32202,0.17556,0.16787,0.30028,0.54991,0.87358,1.2153,1.5161,1.7238,1.8026
1.7086,1.667,1.5062,1.2542,0.95441,0.65873,0.41828,0.27464,0.25264,0.35609,0.56709,0.84917,1.1536,1.4276,1.6239
0.63023,0.89112,1.1671,1.4103,1.5789,1.6436,1.5932,1.4364,1.2005,0.92607,0.66066,0.45015,0.33093,0.32363,0.42949
0.94227,0.64968,0.41389,0.27565,0.25889,0.36649,0.57986,0.86209,1.1644,1.4345,1.6257,1.7049,1.6585,1.4944,1.2411
1.2116,1.1863,1.1251,1.0384,0.94137,0.85066,0.782,0.74726,0.75243,0.79664,0.87223,0.96613,1.0621,1.1436,1.1964
0.14406,0.25493,0.49085,0.81103,1.1601,1.4777,1.7089,1.8138,1.7742,1.5969,1.3127,0.97056,0.62977,0.34922,0.17741
0.54634,0.75183,0.99645,1.2379,1.4345,1.5521,1.5705,1.4865,1.3146,1.0845,0.83601,0.61212,0.45151,0.38197,0.41551
1.106,1.2465,1.3405,1.372,1.3353,1.2368,1.0937,0.93054,0.77563,0.65574,0.5916,0.59429,0.66336,0.78685,0.94343
1.0444,0.80071,0.58766,0.44212,0.38927,0.43824,0.58057,0.79164,1.035,1.2685,1.4518,1.5532,1.5551,1.4574,1.2767
1.4735,1.1082,0.72043,0.3772,0.13788,0.043844,0.11136,0.32875,0.65843,1.0434,1.4171,1.7149,1.8853,1.8988,1.7532
0.78918,1.1019,1.3932,1.6128,1.7226,1.7037,1.5593,1.3145,1.0115,0.7027,0.44155,0.27319,0.22671,0.31017,0.50913
1.2085,0.86512,0.54128,0.29298,0.16315,0.17424,0.32434,0.58748,0.91818,1.2592,1.5517,1.745,1.8057,1.7233,1.5121
0.81946,0.56125,0.37512,0.29327,0.32983,0.4785,0.71356,0.99437,1.2724,1.4995,1.6365,1.6596,1.565,1.3688,1.1051
1.0255,1.2097,1.3538,1.433,1.4336,1.3554,1.2119,1.0281,0.8356,0.66776,0.55359,0.51283,0.55253,0.66582,0.83312
1.3353,1.4087,1.4077,1.3323,1.1958,1.0216,0.83986,0.68206,0.57546,0.53849,0.57754,0.68586,0.84472,1.0266,1.2002
0.44564,0.6177,0.85208,1.1083,1.3419,1.5127,1.5911,1.5634,1.4346,1.2268,0.97608,0.72568,0.51893,0.39159,0.36566
1.278,1.5731,1.7653,1.8214,1.7317,1.5117,1.1994,0.84893,0.52076,0.27167,0.14474,0.16191,0.32022,0.59229,0.93108
0.15224,0.20791,0.39677,0.68615,1.026,1.3576,1.6236,1.778,1.794,1.6691,1.4246,1.1029,0.7597,0.45424,0.23937
1.5046,1.7051,1.7799,1.716,1.5246,1.2387,0.9077,0.58892,0.33744,0.19675,0.19116,0.32166,0.56566,0.88099,1.2131
0.54069,0.6487,0.81368,1.0071,1.1955,1.3463,1.4335,1.4419,1.3702,1.2306,1.0474,0.85224,0.67883,0.55718,0.50831
0.16119,0.12652,0.2391,0.47946,0.80606,1.1624,1.4869,1.7234,1.8311,1.7913,1.6108,1.321,0.97193,0.6239,0.33713
1.1276,1.0457,0.9522,0.86316,0.794,0.75668,0.75766,0.79676,0.86722,0.95687,1.0502,1.1311,1.1855,1.2041,1.1836
1.7708,1.8479,1.7745,1.5635,1.2513,0.89179,0.54725,0.27721,0.12837,0.12647,0.27183,0.53932,0.88268,1.2426,1.5567
0.39034,0.47313,0.64326,0.87128,1.1178,1.3401,1.4999,1.5695,1.5368,1.4075,1.204,0.96139,0.72173,0.52639,0.40917
0.8186,0.74735,0.716,0.72998,0.78687,0.87684,0.98432,1.0907,1.1777,1.2301,1.239,1.2028,1.1277,1.0268,0.91744
0.88793,1.1225,1.3321,1.4806,1.5421,1.5061,1.3789,1.1823,0.95046,0.7234,0.54038,0.43305,0.41998,0.50342,0.66894
0.73246,0.7944,0.88811,0.99739,1.1033,1.1876,1.2357,1.2393,1.1977,1.1181,1.0143,0.90432,0.80707,0.7394,0.71301
0.97803,0.87529,0.79033,0.73785,0.72692,0.75942,0.82975,0.92573,1.0308,1.1267,1.197,1.2294,1.2184,1.1658,1.0808
1.2099,1.2187,1.1859,1.1172,1.0245,0.92371,0.83238,0.76625,0.73676,0.74901,0.80088,0.8834,0.9823,1.0805,1.161
1.6077,1.4948,1.2925,1.0359,0.76927,0.53876,0.38423,0.3324,0.39221,0.55335,0.78793,1.0554,1.3095,1.5063,1.6118
1.2988,1.1216,0.91951,0.72759,0.579,0.49943,0.50263,0.58805,0.74092,0.93481,1.1362,1.3103,1.4269,1.4659,1.4206
0.63155,0.58562,0.60756,0.69358,0.8288,0.98985,1.1489,1.2784,1.356,1.3682,1.313,1.1999,1.0485,0.8849,0.73741
0.24975,0.51571,0.86163,1.2277,1.5506,1.7746,1.8608,1.7944,1.5869,1.2741,0.91015,0.55796,0.27842,0.11987,0.10973
0.60704,0.32401,0.15409,0.12665,0.24645,0.49276,0.823,1.1801,1.5022,1.7338,1.8346,1.7874,1.6003,1.3056,0.95424
0.0074651,0.051805,0.25632,0.58564,0.98283,1.3792,1.7062,1.9074,1.9479,1.8206,1.5478,1.1764,0.77074,0.40095,0.13097
0.45372,0.82647,1.2255,1.5817,1.8335,1.9375,1.8756,1.6585,1.3238,0.92926,0.54323,0.23239,0.050507,0.029019,0.17164
1.1512,1.389,1.5558,1.6227,1.5782,1.4299,1.2035,0.93809,0.67964,0.47282,0.35336,0.34194,0.44053,0.63207,0.88345
1.5956,1.8385,1.9327,1.8618,1.6381,1.3003,0.90678,0.52561,0.2227,0.050404,0.038527,0.18912,0.47614,0.84997,1.246
1.7918,1.7162,1.5131,1.2174,0.88039,0.56026,0.31239,0.17963,0.18495,0.32741,0.5824,0.90581,1.2417,1.5321,1.7266
1.6499,1.3187,0.92867,0.54718,0.2402,0.060829,0.040066,0.18151,0.46069,0.82935,1.2237,1.5757,1.8243,1.9266,1.8649
0.353,0.19646,0.17508,0.29256,0.52858,0.84234,1.1796,1.482,1.6973,1.7882,1.7391,1.5584,1.2774,0.9446,0.61763
0.76742,0.76466,0.7988,0.86396,0.94886,1.0388,1.1183,1.1735,1.195,1.179,1.1282,1.0515,0.9621,0.87549,0.80663
1.5586,1.3007,0.98701,0.67182,0.40959,0.24568,0.20841,0.30424,0.5166,0.80876,1.1302,1.4254,1.6432,1.746,1.7161
0.75002,0.98994,1.2278,1.4225,1.5404,1.5611,1.4809,1.3139,1.0887,0.84449,0.62336,0.46358,0.39277,0.42318,0.54954
1.3249,1.3258,1.2665,1.1574,1.0173,0.87042,0.74216,0.6547,0.62317,0.65302,0.73909,0.86649,1.0132,1.1538,1.2641
1.4169,1.3507,1.22,1.0475,0.86299,0.69841,0.5822,0.53445,0.56343,0.66411,0.81909,1.0016,1.18,1.3235,1.4073
0.3355,0.30641,0.39347,0.58163,0.83835,1.1192,1.3757,1.5635,1.65,1.6204,1.4797,1.2523,0.97749,0.70279,0.4757
1.3637,1.5099,1.5642,1.5171,1.3768,1.1676,0.92567,0.69278,0.50924,0.40677,0.4031,0.49886,0.67749,0.90811,1.1508
1.7497,1.5895,1.3237,0.99806,0.66902,0.39342,0.21893,0.17572,0.27125,0.48901,0.79135,1.126,1.4351,1.6651,1.7764
1.2421,1.3074,1.3158,1.2658,1.1661,1.0339,0.89204,0.76507,0.67494,0.63725,0.65849,0.73501,0.85357,0.99367,1.1311
1.6672,1.7932,1.7783,1.625,1.3599,1.0288,0.68888,0.39902,0.2093,0.15252,0.2385,0.45237,0.75715,1.1001,1.422
1.0812,1.4072,1.6591,1.7932,1.7863,1.6397,1.3788,1.0485,0.70612,0.41074,0.21347,0.14843,0.22685,0.43517,0.73738
0.91893,0.91199,0.91649,0.93165,0.95486,0.98209,1.0086,1.0299,1.0422,1.0435,1.0334,1.0138,0.98804,0.96055,0.9361
0.99253,1.2839,1.5224,1.6668,1.6921,1.594,1.3893,1.1136,0.81452,0.54368,0.34796,0.26121,0.29843,0.45317,0.69869
1.295,1.2423,1.1441,1.0171,0.88336,0.76603,0.68539,0.65536,0.68115,0.75829,0.87345,1.0067,1.135,1.2362,1.2928
1.3769,1.4024,1.3545,1.2415,1.083,0.90639,0.74216,0.61873,0.55745,0.56891,0.65113,0.7899,0.96121,1.1355,1.2825
1.2451,1.3784,1.4424,1.4262,1.3325,1.1776,0.98811,0.79694,0.63709,0.53622,0.51176,0.56795,0.69506,0.87112,1.0657
1.5373,1.4614,1.3019,1.0865,0.85229,0.63987,0.48595,0.41713,0.44532,0.56563,0.75728,0.98712,1.2154,1.4027,1.5165
1.0373,0.69504,0.40173,0.20809,0.1476,0.23072,0.44307,0.74795,1.0926,1.4175,1.6664,1.7963,1.7848,1.6337,1.3693
1.4648,1.2697,1.0242,0.77069,0.55307,0.40895,0.36324,0.42386,0.58032,0.80557,1.0607,1.3015,1.4864,1.5834,1.5758
1.0046,0.96774,0.93269,0.90549,0.89086,0.89133,0.9068,0.93461,0.96995,1.0067,1.0385,1.0599,1.0671,1.059,1.0369
1.6556,1.4527,1.1677,0.84994,0.55434,0.33203,0.22143,0.24167,0.38926,0.63868,0.94679,1.2603,1.5251,1.6952,1.7414
0.2516,0.48044,0.79533,1.1418,1.46,1.6949,1.8059,1.7737,1.604,1.326,0.98792,0.64815,0.36543,0.18866,0.14839
0.78692,0.64444,0.55967,0.54725,0.60934,0.7352,0.90306,1.0839,1.2465,1.3626,1.4123,1.3869,1.2909,1.1407,0.96246
1.5544,1.6738,1.6728,1.5518,1.3316,1.0502,0.75643,0.50096,0.328,0.26746,0.3298,0.50424,0.76063,1.0546,1.3354
1.3593,1.227,1.0517,0.86368,0.69543,0.57607,0.52623,0.55452,0.65607,0.81331,0.99905,1.1812,1.3282,1.4147,1.4257
1.0477,1.0314,1.006,0.97566,0.94579,0.92151,0.90703,0.90485,0.91534,0.93669,0.96521,0.99596,1.0236,1.0435,1.052
0.61625,0.29217,0.086712,0.035387,0.14707,0.40246,0.75739,1.1505,1.5138,1.7845,1.9157,1.8849,1.6972,1.3853,1.0029
1.3127,1.035,0.74751,0.49991,0.33499,0.28128,0.34807,0.5238,0.7781,1.067,1.3405,1.5514,1.6631,1.6564,1.5325
0.53955,0.53092,0.59961,0.73377,0.91017,1.0983,1.2657,1.3834,1.431,1.4003,1.2966,1.1378,0.95146,0.76972,0.62402
0.53336,0.33716,0.2518,0.29202,0.45089,0.70092,0.99889,1.2933,1.5332,1.6771,1.7002,1.5984,1.3894,1.1093,0.80647
1.1472,1.4313,1.6371,1.729,1.691,1.5297,1.2731,0.96551,0.66007,0.40963,0.2575,0.22997,0.3318,0.5454,0.83382
1.0427,1.0579,1.0594,1.0468,1.0224,0.99026,0.95607,0.9257,0.9044,0.89585,0.90153,0.92046,0.94936,0.98324,1.0162
0.90983,0.78284,0.68962,0.6463,0.66035,0.72935,0.84137,0.97704,1.1129,1.2255,1.2953,1.3102,1.2678,1.1752,1.0486
1.2924,0.91662,0.55143,0.26003,0.092797,0.078648,0.22003,0.4925,0.84894,1.2277,1.5634,1.7978,1.8905,1.8255,1.6139
0.91573,0.95059,0.99021,1.0277,1.0567,1.0721,1.0712,1.0543,1.0241,0.98607,0.94663,0.91265,0.88998,0.88256,0.89167
1.1651,0.89729,0.64348,0.44754,0.34334,0.34891,0.46327,0.66667,0.92392,1.1906,1.4205,1.5739,1.6243,1.563,1.4006
0.61409,0.92113,1.238,1.51,1.69,1.7469,1.6709,1.4751,1.1934,0.87445,0.57344,0.34241,0.2213,0.23106,0.37
0.45738,0.219,0.11188,0.15456,0.33963,0.63512,0.98991,1.3427,1.6324,1.809,1.842,1.7255,1.4799,1.1475,0.7858
1.4892,1.1841,0.84337,0.52596,0.28673,0.16706,0.18763,0.34489,0.61164,0.94177,1.2782,1.5627,1.7462,1.7968,1.7059
1.1092,0.87737,0.66302,0.50315,0.42541,0.44325,0.55358,0.73731,0.96269,1.1907,1.382,1.5035,1.5341,1.4686,1.3183
0.78101,0.96185,1.1455,1.3002,1.3993,1.4255,1.3744,1.2547,1.0873,0.90093,0.72796,0.59824,0.53422,0.54696,0.63425
1.3358,1.5219,1.614,1.5961,1.4714,1.2614,1.0025,0.73928,0.5174,0.37519,0.33724,0.4101,0.58119,0.82091,1.0878
0.69509,0.69785,0.74908,0.83992,0.95466,1.0735,1.1758,1.2439,1.2661,1.2385,1.1659,1.0608,0.94144,0.82841,0.74127
0.58395,0.46003,0.42569,0.48689,0.63302,0.83883,1.0687,1.283,1.4445,1.5254,1.5117,1.4057,1.2258,1.0031,0.77603
0.86987,0.96555,1.0634,1.1465,1.2005,1.2161,1.1905,1.1282,1.0399,0.941,0.84849,0.7784,0.74285,0.74798,0.79292
1.0462,0.94557,0.8506,0.77769,0.73944,0.74247,0.78624,0.8632,0.96003,1.06,1.1458,1.2026,1.2206,1.1967,1.135
1.1104,1.2811,1.3995,1.445,1.4098,1.2999,1.1344,0.94193,0.75568,0.6079,0.52414,0.51888,0.59303,0.73377,0.91677
0.86224,0.67528,0.54068,0.48173,0.50861,0.61668,0.78725,0.99082,1.1922,1.3566,1.4555,1.4719,1.4029,1.2605,1.0693
0.34894,0.409,0.56746,0.79694,1.0578,1.3048,1.4954,1.5965,1.5907,1.479,1.2807,1.0301,0.77048,0.54679,0.39768
1.1977,1.3782,1.4895,1.5124,1.4429,1.2931,1.0888,0.86534,0.66142,0.51227,0.44367,0.46749,0.5796,0.76063,0.97927
0.33098,0.53365,0.81318,1.1212,1.4045,1.6141,1.7137,1.6862,1.5362,1.2897,0.98934,0.68705,0.4351,0.27704,0.24021
0.57325,0.6207,0.72996,0.88213,1.0509,1.2071,1.3237,1.3806,1.3678,1.2877,1.1541,0.99004,0.82393,0.68448,0.59581
1.592,1.5884,1.4793,1.2835,1.035,0.77657,0.55303,0.40299,0.35241,0.41002,0.56586,0.793,1.0521,1.2985,1.4895
1.2037,1.1513,1.0689,0.97077,0.87395,0.79515,0.74799,0.74063,0.77433,0.84328,0.93555,1.0352,1.125,1.1893,1.2172
0.48539,0.50179,0.60056,0.76461,0.96559,1.1687,1.3389,1.4467,1.4735,1.4147,1.2803,1.0937,0.88714,0.6963,0.55419
1.9104,1.8746,1.6838,1.371,0.99028,0.60745,0.28872,0.0892,0.043385,0.1592,0.41662,0.77113,1.1614,1.5201,1.785
0.69523,1.0407,1.3753,1.6413,1.7926,1.8031,1.6709,1.419,1.0908,0.74317,0.43616,0.22286,0.14017,0.20236,0.3987
1.4424,1.3254,1.1482,0.94172,0.74149,0.58219,0.49135,0.48468,0.56333,0.71372,0.90982,1.1177,1.3015,1.4294,1.4792
1.4667,1.4977,1.439,1.3005,1.1063,0.88999,0.68888,0.53778,0.46283,0.47698,0.57779,0.74782,0.95768,1.1711,1.3511
0.69572,0.50903,0.40345,0.39725,0.49149,0.66987,0.90156,1.1465,1.3623,1.5117,1.5689,1.5239,1.3845,1.1749,0.93124
0.33682,0.585,0.90115,1.2306,1.5164,1.7092,1.7755,1.704,1.5069,1.2185,0.88845,0.57393,0.32931,0.19687,0.19953
1.262,1.4736,1.5995,1.618,1.5259,1.339,1.0898,0.8212,0.57978,0.40724,0.33342,0.37107,0.5137,0.73663,1.0013
0.84334,0.96731,1.0932,1.1991,1.2669,1.2847,1.2495,1.1674,1.0526,0.9249,0.80641,0.71761,0.67387,0.68273,0.74268
0.34462,0.26853,0.31514,0.47639,0.7244,1.0163,1.3016,1.5309,1.6647,1.6798,1.5735,1.3643,1.0884,0.79333,0.53025
0.63684,0.38564,0.23689,0.21632,0.32746,0.55112,0.84862,1.1685,1.4555,1.6599,1.7465,1.7002,1.529,1.2626,0.94705
0.98525,1.0221,1.0514,1.0681,1.0691,1.0545,1.0266,0.99038,0.95203,0.91819,0.89473,0.88569,0.89263,0.91436,0.94712
1.5454,1.3208,1.0369,0.74292,0.48958,0.32071,0.26552,0.33355,0.51304,0.77295,1.0683,1.3481,1.564,1.6785,1.6719
0.71776,0.39744,0.17752,0.096043,0.16709,0.37837,0.69336,1.0576,1.4081,1.6842,1.8383,1.8436,1.6993,1.4303,1.0831
1.2683,1.2529,1.1899,1.0904,0.97145,0.85366,0.75739,0.69929,0.68941,0.72945,0.8125,0.92419,1.0452,1.1546,1.2335
1.1726,1.3014,1.3744,1.3788,1.3139,1.191,1.0313,0.86239,0.71349,0.61036,0.57082,0.60171,0.69769,0.84217,1.0102
1.5026,1.3366,1.1086,0.85811,0.62835,0.45907,0.37955,0.40353,0.52686,0.72823,0.97281,1.2183,1.4223,1.5495,1.5779
0.43536,0.68412,0.98372,1.2824,1.5284,1.6793,1.7089,1.6122,1.4059,1.1256,0.81979,0.54137,0.33847,0.24618,0.28045
1.7371,1.6213,1.3942,1.0953,0.77602,0.49175,0.29157,0.21011,0.26145,0.43671,0.7056,1.0216,1.3301,1.5777,1.7217
1.8223,1.7818,1.6023,1.315,0.96936,0.62527,0.3422,0.16909,0.13588,0.2483,0.48691,0.81047,1.163,1.4836,1.7168
0.76586,1.167,1.5354,1.8075,1.9362,1.8993,1.703,1.3814,0.99014,0.59675,0.26931,0.064438,0.017552,0.13676,0.40145
1.7427,1.5028,1.1722,0.80803,0.47329,0.22584,0.10847,0.14147,0.31915,0.61077,0.96591,1.3232,1.6208,1.8073,1.8504
0.60481,0.71786,0.87591,1.0516,1.2147,1.3368,1.3969,1.3846,1.302,1.1635,0.99285,0.81969,0.67393,0.58077,0.55632
0.25214,0.39725,0.64281,0.94635,1.2554,1.5165,1.6845,1.7304,1.6462,1.4465,1.1658,0.85268,0.56124,0.34189,0.23255
0.67546,0.64935,0.68009,0.76237,0.88196,1.0182,1.1475,1.2475,1.3009,1.2986,1.2408,1.1376,1.0069,0.87113,0.75391
1.1175,1.23,1.299,1.3125,1.2681,1.1737,1.0454,0.9055,0.77816,0.6854,0.64325,0.65901,0.72995,0.84381,0.9809
0.19078,0.48994,0.87351,1.2752,1.6255,1.8639,1.9491,1.8664,1.6302,1.2812,0.8798,0.49542,0.1945,0.02908,0.027764
0.94224,1.1351,1.3009,1.4108,1.446,1.4002,1.2815,1.1103,0.91626,0.73293,0.59201,0.51785,0.52328,0.60736,0.75555
0.64477,0.84592,1.0699,1.2781,1.4344,1.5118,1.4969,1.3923,1.2161,0.99881,0.7779,0.59162,0.47217,0.4402,0.50126
1.6514,1.56,1.368,1.1085,0.82659,0.57083,0.3855,0.30265,0.3366,0.48147,0.71223,0.98896,1.2638,1.4893,1.6264
0.49935,0.68547,0.92219,1.1686,1.3821,1.5257,1.5746,1.5205,1.3725,1.1564,0.9094,0.67433,0.49179,0.39334,0.39602
0.20681,0.20572,0.33818,0.58131,0.89304,1.2195,1.5042,1.698,1.7673,1.7001,1.5081,1.2245,0.89828,0.58586,0.34128
1.864,1.9368,1.8438,1.6012,1.2508,0.85324,0.47731,0.18798,0.03528,0.045606,0.21718,0.52033,0.90264,1.298,1.6381
1.0691,1.1399,1.1827,1.1902,1.161,1.1002,1.0183,0.92943,0.849,0.79091,0.76519,0.77629,0.8223,0.89525,0.98254
0.75351,0.77865,0.83828,0.9221,1.0156,1.1026,1.1682,1.2008,1.195,1.1516,1.0783,0.98765,0.89536,0.81738,0.76721
0.10566,0.25127,0.52256,0.87262,1.2409,1.5638,1.7854,1.8674,1.7957,1.5826,1.265,0.89776,0.54445,0.26613,0.11092
0.099481,0.033998,0.13177,0.37588,0.72414,1.1163,1.4846,1.7653,1.9099,1.8934,1.7187,1.4159,1.0374,0.64864,0.31689
1.1557,1.0481,0.92838,0.81725,0.73395,0.69287,0.70111,0.75726,0.8516,0.96782,1.0858,1.1852,1.2488,1.2656,1.2327
1.1713,1.2282,1.2419,1.21,1.138,1.0383,0.9283,0.82687,0.7516,0.7155,0.72482,0.77794,0.86567,0.97286,1.081
0.50724,0.64224,0.83531,1.0531,1.2579,1.4143,1.4954,1.487,1.3906,1.2229,1.0129,0.79684,0.61217,0.49079,0.45367
0.59975,0.77708,0.98918,1.1994,1.3713,1.4753,1.4933,1.4222,1.2744,1.0753,0.85943,0.66409,0.52306,0.46072,0.48784
1.3936,1.4447,1.4152,1.3101,1.1476,0.95575,0.76782,0.61625,0.52726,0.51623,0.58507,0.72188,0.903,1.0971,1.2707
0.63022,0.55323,0.54971,0.62027,0.75271,0.92413,1.1049,1.2637,1.3732,1.4144,1.3801,1.2763,1.121,0.94097,0.76738
0.52336,0.80467,1.116,1.4034,1.6174,1.7208,1.6958,1.5467,1.2993,0.99638,0.6903,0.43399,0.27177,0.23169,0.32068
1.1728,0.86199,0.5713,0.35095,0.23906,0.25495,0.3959,0.63752,0.93804,1.2455,1.5067,1.6766,1.7256,1.6455,1.4499
1.1401,0.76021,0.41798,0.1726,0.066516,0.11806,0.31831,0.63266,1.0068,1.3759,1.6763,1.8559,1.8838,1.7551,1.492
0.61508,0.76178,0.94589,1.1356,1.298,1.4052,1.4385,1.3922,1.2743,1.1052,0.91416,0.73415,0.59633,0.52452,0.53115
0.73052,0.60522,0.5444,0.55858,0.6453,0.78958,0.96646,1.1454,1.2954,1.3905,1.4143,1.3628,1.2447,1.0805,0.89864
0.86616,0.80728,0.77794,0.78322,0.82221,0.88815,0.96966,1.0526,1.1227,1.1678,1.1801,1.1575,1.1039,1.0285,0.94441
0.8665,1.191,1.4787,1.6799,1.7597,1.7044,1.5235,1.2483,0.92641,0.61347,0.36359,0.21997,0.20744,0.32818,0.5613
0.81457,0.61182,0.47241,0.42045,0.46492,0.59813,0.79705,1.0273,1.249,1.4239,1.5217,1.5256,1.4348,1.265,1.0456
0.40854,0.54287,0.75247,1.0011,1.2457,1.4441,1.5619,1.5788,1.4918,1.316,1.0818,0.82964,0.60317,0.44155,0.3727
0.45775,0.31489,0.2867,0.37808,0.57321,0.83836,1.1277,1.3911,1.5832,1.6706,1.6383,1.4919,1.2566,0.97317,0.6906
0.52841,0.25001,0.097514,0.097288,0.24937,0.52747,0.88349,1.2559,1.5802,1.8005,1.8786,1.8009,1.5811,1.2569,0.88457
0.49767,0.4258,0.44944,0.56449,0.75107,0.97692,1.203,1.3902,1.5061,1.5308,1.4599,1.3057,1.0948,0.86385,0.65262
0.45875,0.53061,0.67984,0.88066,1.0983,1.2952,1.4373,1.5,1.4724,1.3594,1.1805,0.96655,0.75463,0.58137,0.47671
1.3216,1.5445,1.6694,1.6749,1.5598,1.3442,1.0653,0.77132,0.5131,0.33529,0.26863,0.32466,0.49368,0.74647,1.0393
0.71675,0.80395,0.92126,1.0484,1.1634,1.2464,1.283,1.2669,1.2008,1.0963,0.9713,0.84752,0.74632,0.68521,0.67475
1.1498,0.95394,0.76223,0.60786,0.51751,0.50681,0.5776,0.71766,0.90276,1.1009,1.2778,1.4029,1.4546,1.4238,1.316
0.88648,0.90317,0.93282,0.9703,1.0091,1.0426,1.065,1.0723,1.0633,1.0396,1.0053,0.96631,0.92934,0.90081,0.88565
1.2799,1.3893,1.4275,1.3881,1.2778,1.1157,0.92975,0.75221,0.61374,0.53827,0.53887,0.61542,0.75469,0.9326,1.1184
1.2794,1.1289,0.95229,0.78017,0.64228,0.56246,0.55452,0.61983,0.7471,0.91431,1.0926,1.251,1.3623,1.4072,1.3779
0.12587,0.21121,0.42916,0.74204,1.0957,1.4291,1.6845,1.8178,1.8058,1.6508,1.3795,1.0387,0.68751,0.38656,0.18789
0.79851,0.56913,0.41048,0.34998,0.39809,0.54651,0.76955,1.0287,1.279,1.4774,1.5894,1.5958,1.4953,1.3054,1.0589
1.511,1.6736,1.716,1.6307,1.4327,1.156,0.84862,0.5636,0.35026,0.24549,0.26741,0.41221,0.65487,0.95343,1.2563
1.1458,1.1796,1.1787,1.1431,1.0789,0.99736,0.91247,0.83893,0.78947,0.77263,0.79133,0.84233,0.91681,1.0019,1.0829
0.22017,0.08977,0.11297,0.28577,0.57829,0.93995,1.3082,1.6194,1.8197,1.8745,1.7743,1.5365,1.2021,0.82896,0.48164
0.3292,0.46804,0.69509,0.97109,1.2483,1.4788,1.6227,1.6552,1.5706,1.3836,1.1264,0.84366,0.58414,0.39274,0.30256
0.61559,0.44602,0.36847,0.39633,0.5248,0.73165,0.98113,1.2301,1.4355,1.5618,1.5872,1.5073,1.3359,1.1026,0.84784
1.423,1.6241,1.7136,1.6759,1.5176,1.266,0.96459,0.66554,0.42055,0.27198,0.2455,0.34571,0.55527,0.83795,1.1449
1.0947,0.82881,0.58874,0.416,0.34047,0.37519,0.51417,0.73338,0.99491,1.2535,1.4646,1.5915,1.6123,1.5235,1.3404
1.3966,1.1496,0.87299,0.61457,0.41901,0.32013,0.33502,0.46112,0.67662,0.94426,1.2178,1.4498,1.6003,1.6433,1.5712
0.96433,1.3238,1.6236,1.8117,1.8557,1.748,1.5071,1.1748,0.80851,0.47152,0.22214,0.10348,0.13605,0.31423,0.60721
1.7082,1.6403,1.4578,1.1924,0.88996,0.60277,0.38048,0.26153,0.2665,0.39451,0.62344,0.9137,1.2151,1.4755,1.65
1.0567,1.2688,1.4307,1.5143,1.5052,1.405,1.2309,1.0132,0.78939,0.59823,0.47276,0.43468,0.49057,0.63076,0.83102
0.63714,0.66574,0.74835,0.8707,1.0116,1.1468,1.2527,1.3112,1.3122,1.2553,1.1505,1.016,0.87484,0.75159,0.66751
1.4457,1.5895,1.6276,1.5534,1.3797,1.1366,0.86612,0.61499,0.42664,0.33366,0.35212,0.47882,0.69186,0.9544,1.221
0.34993,0.37416,0.50283,0.71368,0.97026,1.2282,1.4429,1.5773,1.608,1.5299,1.3563,1.1174,0.85435,0.61275,0.43433
1.4387,1.2166,0.95325,0.69422,0.48428,0.35974,0.34213,0.43449,0.62085,0.869,1.136,1.3757,1.5467,1.6194,1.5812
1.369,1.6203,1.7605,1.7655,1.6343,1.3897,1.0739,0.74156,0.45013,0.24999,0.17576,0.24027,0.43237,0.71883,1.0501
1.5251,1.5266,1.4333,1.2612,1.0402,0.80852,0.60614,0.46808,0.41821,0.46516,0.60081,0.80171,1.0331,1.255,1.429
0.88343,1.024,1.1567,1.2585,1.3118,1.3074,1.2461,1.1385,1.0031,0.86345,0.74361,0.66432,0.6393,0.67287,0.75922
0.9509,0.77437,0.63307,0.55144,0.5436,0.61089,0.74168,0.91336,1.0962,1.2587,1.3727,1.4184,1.388,1.2868,1.1321
0.72448,0.62382,0.58443,0.61311,0.70492,0.84397,1.0062,1.1636,1.2889,1.3605,1.366,1.3044,1.1864,1.0324,0.869
1.4918,1.7264,1.8316,1.7892,1.6065,1.3153,0.96569,0.61827,0.33308,0.15942,0.12733,0.24235,0.4846,0.81219,1.1685
1.8646,1.774,1.5458,1.2194,0.85135,0.50519,0.2408,0.10391,0.11818,0.28115,0.56463,0.91962,1.2847,1.5968,1.8019
1.0307,1.2867,1.4893,1.6036,1.6097,1.5066,1.3121,1.0599,0.79358,0.55914,0.39715,0.33562,0.38518,0.53728,0.76561
0.77703,0.73895,0.74223,0.78631,0.86355,0.96061,1.0607,1.1465,1.2032,1.221,1.1968,1.1348,1.0457,0.94491,0.84988
0.38266,0.70662,1.0775,1.4313,1.7066,1.8561,1.8537,1.6999,1.4213,1.0661,0.69573,0.37415,0.15701,0.081843,0.16166
0.84023,0.72461,0.65284,0.63732,0.68073,0.77556,0.90543,1.0479,1.1782,1.274,1.3187,1.3044,1.2337,1.1189,0.97968
1.2453,1.0581,0.85701,0.67688,0.54885,0.49505,0.52478,0.6329,0.80072,0.99921,1.1941,1.3516,1.4445,1.4568,1.3864
1.6971,1.8847,1.9156,1.7844,1.5138,1.1506,0.75754,0.40264,0.14725,0.035528,0.086796,0.29219,0.61619,1.0028,1.3851
0.71545,0.86486,1.0339,1.1932,1.3154,1.3793,1.3738,1.2999,1.1703,1.0076,0.83974,0.69582,0.60072,0.57089,0.61147
0.49245,0.71787,0.98829,1.257,1.4774,1.6116,1.6362,1.547,1.3595,1.106,0.83044,0.58041,0.39915,0.31801,0.35101
0.59115,0.96657,1.344,1.6582,1.8547,1.8998,1.7854,1.5315,1.1819,0.79706,0.44354,0.18246,0.058962,0.0944,0.28265
1.2695,1.035,0.79058,0.57863,0.43577,0.38669,0.43987,0.58613,0.80017,1.045,1.2782,1.4596,1.5577,1.5556,1.4537
1.3076,1.4483,1.5077,1.4756,1.3574,1.1736,0.95607,0.74233,0.56936,0.46708,0.45317,0.53003,0.68437,0.88951,1.11
0.83155,0.99327,1.1524,1.2814,1.3579,1.3688,1.3121,1.1977,1.0454,0.88136,0.73409,0.62903,0.58433,0.60773,0.69517
0.33293,0.20242,0.20604,0.34317,0.59009,0.9041,1.2309,1.514,1.7045,1.7694,1.6974,1.5011,1.2144,0.88678,0.575
0.38798,0.18471,0.11863,0.20117,0.41805,0.73178,1.0881,1.4254,1.6854,1.8231,1.8147,1.6616,1.3904,1.0479,0.6933
0.67125,0.80665,0.97171,1.1379,1.2764,1.3634,1.3838,1.334,1.2227,1.0691,0.89979,0.74402,0.62874,0.57388,0.58891
1.6975,1.6809,1.5429,1.3072,1.0146,0.71569,0.46218,0.29789,0.25122,0.33024,0.52129,0.79134,1.0937,1.3761,1.5896
0.49346,0.58174,0.73856,0.93681,1.1422,1.3192,1.4373,1.476,1.4285,1.3033,1.1218,0.91542,0.71993,0.56909,0.48898
0.70001,1.0826,1.4471,1.7305,1.8838,1.8806,1.7213,1.4335,1.0669,0.68508,0.35388,0.13062,0.053913,0.13701,0.36555
0.76452,1.0529,1.3284,1.5433,1.6605,1.6597,1.541,1.3251,1.0491,0.76091,0.51024,0.34049,0.28099,0.34204,0.51307
1.2085,1.4645,1.6364,1.6944,1.6287,1.4504,1.1905,0.89386,0.61181,0.3931,0.27555,0.27949,0.40423,0.62821,0.91269
0.93856,1.157,1.3445,1.4687,1.5081,1.4558,1.3209,1.1268,0.90695,0.69942,0.54009,0.45651,0.46312,0.55878,0.72695
0.42262,0.71322,1.0496,1.3737,1.6293,1.7724,1.7781,1.6455,1.3975,1.077,0.73943,0.4431,0.23929,0.16323,0.22808
0.75285,0.54556,0.41307,0.37829,0.44723,0.60797,0.83272,1.0826,1.3144,1.4881,1.5736,1.5562,1.4388,1.2417,0.99909
1.4452,1.4165,1.312,1.1497,0.95782,0.76941,0.6171,0.52722,0.51531,0.58342,0.71979,0.90083,1.0952,1.2694,1.3932
1.4576,1.1823,0.87169,0.57947,0.35619,0.24045,0.25227,0.38959,0.62868,0.9282,1.2364,1.4999,1.6732,1.7263,1.65
1.7082,1.4295,1.0727,0.69958,0.37462,0.15402,0.075916,0.15382,0.37425,0.6991,1.0722,1.429,1.7079,1.8606,1.8607
1.6452,1.8016,1.8155,1.6847,1.4318,1.1003,0.74779,0.43507,0.21626,0.12919,0.1889,0.38509,0.68382,1.0334,1.3735
0.81017,0.64077,0.52971,0.49618,0.546,0.67053,0.84826,1.0484,1.2365,1.3798,1.4537,1.4454,1.3563,1.2018,1.0086
1.1135,1.1695,1.1924,1.1783,1.1295,1.0546,0.96646,0.88034,0.81113,0.7708,0.76632,0.79847,0.86169,0.94504,1.0341
0.72,0.98435,1.2476,1.4643,1.5969,1.6226,1.5368,1.3544,1.1069,0.83723,0.59189,0.41334,0.33244,0.3632,0.50029
1.5391,1.2598,0.93176,0.61178,0.35515,0.20624,0.1908,0.3115,0.54747,0.85791,1.1891,1.4839,1.6912,1.7752,1.7214
0.82119,1.1077,1.3718,1.5679,1.662,1.6378,1.4996,1.2712,0.99215,0.71068,0.47546,0.32716,0.29142,0.37442,0.56181
0.79677,0.9153,1.0447,1.1626,1.2486,1.2878,1.2735,1.2081,1.103,0.97626,0.84986,0.74564,0.68163,0.66888,0.70961
1.194,0.97814,0.76232,0.58381,0.47349,0.45043,0.51862,0.66626,0.86783,1.0885,1.29,1.4377,1.5059,1.4828,1.3725
0.77512,0.84519,0.93825,1.0382,1.1278,1.1915,1.2183,1.2036,1.1499,1.0665,0.96784,0.87096,0.79261,0.74634,0.74015
0.5572,0.38663,0.31834,0.36414,0.51611,0.74796,1.0196,1.2841,1.4957,1.6178,1.6293,1.5282,1.332,1.0746,0.80055
1.288,0.95767,0.63087,0.36411,0.20353,0.17689,0.28879,0.51989,0.83022,1.1661,1.4695,1.688,1.7837,1.7401,1.5648
0.91409,0.71719,0.5654,0.48499,0.48984,0.57913,0.73741,0.93732,1.1443,1.3225,1.4412,1.4798,1.4317,1.3052,1.1221
1.2718,1.3602,1.3825,1.3349,1.2256,1.0736,0.905,0.74909,0.63278,0.57619,0.58911,0.66929,0.80287,0.96676,1.1326
0.76703,0.69991,0.68089,0.71327,0.79145,0.90192,1.0256,1.141,1.2283,1.2723,1.2655,1.209,1.1125,0.99288,0.87066
0.23098,0.12491,0.16637,0.34819,0.63894,0.98834,1.336,1.6217,1.7962,1.8293,1.7151,1.4736,1.1463,0.79002,0.46624
0.92198,0.85824,0.81523,0.80039,0.81629,0.86017,0.92446,0.99802,1.0682,1.1227,1.1523,1.1517,1.1212,1.0659,0.99543
1.1065,0.81409,0.55008,0.36009,0.27697,0.31509,0.46786,0.70886,0.99642,1.2808,1.5129,1.6525,1.6755,1.5779,1.3766
0.39789,0.25807,0.24275,0.35459,0.57424,0.86374,1.173,1.4486,1.6428,1.7221,1.6728,1.5034,1.2431,0.93702,0.63805
0.94791,0.92232,0.90638,0.90285,0.91234,0.93321,0.96185,0.9933,1.0221,1.0434,1.0533,1.0503,1.0348,1.0095,0.97873
1.1921,1.4116,1.5561,1.6008,1.5377,1.3779,1.149,0.89055,0.64723,0.46114,0.36444,0.37386,0.48776,0.68645,0.93559
0.55282,0.4768,0.48747,0.58298,0.74682,0.95066,1.1593,1.3365,1.4518,1.4852,1.431,1.2984,1.1104,0.89962,0.70238
0.95438,1.2314,1.4646,1.6136,1.6529,1.5754,1.3947,1.1419,0.86086,0.60008,0.40466,0.30841,0.32796,0.45994,0.68151
1.0835,1.0161,0.9421,0.87433,0.82451,0.80126,0.80859,0.84524,0.90487,0.97717,1.0496,1.1097,1.1471,1.1552,1.1328
0.63432,0.71917,0.84881,1.0008,1.1489,1.2674,1.336,1.3426,1.2863,1.1766,1.0327,0.87929,0.74299,0.64735,0.60891
1.0468,1.3433,1.5766,1.7065,1.7105,1.5878,1.3597,1.0656,0.75644,0.48558,0.2999,0.23149,0.29218,0.47148,0.73839
0.81952,0.79297,0.79844,0.83498,0.89627,0.97172,1.0483,1.1127,1.1539,1.1647,1.1432,1.0932,1.0233,0.94558,0.8735
1.3305,1.132,0.90697,0.69423,0.53059,0.44433,0.45037,0.54767,0.71941,0.93588,1.1597,1.3521,1.4798,1.5208,1.468
1.6656,1.6969,1.6038,1.4026,1.128,0.8275,0.55303,0.35207,0.25936,0.29094,0.44134,0.68456,0.97855,1.2725,1.5155
0.56301,0.59126,0.68641,0.832,1.0029,1.1695,1.303,1.3803,1.3881,1.325,1.202,1.0402,0.86772,0.71432,0.60654
0.6766,1.0002,1.32,1.5806,1.7371,1.7624,1.6521,1.4252,1.121,0.79215,0.49544,0.28219,0.18928,0.23277,0.40515
0.44896,0.24448,0.16686,0.22952,0.42162,0.70996,1.0447,1.3679,1.6237,1.7679,1.7755,1.6453,1.3997,1.0812,0.74494
1.2577,1.2678,1.2278,1.1447,1.0327,0.91134,0.80151,0.72223,0.68719,0.70246,0.7654,0.86513,0.9844,1.1026,1.1993
0.29985,0.57318,0.91653,1.2705,1.574,1.7744,1.8371,1.7514,1.5319,1.2167,0.86019,0.52412,0.26655,0.13203,0.14381
1.7637,1.7371,1.5793,1.3175,0.99705,0.67333,0.40233,0.23088,0.18865,0.28292,0.49741,0.79502,1.1243,1.4283,1.6545
1.5064,1.5491,1.4931,1.3481,1.1391,0.90226,0.67856,0.50666,0.41628,0.42306,0.52582,0.70679,0.93468,1.1701,1.3723
1.13,1.4403,1.6708,1.7814,1.7532,1.5909,1.3227,0.99495,0.66426,0.38784,0.21349,0.17136,0.26873,0.48876,0.79341
0.84236,0.75178,0.70034,0.69694,0.74216,0.82818,0.94014,1.0587,1.1633,1.2359,1.2639,1.2425,1.1754,1.0742,0.95642
1.5022,1.5686,1.5329,1.4013,1.1965,0.95392,0.71557,0.52262,0.40844,0.39276,0.47831,0.65028,0.87894,1.1248,1.3452
