250001,3865.42
5.30728 0 21.9901 0 102.762 0 0 0 0 0 0 0 0 13.1498 0 12.2964 
0 0 0 0 0 0 0 0 0 0 0 0 0 175.494 0 0 
0 0 0 0 0 0 0 0 0 0 0 0 17.2825 13.2658 125.989 16.5119 
0 0 0 0 0 0 0 0 0 0 0 0 0 107.757 69.7427 0 
0 0 0 0 0 0 0 0 0 0 0 160.989 0 0 0 0 
0 0 70.2117 0 0 0 0 0 0 0 0 0 0 97.7868 0 0 
0 0 0 0 0 0 0 0 0 0 0 0 0 0 503.624 255.691 
0 0 0 0 0 0 0 0 0 0 0 0 0 0 89.0815 86.9184 
0 0 0 0 0 0 0 0 0 0 0 0 0 125.792 62.2081 0 
0 0 0 0 0 0 0 0 0 0 0 0 0 140.992 0 0 
0 0 0 0 0 0 0 0 0 0 0 0 0 0 138.993 0 
0 0 0 0 0 0 0 0 0 0 0 0 0 95.5305 81.9685 0 
0 0 0 0 0 0 0 0 0 0 0 0 18.2375 8.36495 0 150.897 
0 0 0 0 0 0 0 0 0 0 0 0 18.2375 8.36495 0 150.897 
0 0 93.312 0 0 0 0 0 0 0 0 0 0 81.9219 0 0.260614 
0 0 0 0 0 0 0 0 0 0 122.477 0 0 65.5231 0 0 
0 0 0 0 0 0 0 0 0 0 0 0 166.992 0 0 0 
0 0 0 0 0 0 0 0 0 0 0 0 0 125.793 62.2073 0 
0 0 0 0 0 0 0 0 0 0 0 0 0 29.3289 28.2033 121.476 
0 0 0 0 0 0 0 0 0 0 0 0 69.8013 0 0 106.199 
0 0 0 0 0 0 0 0 0 0 0 0 0 29.3289 28.2033 121.476 
0 0 0 0 0 0 0 0 102.053 0 0 58.9375 0 0 0 0 
0 0 0 0 0 0 0 0 0 0 0 0 0 70.6036 117.396 0 
0 0 0 0 0 0 0 0 0 0 0 0 0 175.494 0 0 
0 0 0 0 0 0 0 0 0 0 0 0 0 0 0 165.492 

