0.012222,0.012235,0.017322,0.02452,0.034707,0.049127,0.069537,0.098427,0.13922,0.19703,0.27895,0.39368,0.5565,0.78638,0.0071427
0.01155,0.011567,0.016369,0.023185,0.032826,0.046475,0.065799,0.093143,0.13176,0.18621,0.26392,0.37348,0.52703,0.74415,0.44523
0.012379,0.012396,0.017552,0.024849,0.035177,0.049798,0.070496,0.099743,0.14112,0.19974,0.28283,0.40022,0.56489,0.79774,0
0.012358,0.012374,0.017521,0.024804,0.035114,0.049708,0.070368,0.09956,0.14085,0.19938,0.2823,0.39947,0.56384,0.79631,1.7655e-06
0.012379,0.012396,0.017552,0.024849,0.035177,0.049798,0.070497,0.099743,0.14112,0.19974,0.28283,0.40022,0.56489,0.79774,0
0.0091195,0.030161,0.11709,0.46951,1.8675,7.5429,13.287,59.888,26.369,171.74,57.452,49.412,58.752,53.425,0
0.0049726,0.017814,0.066259,0.23255,0.77902,1.6993,6.3611,9.5143,30.187,86.656,37.404,36.371,36.816,149.11,32.461
0.0082907,0.024907,0.091159,0.32191,1.0449,2.7184,9.8547,16.353,8.0933,48.466,15.204,156.96,51.114,50.099,5.1818
0.038664,0.0096138,0.16039,0.64799,2.2276,8.0114,33.565,135.21,117.73,58.667,63.985,51.254,55.466,57.845,8.0126
0.0052921,0.020946,0.070876,0.30366,0.73928,3.2259,13.088,56.589,49.573,156.31,62.105,46.105,110.81,81.596,26.122
0.018923,0.068866,0.27444,0.72886,2.5649,9.7921,38.424,140.17,48.643,76.279,73.138,52.625,50.398,58.434,21.147
0.038897,0.010583,0.15377,0.53243,2.1221,8.4938,27.666,87.598,44.367,98.622,49.096,39.912,101.1,66.285,77.918
0.063576,0.023801,0.26728,0.96686,3.1836,12.29,32.023,141.37,59.565,49.288,40.168,102.73,75.933,85.881,14.119
0.03094,0.0076476,0.11478,0.47975,1.7209,5.9771,24.332,36.372,81.038,88.804,49.303,136.47,57.386,99.696,1.3249
0.015192,0.0040279,0.059268,0.20218,0.736,1.9652,7.8049,9.9474,34.736,10.388,11.917,15.358,144.22,139.12,10.937
0.0055441,0.0016618,0.023751,0.069913,0.2602,1.0997,4.4664,16.685,56.557,59.416,23.734,182.3,91.658,57.382,13.863
0.014981,0.041903,0.11581,0.37889,0.97912,3.2474,10.354,30.843,14.287,11.749,12.316,112.75,40.83,42.071,70.363
0.0052948,0.0012908,0.021687,0.078985,0.25958,1.1358,4.8727,18.842,34.751,33.036,205.61,54.682,53.952,61.378,23.035
1.8319e-19,3.7916e-19,1.4829e-18,5.581e-18,2.0754e-17,7.1249e-17,2.5302e-16,8.4878e-16,1.6739e-15,1.9788e-15,9.1353e-15,2.6305e-15,5.2202e-15,3.8497e-15,193.2
0.0034044,0.008424,0.034641,0.14752,0.59207,2.1391,9.1939,12.433,30.06,38.69,182.16,46.155,96.291,67.041,44.882
0.059008,0.015368,0.22775,0.64171,2.6232,8.6631,34.854,132.91,35.863,47.062,71.342,95.286,52.434,59.257,30.028
6.6029e-19,2.566e-18,1.0299e-17,4.169e-17,1.6125e-16,6.3754e-16,2.5514e-15,6.875e-15,7.3133e-15,5.1019e-15,2.9761e-15,3.3982e-15,3.205e-15,3.6723e-15,217.82
0.09938,0.027707,0.33056,1.4027,5.3557,22.403,93.129,139.8,51.739,66.045,77.77,50.127,68.244,54.208,7.886
0.00065898,0.002807,0.012207,0.045475,0.20083,0.80767,2.1402,9.1985,6.444,13.282,8.9894,7.0683,62.7,233.33,4.9121
0.0032683,0.01314,0.053069,0.21714,0.79149,3.2152,7.5932,33.315,25.397,21.44,12.171,12.892,13.957,212.45,43.316
0.010822,0.01793,0.044704,0.11321,0.28266,0.70323,1.7546,4.2928,2.445,9.1516,23.46,47.617,64.28,37.455,0
0.04038,0.010458,0.15758,0.6284,2.4725,9.7644,37.907,129.46,106.14,44.931,46.026,70.124,53.97,52.779,13.046
0.026224,0.0069539,0.097547,0.40875,1.6862,7.0087,28.1,30.296,74.509,160.64,52.699,47.402,50.169,99.845,0.95598
0.239,0.078517,0.94702,3.7004,12.216,34.697,65.638,103.98,57.304,37.666,70.53,50.65,87.618,77.824,1.2377
0.18129,0.059222,0.71157,2.8102,9.3402,21.198,76.657,110.72,54.77,41.182,73.857,57.593,91.944,52.868,0.99525
8.3762e-20,3.4041e-19,1.4018e-18,5.8706e-18,2.3018e-17,8.803e-17,3.3886e-16,1.3523e-15,5.8554e-16,6.904e-16,6.7655e-15,2.4417e-15,9.2488e-15,7.2354e-15,226.52
0.10444,0.026737,0.29075,1.2087,4.27,16.592,32.196,139.06,54.19,43.17,66.296,52.965,49.278,95.936,40.668
0.069551,0.017483,0.28508,1.1059,4.3897,11.666,44.486,77.892,30.13,96.897,42.65,50.251,41.968,102.6,115.03
0.037993,0.0090034,0.12346,0.53969,2.2065,9.617,37.4,136.22,130.15,46.222,49.698,68.611,54.861,85.851,21.839
0.039065,0.0095621,0.16537,0.69808,2.8752,9.1866,39.759,58.305,131.49,60.405,40.217,50.219,89.26,118.33,33.648
0.10522,0.029099,0.44298,1.9096,7.9086,22.689,101.11,110.89,106.91,98.506,50.145,52.943,54.781,58.12,5.6466
0.024797,0.045515,0.14265,0.42383,1.2376,2.6585,8.2191,22.487,10.011,27.7,13.941,91.834,64.768,43.159,25.747
0.077481,0.022652,0.29574,0.9904,3.8308,9.8358,40.637,99.294,34.582,121.26,66.952,47.023,57.028,78.796,41.398
0.0071798,0.029692,0.1258,0.51028,2.1771,8.9484,23.246,27.075,27.125,132.73,46.017,42.11,161.66,53.929,34.527
0.01957,0.0059931,0.083757,0.35244,1.1551,5.1083,21.876,33.977,13.855,49.448,20.98,30.351,216.44,55.527,36.546
0.0065647,0.017628,0.036675,0.12096,0.34402,1.0732,3.294,10.201,4.8042,6.524,33.528,18.383,29.677,130.86,1.2681
2.2521e-20,9.3629e-20,3.9723e-19,1.7041e-18,7.2813e-18,2.8684e-17,7.5202e-17,3.1753e-16,2.2359e-16,1.0632e-15,5.8582e-16,3.2911e-16,3.7686e-15,1.3801e-14,234.62
0.0014023,0.005087,0.017085,0.073714,0.30195,1.1012,3.9581,15.963,37.047,14.455,23.558,191.68,88.687,53.657,61.206
0.035533,0.0089295,0.15462,0.67062,2.7127,11.28,36.657,157.42,60.973,45.175,88.194,48.307,91.24,76.048,26.071
0.0034648,0.011677,0.047703,0.18819,0.70797,2.9637,11.963,47.379,160.31,63.751,81.322,57.181,52.722,73.891,12.97
0.026381,0.0064711,0.1103,0.46308,1.7007,4.8086,9.2485,17.5,7.8905,55.17,14.562,203.35,55.985,54.904,22.884
0.0014579,0.00047627,0.0046939,0.015487,0.0434,0.1428,0.47269,0.66311,0.43349,0.29652,0.31337,2.5276,1.8776,1.8084,156.61
0.012203,0.042728,0.18616,0.78376,3.282,9.7108,43.444,70.517,25.497,182.53,49.05,60.06,67.336,74.93,0.96338
0.033844,0.10176,0.22816,0.84085,2.5776,9.0913,31.172,97.261,43.449,33.779,61.609,39.676,43.499,44.144,80.253
0.044092,0.085071,0.23427,0.63167,1.7012,4.5518,12.225,31.653,51.21,28.242,38.782,31.299,51.344,39.968,15.421
0.052988,0.017342,0.22192,0.63631,2.7753,11.735,49.279,124.54,33.396,142.74,48.818,52.16,51.637,74.246,2.4442
0.0019054,0.00051129,0.0079004,0.033916,0.13854,0.47453,2.0447,8.7091,3.8186,30.775,134.68,155.67,55.27,90.022,24.349
0.038588,0.0099919,0.16566,0.67258,2.5053,7.96,32.15,129.26,110.37,69.562,53.105,49.746,65.479,100.3,11.426
0.019147,0.0046182,0.051736,0.15643,0.63693,2.8065,12.292,18.078,48.021,12.393,201.47,52.335,59.251,86.853,34.751
0.089873,0.021981,0.25633,1.1116,4.0243,17.106,33.466,150.61,57.564,62.08,57.984,55.054,49.296,100.97,43.335
0.016233,0.0071632,0.067873,0.2318,0.92114,3.5272,13.976,20.758,22.972,130.69,75.107,58.822,47.328,117.14,4.6894
0.0058277,0.0013632,0.01907,0.084235,0.35883,1.578,5.9221,18.727,42.979,17.235,210.15,72.19,57.492,56.205,24.081
0.012152,0.039102,0.16447,0.70374,3.007,12.838,51.991,57.443,56.745,183.6,50.455,52.069,55.441,54.597,9.4064
0.020014,0.0063122,0.083913,0.35979,1.5461,5.1949,18.781,56.713,136.8,79.603,40.602,106.8,77.45,87.559,3.7158
0.03485,0.0085775,0.13946,0.58266,2.4367,10.196,42.378,164.05,41.782,58.206,84.15,50.08,53.944,61.421,32.493
0.012389,0.036891,0.13669,0.49034,1.7329,6.3102,17.688,66.404,125.11,41.251,60.025,45.669,47.379,57.658,27.236
0.025076,0.0062773,0.10214,0.41502,1.6766,6.9089,27.327,41.739,25.116,45.636,32.903,19.926,28.685,203.33,5.197
0.0030298,0.0086089,0.025535,0.10637,0.43921,1.6592,7.011,29.529,23.196,9.5751,154.58,101.63,49.119,76.65,93.55
0.0059738,0.015793,0.067995,0.28281,1.1178,3.1561,13.234,46.446,15.616,13.192,18.053,202.95,55.702,54.588,2.3995
0.018326,0.0068091,0.065232,0.25285,0.98091,3.7752,14.774,20.61,23.566,36.721,13.358,180.11,64.937,52.379,7.1183
0.015815,0.0037533,0.068522,0.29723,1.1216,4.727,20.462,80.936,31.695,23.069,32.83,177.74,83.048,93.974,0.78857
1.517e-19,4.347e-20,6.4619e-19,2.7947e-18,1.0515e-17,2.4903e-17,1.1016e-16,1.532e-16,6.4628e-16,1.9652e-15,7.5179e-15,9.9206e-15,3.2328e-15,6.507e-15,237.81
0.0021429,0.0090191,0.033028,0.12288,0.43281,1.8471,7.8616,29.124,27.695,20.265,23.826,13.118,13.677,231.23,3.927
0.0028191,0.0038589,0.015225,0.057121,0.21024,0.6996,2.3971,8.9582,24.081,26.074,19.76,143.28,42.377,64.775,100
0.039528,0.0097292,0.16531,0.69045,2.8081,11.581,36.425,119.28,117.23,70.038,76.278,49.423,53.834,63.447,41.764
0.032021,0.0090005,0.14018,0.57569,2.3607,10.198,18.732,81.358,155.3,67.515,48.587,53.277,57.136,70.261,86.838
0.014571,0.057655,0.18578,0.79424,3.1604,7.0023,30.543,113.96,87.389,64.51,41.322,40.715,56.704,139.56,0
0.013209,0.033048,0.088462,0.25336,0.72856,2.1188,6.1178,12.967,5.6093,7.5366,44.307,98.796,40.375,43.839,4.5055
0.015081,0.0035802,0.065435,0.17383,0.68574,2.8938,12.056,45.378,40.91,168.29,77.823,77.63,71.909,86.259,9.9706
0.0033973,0.0010353,0.014624,0.060925,0.12669,0.53134,2.1805,7.9101,2.6292,3.4778,2.667,3.6839,34.336,15.047,228.13
0.035833,0.013705,0.1369,0.37393,1.2726,4.727,17.004,57.314,47.486,24.736,25.546,152.45,51.292,51.7,11.425
4.6881e-20,1.9654e-19,8.4035e-19,3.5223e-18,9.5684e-18,4.3019e-17,1.1138e-16,4.7441e-16,3.3366e-16,6.5534e-16,4.5206e-16,4.3885e-16,3.8574e-15,1.3969e-14,237.32
0.0081446,0.0020711,0.032444,0.12195,0.47858,1.3543,5.6503,9.0093,31.356,30.596,179.43,68.426,52.685,69.978,47.905
0.0015741,0.0058142,0.023094,0.065634,0.1776,0.75211,2.9685,9.3673,20.85,22.5,10.749,59.568,197.72,53.912,33.759
0.0074009,0.028403,0.11008,0.44048,1.7043,6.4854,24.333,78.05,137.18,82.488,62.495,49.848,54.729,53.919,7.4088
0.080469,0.027643,0.2806,1.1261,4.3573,15.351,41.04,66.058,67.947,103.39,57.571,61.856,110.85,53.709,18.82
0.11607,0.029339,0.37124,1.6124,4.0201,16.519,62.328,95.243,80.306,83.253,84.402,115.25,56.341,55.257,23.002
0.015504,0.0042401,0.06332,0.25563,0.99125,4.2402,15.625,39.945,14.548,16.042,199.5,52.754,51.864,78.868,1.0472
0.015246,0.061458,0.23415,0.95776,3.9827,16.459,63.997,93.478,80.72,71.319,43.589,58.339,129.3,53.635,23.44
0.012794,0.0033814,0.053182,0.15411,0.62317,2.5132,8.0283,20.994,6.9606,24.145,142.2,36.616,36.08,182.16,0.95388
0.015016,0.0036363,0.043366,0.18152,0.75533,2.0859,9.1933,35.533,10.568,9.5297,155.42,91.666,47.721,94.833,90.767
0.034604,0.0082353,0.14413,0.60407,2.6011,11.238,46.649,77.588,43.12,45.268,49.498,49.836,189.74,55.298,3.5365
0.013515,0.0042165,0.058896,0.252,1.0065,4.3159,16.666,65.268,86.781,58.245,40.174,45.106,179.94,54.554,15.575
0.044256,0.019409,0.12535,0.34024,0.94818,2.6408,7.3194,10.251,9.6066,29.98,85.113,36.305,39.69,41.453,12.714
0.0051986,0.0013205,0.021763,0.062174,0.13277,0.54419,2.2069,3.3526,4.0628,6.419,2.8591,32.892,8.3848,14.837,223.71
0.00058523,0.0001771,0.0020201,0.0071399,0.021793,0.04744,0.17983,0.62826,0.82236,0.30803,0.32459,3.1824,1.6502,1.9893,176.61
0.0056448,0.021821,0.087993,0.35619,1.4107,5.621,10.017,30.691,28.602,13.975,18.671,14.668,14.161,211.92,15.007
0.05994,0.11429,0.37821,1.1723,4.0632,13.493,46.722,61.845,24.016,32.131,38.075,59.034,35.795,119.49,0.18224
0.1028,0.025674,0.39108,1.5966,6.626,18.888,75.618,110.93,92.213,83.673,48.061,68.15,59.795,69.812,23.371
0.002504,0.010217,0.042923,0.17957,0.72941,2.3229,9.963,14.339,32.105,100.43,48.759,34.861,63.2,178.34,32.596
0.0049698,0.0012193,0.015985,0.070133,0.26525,1.0635,4.4692,18.734,34.41,18.588,119.33,173.21,70.619,71.836,4.1934
0.014876,0.060975,0.24967,1.0455,4.4256,18.097,57.543,34.722,28.965,176.03,52.856,70.39,70.572,54.055,26.091
0.046942,0.011658,0.18917,0.79216,3.151,10.723,32.184,131.75,58.622,79.561,41.366,106.85,52.606,85.411,14.587
0.01919,0.074579,0.29823,1.1971,3.9588,15.326,55.115,94.821,32.052,55.152,33.47,87.312,44.931,76.153,111.34
0.013158,0.003274,0.056988,0.15123,0.59371,2.5866,10.693,41.812,37.715,159.3,73.838,117.74,68.197,55.591,23.439
0.075557,0.018533,0.29253,1.2345,3.7221,16.073,63.508,92.928,82.557,73.18,50.288,59.749,134.23,55.065,24.055
0.010794,0.039681,0.15708,0.60437,2.3717,5.9765,24.742,77.212,61.043,131.84,50.756,65.358,53.693,60.262,48.908
0.030744,0.0079591,0.12585,0.53746,2.2926,9.7784,41.402,130.13,119.46,89.757,51.64,50.646,52.883,71.613,0.10249
0.014748,0.045897,0.18634,0.71972,2.5624,10.302,38.749,139.67,45.522,74.66,50.579,47.869,62.2,94.166,10.287
0.010586,0.039978,0.17325,0.74513,2.4185,9.4749,19.532,36.254,12.827,57.558,28.246,204.23,57.783,53.894,44.412
0.05443,0.013121,0.22367,0.89712,3.652,12.887,25.307,42.088,34.855,20.678,29.792,193.5,68.022,87.907,11.639
0.009047,0.027221,0.11283,0.46611,1.5422,6.1125,25.318,98.25,47.722,141.49,74.753,52.107,65.789,63.242,1.053
0.0069978,0.001656,0.026345,0.11311,0.4917,2.1238,6.9606,27.462,19.709,34.6,186.46,48.175,100.12,87.23,0
0.017153,0.0051039,0.075029,0.32346,1.3286,5.5474,23.993,94.347,37.632,107.03,58.032,46.629,44.315,161.96,4.1609
0.01949,0.049845,0.20662,0.82408,2.7061,10.893,44.01,148.67,51.603,86.394,49.015,54.862,50.591,62.641,29.121
2.0451e-07,8.0159e-07,2.5813e-06,1.0761e-05,3.6636e-05,8.4153e-05,0.00035571,0.00049263,0.00018705,0.0018099,0.00090635,0.0027444,0.00093596,0.0033487,219.91
0.042434,0.16496,0.69069,2.889,10.019,26.097,115.69,128.32,56.627,69.036,62.72,50.402,66.543,59.987,1.8866
0.022239,0.0068304,0.089979,0.34375,1.326,4.43,8.5537,12.692,5.3141,54.008,147.95,42.521,45.726,57.909,113.02
0.013671,0.042405,0.18739,0.80959,3.334,12.805,53.775,91.544,41.241,117.42,63.589,51.055,47.787,143.3,9.4505
0.031878,0.0088983,0.13166,0.53711,2.1612,6.0914,26.179,41.213,157.55,49.98,91.202,62.84,54.316,76.46,50.029
0.016436,0.03644,0.12828,0.56897,2.342,8.7132,37.101,142.24,55.145,69.043,52.778,42.449,45,146.82,0
0.0081579,0.033097,0.13395,0.55578,2.3217,9.7016,40.287,165.73,42.111,53.124,83.991,50.034,53.894,61.432,32.427
0.063756,0.016835,0.24615,0.96507,3.122,12.413,43.587,74.636,26.994,44.175,55.96,91.048,85.654,112.03,22.267
1.3012e-19,5.3607e-19,2.2552e-18,9.5915e-18,4.0634e-17,1.5826e-16,4.1338e-16,1.7319e-15,1.2053e-15,2.3805e-15,1.6629e-15,1.3213e-15,9.3206e-16,1.3624e-14,231.71
0.11159,0.031803,0.36409,1.4904,5.5853,22.856,91.536,135.63,51.666,65.387,64.095,50.041,66.598,53.382,22.973
0.0073796,0.027121,0.10374,0.41377,1.6513,6.4415,22.15,67.547,30.522,78.364,34.409,31.249,138.86,93.597,54.909
0.0016976,0.0034694,0.012736,0.046151,0.16695,0.59637,2.1426,3.0687,3.2476,2.3527,3.244,1.9602,2.7945,2.1047,181.21
0.013932,0.024093,0.063819,0.17138,0.45907,1.231,3.1882,4.4334,4.264,12.959,35.323,74.803,51.677,40.081,0
0.011508,0.0034951,0.046953,0.18517,0.69912,2.7087,10.318,32.526,12.471,10.764,13.636,143.12,84.344,62.609,112.9
0.0077381,0.031705,0.13378,0.37913,1.6549,6.9881,29.282,119.74,52.012,131.83,75.905,61.298,55.498,53.603,43.219
0.041496,0.010041,0.17366,0.70204,2.6032,11.029,34.018,130.32,111.72,70.635,54.029,49.378,51.704,99.787,2.4817
0.00042552,0.0001244,0.001575,0.0056333,0.020087,0.073324,0.26261,0.97151,1.2046,1.5549,6.9536,2.085,3.1803,2.9123,187.05
0.011687,0.025508,0.10825,0.41481,1.6477,6.5135,19.39,74.333,142.87,53.611,82.115,49.146,50.769,58.834,0
0.0083256,0.031882,0.13144,0.5506,2.3414,5.3557,12.748,44.353,70.485,84.54,37.986,37.909,33.478,156.09,104.75
0.060916,0.023287,0.23332,0.8511,3.134,10.812,20.481,29.946,13.35,12.049,24.221,158.59,49.15,77.057,6.5518
0.0154,0.061546,0.24957,1.0264,2.7162,11.35,41.652,126.98,93.935,52.309,90.418,48.964,64.104,65.407,21.722
0.0019116,0.00048333,0.0069905,0.028393,0.11389,0.45082,1.7816,6.3967,12.686,14.35,73.177,19.157,27.291,202.48,1.0505
0.052511,0.013516,0.20986,0.82157,2.6364,9.7892,39.509,52.805,111.71,33.895,52.969,60.577,129.36,63.053,0
0.010763,0.026818,0.078586,0.22145,0.60971,1.7637,5.075,10.748,6.252,7.5967,42.272,93.269,46.365,49.293,6.4688
0.14694,0.034421,0.40451,1.785,4.855,22.134,95.808,145.83,59.414,67.155,56.808,91.529,70.21,56.476,0
0.026429,0.0069461,0.099974,0.39471,1.506,5.8979,23.235,34.735,13.525,46.752,22.951,176.99,65.459,53.059,4.8182
0.0070303,0.0090611,0.042119,0.16371,0.61671,1.7271,5.9453,22.108,23.427,15.613,18.714,137.3,73.601,68.275,104.06
0.00082184,0.0030349,0.010358,0.045718,0.19881,0.76948,3.2408,13.388,30.825,12.463,79.005,126.46,174.2,58.767,2.6934
0.16427,0.056488,0.65487,2.6157,8.7478,19.996,85.076,121.62,66.403,45.447,81.276,58.238,53.949,53.137,1.2701
0.0055148,0.018542,0.078427,0.32715,0.79878,3.0332,12.789,18.383,86.139,42.463,25.328,180.42,62.013,64.799,0
0.0067348,0.012847,0.042961,0.13715,0.43692,1.3562,4.2116,12.24,22.893,25.711,105.23,36.856,40.512,49.01,61.424
0.033716,0.0082039,0.14735,0.62919,2.4935,10.445,44.203,136.42,44.833,70.583,95.282,113.44,55.181,71.272,12.634
0.07226,0.17232,0.46658,1.2568,3.2238,8.5139,22.65,31.509,40.351,34.03,41.325,30.967,34.104,39.622,51.798
0.0092841,0.038809,0.1642,0.67669,2.2236,9.6077,38.211,144.81,46.392,38.649,45.744,69.341,105.68,105.4,9.9816
0.0063772,0.022906,0.095985,0.4123,1.7687,7.4918,14.047,60.871,45.36,171.66,67.226,58.563,65.359,86.208,0.42475
0.03706,0.0091378,0.14807,0.61759,2.5784,10.771,44.657,172.62,44.048,58.526,65.862,50.302,54.463,61.949,8.5893
0.01092,0.0026095,0.046806,0.2005,0.77971,2.903,12.528,50.432,55.58,73.861,73.905,175.02,72.164,54.783,7.7212
0.0095323,0.0023156,0.038976,0.16494,0.69555,2.7753,11.352,41.407,86.242,43.58,47.226,48.087,185.52,54.806,3.4383
0.016105,0.046714,0.20254,0.79465,2.0633,8.9961,35.963,132.88,43.519,61.065,45.055,67.949,103.27,103.28,9.8579
0.053591,0.012777,0.20937,0.88853,3.8359,16.454,66.196,97.052,82.466,72.68,38.568,75.601,139.8,55.256,0.68886
0.024857,0.081811,0.32278,1.2957,4.5814,11.487,37.214,52.619,25.77,173.3,48.109,51.164,51.387,53.059,0
0.0060567,0.014382,0.027305,0.11937,0.46764,1.8194,6.9467,10.019,23.108,29.772,145.82,40.031,102.23,77.963,39.944
0.006555,0.0015794,0.027938,0.119,0.50808,1.9467,8.257,29.967,23.036,38.08,202.95,54.194,55.486,64.434,7.7644
0.060362,0.01949,0.25056,1.0247,4.0887,15.889,63.098,108.32,37.65,62.579,80.685,56.981,49.039,119.64,10.301
4.2084e-18,1.3099e-18,1.6293e-17,6.2685e-17,2.3558e-16,4.9253e-16,1.6018e-15,5.5732e-15,2.5607e-15,3.0676e-15,1.9703e-15,2.802e-15,4.5107e-15,8.2623e-15,200.18
0.015195,0.059427,0.23957,0.99722,4.1518,10.402,45.448,160.81,55.556,68.72,59.966,49.423,64.982,66.234,1.859
0.060307,0.014891,0.25925,0.73991,2.5747,7.5753,32.661,83.172,37.466,130.67,39.593,70.785,105.28,104.99,2.8436
0.0091668,0.0022539,0.036716,0.15128,0.63419,2.6562,11.042,43.852,11.139,14.81,199.08,50.631,54.541,62.101,1.6362
3.9134e-19,1.5049e-18,6.01e-18,2.471e-17,9.9834e-17,2.7919e-16,1.1433e-15,1.6024e-15,7.4806e-16,1.0581e-15,7.3497e-15,9.7683e-15,3.3554e-15,3.9229e-15,220.16
0.045624,0.011237,0.1813,0.75793,1.4773,4.6268,19.454,29.535,38.523,127.7,39.893,154.89,53.435,59.914,9.2625
0.032396,0.10959,0.36407,0.94949,2.4345,10.258,41.951,60.062,51.306,42.817,25.386,182.65,62.37,65.141,2.56
0.010307,0.031987,0.13557,0.6023,2.5268,7.1223,32.035,54.33,176.64,81.16,60.797,55.876,52.134,81.079,52.337
0.0040942,0.0011408,0.016876,0.070837,0.26798,1.1303,4.0223,10.232,10.72,41.712,180.98,102.74,52.283,59.237,2.3966
0.00095622,0.0025462,0.010308,0.041443,0.16181,0.64958,2.4782,9.4831,8.4017,12.813,8.4725,7.8233,6.9688,5.9454,212.06
0.010751,0.039283,0.14237,0.49311,1.8566,5.0862,19.423,29.126,31.045,108.71,37.305,128.72,50.161,55.978,19.373
0.01908,0.0045046,0.079501,0.32213,1.3248,3.4862,15.653,23.749,8.411,102.94,26.114,48.382,69.06,148.37,127.25
0.048307,0.01738,0.21147,0.85513,2.9668,8.2363,27.19,95.313,92.408,61,36.199,69.67,127.94,82.582,41.76
0.0018325,0.0053274,0.023402,0.099784,0.38028,1.5863,6.4353,10.533,40.133,21.759,15.319,12.764,23.181,226.13,13.667
0.0038056,0.016083,0.06643,0.19246,0.77701,2.8663,10.88,28.063,9.3071,13.259,145,37.535,36.807,178.68,15.536
0.0025346,0.0088424,0.023664,0.099945,0.40664,1.4871,5.1902,20.338,16.188,69.422,161.34,100.18,51.719,53.976,3.2905
0.015606,0.0036731,0.065307,0.2426,1.0688,4.2029,10.824,45.362,15.606,11.776,179.76,46.115,122.03,77.213,9.7531
0.0046162,0.017794,0.066045,0.25204,0.85925,2.9926,12.174,17.93,39.815,22.653,12.843,15.246,14.184,217.24,1.0174
0.072592,0.021599,0.30501,1.1624,4.7286,15.168,48.897,79.715,81.106,38.131,44.019,154.77,51.676,87.955,2.0988
0.011566,0.033448,0.14164,0.58085,2.2007,8.5109,35.204,147.84,48.227,62.585,46.458,100.59,50.122,85.026,14.998
0.0051566,0.0012652,0.018692,0.079409,0.31321,1.3125,5.5145,21.835,23.459,31.527,17.099,14.937,22.965,222.72,7.5201
0.0047216,0.001142,0.014039,0.061395,0.25179,0.97131,2.5248,11.222,8.2043,7.403,50.103,22.906,14.115,204.27,92.713
0.032113,0.0087973,0.10555,0.39607,1.4535,4.8254,17.57,21.426,72.781,78.823,62.515,37.07,78.556,65.207,99.561
0.021344,0.061901,0.24159,0.96165,3.6741,14.781,50.683,83.518,43.612,50.569,37.255,33.87,159.96,53.413,0
0.047143,0.012308,0.17988,0.6709,2.5366,9.8941,22.48,94.614,47.705,106.28,73.523,75.118,54.096,79.473,8.1196
0.0047096,0.013952,0.029904,0.10882,0.31115,1.0873,3.6817,11.168,38.772,12.499,22.605,143.49,48.677,49.694,0.37338
0.006392,0.0017838,0.023752,0.088372,0.2925,1.0746,3.9866,13.481,31.391,116.61,39.124,41.502,42.186,127.01,0
0.012121,0.04904,0.19647,0.80472,1.9326,8.2088,32.378,134.72,105.13,58.347,47.494,66.815,50.813,88.648,8.3644
0.0069269,0.020716,0.070551,0.31616,1.2511,5.4647,23.281,90.45,68.723,49.908,62.972,89.895,93.045,149.98,0.098164
0.021401,0.082811,0.22174,0.94963,3.2355,8.401,36.656,122.69,42.532,132.78,61.085,49.459,65.055,66.489,1.8441
0.004652,0.014766,0.057925,0.22259,0.85394,3.4016,12.182,48.246,36.277,58.17,41.547,24.527,165.42,77.445,39.277
0.01422,0.045229,0.17236,0.65901,2.464,6.6126,12.946,19.191,18.329,87.394,47.515,128.71,46.518,73.278,83.798
0.0050742,0.01926,0.072678,0.28485,0.99978,2.9428,11.843,34.544,28.952,153.42,84.665,49.99,50.306,66.848,0
0.018364,0.072207,0.28388,1.1299,2.7359,8.2166,32.459,132.17,99.8,57.49,47.508,52.295,49.961,85.962,8.3692
0.0070497,0.029365,0.12574,0.53721,1.9034,5.5782,24.154,35.717,42.256,168.55,50.214,52.542,86.516,99.811,9.8033
0.032742,0.1228,0.5282,2.2525,7.2754,28.323,56.592,84.923,38.858,147.37,72.488,50.019,54.721,78.388,58.252
0.0092946,0.038317,0.16175,0.58851,2.3887,6.6236,28.413,35.625,131.61,45.872,36.304,54.917,41.835,153.19,47.692
0.071883,0.018577,0.28708,1.0871,3.2295,8.6655,32.66,48.921,115.39,113.34,55.171,64.919,53.358,63.539,30.085
0.0053864,0.021655,0.089399,0.37019,1.495,5.7424,18.024,27.468,31.395,184.25,51.841,57.411,51.431,63.364,33.321
0.0071839,0.02567,0.10029,0.3906,1.361,3.6973,13.322,22.818,10.745,14.59,8.5501,112.64,138.52,93.443,5.8462
0.012001,0.041662,0.16523,0.66165,2.5803,10.402,39.13,58.31,123.46,83.981,42.43,63.454,53.236,98.266,0.91647
0.02069,0.061567,0.13477,0.49316,1.5762,5.4778,9.3587,32.015,12.795,19,118.38,44.37,50.312,43.85,78.603
0.01353,0.0034605,0.057767,0.24583,1.0237,4.17,13.356,52.052,20.85,15.351,178.68,64.728,89.285,74.837,24.597
0.0077432,0.03207,0.13212,0.55064,2.3404,8.5374,35.487,142.64,106.98,60.139,48.586,69.331,51.857,85.936,8.6155
0.078123,0.01929,0.32512,1.3542,5.4365,20.96,69.729,107.02,96.12,65.249,81.352,49.428,78.367,73.09,0.076196
0.011123,0.044939,0.17724,0.76146,1.9514,8.3689,29.654,124.79,139.35,51.568,48.802,60.865,52.947,88.036,0
0.003872,0.00098998,0.015308,0.062326,0.24241,0.80914,2.7882,10.942,7.6898,7.4938,61.725,162.01,59.434,76.349,89.083
0.025209,0.0062705,0.091112,0.36034,1.4215,5.152,21.756,88.47,94.39,132.03,52.621,58.337,90.868,54.227,7.1984
0.055882,0.013286,0.21774,0.6186,2.6158,7.1465,31.283,104.06,34.224,120.34,87.556,79.372,48.423,100.63,49.427
0.038755,0.1053,0.37868,1.4422,5.3719,19.784,71.743,102.74,99.059,44.474,47.053,47.536,51.987,52.276,11.407
0.010503,0.04029,0.095414,0.25544,0.72639,3.0678,12.424,22.253,22.353,81.649,45.11,26.504,117.7,151.44,2.4534
0.074918,0.018403,0.24583,1.0905,2.7579,11.652,45.914,144.77,106.1,88.392,53.155,69.301,76.343,56.276,8.1467
0.067788,0.20094,0.67611,2.2554,6.2021,20.783,40.068,53.141,26.063,91.854,53.322,41.895,45.98,61.974,30.19
0.10859,0.32868,0.59888,2.4571,9.0584,33.43,59.263,94.557,41.312,38.095,54.851,50.285,44.387,69.006,77.204
0.0047506,0.016335,0.066297,0.27794,1.1126,4.6651,8.8908,13.019,5.3103,57.454,154.92,42.612,44.361,72.942,120.4
0.039673,0.01069,0.15245,0.5866,2.283,6.3797,26.02,92.755,99.387,48.426,45.19,44.289,91.936,48.357,83.526
0.039977,0.0099288,0.16634,0.69159,2.8003,10.522,42.888,134.76,105.65,72.37,65.495,53.331,54.74,62.279,7.4895
7.8294e-06,3.2316e-05,0.00011647,0.00050007,0.0017206,0.0072167,0.029607,0.10852,0.10336,0.071906,0.088369,0.049376,0.050129,0.83935,231.53
0.0096396,0.039543,0.16674,0.6744,2.8461,12.016,30.304,129.58,57.664,44.43,63.924,96.338,55.009,71.946,89.012
0.031205,0.079373,0.21771,0.611,1.7129,4.8195,12.348,25.63,56.759,38.885,31.868,31.801,50.713,59.417,0
0.0040778,0.015298,0.059359,0.21929,0.75265,2.0027,8.0717,24.87,7.3043,35.971,166.94,50.842,55.325,56.581,47.498
0.022007,0.067596,0.28586,1.1107,4.1197,14.59,60.718,94.969,84.024,142.03,66.453,60.086,55.648,54.594,5.6922
0.0058721,0.021439,0.092013,0.38569,1.6894,3.924,15.478,63.642,56.129,183.78,72.071,62.067,68.799,56.72,0.76073
0.045029,0.095822,0.38718,1.4151,5.3708,14.585,28.271,52.661,27.911,70.584,33.327,148.02,51.695,51.335,16.002
0.014631,0.0039531,0.031094,0.11004,0.41555,1.7966,7.6366,31.009,105.77,48.409,34.293,179.42,52.489,53.251,60.567
0.048055,0.16333,0.65765,2.7963,11.211,40.872,77.641,116.26,46.527,80.384,42.057,57.416,51.895,79.96,95.094
0.023269,0.058797,0.20301,0.68727,1.993,7.0211,22.418,66.205,24.247,65.566,29.916,32.525,41.3,122.74,0
0.03002,0.0073654,0.080305,0.31227,0.88489,2.1465,9.6757,30.371,22.026,31.918,189.59,72.997,52.434,52.314,95.279
0.0020914,0.0087885,0.037962,0.16329,0.61264,1.8797,8.3378,12.032,51.6,149.67,71.63,50.58,92.354,98.051,71.7
0.0048892,0.014893,0.059009,0.2205,0.8804,3.5003,13.42,20.842,72.375,141.67,56.13,63.26,48.994,92.453,5.0361
0.016753,0.037031,0.08427,0.20834,0.50759,1.2395,3.0151,5.7801,10.29,21.071,52.595,26.032,41.321,42.866,0
0.04664,0.1447,0.61168,2.6228,9.8566,36.438,69.452,104.03,109.61,45.626,44.028,58.213,49.195,80.799,96.507
0.0010533,0.00025948,0.0041287,0.0171,0.063535,0.19548,0.41359,0.64576,0.73087,0.29849,0.74345,0.35746,0.5599,5.8791,226.09
0.012277,0.040418,0.17961,0.78635,3.4089,14.614,61.719,163.58,59.442,94.202,81.838,52.323,54.426,55.231,9.1473
0.051948,0.013592,0.1478,0.60077,2.2964,8.3055,20.854,82.27,60.125,55.881,41.509,79.021,84.561,85.011,82.859
0.017486,0.069949,0.23931,0.6313,2.0747,5.5729,24.906,46.026,44.852,76.871,24.979,37.827,130.67,167.38,0
0.0022963,0.0067276,0.029904,0.12629,0.54655,2.2909,9.447,37.765,126.84,131.71,45.77,48.372,47.522,121.43,4.693
0.029958,0.0081961,0.11313,0.43668,1.6253,6.2161,23.261,36.503,17.837,15.398,141.41,40.193,100.81,77.492,7.9725
0.06149,0.015268,0.20436,0.80216,2.1354,9.0876,35.746,97.766,44.423,112.02,52.965,108.19,54.993,84.039,0
0.022072,0.078147,0.23935,0.96506,2.3307,9.7011,33.158,99.733,74.585,61.026,78.19,105.28,54.577,52.645,5.6666
0.0055499,0.022927,0.095939,0.30555,1.1697,5.1071,21.673,93.89,124.45,61.803,75.498,63.475,86.113,103.24,11.417
0.014607,0.05246,0.22264,0.9516,4.0804,11.841,22.042,98.687,87.247,131.32,67.396,58.341,53.713,84.728,42.975
2.7064e-05,8.1669e-05,0.00025824,0.0008143,0.0025186,0.007933,0.025443,0.060043,0.058639,0.04825,0.033541,0.32329,0.11299,0.12903,149.12
0.019578,0.0075225,0.050033,0.14119,0.39268,1.095,3.0394,6.2271,3.0166,14.424,40.806,88.467,39.257,44.142,0
0.02722,0.0066736,0.10944,0.45616,1.9153,8.0545,31.899,124.43,98.239,91.471,84.531,50.147,53.93,61.62,32.728
0.028893,0.0082253,0.12136,0.48404,1.8297,5.2787,16.984,72.258,31.607,36.896,39.225,46.679,176.68,87.438,0.02529
0.016627,0.060757,0.24037,0.92447,3.1305,12.066,38.741,139.5,48.276,75.843,81.97,53.146,50.847,58.989,0
0.031046,0.11787,0.47419,1.9058,7.4743,27.932,84.26,128.23,48.935,64.147,49.38,54.771,66.574,68.892,2.0751
0.026144,0.0063024,0.088589,0.36381,0.98519,4.1629,17.297,47.867,169.11,92.09,48.735,57.462,58.512,76.117,13.513
0.067866,0.016097,0.29288,1.2693,4.4333,18.412,70.634,123.29,42.027,69.219,53.094,80.045,45.49,53.157,124.62
0.1346,0.037056,0.52231,2.0439,3.8859,15.536,55.575,81.931,69.995,100.84,48.823,75.68,64.431,66.513,9.7176
0.0064483,0.018186,0.076306,0.31073,1.2356,5.0482,19.816,29.252,111.14,116.6,56.72,46.444,47.38,112.7,5.1513
0.011731,0.033563,0.14136,0.60223,2.4289,6.0969,27.275,110.61,41.759,47.059,40.202,159.51,74.688,65.806,14.156
0.010213,0.043144,0.18147,0.78752,3.3806,14.352,59.995,163.1,59.46,88.535,80.906,52.261,53.755,54.99,9.0167
0.0087401,0.017621,0.068744,0.25108,0.91263,3.3233,11.092,31.632,24.255,14.377,16.286,56.132,142.68,90.403,3.3161
0.0025123,0.010113,0.040602,0.12584,0.46518,1.8829,7.6827,27.328,25.999,14.998,152.26,55.561,107.49,101.64,10.733
0.023163,0.0059153,0.094742,0.32836,1.2357,3.4572,14.866,61.29,137.62,59.657,45.279,95.636,48.134,100.54,11.381
0.019915,0.0074561,0.082862,0.23219,0.7915,3.2082,6.1663,9.1965,3.5257,38.595,106.57,141.43,48.443,77.157,91.99
0.01866,0.0051472,0.070049,0.26268,0.95875,3.3453,12.622,37.573,13.39,36.435,31.911,160.71,50.805,68.12,4.4589
0.011351,0.0029735,0.041983,0.14309,0.54628,2.162,8.5307,30.762,30.514,11.636,11.978,178.77,51.486,78.821,3.9642
0.036019,0.12759,0.39543,1.4605,5.4791,14.632,58.487,89.859,30.202,61.839,34.448,50.745,38.194,136.03,4.7873
0.0070791,0.019214,0.067113,0.22874,0.65428,1.3984,4.9845,16.243,55.018,74.677,28.775,31.428,119.2,51.882,3.9133
0.0054412,0.015678,0.066037,0.23019,0.86887,3.3448,13.774,57.074,128.34,55.498,45.288,89.761,102.26,83.785,15.102
0.039647,0.010076,0.16559,0.65933,2.2612,8.628,35.907,121.8,93.755,40.586,40.388,44.365,132.47,54.007,6.7031
0.031574,0.0076841,0.12865,0.51179,2.123,7.4649,14.621,24.178,13.692,109.84,52.617,82.583,51.026,167.91,11.487
0.099763,0.024979,0.41791,1.7465,6.9335,25.411,64.873,99.015,50.071,66.533,52.022,98.601,104.86,73.997,27.526
0.031542,0.11004,0.41731,1.1523,4.0966,15.845,59.383,84.939,46.073,44.566,63.835,88.373,88.306,77.987,0
0.012489,0.05361,0.2352,1.0222,3.6795,10.964,48.47,73.119,84.114,143.72,51.229,53.872,88.766,103.14,0
0.013092,0.043421,0.18034,0.74795,2.3841,9.937,38.368,58.838,70.154,111.95,49.907,53.611,110.52,101.46,9.5216
0.020729,0.07096,0.28966,1.1982,4.9823,20.072,63.165,37.403,31.848,167.3,51.409,69.254,69.57,53.662,25.496
0.015954,0.0037587,0.069338,0.3023,1.3025,5.2075,22.823,34.683,14.171,51.812,21.414,25.543,221.12,56.332,0
0.031749,0.0078603,0.073237,0.27974,0.77501,2.8305,11.932,35.097,74.462,81.184,28.673,143.53,54.402,114.42,2.3931
0.016861,0.056556,0.23867,0.96162,2.3501,8.9492,36.49,52.534,47.32,39.632,23.003,184.63,61.899,64.691,0
0.011084,0.033466,0.13019,0.51125,2.0101,7.9014,30.263,33.48,34.872,106.16,41.078,45.419,45.107,148.92,4.9505
0.0062183,0.0015051,0.026432,0.09615,0.41282,1.7548,7.167,25.414,12.414,8.8631,10.277,7.851,8.1751,13.371,228.8
0.034153,0.0084455,0.14227,0.59165,2.3961,9.9786,41.051,123.53,96.897,65.793,72.727,52.059,77.8,72.625,22.773
0.021065,0.0051757,0.070458,0.20294,0.55404,2.4274,9.9162,27.181,88.628,98.634,44.371,40.644,37.796,168.24,13.042
0.037935,0.0092457,0.15775,0.66393,2.1366,9.0836,35.528,132.7,42.564,58.569,44.648,67.327,102.32,106.73,9.7293
0.0083998,0.035061,0.15006,0.6442,2.6919,11.548,42.762,64.626,165.67,69.2,51.998,57.758,71.239,67.104,35.089
0.011024,0.029099,0.081408,0.24293,0.96929,4.1837,17.785,27.345,26.123,13.558,184.13,67.087,59.683,50.773,92.863
0.0042556,0.015875,0.067147,0.28172,1.1853,4.9175,20.655,74.518,152.08,76.598,84.858,51.284,60.588,60.124,0.00018864
0.0042837,0.0013191,0.019276,0.085133,0.36315,1.6075,3.1033,12.59,44.45,10.861,11.058,15.904,11.937,227.03,75.623
0.026515,0.047766,0.13439,0.39114,1.0944,2.4896,7.3085,15.239,28.689,20.06,15.598,86.446,57.038,49.287,0
0.017531,0.0051357,0.073842,0.2981,0.98993,2.8524,11.993,41.731,13.188,11.754,16.1,16.961,212.6,54.049,2.4117
0.13654,0.046553,0.50898,1.849,5.7163,21.3,69.342,99.663,54.52,39.784,69.399,46.966,85.731,51.36,1.1521
0.00021326,0.00071137,0.0028135,0.011227,0.043785,0.1552,0.64374,1.066,0.93529,0.77249,0.45076,0.50987,0.48011,0.48582,220.19
0.029839,0.016158,0.067758,0.15329,0.33168,0.75125,1.6918,3.0873,5.3366,10.441,24.168,45.987,36.208,32.129,0.00064467
0.053684,0.016215,0.23461,0.96364,3.9662,17.079,71.739,104.93,89.125,78.483,47.949,45.654,131.83,55.727,25.767
0.0067285,0.026417,0.10703,0.43057,1.5326,3.4556,13.97,20.83,44.202,153.29,61.435,49.99,58.356,97.343,36.98
0.012148,0.037317,0.15445,0.59586,1.6997,7.125,29.734,89.91,30.288,39.538,63.542,152.25,66.173,100.49,10.939
0.19177,0.05101,0.72521,2.6859,10.067,33.158,63.618,104.92,62.365,44.276,71.41,92.17,55.856,56.243,10.32
0.023183,0.0068482,0.098014,0.41449,1.6909,7.2258,25.624,110.14,42.524,36.719,42.409,149.94,76.841,89.465,23.569
0.046878,0.013099,0.16935,0.61941,2.295,7.8577,18.482,29.377,72.725,77.957,64.431,36.249,80.071,104.66,18.569
0.01967,0.084351,0.37127,1.5875,5.7209,17.037,74.652,113.93,116.39,50.916,51.135,54.301,90.408,102.95,9.9049
0.0032185,0.00090872,0.011845,0.042831,0.15783,0.51156,1.8757,6.5187,22.409,30.305,102.89,30.997,138.22,51.259,1.4262
0.0078107,0.023554,0.097673,0.42145,1.5655,6.8061,19.429,21.627,116.38,62.245,42.841,62.918,39.259,163.87,57.464
0.0082567,0.031831,0.13564,0.57501,2.4462,10.413,43.659,169.58,42.402,56.609,85.983,52.849,54.548,62.114,33.316
0.039529,0.01381,0.087609,0.31288,0.99928,2.6143,8.7805,26.847,23.865,16.81,117.66,44.216,50.139,43.735,78.427
0.031981,0.10112,0.39095,1.4936,5.0851,13.676,25.22,45.641,22.032,139.23,71.119,58.785,51.354,73.465,5.9644
0.0043882,0.001095,0.017542,0.062329,0.20272,0.76918,1.9734,8.5309,4.153,30.279,106.79,70.574,45.55,147.19,90.722
0.045549,0.011138,0.19167,0.80546,2.6443,10.192,42.642,136.45,106.22,72.599,52.764,71.005,54.95,64.8,7.6084
1.3672e-18,2.471e-18,7.2853e-18,1.8605e-17,4.6991e-17,1.3117e-16,3.5765e-16,4.9525e-16,8.9868e-16,1.1348e-15,4.1181e-15,2.0604e-15,4.3044e-15,2.8485e-15,115.86
0.026142,0.06352,0.25603,1.064,4.1981,15.587,27.236,51.84,57.39,22.545,31.674,163.96,78.781,89.318,4.2271
0.010512,0.02615,0.090646,0.30002,0.97268,3.3098,10.272,16.155,9.0419,21.287,9.3351,10.162,107.56,118.11,0
0.040858,0.013099,0.16412,0.63937,2.4793,6.8916,24.605,35.623,19.303,13.106,171.94,52.561,94.797,53.515,1.3021
0.015973,0.0473,0.20552,0.84921,3.3361,14.203,58.689,94.565,85.456,142.85,57.448,50.47,55.55,67.176,13.062
0.023149,0.083427,0.34546,1.4114,5.7656,16.787,72.144,105.92,87.28,78.621,47.212,104.31,53.067,87.677,25.468
0.15837,0.043237,0.5872,2.2293,7.9799,30.214,54.02,94.094,46.486,40.343,67.589,39.667,98.965,76.181,3.4241
0.010328,0.042671,0.1768,0.72,3.0593,12.586,32.633,139.99,62.075,40.667,67.942,102.5,58.266,83.372,43.644
0.024002,0.081866,0.30378,1.1212,4.1477,11.06,21.307,39.57,35.185,62.174,45.143,121.65,91.884,50.639,15.282
0.066778,0.016485,0.26653,1.1103,4.6214,18.645,56.06,32.978,28.299,172.08,51.392,69.362,69.665,53.7,25.552
0.015477,0.048887,0.19994,0.7728,2.9903,11.467,28.976,105.82,46.705,58.497,36.665,85.905,46.436,67.695,112.82
0.020543,0.0061799,0.090751,0.37645,1.5648,4.618,20.195,29.706,24.394,21.915,13.283,12.625,221.62,72.876,26.163
0.056402,0.013543,0.22205,0.93714,4.026,17.186,68.832,100.87,85.8,75.705,40.328,59.74,136,55.732,8.2519
0.0024668,0.0072899,0.032839,0.14365,0.60571,2.6601,11.03,44.639,151.32,79.292,42.725,45.179,90.637,123.54,0
0.037535,0.064388,0.12298,0.24758,0.49235,0.86265,1.6601,2.5833,4.4489,8.1379,16.588,29.135,25.748,25.347,0
0.02752,0.010088,0.075947,0.22208,0.64524,1.8606,5.382,11.339,21.811,14.923,74.805,32.418,64.123,39.512,48.248
0.0097327,0.0024095,0.0421,0.15688,0.60287,2.6385,8.9785,33.458,16.094,117.88,41.345,31.549,85.261,159.95,89.229
0.025125,0.007177,0.1092,0.47047,1.5914,4.6428,12.339,46.806,14.373,12.704,17.626,206.87,51.097,85.804,0.33719
0.010614,0.042707,0.17144,0.69708,2.8124,8.1698,32.21,134.21,101.92,58.022,47.24,66.304,50.545,87.944,10.921
0.10845,0.02944,0.4319,1.5119,6.113,24.593,95.47,58.544,103.4,76.379,53.107,47.908,78.721,67.205,8.3728
0.022801,0.067834,0.23106,0.78431,2.3275,7.7013,21.934,60.178,24.519,36.222,30.614,105.4,43.436,81.991,2.946
0.009087,0.034812,0.14357,0.60166,2.5596,5.8556,13.94,48.513,77.1,92.471,41.538,41.451,36.603,170.73,51.632
0.012623,0.040595,0.15382,0.61196,2.3121,7.993,30.118,104.09,35.066,105.88,63.212,56.872,49.24,48.019,86.144
0.050575,0.012279,0.16652,0.74196,1.8838,8.7661,27.08,123.12,93.755,70.846,89.856,126.51,58.131,56.594,0.25594
0.07897,0.020645,0.31308,1.1496,4.0206,13.564,53.046,80.195,88.784,105.01,50.353,52.742,49.633,95.261,4.9721
0.025828,0.0074353,0.10807,0.40057,1.5315,6.6126,27.444,109.28,27.288,38.852,39.003,73.874,37.88,153.94,88.675
0.023644,0.0056828,0.092324,0.4015,1.6914,7.0454,29.712,91.268,30.087,38.497,58.712,167.76,104.05,56.958,0
0.033467,0.0086797,0.13331,0.45627,1.6788,6.7271,12.622,20.318,30.275,48.599,16.194,16.73,183.13,79.592,0
0.081631,0.022824,0.27163,1.1368,4.348,18.03,73.891,109.77,122.95,67.606,47.394,48.791,66.495,74.234,7.8976
0.0096022,0.0026813,0.034952,0.14809,0.58159,2.107,8.9197,33.217,88.755,91.692,50.31,144.15,90.766,54.213,7.467
0.0094463,0.038385,0.1278,0.3323,1.0692,4.6159,19.083,34.993,34.875,141.9,37.916,38.979,41.882,157.04,3.4591
0.0032968,0.0010741,0.013236,0.050303,0.19372,0.68297,2.3292,8.8477,7.8581,11.976,6.751,7.2038,9.9681,5.8918,206.72
0.0079892,0.024228,0.10153,0.41055,1.2983,5.5315,22.396,87.402,62.766,150.63,51.303,69.116,69.238,63.789,1.0722
2.7257e-05,8.7504e-05,0.00033944,0.0013414,0.0050528,0.019648,0.03727,0.055283,0.023362,0.22646,0.60393,0.80429,0.53646,0.49354,208.23
0.020922,0.0050041,0.086888,0.32304,1.0744,4.2504,11.102,16.073,13.695,7.6423,87.509,122.41,51.357,171.86,3.8707
0.053757,0.013385,0.1326,0.59143,1.6064,6.2523,26.341,110.15,89.163,108.25,73.968,88.52,54.563,64.965,9.477
0.0062641,0.019648,0.078183,0.30604,1.1474,4.5087,15.935,63.089,46.486,33.482,42.583,25.512,168.9,55.365,30.404
0.015265,0.048855,0.20926,0.88425,3.7508,11.034,46.83,52.281,61.046,177.16,67.184,51.827,54.901,54.447,5.854
0.098368,0.027343,0.32883,1.385,5.3276,22.452,92.547,137.58,51.11,64.922,85.098,50.063,68.008,53.894,32.302
0.036299,0.0092205,0.13093,0.54894,2.1434,8.5406,34.676,104.21,33.906,54.526,48.268,139.89,88.344,69.81,11.61
0.067906,0.016872,0.28161,1.1382,3.9796,16.7,69.209,114.7,115.23,57.055,63.026,68.773,55.464,57.843,7.2669
0.0082739,0.022147,0.094037,0.39516,1.5082,6.3475,24.755,100.83,43.65,108.64,71.031,111.1,55.577,84.92,0
0.059835,0.015668,0.15452,0.44112,1.6429,6.5273,25.661,37.335,14.978,13.833,169.63,49.104,51.844,79.101,21.954
2.0495e-19,6.9979e-19,2.6153e-18,9.4315e-18,3.0396e-17,8.0706e-17,1.1581e-16,2.3184e-16,9.2716e-17,1.4838e-16,1.1357e-15,4.2562e-15,1.0376e-14,3.1296e-15,191.13
0.082979,0.022197,0.31996,1.2607,4.678,18.305,72.154,113.36,54.626,46.834,74.149,44.691,88.329,63.952,8.2387
0.094354,0.023831,0.33804,1.3673,5.4366,22.131,69.046,96.241,84.542,62.402,71.336,46.836,93.357,78.33,0
0.0095882,0.0022464,0.042003,0.18405,0.64292,2.8602,11.029,40.619,142.61,35.149,36.025,102.18,46.947,67.848,129.64
0.034795,0.0085657,0.14098,0.59764,2.4099,9.298,18.058,31.945,15.919,12.387,171.07,111.57,71.503,72.03,0
0.0039685,0.014635,0.04966,0.21505,0.74823,2.9922,12.489,14.716,44.579,18.043,115.41,184.09,55.336,55.528,3.5534
0.038817,0.013292,0.15475,0.42855,1.7723,7.1086,26.979,95.955,77.461,130.28,46.913,50.264,49.989,70.889,2.2606
0.044982,0.012228,0.18487,0.53748,2.1432,8.8034,32.781,82.579,26.774,95.087,56.67,36.955,36.299,173.7,32.867
0.0042769,0.01663,0.067821,0.2759,1.0692,4.3702,9.5274,34.227,12.375,10.29,149.66,84.643,46.025,47.366,109.28
0.0089048,0.034254,0.12592,0.45546,1.7379,6.9293,23.087,90.296,81.946,120,45.681,53.528,51.029,81.303,0.070635
0.0033927,0.013213,0.056263,0.22962,0.71027,3.0879,12.854,23.781,23.329,96.057,25.472,27.074,125.22,160.83,0.013309
0.0090707,0.031392,0.13483,0.57941,2.4348,9.0869,17.291,29.184,25.862,13.674,21.563,14.271,16.118,232.87,14.254
0.019236,0.067757,0.1803,0.52104,1.8461,7.6762,30.909,124.93,99.469,49.526,77.159,47.793,51.819,69.791,60.907
0.027577,0.0099473,0.11607,0.44224,1.6516,5.9995,24.721,96.481,42.734,107.5,58.54,106.36,54.451,82.39,0
0.045617,0.011577,0.17955,0.71635,2.9155,10.609,26.013,41.797,103.67,110.76,41.489,41.92,98.754,90.677,8.6894
0.029957,0.0076098,0.12151,0.48106,1.2597,5.3314,20.79,31.404,18.5,49.361,21.806,18.911,197.36,54.396,0
0.043616,0.011016,0.16607,0.66128,2.3809,9.9242,40.592,118.71,127.3,46.158,88.941,50.663,56.865,54.041,0
0.020326,0.0064148,0.088455,0.3776,1.5056,6.3673,11.74,50.775,67.503,87.594,30.303,43.327,167.4,56.593,73.153
0.065899,0.017447,0.2755,0.87371,3.3287,14.437,60.873,77.292,48.258,107.64,68.534,58.1,114.32,102.58,0.8112
0.0050697,0.0012018,0.017079,0.050148,0.20175,0.87992,3.6832,9.4273,25.909,10.475,121.87,180.3,54.158,75.312,0.93817
1.9739e-19,8.0884e-19,3.3133e-18,1.3976e-17,5.5976e-17,2.3629e-16,9.6058e-16,1.3155e-15,8.2703e-16,9.0758e-16,8.0577e-15,1.0202e-14,3.4544e-15,3.4177e-15,229.12
0.026964,0.0067941,0.099617,0.37239,1.3956,5.9642,25,89.104,85.058,126.99,92.753,50.893,53.094,107.21,3.9969
0.013925,0.0034283,0.057555,0.241,1.0064,2.9011,12.47,47.778,21.675,132.2,40.793,154.16,55.39,61.414,23.413
0.011074,0.0026131,0.048061,0.17148,0.4664,2.1147,9.0913,13.668,39.733,50.455,21.167,30.54,220.51,56.293,0.24174
0.020815,0.0065299,0.090554,0.38664,1.5414,5.6542,10.522,45.515,60.153,40.205,27.914,99.43,167.63,53.135,73.176
0.050908,0.012482,0.16617,0.73343,1.8543,8.546,33,105.64,77.077,61.093,77.491,109.02,122.71,56.897,23.739
0.0040746,0.00574,0.026195,0.10036,0.31612,1.198,4.5306,17.608,29.838,11.366,13.695,131.89,113.95,56.677,75.91
0.00084755,0.0033013,0.0139,0.059607,0.25361,1.0425,4.3501,18.186,16.545,12.622,111.33,133.85,42.616,91.175,116.93
0.038189,0.15237,0.62311,2.526,10.697,37.533,74.172,121.22,69.891,44.602,65.737,110.74,63.023,58.664,16.569
0.013482,0.004321,0.044389,0.14607,0.43791,1.3054,4.3268,13.557,5.5725,19.918,74.655,25.455,100.72,42.029,73.369
0.0026528,0.010992,0.045291,0.19309,0.72832,1.9331,8.4674,33.914,13.499,38.939,172.76,47.642,108.61,85.306,3.8652
0.020101,0.053597,0.11288,0.36144,1.0563,3.2662,9.5847,26.8,11.956,17.232,92.475,38.907,44.26,40.28,64.552
0.0077338,0.030913,0.12634,0.4915,1.9657,7.1306,28.564,114.39,49.937,127,81.971,49.251,55.611,83.182,0
0.037333,0.12913,0.5436,2.281,9.7222,21.447,51.42,59.565,124.52,57.731,50.852,50.804,122.15,74.981,51.775
0.011281,0.048132,0.21093,0.92664,4.0725,14.338,38.216,175.59,68.713,46.87,84.279,63.217,55.351,64.826,36.33
0.00612,0.014351,0.06224,0.26429,0.92609,3.8178,15.069,37.165,13.719,46.579,172.02,48.511,52.745,51.564,108.99
0.018768,0.044382,0.20168,0.84646,3.0115,8.5958,35.628,84.965,85.074,132.59,45.128,52.122,53.648,52.168,111.13
