64701,1.7576e-16,2.2598e-15,1.4058e-23,2.2261e-52,6.6378e-40,5.3499e-88,1.4554e-13,2.5707e-17,5.0526e-40,3.6565e-43,3.0108e-44,2.9596e-102,1.5117e-118,1.1848e-72
1.2139e-12,1.192e-32,1.1508e-74,3.2391e-24,7.5757e-49,1.3031e-13,2.871e-46,5.7486e-55,1.2002e-24,138.53,4.6636e-37,1.8456e-21,4.4929e-84,8.1646e-23,2.3142e-13
9.6354e-29,6.5071e-75,2.3219e-116,4.1361e-34,4.9051e-31,1.1964e-49,4.7977e-33,5.7285e-31,5.035e-45,3.8702e-15,5.2257e-106,1.6421e-16,4.12e-97,1.8781e-32,2.0034
2.1236e-29,1.5541e-68,5.385e-39,1.2023e-29,1.0054e-13,5.4583e-58,1.8837e-14,256.48,1.463e-18,9.9173e-09,3.3996e-21,2.7439e-25,9.8233e-13,4.833e-66,2.0824e-54
7.7159e-45,6.3005e-29,1.2495e-36,1.4406e-37,1.2862e-13,1050.3,1.7934e-33,3.6679e-44,5.4164e-23,1.5077e-09,4.551e-86,5.0976e-09,6.1316e-59,2.6084e-182,5.7508e-42
2.4569e-12,1.3261e-43,1.0579e-159,9.0211e-43,2507.8,1.6184e-63,3.9739e-86,1.1394e-08,8.6303e-85,1.3201e-83,8.8648e-38,9.3648e-26,5.8388e-42,1.5423e-121,9.4335e-27
1.9773e-12,1.1831e-23,3.0647e-17,2.9006e-19,1.9376e-15,1.0745e-14,4.2574e-94,3.0827e-16,1.7193e-17,1.7531e-17,1.3951e-100,16.009,4.4208e-45,8.8756e-79,2.2408e-26
2.1496e-12,1.7441e-87,8776.3,9.1094e-74,2.4544e-12,2.1699e-86,4.3065e-46,1.5162e-170,4.8887e-84,2.6889e-90,6.6917e-27,1.8847e-23,1.9315e-16,6.5933e-86,3.7534e-15
2.0742e-12,16938,1.8135e-10,1.4931e-08,4.7206e-22,1.9694e-17,9.3718e-47,1.0409e-74,3.2598e-21,2.3056e-12,1.8817e-60,1.8654e-27,1.7198e-96,4.2773e-10,2.3217e-54
1.0034e-12,1.3305e-36,3.2261e-20,5.1963e-25,1.5381e-38,1.8258e-23,3.0393e-119,7.2111e-68,2.0689e-78,3.3887e-15,5.8655e-67,2.7384e-31,2.5001e-17,4.0009,2.1006e-47
3.4713e-29,2.6377e-76,8.7181e-37,7.0863e-14,1.9942e-14,5.4893e-15,5.7559e-15,2.9239e-19,1.9495e-63,3.6247e-15,2.5463e-39,3.6205e-40,8.008,2.6097e-146,2.1964e-48
6767.4,283.83,59.212,177.24,11.719,7.2056,0.028366,0.00068382,9.6163e-19,62.548,4.4119e-81,1.9328e-23,1.7515e-10,3.7125e-06,4.0668e-52
5.2774e-32,3.7111e-42,3.0074e-40,1.3706e-46,1.2882e-41,1.6909e-34,1.2417e-34,1.929e-40,7.0348e-52,1.009e-31,2.6079e-54,3.3473e-33,2.0779e-16,1.6967,1.8112
2.4268e-12,5.8397e-100,1.4319e-85,1.0861e-13,7.4168e-95,5.1378e-44,3.8591e-54,8.1489e-123,164.44,3.5026e-111,5.3837e-122,1.2221e-87,8.1891e-48,4.2904e-86,1.0961e-47
16244,0.0016981,0.11906,4.6469e-08,4.0507e-20,1.2307e-31,1.254e-55,2.9349e-06,1.0154e-32,1.0852e-32,2.7934e-17,0.020105,5.4171e-07,0.21065,1.7338
28123,0,0.45033,0.037206,6.4481e-21,2.3933e-29,4.5515e-47,1.5497e-76,9.1336e-17,9.267e-08,3.4516e-24,5.3632e-25,4.5214e-60,2.0532,0.00022155
31347,3.8701e-13,9.6636e-05,6.2685e-09,7.0495e-23,7.0451e-23,2.5574e-54,4.4373e-51,6.6666e-15,8.261e-11,1.9053e-43,0.00022401,2.2239,0.46753,4.5688e-06
32490,244.11,1017.7,1.1346e-09,76.385,2.834,1.4788e-127,0.00039957,1.2433e-85,0.00034597,2.0541e-44,1.5797e-27,5.2924e-20,1.422e-121,8.4991e-47
32661,7.0491e-37,214.61,314.77,2.6483e-18,1.1754e-27,1.5141e-69,1.5889e-109,1.4031e-46,0.0011891,3.2439e-39,0.00010193,1.1051e-24,5.1399e-06,1.8916e-47
2.594e-12,1.1776e-30,9.2269e-29,5295.5,1.0416e-09,2.4791e-67,1.9623e-26,0,5.7941e-60,2.6572e-16,4.4125e-37,2.6057e-162,6.332e-108,5.1208e-80,3.0174e-47
28020,2073.1,1101.1,1933.6,223.41,2.7531e-37,1.1663,0.0002735,1.3466e-17,8.824e-08,1.0655e-20,6.2023e-25,1.3161e-54,5.9011e-24,7.0414e-06
5915.4,13794,4162.7,90.326,4.0027e-22,0.00087785,2.4263e-68,1.8966e-11,4.7409e-31,3.0144e-13,5.237e-97,1.4774e-15,1.9133e-30,2.089e-47,2.0528e-22
32579,4.6068e-25,0,2.5376e-09,4.302e-17,2.5038e-66,1.605e-49,9.8645e-07,4.0534e-26,8.6097e-18,2.2025e-36,0.70545,0.49905,0.32631,1.0282e-76
23235,432.01,5.6891e-09,3.4501e-15,1.6504e-23,1.3298e-07,5.467e-68,0.00010114,1.3582e-46,34.083,8.6247e-10,3.9198,3.1022,0.24196,1.3044e-33
15618,1.672,8.128e-05,1.1601e-14,2.3056e-21,5.9605e-09,4.7866e-08,1.588e-53,1.0054e-21,2.0539e-12,1.2284e-33,3.7769e-23,0.59268,3.5042,8.3152e-50
3.662e-45,1.7504e-97,1.0273e-46,2.472e-46,4.2687e-30,6.4993e-32,1.7436e-14,1.2347e-15,6.6595e-62,35.95,4.3366e-22,6.3116,5.8949,4.1788e-57,2.6178e-22
32543,1.7936e-46,133.8,19.126,237.24,34.25,0.029014,0.00016853,1.1326e-08,2.5302e-05,8.3984e-89,1.8529e-25,4.5222e-42,2.2476e-12,1.5266e-22
85.541,6.2376e-65,8.3836,461.41,148.17,65.336,1.6281,1.0148e-15,7.3581e-95,63.365,8.2409e-22,3.3663e-26,1.1016e-16,4.6284e-13,9.4144e-22
30980,1.8408e-39,2546.7,401.87,0.031134,1.1195e-15,1.9255e-83,0.010717,5.7417e-54,0.21197,1.7433e-22,1.3527e-26,1.0285e-06,1.0555e-21,1.2449e-34
4.4986e-31,8.2283e-79,3.3521e-33,1.4435e-30,1.1796e-14,96.324,509.73,1.297e-05,2.6508e-27,8.3633e-10,4.2482e-25,1.6053e-13,5.3754e-06,9.8893e-110,4.5292e-73
31488,6.3915e-06,3.9631e-86,508.94,1.3384e-20,148.81,106.02,0.0036661,7.0532e-33,2.3436,1.7189e-17,2.5396e-19,1.3027e-74,8.9215e-111,6.4506e-49
23042,9.6374e-15,4.186e-09,7.9273e-08,5.7771e-22,0.00090671,8.6493e-09,3.9216e-96,1.2811e-90,0.63637,1.6822e-17,1.3748,3.0135,2.3846,0.082792
32313,204.94,55.274,665.52,67.068,7.3205e-05,2.6013e-58,3.4785e-48,3.0016e-236,6.6963e-05,1.6302e-34,1.9139e-12,1.667e-45,3.57e-233,3.238e-38
26504,641.77,192.49,545.22,5.5336e-21,5.0671e-27,2.2001e-07,2.6484e-94,9.2891e-116,36.609,5.9985e-74,2.245e-24,1.1303e-10,0.00036734,1.6838e-60
32755,1.3145e-44,1.745e-93,3.7059,4.585e-22,42.634,0.21718,7.7707e-10,5.038e-53,3.6066e-05,0,2.4883e-27,1.3466e-20,1.2669e-107,1.2771e-77
14995,4.5307e-169,0.33923,3627,4.8048e-18,38.495,41.201,3.9543e-12,2.3264e-98,9.9728e-09,1.5233e-18,2.0845e-20,1.4661e-85,5.9775e-47,1.4862e-05
32832,7.0818e-39,3.7577e-81,154.81,116.64,1.1765e-32,0.0043879,6.1524,3.1055e-106,0.6323,7.3556e-17,2.0473e-28,5.5436e-45,4.2239e-31,3.0886e-217
1.2279e-28,2.6485e-71,1.4053e-113,5.5985e-31,3.6879e-31,1.1025e-66,1.6402e-35,2.2947e-63,7.6729e-142,3.9236e-15,32.039,2.0404e-28,3.8346e-47,1.7764e-30,3.0782e-217
1.4495e-12,3.0904e-15,1.3742e-13,3164.6,794.4,196.94,57.948,2.217e-13,4.274e-97,28.851,2.1394e-23,8.0376e-22,1.3482e-38,3.7695e-06,1.4071e-73
1.4996e-12,4.601e-59,1.1866e-24,1.2583e-13,3.3344e-36,1.3981e-23,3.4269e-74,6.6214e-16,9.221e-34,57.675,2.5436e-14,2.3274,3.2309,0.24183,1.911e-42
32642,8.8439e-49,0.73842,143.17,4.8048e-18,38.495,41.201,0.0016184,4.9795e-100,9.9728e-09,7.7298e-26,2.0845e-20,1.4661e-85,5.9775e-47,1.4862e-05
31808,2.4506e-20,0.00051886,9.3755e-10,1.2617e-27,5.7715e-07,1.984e-195,0.027859,2.7301e-26,14.512,1.9211e-31,1.0138,0.40817,0.068294,2.9963e-49
16517,3.2044e-12,663.65,367.38,1.0151e-21,32.234,1.0161e-46,5.7636e-50,5.1537e-98,54.706,1.0657e-45,7.1139e-28,1.9573e-29,2.095e-54,8.7224e-22
10682,5.2392e-09,0.023888,1.6635e-07,0.14013,7.4618e-32,4.0098e-09,1.6719e-104,1.3601e-22,56.803,2.632e-36,3.2291,0.8963,0.8365,0.19323
31114,137.95,10.784,4.7772e-23,1.2872e-20,2.2107e-33,8.5141e-75,2.2556e-16,5.1247e-99,12.096,1.0193e-11,2.3219,1.5396,0.29301,8.2132e-38
31621,0.065006,246.23,729.83,224.62,81.26,68.53,1.6077e-05,4.6867e-13,2.6149e-05,1.6281e-109,5.0432e-17,4.1757e-81,4.7562e-115,4.4782e-50
8543.2,1.3958e-05,0.016341,48.785,59.669,1.1684e-07,6.8867,2.1275e-06,3.5592e-71,62.045,4.4723e-239,6.6017e-09,0.56428,1.4371e-102,1.8643e-42
9.7733e-15,9.0597e-14,3.0481e-14,1.5122e-14,255.03,164.74,77.988,36.58,4.5149e-21,61.221,4.2695e-46,8.5124e-23,1.0887e-32,1.4758e-21,7.824e-35
27353,1.2123e-10,1297,1731.6,638.3,68.905,5.3664e-69,7.6055e-39,1.7812e-13,5.7817e-11,1.2931e-52,5.4953e-21,1.5392e-51,4.5105e-44,2.1672e-27
5.3407e-15,2.7599e-60,1.1228e-16,1.2701e-41,4.9808e-16,1.5249e-14,124.54,87.689,18.575,57.334,2.4423e-113,2.582e-09,2.7097e-24,1.0197e-102,1.2399e-77
10364,0.1844,390.08,108.77,39.063,2.9439e-05,14.392,0.021775,0.0002395,60.588,1.0207e-43,4.8033e-21,5.3303e-18,1.5254e-08,8.3747e-65
32080,140.21,0.077031,740.93,203.59,80.919,25.673,1.0716e-05,1.507,2.7115e-05,8.9024e-14,1.679e-09,3.4695e-81,1.8873e-108,3.0453e-49
31332,6.2974e-40,0.045622,1.9585e-06,0.41103,5.6936e-32,1.1761e-08,3.8773e-47,3.7743e-20,5.8559e-05,1.3306e-32,3.2654,0.90639,0.84592,2.7736e-66
31155,2305,1040.7,949.88,224.45,5.0862e-38,1.1696,0.00033926,1.3504e-17,2.9546e-10,1.0955e-20,6.2198e-25,8.0922e-55,0,9.9131e-50
1.9304e-12,5.9837e-23,2.5664e-14,3946.3,103.1,148.51,106.64,19.149,3.0041e-98,2.7218e-05,1.2684e-25,1.2294e-10,1.4364e-68,8.005e-10,1.8731e-42
5.0075e-14,1.5244e-22,5.9158e-167,3.4689e-15,4.3788e-16,3.811e-16,2.1099e-14,6.6137e-25,1.0603e-31,43.112,1.6752e-19,1.7144e-10,5.3799,1.2269,9.5331e-50
29282,1.3264e-39,127.6,458.7,1.2464e-22,47.11,2.0203e-09,3.9116e-80,6.2608e-17,27.922,2.3283e-24,3.7606e-11,3.3237e-12,3.8179e-18,2.3476e-30
27058,5.117e-12,4.9013e-100,7.0913e-23,1.0058e-21,1.3546,0.17699,1.5456e-44,2.5989e-15,14.226,1.4512e-89,3.8559,3.6729,0.014741,1.61e-85
20237,1.0312e-38,5966.3,1214.9,2.5613e-26,42.327,0.0014808,1.5956e-29,4.995e-13,2.2493e-05,5.8138e-38,6.3716e-21,7.0174e-07,3.462e-129,1.4957e-49
11956,6.1591e-168,1.6616e-11,2.5452e-08,186.08,76.825,0.24525,5.4861e-76,1.0203e-13,58.84,3.5109e-45,1.7703e-32,0.27891,0.36321,1.0917e-10
30510,387.5,214.68,1393.3,261.56,3.2142e-24,5.9239e-72,2.5561e-09,1.1407e-95,1.8279e-05,5.3801e-27,2.5318e-10,3.4716e-48,2.0694e-229,1.0134e-67
22517,305.93,0.0014982,9.2343e-08,0.37016,3.9703e-05,3.1432e-97,1.6848e-81,2.868e-22,43.466,1.7231e-36,3.2549,1.0606,4.0955e-53,0.1934
8.1864e-17,3.1194e-57,5.6311e-19,0.16718,0.0043033,179.59,165.31,38.867,5.2911e-28,58.731,2.1976e-18,7.294e-21,6.859e-06,1.8249e-06,6.8348e-50
25922,4.8406e-39,283.85,2.0029e-10,3.9438e-20,41.415,1.6913e-09,7.4882e-73,5.5039e-17,39.298,2.3555e-24,8.794e-34,2.6587e-09,3.8216e-18,2.3498e-30
32116,141.65,858.2,673.5,78.444,9.179e-05,1.1084e-59,4.4659e-47,8.8094e-242,5.1282e-05,1.4403e-32,2.8359e-09,3.0705e-38,0.00023353,3.8798e-58
32876,9.198e-08,2.4317,6.3658,2.0045e-22,1.4133e-27,24.837,14.823,5.1206e-87,0.92557,6.6319e-35,6.1215e-05,5.1392e-20,3.0794e-59,1.0557e-36
21014,5.5128e-12,0.1049,1.334e-11,2.8359e-18,3.3753e-07,5.1192e-06,3.3898e-09,8.3869e-47,0.13505,2.9926e-23,2.5387,5.9348,0.47767,1.3106e-41
24434,8.5309e-47,0.0017164,710.77,2.2781e-21,3.6135e-07,4.7986e-70,1.0666e-13,1.5525e-45,41.32,6.1914e-23,8.9413e-25,3.5753e-59,1.2285e-52,2.2497e-25
2751.3,1.4212e-41,133.79,7.1099e-11,5.4421e-22,50.391,7.9124e-88,1.0455e-65,9.1199e-13,63.687,1.8098e-114,1.1586e-07,2.8783e-74,0.03542,1.7861e-42
222.74,1.1482e-09,2.3783e-80,46.823,318.64,57.721,11.32,12.16,6.3272e-103,63.193,1.4846e-58,1.0842e-27,1.0184e-18,3.5352e-77,2.5993e-42
4.2261e-13,1.8683e-31,4.8231e-23,1.3177e-27,5.6308e-39,1.3808e-40,4.6699e-94,1.6587e-19,2.008e-42,13.48,1.2143e-34,1.4568,7.787,1.2227e-164,2.2096e-72
7.0244e-13,2.9504e-13,5.7919e-16,1.4259e-42,1.1216e-38,2.006e-14,7.5625e-71,1.3566e-17,1.6275e-75,35.715,1.4683e-25,13.192,0.79574,3.3158e-52,4.0173e-55
24329,13.465,1.1113e-05,1.8149e-15,2.0433e-20,6.1171e-09,2.5407e-77,1.0519e-50,6.1341e-12,1.7381e-11,3.3111e-63,1.8733e-21,1.2771,2.6057,2.9061e-75
32544,9.2017e-45,224.72,9.7308e-20,1.0454e-21,2.1764e-05,0.052631,3.3657e-53,8.0764e-28,7.495,1.5184e-39,1.8101e-12,0.019249,1.1277e-102,6.0802e-25
31923,1.1948e-41,6.3327e-46,9.757e-16,9.9452e-24,0.064288,1.2815e-166,1.2511e-95,9.8451e-36,9.1026e-12,1.078e-26,2.0998e-10,1.0732,0.72642,8.0844e-86
32469,8.7972e-49,0.73452,142.41,306.31,33.051,1.6124,10.831,7.3726e-107,1.0007e-08,7.7563e-26,2.0916e-20,0.09156,5.9983e-47,0.0011339
19318,6.8398e-05,1.0103e-09,9.7594e-21,7.77e-19,4.4641,6.9152e-08,4.3535e-94,6.7289e-33,50.679,9.7077e-17,1.3228,4.3613e-34,0.0024277,0.2867
12071,27.117,52.302,5.2003e-11,552.83,2.4465e-26,3.6623e-87,7.4826e-84,5.0049e-16,57.943,2.2182e-113,1.0724e-07,3.5049e-74,0.0069468,3.7617e-31
9224.9,1.3093,75.314,3839.3,449.42,39.075,1.7817e-08,3.1402e-76,3.0895e-18,8.6192e-16,8.6217e-38,8.0976e-32,8.3754e-18,1.7374e-59,2.414e-30
32013,1077.2,0.0094232,6.5839,363.75,64.297,24.684,22.559,2.1142e-19,1.0561,1.678e-36,0.00038789,7.4584e-19,3.0674e-59,7.5025e-35
31863,1336.4,3.6545e-93,834,76.867,33.917,0.13352,0.0032188,4.5264e-18,4.0311,4.4119e-81,2.2859e-27,2.4487e-09,3.7125e-06,4.0668e-52
25467,10009,1282.1,6.0616e-20,3.6021e-20,0.010854,1.8349e-75,1.5313e-96,5.7224e-17,3.2919e-09,5.9015e-57,5.3604e-21,1.3949e-27,1.0406e-13,9.1689e-36
28129,3.2331,4199.9,90.329,3.357e-22,0.0013838,2.4264e-68,1.8966e-11,4.741e-31,3.0145e-13,6.3195e-62,4.7283e-32,1.9133e-30,7.2496e-157,8.1076e-25
31012,7.9624e-73,12.443,790.8,419.33,143.73,23.354,14.95,0.0032862,0.001768,1.246e-18,1.0068e-30,8.9103e-10,2.0116e-59,2.6139e-49
4743.1,1.5087e-42,1.3055,2.1655e-11,6.1119e-22,3.4533e-26,1.3821e-100,8.449e-73,1.9606e-16,63.381,1.8113e-114,1.1596e-07,1.5064e-65,0.0068564,0.016177
32496,9.8183e-169,2.4586e-09,392.75,4.9976e-18,38.478,8.0442e-57,3.9397e-12,2.3179e-98,8.9361e-09,1.5177e-18,1.2401,4.1598e-83,0.14778,1.4862e-05
28777,7849,1.3938e-41,6.8056e-21,6.7093e-07,1.3705e-33,0.2731,0.0074841,1.3951e-82,1.3853e-05,1.9805e-56,3.838e-26,4.0284e-20,0.0014204,6.7607e-16
4.4902e-15,7.7507e-17,18.344,2.105,0.00090762,0.91645,0.17218,1.4443e-44,8.9565e-49,63.816,1.1629e-26,6.3485e-32,0.36055,1.7051e-10,0.12798
32409,3.1763e-14,0.061063,1.0106e-10,3.3183e-21,0.00085004,2.7403e-54,0.012534,3.0842e-22,0.067335,1.5535e-37,1.1601e-25,3.3842e-12,0.836,8.6267e-30
31887,160.24,0.016617,6.5437,415.05,64.227,24.579,25.055,4.4354e-45,1.102,1.6777e-36,0.00057992,1.8596e-21,3.0669e-59,7.5011e-35
31903,0.00058241,138.23,9.9823e-10,4.0431e-21,5.2156e-26,7.8076e-87,0.00026932,1.067e-15,14.587,1.8099e-114,1.1587e-07,3.4566e-74,5.3384e-45,1.8933e-30
2.0815e-14,169.97,84.957,2737.4,870.82,57.155,2.1284e-07,9.1383e-15,2.7919e-102,38.993,1.6939e-28,7.9132e-19,1.0756e-20,7.3804e-155,2.6278e-60
20976,423.77,806.83,4.025e-22,0.0013248,38.924,3.871e-102,2.9856e-45,1.2835e-94,49.114,3.0022e-54,6.5938e-10,1.7847e-51,0.0077128,8.9622e-28
8.2322e-45,6.0247e-84,2.0875e-54,1.6805e-29,1.3722e-13,1.363e-81,560.26,7.4272e-34,3.5189e-17,1.2214e-08,1.6019e-38,2.9969e-25,2.0635e-42,6.4842e-190,6.2255e-42
28027,1065.5,1252.5,1.6558e-09,1.8134e-16,2.7001e-08,0.38898,1.4535e-22,1.5543e-29,31.525,9.3623e-86,1.8865e-28,3.0154e-55,1.4468e-23,9.5402e-50
31426,135.44,10.893,4.8252e-23,1.3001e-20,9.5262,5.2242e-93,2.2784e-16,1.5603e-53,9.759,1.0225e-11,2.3291,1.5443,4.3046e-111,1.3223e-79
30125,2.7374e-39,4.7267e-09,7.9307e-08,4.5932e-23,1.4266e-13,6.1736e-54,0.004159,5.9167e-33,0.34179,1.8533e-53,2.8429,2.1866,0.85331,0.13405
24507,517.85,318.84,1133.6,6.35e-23,3.2231e-07,18.809,3.9901e-36,6.2125e-12,38.481,1.0457e-34,3.8191e-19,5.5826e-68,0.25079,1.3612e-27
4.3009e-13,7.7836e-15,6.3977e-99,1.2473e-27,4.4244e-38,2.8174e-16,2.1628e-80,1.1215e-22,8.4135e-28,13.73,5.9145e-124,0.61694,7.7586,0.46041,2.4766e-40
24807,0.023653,0.45173,572.93,1239.5,183.85,51.349,1.0169e-11,1.3839e-94,4.4064e-05,9.1492e-12,2.6891e-24,1.0593e-22,0.052565,3.6802e-08
1.2252e-12,1.2437e-21,1.0532e-26,2501.1,591.15,153.32,13.453,2.4327,4.7604e-15,46.189,7.615e-22,2.1335e-21,1.7738e-09,2.9105e-64,1.194e-45
10783,3.5274e-51,1020.9,228.48,244.37,63.563,1.1442e-58,1.4009e-55,1.7476e-97,59.252,4.216e-23,0.005921,3.5384e-61,1.8419e-06,9.9899e-28
29571,1.7783e-42,1.2419e-08,2.7192e-10,0.36758,2.3722e-12,0.00043511,1.299e-06,8.2864e-14,27.388,1.8703e-26,1.7209e-31,0.39989,5.834e-58,0.011662
24529,6.6993,182.78,1660,947.9,247.94,24.555,2.922e-12,6.1767e-17,6.4032e-10,3.7587e-26,2.6321e-27,1.6198e-06,0.00057741,4.5297e-73
25421,472.64,6.2242e-09,3.7746e-15,1.8056e-23,34.393,44.509,0.0018439,1.4966e-46,37.556,9.5036e-10,0.00011457,1.6654,0.16807,1.7848e-36
28614,0.00017328,3.1263e-89,1840,384.17,42.641,0.22764,2.5079e-26,5.0387e-53,7.4228e-06,7.1843e-78,5.3014e-32,4.6792e-20,9.1817e-111,9.1099e-60
9958.4,263.72,5.3366e-06,2.1272,112.51,1.0221e-37,15.807,1.3334,5.6352e-20,60.87,1.593e-20,2.6437e-24,3.092e-17,1.1882e-47,1.2145e-07
19606,2.9833,4.1294e-11,585.36,175.66,37.1,2.5796e-06,4.5216,7.7161e-16,50.172,5.2762e-43,0.00024345,8.534e-08,1.6826e-14,8.3794e-34
710.95,4.0703e-07,7.3498e-69,34.897,432.97,33.965,29.323,11.886,7.0771e-74,62.376,1.1222e-18,3.814e-19,2.2308e-21,6.8157e-106,7.3681e-39
5.7707e-47,2.0123e-93,2.1532e-142,7.7002e-67,1.4839e-75,2.9451e-32,2.4048e-16,2.8463e-22,7.7918e-54,1.3125e-15,1.9265e-63,3.3254e-29,2.68,3.769,1.1483e-49
24981,3.3157e-96,1.3594e-09,2.5817e-20,1.402e-21,2.4227e-10,1.0159e-07,2.0997e-102,3.5256e-111,41.145,2.9227e-09,0.31171,1.0957,0.055742,1.1478e-32
653.16,2.87e-07,3.1586e-05,6.7854e-24,812.9,4.4287e-31,470.83,3.6119e-15,6.2436e-33,3.0205e-06,1.1791e-16,0.37274,1.7805e-16,4.8116e-45,1.8065e-49
3.5876e-13,3.6112e-14,3.638e-21,1.8496e-13,1.1768e-14,2.3252e-15,5.7691e-27,1.8503e-24,2.6197e-127,1.5338e-15,27.536,8.2127,5.1227e-42,4.3204e-20,3.8107e-22
19603,1.7059e-43,555.46,414.3,3.1872e-20,9.5614,0.98203,3.7336e-06,1.7184e-45,50.456,2.463e-84,1.2081,2.8897e-19,1.0212e-132,1.8567e-74
32774,2.6139e-18,1.0618,1.0626e-21,73.611,8.9607e-48,3.6134e-92,15.266,3.6142e-14,0.86218,5.695e-18,0.00041741,5.1397e-17,0.00081134,3.9287e-51
26643,7.8245e-56,875.11,1852.7,550.8,246.6,0.021835,3.1974e-26,1.2545e-112,8.0677e-10,7.7794e-47,5.5579e-09,6.828e-32,8.806e-57,3.7008e-43
32345,7.7029e-32,303.24,229.4,8.9412e-16,81.383,68.634,1.6101e-05,4.6938e-13,1.19e-05,2.1298e-115,5.0509e-17,4.182e-81,4.7634e-115,3.7336e-51
9823.3,0.00069604,8.6743e-10,5.9851e-08,189.84,6.3787e-31,3.8597e-09,4.5968e-08,1.1051e-16,60.606,5.1242e-36,0.0011299,1.2554e-24,0.24607,0.087594
9486.1,3.7491e-48,1277.7,731.96,195.23,144.02,8.6064e-52,1.1379e-26,2.6951e-72,58.359,1.908e-46,6.3378e-22,1.5752e-32,7.2409e-52,1.5957e-49
5.5515e-45,4.6041e-96,6.0585e-47,1.1387e-58,5.6718e-30,7.7921e-31,5.7878e-31,1.9873e-36,1.2568e-136,3.2261e-15,1.478e-40,1.0572e-44,6.5857,2.2711,3.0964e-43
4175.1,3.1624e-94,1.0216e-09,1.4692e-09,64.524,3.3093e-08,1.8993e-90,5.7616e-162,1.6264e-45,64.8,1.7832e-09,0.52754,0.46871,3.8364e-129,5.7092e-33
32168,1.1529e-14,2.6179e-06,1.6864e-13,9.1636e-21,1.0944e-23,5.9406e-77,5.7624e-71,2.4025e-17,0.80352,3.4374e-33,1.1928,1.0724,0.46253,8.7944e-78
29960,220.21,1010.3,1365.9,144.74,184.06,0.84102,4.2702,1.4302e-125,0.022207,1.1599e-38,1.6201e-19,9.3747e-20,5.2325e-160,3.2577e-30
28213,3.3579e-42,5.0285e-09,1308.4,6.1666e-23,3.7043e-07,21.618,7.8271e-38,8.5524e-60,25.824,1.4285e-32,3.8317e-19,7.9833e-68,0.073619,1.3633e-27
1.1575e-12,4.8619e-13,9.5443e-16,5.7168e-41,4.3698e-39,3.3176e-14,5.145e-69,3.238e-23,1.2156e-78,58.923,2.2124e-25,6.0404,0.79531,6.4797e-58,2.3369e-67
32172,4.0784e-18,3.6716e-06,0.79627,4.7358e-21,1.0946e-23,3.4989e-94,5.9152,1.4452e-25,0.80384,1.5861e-35,1.1933,1.0729,0.46271,5.1138e-75
24574,8.6262e-50,0,2.6216e-09,2.8674e-17,1.8886e-66,1.2106e-49,7.4407e-07,3.0575e-26,6.4943e-18,1.6613e-36,0.53211,5.2476,0.32622,1.0279e-76
31772,9.2634e-25,2.2484e-09,1.004e-19,6.1227e-17,4.2681e-58,2.1235e-57,0.0003015,1.7443e-26,15.529,7.3684e-26,1.4452e-05,0.24872,1.2045e-43,0.090936
421.37,0.0066418,1.9098e-104,883.58,281.86,201.61,20.827,0.0011922,4.6693e-99,61.63,3.2241e-33,9.0327e-20,1.5472e-64,6.1085e-109,7.2658e-38
4.0069e-13,1.8351e-60,5.4008e-14,929.29,918.45,356.23,126.75,1.9779e-43,4.0563e-72,48.139,3.2297e-32,8.1304e-17,3.4058e-26,4.7572e-48,7.3459e-60
12358,2.2022e-43,498.79,705.95,964.82,66.047,75.499,0.00083903,1.6083e-61,48.681,4.5095e-91,6.9122e-33,9.1829e-06,1.22e-25,1.1674e-49
9.1524e-14,1.1302e-60,5.6621e-28,2.0016e-13,1.9576e-18,1.5958e-59,409.27,153.83,5.8538e-26,1.4784e-07,1.6509e-105,5.0228e-27,5.3078e-07,1.6635e-193,2.0435e-57
1004.5,8.7239e-46,4.2188e-10,35.285,0.01297,8.3705e-14,1.5353e-05,1.549,3.6472e-17,64.525,2.1588e-42,0.00020846,0.40388,5.8923e-58,1.0457e-21
26187,0.0070594,3.6579e-09,9.0094e-08,0.60888,4.9731e-30,9.1106e-36,2.4037e-108,1.5722e-67,35.568,5.3735e-18,1.2226,0.49711,0.812,0.082759
33200,2.4439e-14,0.099637,3.0511e-10,2.2853e-21,1.0588e-09,1.2216e-09,3.9473e-13,0.033714,1.3306e-20,1.0612e-85,0.33279,0.002253,0.33162,0.014856
14682,3.9304e-51,4.5412e-05,2624.5,1039.7,366.29,27.539,1.189e-41,2.2927e-96,0.71756,3.0564e-21,0.10991,8.2772e-09,0.039535,3.7662e-45
3.6442e-16,1.2532e-64,4.524e-17,6.2919e-14,1.8792e-14,2.6959e-15,151.22,5.1985e-42,3.6037e-100,61.165,1.0335e-31,5.949e-28,8.237e-17,1.4147e-10,2.4265e-59
7749.5,5.2973e-67,224,529.93,100.03,69.766,11.348,2.3738e-27,7.5458e-110,61.399,4.0036e-46,1.0614e-33,6.8072e-32,1.6646e-52,5.2065e-77
2.2927e-14,3.8298e-16,2.0374e-105,46.83,25.964,0.39201,0.69177,2.8959e-07,9.799e-28,64.442,6.8265e-25,3.287e-13,1.9908e-55,2.1912e-103,3.4639e-33
32656,2.516e-20,0.0005327,12.134,1.2954e-27,5.9255e-07,1.4291e-167,0.028871,5.591e-27,0.58142,1.9208e-31,1.0136,0.40809,0.06828,2.9957e-49
31152,1.4111e-39,112.53,487.97,1.3259e-22,50.055,2.1492e-09,0.003088,5.8522e-17,18.521,7.7604e-26,3.8777e-11,5.5379e-84,3.8189e-18,3.1206e-32
7342.8,311.31,675.98,3978.6,4.4916,5.0015e-28,1.8233e-32,1.491e-15,1.9123e-15,0.00013659,1.4425e-89,6.1632e-22,8.0092e-10,1.3518e-60,6.6515e-60
7.7897e-32,6.0293e-169,4.9628e-33,1.641e-16,5.0153e-17,4.397e-17,4.6899e-15,9.1928e-16,20.567,63.196,4.5624e-19,0.00027434,3.6614e-24,8.1805e-60,3.0026e-78
29379,1.3308e-39,4.0762e-11,226.94,1.243e-22,46.983,2.0148e-09,3.901e-80,6.0694e-17,27.846,2.322e-24,3.7505e-11,3.3148e-12,0.29696,1.7736e-10
1.3879e-12,3.931e-61,3.368e-16,1.8259e-32,7.9282e-41,3.784e-14,4.376e-74,5.7066e-16,1.7043e-34,58.797,1.0166e-26,2.5534,3.2977,0.71659,0.26037
15952,1.7787e-10,4.1515e-09,1013.6,637.95,6.2852e-09,1.0406e-59,0.094813,2.5038e-96,50.024,1.2596e-43,0.86467,2.4738e-19,5.6295e-06,1.1238e-73
1.8082e-12,1.4172e-18,1.6574e-95,8.2443e-15,5.4308e-15,4.9551e-16,3.2692e-22,3.3794e-47,4.0672e-34,57.782,13.9,1.7863e-28,3.8372e-47,1.7776e-30,2.4173e-171
15040,0,4.3777e-111,3637.9,7.5087e-19,44,1.9587e-89,0.019276,2.3335e-98,7.9178e-09,4.5066e-17,1.6609e-06,1.4661e-85,0.039361,0.0034739
11683,4.8339e-44,2.7082e-05,32.235,1.9111e-22,7.7524,73.16,8.8824e-43,0,59.12,9.8452e-65,2.087e-33,9.1476e-76,1.0461e-78,3.9335e-52
25232,2.0124e-18,0.00034928,1.2261e-22,8.7605,6.8942e-48,2.7801e-92,11.746,2.7807e-14,40.992,5.6946e-18,0.0016347,5.1394e-17,0.00084008,4.4715e-51
26.236,9.4334e-16,0.014622,4067,2.2463e-28,0.0068559,7.9824e-89,33.473,3.9329e-88,3.73e-05,2.2257e-88,8.0183e-28,3.0969e-76,1.3062e-49,1.2401e-47
11494,189.34,4.9445,228.93,0.92064,23.654,80.137,0.0012545,3.1826e-39,59.07,5.902e-23,6.9138e-24,1.7543e-10,6.7036e-05,1.1317e-65
261.15,5.2766e-47,43.867,21.715,515.73,5.496e-28,3.3127e-08,36.28,3.9158e-21,60.719,4.2344e-46,5.1726e-31,1.019,1.4758e-21,0.059266
28631,0.24012,2664.7,435.34,215.51,256.27,65.318,52.646,4.5369e-99,3.1361e-05,4.7753e-41,3.627e-09,3.3377e-90,2.7933e-10,8.0694e-81
29702,5.628e-19,1.6773e-09,1.0673e-07,0.12482,3.3117e-43,3.3463e-08,1.1829e-84,7.9518e-20,0.0031489,2.0615e-49,5.2314,1.0992,0.84006,0.19327
8.1226e-13,1.2076e-48,3.5492e-25,3.1343e-32,3.1311e-14,3.0479e-14,2.2678e-23,4.8476e-16,2.4816e-123,43.57,1.4391e-28,5.3136e-19,5.7268,0.718,9.6677e-46
9329.1,2.3665e-34,52.285,3881.6,454.37,7.4621e-33,2.3031e-09,3.1725e-76,1.2529e-112,8.7079e-16,1.7431e-36,1.2185e-25,8.4616e-18,1.7553e-59,1.8646e-31
1689.6,1.6207e-06,43.751,34.887,0.070562,165.72,1.5693e-53,1.4756e-06,5.0851e-114,63.257,1.9027e-46,2.6542e-09,0.30988,0.00020536,3.7617e-58
6503.6,8.7744e-11,0.00028664,4027.2,5.4423e-22,4.8173e-28,28.09,12.919,4.8792e-103,0.0022861,9.0752e-18,1.0336e-26,8.1901e-76,4.0435e-107,6.2834e-49
7552.2,14047,207.89,1894,1.3905e-19,6.1801e-27,2.6834e-07,3.2301e-94,1.1329e-115,0.7522,6.0031e-74,2.4489e-25,1.1312e-10,0.00035493,1.4347e-60
3.0106e-15,2.0149e-30,12.292,103.04,33.12,19.427,3.8469e-10,1.1674e-44,8.8592e-26,64.03,2.3837e-21,7.0905e-38,3.4435e-24,2.2905e-193,0.053972
11228,6.2663e-08,100.91,3.4416e-09,5.3264e-23,4.2399e-27,0.25142,3.6918e-05,2.3618e-16,60.015,1.6924e-18,7.234e-10,2.4558e-77,0.46088,1.9281e-51
31847,0.065472,0.065807,736.76,6.3979,81.304,68.818,2.0307e-08,4.6895e-13,2.6165e-05,1.6291e-109,2.3442e-17,7.1203e-34,1.5894e-14,3.5212e-50
6763.8,6.5813e-12,0.00011033,1.1551e-09,2.683e-28,1.4652e-07,0,0.0010724,1.2096e-59,62.547,7.1798e-23,5.6255e-28,0.4239,0.03982,2.9964e-49
7843,0.0023803,61.991,1831.4,1168.8,1.4707e-18,8.9776e-39,0.00044613,1.6824e-110,41.905,1.5696e-89,1.9483e-89,2.7956e-39,6.8159e-38,4.123e-50
29079,5.7611e-41,117.43,1831.7,223.89,52.17,7.7102e-10,7.6055e-39,1.7812e-13,5.7817e-11,1.3153e-24,5.4953e-21,8.6955e-13,4.5104e-44,2.1672e-27
0.061213,1.5936e-10,0,3.1742,161.02,2.728e-31,5.1409e-09,1.0261e-85,1.3254e-111,63.39,4.9541e-53,0.04285,9.4367e-33,0.85754,5.6328e-53
3769.8,158.11,1.028e-124,44.298,167.01,159.41,12.87,0.00068383,4.3784e-99,62.548,1.6694e-81,1.9328e-23,1.7516e-10,1.5121e-104,4.0668e-52
1.741e-12,5.595e-53,1.4966e-26,3554.1,830.3,178.6,0.49606,118.72,4.0632e-123,0.021652,8.2104e-22,2.0663e-21,1.9125e-09,3.7057e-65,2.7523e-42
1.8362e-17,2.408e-14,4.1497e-20,2.9947e-14,6.3707e-14,534.95,436.69,0.008016,0.0016359,6.2069e-11,4.5286e-96,7.8954e-26,1.3236e-07,2.1956e-14,1.0558e-90
6275.7,3.1461e-103,5.2183e-87,1.3379e-09,7.2135e-21,1.5174e-08,2.7714e-90,6.5104e-173,5.5576e-102,59.871,2.4173e-09,4.7496,0.18999,3.5515e-49,8.0636e-32
2.0055e-12,3.0014e-22,9.3086e-114,9.1456e-15,3.1271e-39,9.8333e-20,8.0504e-22,2.0185e-47,1.1954e-16,64.02,1.7346e-14,1.5296e-27,7.3188e-51,0.41795,0.09121
32164,3.474e-41,1.4939e-125,2.0698e-17,2.9257e-20,1.1565e-24,8.8184e-58,3.1142e-07,1.2117e-62,10.869,7.0982e-39,2.4052e-08,0.31065,0.22978,0.1094
2.4569e-13,7.9242e-88,1.0985e-16,6.2652e-15,2.863e-15,130.09,86.855,3.1737,1.2923e-91,62.851,2.8252e-32,4.6743e-30,5.8222e-17,2.3371e-59,2.2118e-83
9.4495e-14,9.4026e-59,2.0597e-283,4.9576e-14,416.15,3.9842e-17,1.2434e-62,2.6132,2.2877e-90,62.806,1.4929e-47,3.3374e-24,1.9991e-09,0.0070356,4.6292e-42
1.8157e-14,1.3194e-71,3.7247e-27,1.5541e-14,1.927e-15,1.3982e-15,1.1568e-16,17.491,39.947,60.651,4.3087e-35,1.7444e-30,1.7773e-26,7.7285e-48,6.3297e-41
32358,2.3637e-09,0.00022534,57.873,9.433e-33,5.0151e-28,1.8111,22.874,3.2172e-270,7.3984,1.7095e-47,0.0011899,2.85e-09,0.39428,2.2178e-45
32857,6.4511e-42,1.38e-08,2.6276e-10,0.40843,2.6359e-12,0.00033343,1.4434e-06,1.012e-14,6.8361e-09,5.4453e-17,0.00020722,0.40148,5.8572e-58,0.011709
26361,1.2208e-28,8.7301,9.4139e-16,1180.3,145.75,2.2907e-74,0.091396,1.1035e-104,2.0386e-07,7.6858e-90,4.9395e-29,0.18425,6.5435e-10,2.2891e-16
20530,1.3165e-44,8.6223e-09,1.6463e-10,1.7811e-24,3.3322e-24,0.00030208,9.0188e-07,8.833e-16,49.783,3e-42,0.00020641,0.40158,5.8343e-58,1.6224e-77
4.5293e-15,1.458e-18,1.0818e-15,2.2042e-27,7.2001e-39,4.746e-18,1.5989,0.013345,5.139e-18,63.167,5.5655e-50,2.1439,0.73283,1.4668e-15,5.5813e-33
25.291,1.1583e-46,13.239,0.80704,1183.7,522.43,298.86,10.047,1.8286e-71,17.468,2.3255e-65,7.3933e-38,3.1414e-26,4.6876e-65,3.5657e-36
24651,7.5524e-120,1.2892e-09,1.2454e-20,9.9153e-19,1.1286e-28,1.0092e-07,5.5554e-94,1.798e-112,40.44,3.6485e-18,0.62146,1.1223,0.52511,1.2895e-23
20435,1.0413e-38,6024.7,1226.8,227.37,42.112,0.0015042,1.2791e-05,3.232,3.287e-05,1.4141e-14,2.0986e-21,1.24e-07,7.201e-110,1.7348e-49
1230.8,6.214,5.0165e-77,591.66,460.57,17.684,427.57,122.62,1.3596e-43,1.106,1.472e-36,4.8328e-25,1.2245e-09,2.3299e-64,8.1767e-60
7.7472e-16,5.6294e-73,1.1489e-16,4.5864e-14,1.0723e-14,4.3777e-15,3.3653e-16,54.752,125.05,0.0029774,6.6552e-34,1.3459e-31,1.3842e-32,7.7284e-48,6.3822e-51
1218.6,3.1724e-06,0.0037286,223.18,0.0091756,1.7432e-31,4.0329e-08,8.6091e-86,1.6386e-95,61.899,5.7543e-53,0.15527,1.1092,0.84524,6.5758e-55
3387.9,1.7793e-06,2.2776e-11,3976.3,486.93,39.743,0.68173,3.5334,3.7893e-123,0.014554,4.6091e-21,3.1698e-25,1.0342e-12,3.0008e-64,1.399e-30
2.7427e-14,223.96,111.94,3407.4,1130.2,72.032,2.6824e-07,1.8919,3.5186e-102,0.0016321,4.8479e-28,7.913e-19,1.0756e-20,1.6944e-157,2.6278e-60
4.0461e-14,330.39,5.713e-05,1.0931e-21,813.8,53.044,191.69,3.6365,1.3467e-17,53.751,4.724e-120,0.51215,5.5337e-26,2.1864e-39,2.3625e-49
950.52,1.9408e-07,0.0018702,2056.8,380.28,7.5421e-15,2.4379e-57,4.4409,2.7786e-31,54.379,4.7348e-65,6.4736e-32,5.3192e-19,0.0035119,7.9823e-43
5.633e-15,3.8777e-19,1.379e-15,16.095,1.4407e-23,3.0671e-22,1.5901,4.8875e-101,3.8287e-30,62.156,3.3096e-14,0.86239,1.8709,1.7582e-71,1.2598e-32
1.3895e-12,1.2121e-16,7.951e-15,2837.4,1450.5,134.32,25.736,2.8101,7.412e-15,0.0038971,1.2053e-21,9.9071e-09,1.1309e-09,7.8564e-54,3.6964e-50
1.4792e-12,2.6303e-205,1.7971e-13,2.5387e-14,6.2219e-14,9.4875e-15,5.8666e-63,3.1184e-15,5.1103e-29,63.703,2.134e-21,2.3392e-09,0.81955,6.0973e-58,5.9204e-54
5.2699e-13,4.7095e-21,4.7879e-25,1075.8,742.9,189.27,127.6,0.0002174,4.2962e-89,53.751,5.8623e-16,2.2425e-40,5.2341e-08,3.2358e-39,1.4425e-69
4.4353e-13,3.4976e-51,3.857e-13,2.0243e-14,1646.8,31.451,309.87,0.003313,1.4703e-18,1.3835e-08,4.5316e-21,2.0094e-25,5.6972e-79,4.8572e-66,3.2676e-59
950.5,40.595,6.4873e-103,67.07,17.408,122.98,30.371,0.67993,7.9264e-102,64.897,2.0355e-08,6.7538e-31,5.2578e-09,2.1416e-39,2.3143e-39
3.2894e-29,2.686e-13,1.8594e-104,1.759e-39,548.32,301.79,190.17,2.6822,1.336e-17,53.807,6.4526e-81,4.4187e-30,5.8863e-11,2.0962e-39,1.1245e-51
751.13,1.1432,16.808,11.342,1948.4,67.915,6.872e-49,35.87,2.5411e-91,17.571,1.2151e-36,1.7515e-23,6.0297e-18,1.6076e-82,3.0327e-40
0.8148,4.1648e-06,4.3604e-11,0.56311,503.76,9.7499e-31,56.013,37.603,9.3548e-18,61.185,3.9932e-75,1.1581e-27,9.6002e-48,5.4633e-190,1.4171e-38
19381,2.9329e-34,4.2482e-09,5.9143e-37,1401.3,3.6482e-07,21.29,1.0927e-07,4.0826e-60,27.174,1.5891e-32,3.8165e-19,6.015e-10,0.073329,1.3579e-27
30506,5.6795e-21,0.00045145,1.1141e-15,1.1069e-23,0.0022361,1.0489e-53,0.0048472,4.5205e-46,5.8963,4.7261e-51,3.7034,2.2233,2.7494e-112,6.1941e-49
7.4392e-13,5.8766e-31,8.3211e-21,1.8333e-14,773.94,948.67,0.093188,0.00074889,1.3097e-99,6.9149e-10,5.1778e-32,2.171e-09,2.1123e-51,7.6993e-10,2.9328e-72
19384,1.6008,1.0548e-09,2.0032e-20,1.0879e-21,1.8798e-10,1.1864e-07,1.6292e-102,0,51.128,7.3841e-09,0.3107,1.0922,0.055562,1.1442e-32
1.9784e-12,1.3136e-51,3.6874e-20,1.4972e-15,2019.4,58.986,2.5806e-06,1.7803e-14,4.03e-104,10.076,1.6379e-19,1.8266e-15,6.2904e-10,1.3127e-09,1.794e-46
826.85,1.4985,102.65,2658.1,767.09,152.61,1.4707e-64,1.067e-42,4.2556e-45,41.333,5.2949e-33,1.8898e-16,2.1037e-59,1.4025e-52,1.3212e-60
9.9142e-46,1.4192e-48,2.2265e-47,2.032e-30,5.4571e-32,1.5205e-30,1.3092e-14,5.8619e-22,1.2528e-129,26.726,9.9691e-47,4.7515,6.8725,2.4779e-109,1.2058e-58
11505,3.8066e-133,0.43468,1.7965e-20,8.6636e-20,1.5595e-30,1.0069e-05,6.5772e-08,3.089e-23,51.73,3.1072e-36,8.273e-08,3.4267,0.7335,0.16523
308.82,5.832e-71,5.0602,1205.9,15.102,0.00041035,11.789,2.4661e-27,7.8393e-110,61.157,1.5749e-14,1.061e-33,0.041804,1.0962e-09,2.4371e-34
28197,0,1431.7,4.0674e-08,447.79,196.38,71.375,8.5697e-13,2.4292e-21,21.881,3.7139e-44,3.0994e-22,9.2737e-10,0.36292,7.3716e-62
8598.8,3.5253e-41,3900,3506.4,3.471e-24,1.6366e-09,6.0153e-54,1.9975e-30,3.2501e-16,0.00023159,1.0839e-18,4.3955e-21,1.0879e-06,5.7529e-63,1.6195e-07
10513,1.8123e-05,9.0373e-11,703.24,352.28,576.25,12.62,2.4327,1.5814e-20,46.189,1.6304e-47,8.7369e-23,1.5607e-33,2.9105e-64,1.194e-45
1.3492e-12,2.0132e-18,5.0906e-25,2754.4,25.718,55.024,177.7,0.00030276,5.983e-89,41.934,4.5005e-17,1.0816e-94,5.276e-08,3.2404e-39,1.4445e-69
8657.6,1.0658e-127,954,83.703,6.5299e-20,77.196,8.5781e-06,4.4611e-41,4.5636e-62,61.073,5.6735e-39,9.3884e-08,1.5197e-24,8.2935e-11,1.3108e-25
31908,1.7506e-05,2.1451e-10,85.386,485.79,39.65,2.2184e-65,2.5173e-11,6.2233e-120,0.019603,4.5979e-21,5.2156e-32,7.1033e-13,2.6402e-63,9.2618e-31
10.604,4.0637e-54,3.2906e-12,0.12863,142.42,296.03,114.5,49.469,1.0904e-130,58.584,2.6454e-65,1.6213e-29,2.1246e-17,2.7169e-58,2.9215e-29
27510,1.3909e-08,4.4549e-07,7.3098e-07,697.19,86.031,57.582,22.145,5.406e-102,25.333,6.141e-90,8.0258e-27,1.6522e-60,2.2647e-83,2.0144e-46
29499,9.1786e-10,0.31034,3.1625e-06,6.0904e-30,32.153,21.414,15.838,2.3664e-19,0.0001007,5.5379e-90,7.2376e-27,3.4627,2.2644e-83,2.3384e-65
1.8058e-13,7.0073e-61,9.453e-14,5.7624e-15,3.951e-14,2.096e-14,258.62,211.31,1.8285e-71,17.556,2.3263e-65,7.3957e-38,3.2039e-26,4.0159e-65,1.4388e-77
23036,5035.8,5.8905e-09,3.7305e-15,1.7845e-23,2.1526e-08,5.9113e-68,0.00010936,4.1043e-47,36.853,2.2246e-19,4.2384,0.69233,0.24201,1.3047e-33
366.25,153.84,5.9668e-08,7.4348e-28,5.8481e-24,10.423,1.5915e-78,2.0054e-69,8.4759e-61,35.857,8.8612e-26,13.251,2.1614e-50,3.3142e-52,5.8653e-70
8.4877e-13,2.8425e-13,8.6616e-15,4.5394e-14,6.1111e-14,3.2049e-14,3.8195e-66,3.2305e-23,2.0559e-33,56.921,3.182e-25,7.1372,0.79525,0.048683,3.8703e-80
1643.2,7.22e-07,7.9463e-05,1.707e-23,2045,1.1141e-30,4.6585e-63,3.6047e-15,6.2312e-33,3.0146e-06,3.8631e-25,0.38438,1.777e-16,1.0476e-52,2.2584e-55
15783,6.4706e-41,7158.4,473.29,3.4381e-24,1.6302,3.937e-43,6.8248e-29,3.3581e-16,0.00015261,3.1912e-36,1.1943e-21,2.6242e-22,5.1609e-94,2.7439e-30
3.5031e-13,1.5656e-60,1.2104e-14,721.93,1.0167e-20,33.022,220.31,11.97,8.6937e-78,34.195,2.2942e-32,5.0982e-18,6.0655e-26,2.8153,7.3446e-60
1.0688e-12,3.9706e-58,1.0847e-20,1.406e-32,7.4731e-14,3.1334e-14,2.1864e-107,4.4323e-16,2.1171e-118,60.357,2.9188e-26,2.2579e-09,2.0193,0.70942,0.24959
22976,7.6197e-05,5.5151e-09,3.5276e-23,8.7409e-21,3.6389e-34,6.287e-75,1.6656e-16,4.7142e-46,38.556,2.0766e-52,2.2087,2.1828,0.91446,1.4234e-33
5310.8,87.487,2.2847,105.78,0.38652,10.93,9.8516,0.0005343,4.1025e-110,63.317,5.9109e-23,6.9242e-24,1.7569e-10,0.00019694,1.1334e-65
3.4026e-15,6.2798e-63,7.7841e-17,1.0965e-14,89.6,7.0389,239.99,6.1065e-06,112.93,8.3635e-10,4.2484e-25,1.6054e-13,1.5297e-05,0,4.5293e-73
1.9811e-12,1.5305e-63,1.8334e-14,1.0133e-15,2023.5,2.3239e-29,22.987,1.5001,1.6756e-25,9.7523,5.3363e-22,0.018648,3.8374e-47,1.0116e-51,2.1478e-47
12542,7.1778e-21,1.0161e-11,0.0010539,3.0142e-19,44.259,2.0296e-50,76.586,1.9253e-91,55.703,1.1775e-34,2.0798,4.6687e-18,1.6134e-82,1.6522e-21
1.1906e-12,7.9198e-51,4860.9,580.5,174.2,0.034293,2.5539e-06,1.0546,7.6361e-16,50.531,2.9298e-44,0.00024355,8.5376e-08,3.193e-15,1.9203e-33
26251,7.544e-37,0.00075771,2.1808e-37,439.96,0.053105,1.6646e-12,1.0405e-07,3.7058e-34,36.72,4.4237e-38,3.7401e-21,9.8224e-104,4.9979e-06,2.6372e-16
32236,2.7369e-20,81.321,1.0311e-09,4.396e-19,3.5095e-05,1.4045,0.00042073,2.1506e-140,0.0010566,7.2744e-19,3.0387,0.25689,1.1415e-117,8.9691e-47
9.3671e-13,3.7331e-19,6.2735e-15,1.0339e-14,1.3564e-14,2.266e-42,7.4248e-132,3.404e-115,2.0387e-112,30.793,1.1565e-17,1.9744e-24,1.3836e-37,3.509,0.058236
14602,2.201,9.7303e-05,26.116,1.0694e-31,6.8204e-14,0.55801,0.00024471,2.8069e-32,3.3251,1.4014e-35,0.0005348,5.9209,2.0416,2.2214e-45
10655,883.3,0.022058,1.6176e-07,1.5943e-20,7.5443e-32,2.9338e-09,2.1836e-99,1.6045e-59,57.432,4.2149e-39,3.2684,9.9393e-24,0.84367,4.3139e-23
3.9763e-13,1.0421e-26,3.1573e-22,811.71,164.4,4.8035,436.35,40.42,2.0133e-101,28.879,1.8759e-96,2.0954e-26,1.3484e-38,5.5881e-06,7.9915e-81
625.71,2.4729e-49,84.274,48.28,13.687,9.7805,3.1781,2.5241e-07,1.6014e-110,63.989,6.1126e-19,2.187e-10,6.8043e-32,7.241e-52,1.5957e-49
11929,7.6501e-45,0.00077968,9.5664e-11,7.0135e-26,1.2962e-24,0.00017553,1.3672e-15,5.1326e-16,59.441,2.9964e-42,0.00020616,0.56652,3.8377e-45,6.1144e-78
1.4854e-46,6.8514e-46,7.9699e-48,5.3899e-46,1.3251e-49,9.9345e-47,1.4115e-30,6.5462e-40,5.9447e-95,2.8815e-15,1.0819e-41,11.765,5.5367,6.88e-58,2.7793e-30
17696,254.91,0.0060852,1465.1,0.0013244,25.539,3.2926e-77,2.9817e-45,1.2818e-94,49.048,1.281e-43,4.8977e-10,1.5224e-18,0,2.7134e-70
42.366,5.0019e-10,3.6123e-09,20.364,16.345,543.77,130.37,79.61,3.1952e-70,47.777,1.7317e-19,4.8343e-25,1.2249e-09,1.8835e-64,8.1793e-60
1.6924e-12,7.5915e-25,2.0492e-15,7.7168e-15,5.7397e-14,5.27e-16,3.4769e-22,1.8471e-45,4.3256e-34,61.454,9.1891,1.7869e-28,3.8385e-47,2.586e-30,2.4181e-171
510.55,2.1096,2.0808e-77,6.2282e-25,13.138,87.893,2.2802e-92,1.7082e-17,1.7616e-44,63.783,1.0914e-11,6.9834e-25,1.0897e-39,1.7835e-65,1.55e-79
2183.6,1.1127e-39,643.76,131.09,7.3528e-27,4.567,1.6933e-78,1.4108,4.2948e-108,63.644,5.8111e-38,3.211e-05,5.6925e-07,3.4604e-129,1.495e-49
1492.9,1.0263e-53,3.1442e-12,44.571,13.392,2.8131,1.9642e-07,158.94,7.7191e-16,50.255,5.2823e-43,0.00024373,8.5439e-08,1.6846e-14,3.6666e-41
8370.7,3515.9,6.902,4.1341e-25,6.8399e-23,239.91,3.7206e-53,1.1124e-07,8.7906e-63,52.834,2.2124e-25,6.0406,0.79534,2.6709e-58,2.337e-67
19508,5.625e-05,1.1063e-09,9.8559e-21,7.8468e-19,9.0349,6.9841e-08,5.276e-87,6.796e-33,51.184,9.8045e-17,1.336,4.6349e-34,8.8884e-97,7.6826e-73
0.56514,741.1,0.0012772,921.68,1960.7,2.089e-29,1.3849e-08,2.0135e-07,0.0016103,6.1096e-11,1.569e-89,7.7716e-26,1.3028e-07,2.1612e-14,0.3561
1.3616e-12,4.5776e-18,8.0724e-23,7.577e-16,6.5178e-14,1.5535e-14,455.65,0.0014409,6.1314e-12,29.235,4.8713e-34,1.4377e-22,3.6837e-32,2.4389e-99,4.0293e-73
3.5274e-29,5.1613e-31,3.1341e-120,7.204e-14,3.9942e-14,4.642e-16,1.1141e-15,110.19,11.865,57.938,6.8239e-25,2.9722e-13,1.99e-55,1.0108e-102,3.4626e-33
1830.8,3.2597e-182,10.974,3691.7,415.02,200.31,1.5148e-59,8.6659e-13,2.1164e-94,22.127,4.9761e-23,0.01291,2.3131e-56,0.043823,3.2012e-10
9.538e-14,0,4.3724e-17,5.004e-14,420.05,4.0216e-17,1.406,6.5817e-14,1.6338e-93,63.32,1.5051e-47,1.9909e-32,2.0155e-09,0.24669,4.6757e-42
5.1758e-15,3.7741e-81,5.0726e-16,2.7918e-14,8.9904e-15,4.1718e-15,75.881,1.4552e-40,1.6373e-100,63.296,5.7604e-22,3.3626e-26,1.1242e-16,4.6233e-13,9.4041e-22
18794,1.0125e-05,24.479,5.0651e-11,1.8128e-26,147.27,14.535,1.7297e-12,3.6562e-17,3.7903e-10,8.4028e-27,12.897,1.7321e-06,0.00058234,4.5296e-73
4.3544e-13,3.8914e-21,3.9562e-25,888.9,613.84,156.39,189.66,2.7463,1.7975e-17,53.819,5.8698e-16,2.2454e-40,5.2408e-08,3.2847e-39,1.1015e-58
1026.9,2.6981e-46,97.931,732.31,228.6,32.157,104.28,4.1699e-42,3.6198e-100,61.471,1.0386e-31,5.9785e-28,2.6598e-17,1.4564e-13,2.6879e-25
649.37,8.8353e-50,1.1185e-07,2.5008e-08,497.71,193.23,1.9332e-09,1.021e-06,4.8422e-18,60.78,6.8741e-36,1.1152e-21,8.5008e-17,0.22318,1.9171e-38
4870.9,1.675e-45,464.53,4.4079e-09,199.93,28.124,120.44,5.3073e-42,3.6791e-100,61.373,9.676e-64,6.999e-28,2.6597e-17,1.5854e-10,4.6609e-60
7098.3,35.837,78.896,34.888,236.61,16.108,496.06,0.0042436,1.3592e-43,1.9071,8.37e-36,4.8328e-25,2.4224e-11,2.3299e-64,8.1767e-60
5009.7,5.2518,1031.8,452.61,4.8749e-27,11.29,93.795,3.0347,1.0961e-17,61.316,2.2691e-45,8.5255e-23,1.0904e-32,1.4781e-21,7.8361e-35
4.662e-13,3806.8,939.46,838.83,406.92,37.647,0.25675,1.097e-12,1.5619e-11,59.938,2.6777e-25,3.1622e-25,9.7518e-21,3.0572e-157,3.5797e-82
29630,1.5264e-167,6.6107e-11,6.3077e-08,456.53,43.749,71.94,8.6375e-13,2.1131e-91,22.055,3.7433e-44,1.939e-33,0.24303,6.1577e-06,1.6388e-75
2.0074e-12,1.8774e-30,9.7593e-18,3.8022e-27,2.8511e-38,8.092e-38,3.0164e-17,1.1039e-20,1.0537e-134,64.03,3.1557e-15,0.30415,2.1209e-08,3.65e-49,2.3569e-72
703.03,3.0891e-07,7.6403,7.3103e-24,340.42,5.7201e-27,505.58,0.00059244,1.8138e-32,3.2405e-06,1.1788e-16,0.46647,2.3063e-18,4.8113e-45,2.4919e-16
9154.4,3.1481e-45,1136.5,51.744,34.835,6.4853e-35,0.0011278,5.5026e-42,3.8145e-100,61.244,1.0401e-31,5.9871e-28,1.1786e-44,7.5304e-11,2.442e-59
9436.1,0.77929,322.51,9.8425e-21,5.2872e-20,9.2362e-11,7.7326e-06,8.0048e-103,0,59.587,6.8794e-10,0.30486,1.8839,0.059787,1.1442e-32
32769,164.67,0.017076,6.7245,3.253e-21,64.615,7.4768e-06,25.177,2.4271e-50,1.1074,5.1021e-14,0.00058275,1.8687e-21,1.6697e-56,3.1059e-35
10.743,1.4453e-45,8.7593e-11,31.226,191.64,1.3638e-33,24.584,3.2494e-07,2.107e-101,63.756,4.201e-17,1.5959e-28,1.805e-64,1.9706e-08,6.325e-15
28922,3.5501e-178,2.0214,853.79,256.15,49.099,22.932,6.6703,6.7381e-27,25.469,2.9111e-90,0.00035208,2.8333e-62,1.1809e-83,3.9636e-49
1.8401e-12,1.249e-13,1.1904e-13,2.5566e-23,2.2346e-14,1.2766e-15,1.4802e-78,5.0344e-22,3.3848e-111,62.216,1.3997e-122,2.7925,0.91969,0.45867,2.4773e-40
238.61,2.9147e-12,7.3635e-06,6.7831,32.708,939.34,25.694,13.991,5.404e-102,25.384,6.141e-90,8.0258e-27,3.2165e-64,2.2647e-83,2.2751e-45
4.811e-13,5.232e-82,2.3724e-13,7.3152e-14,4.276e-46,7.5866e-15,315.99,195.72,3.3299e-45,1.8048,1.5076e-19,1.6523e-26,1.1302e-06,1.2304e-102,0.37273
8.6503e-14,1.2946e-23,1.49e-113,4.505e-16,1.349e-40,44.185,359.81,1.3187e-34,1.3743,45.742,1.7398e-14,1.5342e-27,7.3409e-51,0.4192,0.091485
8.6573e-13,1.0809e-89,3.3557e-16,2.2076e-14,1.0088e-14,458.39,308.52,11.241,0.0024709,40.589,1.2256e-18,4.5763e-30,1.4419,2.4454e-58,5.0226e-35
26509,3.9672e-06,0.078502,152.3,1.0128e-24,0.0010484,46.689,151.26,3.2019e-201,1.0451e-05,6.4604e-14,1.1009e-09,2.2106e-24,3.1048e-53,0.018822
41.112,1.8829e-46,21.521,1.2861,1923.6,235.31,38.464,3.0848e-26,1.4221e-71,17.035,2.326e-65,7.395e-38,2.4561e-26,1.6683e-52,3.5665e-36
3.3955e-15,1.1705e-59,8.2857e-17,1.0948e-14,89.465,7.0376,239.63,5.4523e-06,112.77,8.2043e-10,4.2705e-25,4.9842e-15,0.43089,0,1.5485e-54
4489,4.8206e-12,9.2087e-10,1.5429e-07,68.849,59.205,5.1816,253.57,5.5312e-19,6.3226e-05,4.318e-35,1.7482e-30,1.7812e-26,3.6721e-83,6.3434e-41
1.6353e-12,6.2538e-16,9.6955e-23,3338.3,1187.1,3.3455e-24,1.0002e-56,1.618e-09,6.8904e-12,1.8181e-05,3.5459e-27,2.4976e-10,3.6828e-32,4.4371e-52,4.0284e-73
30536,1.2067e-16,2.2586,0.034675,68.583,369.55,24.752,1.4801e-14,3.7864e-28,0.072553,1.435e-35,8.4889e-05,7.5348e-210,2.0527e-59,2.2949e-60
3.1751e-13,6.8169e-15,3.1593e-21,1.6063e-13,1.022e-14,2.0192e-15,5.01e-27,1.6068e-24,2.275e-127,1.332e-15,23.913,10.687,1.4634e-51,0.00085476,3.812e-22
5.9255,3.7655e-47,4.9684e-10,3.0176e-06,355.46,210.83,133.24,0.0016795,5.5607e-101,60.324,1.9104e-20,0.32877,1.4796e-81,5.2986e-09,2.8512e-39
1.2125e-13,8.8108e-71,4.1345e-17,7.5431e-14,9.4401e-15,2.8e-15,5.4092e-16,81.785,0.0016165,60.65,4.3086e-35,1.7444e-30,1.7773e-26,1.2101e-59,1.6974e-49
9619.8,0.0027515,4510.2,294.95,0.15649,803.12,8.1016e-53,3.0717,3.4038e-15,0.00014469,3.0465e-65,1.123e-09,0.31048,0.00020576,4.4468e-30
19523,2.9543e-34,352.81,5.9731e-37,1415.2,3.6844e-07,21.502,1.1035e-07,3.8432e-60,25.307,6.2132e-45,4.2691e-19,4.3759e-09,0.35525,1.4912e-27
20323,5.0239e-05,4.2337e-11,1.0267e-20,4.1647e-28,49.802,7.2972e-08,4.5941e-94,2.0481e-15,50.219,4.4013e-18,0.00020098,4.4084e-34,0.00023642,4.9862e-23
18764,1.5496,1.021e-09,1.9392e-20,1.0531e-21,1.6225e-10,1.1484e-07,37.255,0,50.276,4.3575e-14,1.8134,1.087,0.39634,1.1442e-32
23042,7.2238e-05,1.3189e-10,1753.8,4.4008e-28,0.47571,4.8434e-48,1.3169e-96,1.3028e-135,36.472,1.7396e-91,6.1088e-31,4.408e-34,9.9195e-39,1.6917e-23
3.162e-14,3.1463e-59,6.8923e-284,1.6589e-14,139.25,5.1802e-11,4.1607e-63,0.87444,7.6552e-91,21.016,4.9954e-48,1.1167e-24,6.6895e-10,3.7917,4.6443e-42
3498.8,7.9031,0.018409,25.243,160.48,0.57448,1.0666e-57,8.4232e-07,1.3086e-16,17.693,6.7071e-114,3.368e-08,7.7318,0.44133,3.7835e-31
1.5298e-12,8.8489e-64,7.682e-25,1.0315e-13,4.1426e-14,2.1716e-14,3.7676e-74,7.2798e-16,8.7787e-123,63.41,1.2675e-44,1.9779,2.3204e-31,0.24189,1.6871e-49
136.41,1.2038e-45,1.0055e-12,295.99,1817.9,2.1801e-43,233.14,3.6709e-06,1.2016e-26,6.6275e-08,1.4828e-98,5.2613e-22,8.5157e-17,6.4052e-09,6.3155e-15
9964.8,8599,7.1428,451.74,1.5972,41.648,139.03,0.0021766,5.5218e-39,47.303,9.4751e-20,6.1487e-24,1.753e-10,1.13e-147,1.461e-65
8.3537e-13,2.5198e-19,1.1669e-25,2.874e-24,1.9423e-17,4.3339e-16,2.9067e-52,106.6,3.7674e-70,18.532,6.4093e-19,13.414,0.49887,0.7605,5.0681e-90
1.8319e-15,1.9922e-84,2.2793e-24,4.5293e-15,1.3168e-45,18.516,14.725,10.774,3.0393e-45,64.043,8.1798e-54,5.1178e-27,4.0675e-07,8.4525e-136,6.1374e-56
3559.4,3.4255e-06,0.00030206,2419.4,59.189,39.491,417.84,18.927,2.8137e-16,1.1323,5.971e-33,1.4208e-25,1.228e-18,2.7629e-10,3.7145e-33
4143.8,33.049,1.3699,2094.6,2.6696e-26,78.164,6.544e-11,0.052561,3.9488e-37,17.398,24.49,3.9513,1.5456e-41,9.0715e-20,1.7748e-16
14656,2.0724e-25,0.00088217,1.1416e-09,1840.2,2.5277e-66,1.2711e-60,1.0367e-06,1.6162e-108,8.6917e-18,1.3859e-20,0.71217,0.61584,0.02851,3.8284e-44
8733,162.24,1.9644e-09,681.34,7.3107e-24,4.5954e-08,3.2232e-69,4.4802e-05,5.5049e-49,15.097,5.3183e-10,13.308,3.1006,0.24183,1.3037e-33
5.3178e-16,8.8629e-47,3.4299e-20,1.0856,0.027944,1166.1,7.3975e-83,20.489,1.3367e-25,1.6717e-70,2.5085e-18,8.3262e-21,2.0173e-06,2.0832e-06,7.802e-50
16346,1.7795e-47,1837,579.86,5.5185e-17,225.85,9.3389e-49,0.00018859,4.9651e-44,9.7132,4.6922e-26,1.469e-05,6.178,0.00021155,0.24297
4.0683e-13,4.0951e-14,4.1255e-21,2.0534e-13,1.3081e-14,2.5845e-15,6.4126e-27,2.0567e-24,2.9119e-127,1.7049e-15,30.608,4.7619,5.1215e-42,8.1087e-21,9.4609e-22
940.08,9.5429e-07,9.0107e-12,2714.6,622.71,61.613,17.627,0.00033199,5.0398e-15,44.163,6.2898e-26,1.1581e-92,1.7856e-09,0.0061025,1.2019e-45
11231,254.54,2973.3,756.94,1.9525e-21,4.1567e-20,226.71,2.4266e-147,2.6596e-27,33.302,2.3364e-34,0.41761,3.9149,0.40763,3.7408e-33
2.6292e-13,4.0044e-13,6.6932e-22,1720.8,348.52,10.183,4.016,228.36,2.2568e-101,2.2122e-13,4.5801e-97,2.0962e-26,2.6267e-30,4.1507e-79,7.9946e-81
5957.5,11.393,26.527,1.2993e-11,1.1606e-31,8.1798e-30,0.22219,8.973e-05,1.1453e-32,27.021,4.8462e-16,2.5905e-10,6.0662,2.0917,2.2759e-45
3739.3,5.7229e-33,96.83,1.277e-16,0.1541,0.066446,5.9118e-54,0.96654,4.8719e-227,42.676,2.0514e-65,1.0076e-09,5.7447,0.73127,4.3441e-42
1.9865e-12,9.3737e-29,5.9098e-21,4055.3,4.3628e-30,0.012384,67.126,28.295,3.8741e-10,7.2272e-05,5.2107e-21,4.01e-15,2.5335e-73,0.041746,1.1831e-27
530.7,1.0836e-07,13.162,1154,692.52,264.16,76.659,1.8248e-42,5.6316e-30,54.475,2.8141e-66,6.4663e-32,0.3722,2.1474e-104,3.0667e-40
1.1809e-28,4.7946e-76,1.3208e-36,2.4106e-13,1968.4,303.05,0.093665,0.0072928,2.9851e-94,6.9503e-10,4.9086e-36,2.1821e-09,3.0396e-54,7.8294e-10,3.2942e-44
28459,126.18,9.8639,4.3696e-23,1.1773e-20,2.0221e-33,7.7875e-75,2.0631e-16,1.0157e-98,11.064,9.3235e-12,7.3787,5.5811e-08,0.29322,1.7982e-70
18528,5.2821e-40,0.092487,1236.6,2.9335e-18,3.3736e-07,5.1166e-06,3.3881e-09,8.3827e-47,0.00014244,9.3532e-19,2.5374,5.9318,0.47742,2.1501e-07
1.8719e-13,7.133e-54,2.6092e-15,382.73,9.3467,37.096,61.232,93.614,2.0984e-36,58.739,2.1978e-18,7.2949e-21,6.8598e-06,1.7396e-06,4.284e-45
25305,5.9419e-49,0.57244,110.99,3.7248e-18,29.842,167.25,0.0013576,4.177e-100,35.081,7.744e-26,2.0883e-20,1.4688e-85,5.9885e-47,8.5155e-08
1725.1,1.3861e-05,2.4097e-10,5.2839e-09,0.0014369,52.948,49.542,0.00087755,0,3.2847,2.1416e-19,0.30016,0.22905,3.9838,9.4066e-96
1.4847e-12,3.1626e-15,1.4076e-13,3241.5,813.79,1.6487e-23,57.942,3.3172e-13,4.2735e-97,28.851,2.1392e-23,2.4408e-07,1.3481e-38,3.7692e-06,1.407e-73
1.0095e-12,1.0473e-143,1.8691e-14,1.0737e-39,4.7118e-14,1.2011e-15,8.2717e-69,2.2201e-20,7.4612e-62,40.278,4.8587e-22,4.1024,5.8592,0.17491,2.5998e-22
4386.7,7.7407e-09,2534.2,2062.1,0.016911,43.858,387.68,61.568,1.5258e-103,0.0013472,3.3596e-63,2.0688e-30,6.2665e-85,3.2421e-157,1.112e-32
1239.9,2.0197e-53,1.0755e-11,2683.1,496.05,85.726,1.2278e-06,0.44744,3.5749e-30,52.976,8.1555e-16,6.2232e-32,2.3276e-20,7.2395e-123,2.651e-152
8.6267e-13,7.7094e-21,7.8078e-25,1761.1,1216.1,1.1944e-15,99.51,13.053,8.8012e-90,41.624,5.904e-79,2.9713e-40,5.1838e-08,3.2336e-39,5.1772e-42
1.7296e-12,1.1575e-55,1.4992e-13,3736.9,1.2624e-22,47.659,2.0463e-09,0.0029402,2.2705e-94,26.726,2.0229e-27,5.1289e-27,5.5294e-190,7.3878e-134,3.1278e-32
7283.6,1.766e-06,1.0587e-86,2.3635e-23,3.0704e-21,982.86,106.61,0.0036865,4.7639e-33,2.3566,1.3147e-11,2.2548e-19,1.3099e-74,7.6043e-64,6.4865e-49
2.091e-30,3.3608e-80,8.5373e-15,1.3913e-13,1.8507e-14,1.6093e-14,322.06,199.48,3.394e-45,1.9707,5.1904e-21,2.5162e-27,1.4898e-07,8.9971e-111,8.557e-25
5.9667,5.6914e-43,0.74072,1030.2,306.84,42.078,3.1719,2.132e-16,1.6e-94,61.233,1.6172e-31,5.9556e-28,8.0706e-17,1.4163e-10,2.4291e-59
3.086e-29,5.585e-31,5.4796e-108,2.2269e-30,3.6389e-14,3.7979e-16,2.926e-80,1.5172e-22,1.1382e-27,18.575,4.7232e-120,3.1979e-29,7.6067,0.45678,2.4767e-40
3.9925e-29,3.2602e-13,2.2569e-104,2.135e-39,665.53,366.3,128.09,0.00021197,9.1585e-90,53.767,6.4477e-81,4.4153e-30,5.8818e-11,2.0659e-39,1.8681e-51
26954,9.5438e-05,3.2754e-10,1.3618e-20,1.8965e-28,0.47531,9.6487e-08,0.38999,1.0425e-32,36.441,4.3972e-18,1.7427e-24,4.4042e-34,0.00031054,1.0926e-23
1.5706e-13,1.4779e-25,9.8353e-27,5.7515e-26,1.8374e-19,80.156,49.964,7.935,1.9664e-104,63.472,3.3599e-63,2.0689e-30,6.2669e-85,2.3191e-135,1.1121e-32
1.5189e-12,1.1528e-13,1.8664e-13,2.6366e-14,1756.7,139.12,1.0697e-48,45.348,9.9176e-13,29.8,2.1465e-21,1.5094e-09,9.3874e-55,6.1007e-58,5.9237e-54
32503,1.1687e-12,18.114,5.3348e-19,2.2441e-28,0.006849,7.9744e-89,33.439,3.6651e-26,3.6272e-05,2.2234e-88,0.00013709,3.0938e-76,1.3049e-49,1.2388e-47
1612.9,5.0721,152.92,3580.2,137.9,3.7832e-17,57.465,0.00012603,4.2383e-97,28.781,4.2701e-38,1.9024,8.2083e-40,2.2262e-20,1.199e-73
25298,39.929,1.7351e-98,726.2,1031.2,76.186,171.94,0.0043069,1.4333e-98,2.4235,1.9023e-13,8.5061e-22,8.0507e-17,3.754e-114,9.2686e-38
3118.6,2.7232e-135,767.8,223.62,1.7206e-28,174.3,92.008,0.23211,2.1291e-101,60.051,9.9553e-22,3.303,3.4392e-39,1.9254e-22,5.1188e-35
6.1812e-13,2.0513e-25,1.9272e-13,1.2802e-39,1008.5,555.09,349.78,4.9335,2.3625e-17,7.9272e-10,1.1393e-77,1.4413e-22,5.8863e-11,4.5261e-10,1.1245e-51
9.6875e-30,1.1084e-41,3.9552e-14,322.97,3.2104e-22,741.42,350.56,12.986,0.015169,6.4083e-10,4.9639e-32,3.5111e-30,4.598e-07,3.4403e-10,1.7107e-77
5545.7,1.1523e-35,3027.1,2.5238e-22,0.00083073,16.059,248.03,0.0019341,1.2504e-94,49.634,9.2336e-54,2.2636e-25,0.36153,1.4431e-219,2.3209e-55
15968,607.07,3849.5,8.095e-09,1.341,55.394,0.21499,139.43,4.1946e-30,31.526,9.3627e-86,5.6951e-24,3.0156e-55,1.2516e-21,4.0032e-35
159.24,2.01e-45,9.5463e-13,345.12,0.0033756,6.5914e-61,454.58,115.91,5.855e-26,1.4787e-07,1.6512e-105,5.0238e-27,3.9922e-07,1.6639e-193,4.066e-73
30607,1.6507e-103,1.6655e-09,3.1631e-20,1.7177e-21,2.9682e-10,1.2446e-07,2.5725e-102,4.3195e-111,24.357,2.956e-09,0.31526,6.329e-10,0.029532,5.5788e-81
7.2672e-29,3.0306e-82,7.6454e-34,1.4835e-13,2.4504e-46,1.103e-15,8.6136e-16,7.0837e-16,5.3191e-15,57.726,5.5263e-90,7.2224e-27,3.4554,6.2394e-48,2.3335e-65
759.73,6.7047e-45,5.0595e-10,1932.4,4.2122e-20,74.608,125.15,14.226,5.962e-18,51.632,3.9695e-17,6.8218e-22,1.9257,5.2398e-09,1.9171e-38
31491,1.4265e-39,281.51,2.5785,1.3338e-22,50.236,0.57328,0.00010395,3.379e-16,18.588,2.7767e-23,7.0489e-10,5.5579e-84,3.8327e-18,3.1318e-32
27085,344,190.58,1236.4,245.89,1.325e-23,5.2638e-72,0.0029525,1.0136e-95,29.357,5.8082e-34,1.3058e-07,3.4715e-48,2.0694e-229,1.0134e-67
1.8957e-13,9.0613e-66,5.3178e-15,1.2796e-14,220.97,3.3644,1.1484,5.3079,5.5882e-50,42.066,3.7208e-23,7.4881,4.7392,4.1787e-57,1.0598e-65
20618,1951.9,806.49,4.0233e-22,0.0013243,38.908,3.8694e-102,2.9844e-45,1.283e-94,49.093,3.001e-54,6.5911e-10,6.0107e-42,1.0434e-18,8.9584e-28
17924,4.602e-73,4.4962e-09,475.67,242.76,203.62,14.172,9.0722,101.74,0.001768,1.246e-18,1.0068e-30,8.9105e-10,1.1386e-47,9.0235e-41
3320.2,6.6175e-44,84.838,66.897,6.0167e-24,0.16742,4.5026e-44,4.9838e-29,0,63.805,3.1843e-36,1.1917e-21,2.6185e-22,5.1497e-94,2.182e-42
870.02,1.5768,108.01,2796.9,610.4,151.76,28.3,1.0638e-42,5.599e-100,36.968,1.1183e-10,3.6013e-17,2.3453,6.572e-64,7.8561e-61
21133,426.94,0.009248,1.1102e-22,0.0013193,25.443,1.02e-54,0.14648,1.2769e-94,48.874,1.1603e-53,6.5608e-10,0.36132,1.4422e-219,2.3196e-55
1.8448e-12,1.5691e-23,7.7306e-18,3.6116e-16,1883,359.96,95.924,2.896e-14,1.1124e-27,0.10358,6.3697e-23,2.0027e-26,8.2153e-197,0.0010235,6.595e-60
5.1951e-13,4242.1,2.9367e-88,2.7781e-23,219.02,315.77,198.98,2.8065,6.2157e-31,53.06,6.4803e-81,4.4376e-30,5.9115e-11,5.4129e-64,2.0089e-34
26604,1.2321e-28,6.3479,9.5007e-16,1191.2,47.647,2.2908e-74,5.0543e-08,1.011e-103,2.0386e-07,7.6859e-90,4.3868e-29,0.18425,3.6247e-10,5.0937e-22
32611,1.5994e-08,0.38168,9.5933e-07,0.43777,2.278e-31,63.844,8.9855e-68,4.1847e-22,6.9617e-09,1.5009e-25,1.0953e-10,1.7601,3.3473e-45,0.090816
66.604,3.0504e-46,1.9378e-13,0.91593,1343.4,477.02,166.84,2.5304e-45,5.339e-72,31.957,2.4193e-65,2.4595e-23,3.3195e-18,1.3434e-64,2.3099e-60
675.65,1.5539e-55,2.9152,13.621,68.584,6.6194,482.75,1.0014e-55,3.3713e-43,21.175,2.932e-23,6.9805e-25,7.599e-40,8.1074e-68,1.0101e-48
2.163e-12,1.2926e-23,1.5106e-16,4415.6,8.6853e-10,2.0672e-67,1.6363e-26,0,4.8313e-60,2.2157e-16,1.3619e-83,11.455,6.3382e-108,5.1258e-80,5.6896e-51
25823,1.204e-08,0.00017804,46.184,7.5279e-33,5.5788e-29,7.8968e-11,103.97,2.0073e-113,29.267,1.7082e-47,0.0011868,2.4099e-10,0.39399,4.8812e-46
1.0304e-31,8.8475e-32,1.6904e-34,4.18e-16,2.2576e-17,9.6119e-17,1.0003e-14,3.689e-15,50.749,58.782,1.3251e-54,2.3868e-16,1.3378e-31,2.3317e-166,8.6119e-61
18941,0.028262,6.4343e-09,1296.1,26.202,144.9,177.55,2.3725,5.9781e-89,41.911,2.8237e-17,6.8364e-22,5.2723e-08,1.7789e-40,9.937e-83
3.258e-13,2.7417e-52,1.1474e-23,5.6366e-33,5.2954e-15,4.66e-60,85.902,3.7523e-34,1.5904e-14,67.996,3.3429e-110,2.4879e-25,1.2097,1.5852e-151,0.16997
249.73,6.5012e-07,0.00076412,45.737,132.32,1.4034e-32,4.0352e-08,8.6141e-86,4.1467e-96,61.935,5.7577e-53,0.15537,1.0006,0.84415,6.1743e-56
13252,1.0258e-133,5.1169,8.8631e-21,0.0012325,3.3041e-31,4.1801e-08,6.0871e-47,1.3053e-96,58.539,1.4429e-43,0.0010117,1.5346e-24,5.9162e-224,5.8116e-23
23517,6.883e-10,3469.5,74.814,3.3362e-22,0.00073167,5.7951e-60,4.5962e-12,3.9514e-31,35.372,2.1418e-96,1.4774e-15,9.1922e-39,1.1242e-07,2.0529e-22
32315,5.6794e-07,0.00048033,39.971,6.8439e-23,7.9221e-12,0.7411,0.00011835,6.7932e-16,7.7248,3.9457e-35,0.0014717,2.4438e-77,0.45862,1.9187e-51
1.1796e-12,1.114e-21,5.1544e-25,2.5686e-14,4.6157e-14,4.4931e-14,4.0921e-23,7.1854e-16,3.6583e-123,64.23,2.1214e-28,7.8331e-19,0.30827,0.00020127,9.1428e-46
7.7146e-13,5.1066e-70,4.2995e-16,1.6969e-13,1593.8,173.48,6.4029e-89,5.4667e-40,3.1277e-88,38.894,4.0759e-90,8.021e-28,8.1311e-33,1.3066e-49,1.2405e-47
5.7246e-29,2.8635e-37,5.2156e-122,1.1686e-13,2.8118e-15,477.68,453.49,2.3949e-13,3.3884e-15,6.4092e-10,5.8723e-33,3.519e-26,4.5986e-07,2.7189e-10,4.0806e-79
264.14,9.6368e-17,5.5817,0.0066616,1.7136,1.4881,183.05,112.28,39.269,49.032,2.8347e-56,9.4627e-12,5.641e-18,0,4.0541e-72
1.1817e-12,9.7595e-17,6.4304e-26,2412.4,1.153e-22,1.8716e-10,1.0284e-07,1.6221e-102,8.1462e-288,50.905,7.3519e-09,0.30935,1.6897,0.056039,1.7776e-32
5.1778e-13,1.7512e-21,4.7043e-25,1057,729.93,185.96,125.37,0.0002136,2.2793e-89,52.812,5.7599e-16,3.8853e-41,1.4601,3.2336e-39,2.2037e-37
2791,125.21,0.0062842,4.197e-08,2.245e-21,1.0776,7.6124e-10,4.7967e-105,8.3108e-23,14.902,4.2347e-37,0.84805,7.5352,0.84185,0.13783
10462,5.3908e-128,1223.4,1.8036e-20,7.9422e-20,1.5656e-30,1.0109e-05,1.6991e-07,8.023e-62,51.934,3.1195e-36,8.3056e-08,3.4402,0.73639,0.10504
16048,1.5274e-12,7278.8,5.6723e-11,9.953e-23,1.6374e-09,6.0183e-54,1.9985e-30,3.2517e-16,0.21917,3.3519e-23,4.3977e-21,1.0885e-06,5.7557e-63,6.9034e-42
