0,0,1.3942,0,0
0,0,0,0,5.742
1.99,0,0,0,0
0,13.102,0,0,0
0.33649,1.0116,0,0.079247,0.22277
0.25805,1.3579,0,0,0.094821
0.16347,1.358,0,0,0.093898
0,0.056314,1.0798,2.2496,0.094145
1.8079e-06,0.65121,0.050249,2.6541,0.3639
0,1.0996,0.0015484,1.1777,0.30017
3.4147e-06,0.96548,0.24331,1.3459,0.11969
0.49428,1.32,0,0,0.098965
0.13791,1.3126,0,0.24218,0.10537
0,0.85895,0.68731,0.92229,0.16446
0,0.025547,0.63527,3.2566,0.093803
0.023396,0.67939,0.058616,2.3205,0.19483
0.021984,0.32025,0,3.3273,0.71648
0.0011421,0.86458,3.7446e-05,1.8458,0.16376
0.23919,1.2976,0,0.21378,0.53913
1.0439e-08,1.4348,0.077927,0.016252,0.17426
0,0,0,4.2117,1.7214
0.045536,1.4977,0,0,0.094087
0.00047589,1.3724,0.12289,0.24422,0.094502
0.34026,1.2912,0.086347,0,0.37967
0.38025,0.79317,0.071597,0.77129,0.45363
0.041714,0.69189,2.9975e-05,2.3384,1.9215
0.21186,1.052,0.00020959,1.0053,0.81167
0.020026,1.3199,0.00043295,0.5201,0.22734
0.87957,0.046522,0.014869,0.74995,0.55485
0,0.83758,0,2.2086,0.39904
0.15064,1.3149,0,0.0063967,0.22915
0.003936,1.369,0.22139,0.83378,0.096516
1.1065e-06,1.0699,0.54945,1.0685,0.24374
1.0065,0,1.4908e-06,0.12536,1.8012
4.9495e-05,0.96451,0.17746,1.3446,0.47378
0.095767,0.59641,0.0012627,2.4094,0.31238
3.1501e-06,0.31308,0.051872,4.1568,0.10678
0.015495,1.4494,0,0.15119,0.57781
0.35679,0,0.11917,2.7214,0.71355
0.80375,0,0.028119,3.2691,0.13895
0,1.7406,0.0018717,0.010667,0.094676
0.54684,0.040749,0.0052463,2.2505,0.76138
0.38045,0,0,2.7215,0.69197
0,0,0,21.208,0
0,1.5187,0,0,0.12688
0.12707,1.0395,0.066506,0.9359,0.12519
7.3098e-05,0.45539,0.055096,2.9439,0.094339
0,1.0713,0.87203,0.0094411,0.093857
4.7617e-06,0.104,5.8102e-06,3.9715,2.2714
0.0073218,1.5094,0,0.00091915,0.35085
0.055127,1.2092,0.33942,0.53934,1.9325
1.2195,0,0.026623,3.1226,0.1337
1.9138e-06,0.60935,0.15503,2.5105,0.36657
0.66815,0.90296,0,0,0.23178
0.14558,0.72721,0.11787,2.1317,0.18681
0.00063169,1.2638,0.13434,0.58269,0.27985
0.26064,0.0004271,5.5418e-05,4.0132,0.4847
0.097448,0.66718,2.4218e-06,2.3411,1.8259
0.57457,0.00049091,0,1.9167,0.40279
0.017455,1.3581,0.20078,0.20557,0.10051
0.0003938,1.4743,0.0018871,0.1549,0.4707
0.00022262,0.54848,0,3.114,1.3954
0,0.015946,0.62716,10.573,0.094881
0,1.5186,0,0,0.24813
0.1447,0.66712,2.2586e-06,2.2826,0.90624
0.02755,1.4498,0,1.6582,0.13174
0.0005431,1.4383,0.24159,0,0.095327
0,0.84424,0,2.2083,0.22983
0,0.2515,0.0016637,3.568,0.47367
0.0013592,1.4457,2.6292e-06,0.32844,3.0206
0.59956,0.91024,0,0.00078896,0.50424
0.19946,0.0036785,5.6122e-06,3.8152,0.83967
0.10057,0.73097,0.0045762,2.3954,0.76139
0.43854,0,0.025409,3.7172,0.30747
0.087668,1.4787,0,0.00044925,0.10138
0,1.3673,0.089564,0.36182,0.33341
0.19795,0.0036751,6.6974e-06,4.0765,1.3615
0,0.8324,0.10073,1.9065,1.3882
0.043233,1.4899,0,0.050116,0.093856
0,0.39772,0.13481,5.0919,0.093332
0,0,0,4.2128,0.52677
0,0.63605,0.036031,14.394,0.093861
0.028022,1.2914,0.076265,0.74833,0.5793
1.0069,0,0,0.22245,0.55488
0,1.4843,0.064345,0,0.64704
0.02545,0.54139,0.62553,2.4306,0.59407
0.82373,0.79155,0.04398,0.90878,0.18354
6.7787e-05,1.438,5.5457e-05,0.22891,0.77342
0.011864,0.00638,0.42714,3.7919,0.74389
0.00070739,1.3433,0.0005984,0.49342,0.099765
0,1.8566,0.094334,0.00033563,0.093838
2.0614e-06,0.66045,0,2.4361,0.41011
0,0.79109,0.095955,1.9249,0.18843
0,1.8565,0.11755,0.00030068,0.095007
8.1045e-06,0.47002,0.043821,2.9269,0.25375
0,1.3488,0.011675,0.49345,0.69335
0,1.4038,0.21766,0.058612,0.35307
0,0.45247,0,5.2966,0.11352
0,0.89644,0.44399,2.859,0.11556
0.008224,0.0063782,0.45547,3.9547,0.54347
9.3299e-06,0.00019366,0.0069196,4.2158,0.32294
0,1.512,0.016589,0.0016499,0.32958
9.8791e-09,1.3877,0.1426,0.016241,0.27084
0.0018683,0.63128,0.10445,2.427,0.097312
0.17668,0.0036821,4.1966e-06,3.8233,0.53309
1.0152,0,0,0.12147,0.4364
0.91564,0.07039,0.012816,0.75254,1.4481
0,1.4632,0,0.20579,0.096158
0.013092,1.3547,0.00057523,0.78554,0.46485
0,1.2696,0.13877,1.9999,0.11781
1.7989e-06,0.50271,0.00071893,3.6942,0.42702
3.064e-06,0.47303,0.045995,3.508,0.1594
0,0,1.1704,13.208,0.10778
0,0.15158,0.0020326,3.8311,0.92729
0.025081,1.2567,0.062073,1.5799,0.18145
5.4901e-10,0.026287,0.51991,13.086,0.093191
0.67803,0,0.012893,1.9325,0.27373
0.16123,1.3153,0,0.0063954,0.40256
0,0.47003,0.25401,2.5504,0.13546
0.0011558,1.5117,0.039608,0,0.10178
0,0,0,4.2341,0.17839
0.040961,0.37614,0,3.0645,0.46288
0,1.2423,0.36555,0.81619,0.70399
0.0077842,1.4425,3.8308e-06,0.29979,2.1158
0,0.14506,0,3.8327,0.31405
