1.3731,2.8163,5.7389,12.016,24.139,49.177,90.486,256.67,361.24,717.5,1414,3178.8,6377.2,12947,25976
1.3949,2.6219,5.0886,11.338,23.696,43.5,92.816,200.42,399.08,829.4,1643.9,3314.8,6767.6,13008,26641
1.409,2.8076,6.1198,11.333,23.698,44.169,116.25,199.95,380.8,730.96,1492,3140.7,6149.7,12083,25634
1.3639,2.6779,6.0385,11.949,32.014,44.003,87.696,192.08,391.71,847.48,1428.1,3196.4,6163.2,12085,26066
1.4334,2.7429,5.7618,11.392,21.26,45.169,85.159,197.61,402.24,831.12,1582.2,3128.5,7123.4,13396,25665
1.3901,2.7303,5.5156,11.709,23.27,47.746,92.214,199.33,378.05,711.46,1635.7,3628.9,6235.3,12995,25664
1.4089,2.9092,5.7573,14.301,23.303,47.878,95.692,199.56,336.51,757.93,1425.5,2897.6,6323.4,12719,27642
1.5301,2.883,5.9269,11.388,22.326,39.74,83.524,177.26,376.08,795.98,1532.4,3759,7057.2,13399,29168
1.288,2.7759,6.0707,11.873,25.186,51.542,99.953,207.21,375.02,795.56,1451.8,3167.2,6285.8,11675,23254
1.7633,3.3839,6.5765,11.945,21.822,36.316,72.789,149.51,322.81,809.21,1865.5,3550.7,7588.8,16305,32568
1.4939,2.9678,5.5849,11.582,22.089,49.685,88.857,203,382.25,721.92,1554.4,3087.8,6203.4,13551,25582
1.7764,3.5806,7.3624,13.585,26.765,45.598,83.573,179.18,296.45,714.96,1150.1,3294.9,5924.4,13509,29298
1.4703,2.9221,5.6281,10.725,21.11,44.707,82.512,196.61,366.96,865.81,1541.6,3369.6,7024.2,13302,29169
1.2638,2.487,5.3651,11.597,24.186,48.106,108.94,202.63,405.37,846.52,1660.1,3156.7,6289.4,12703,23767
1.392,2.8244,5.7345,11.746,23.656,47.105,95.544,189.49,373.67,987.07,1452.4,2989.9,6156,13141,24923
1.5831,3.1411,6.2972,12.551,22.241,44.332,94.343,161.84,350.63,749.83,1426,3133.6,6284.7,13351,29282
1.3564,2.8938,6.2568,12.217,25.827,51.167,102.26,211.22,386.27,698.73,1471.3,3195.9,5844.9,10917,23677
1.5176,2.9087,6.0927,12.345,25.948,45.046,85.107,197.64,351.33,710.66,1437.5,3219.9,6372.7,12650,27232
1.6178,3.2095,6.8709,13.543,27.441,57.213,93.937,190.44,387.11,660.36,1178.1,2661.2,5126,13703,25617
1.4086,2.8052,5.764,11.387,23.082,45.803,90.26,194.69,375.9,801.67,1981.9,3174.5,6173.4,12038,25618
1.3227,2.6469,5.914,12.826,27.089,54.403,101.44,211.18,401.73,749.05,1447.1,2774.4,5370.8,12588,25308
1.3443,2.6638,5.3571,11.529,24.582,49.015,95.54,201.87,411.65,782.11,1663.4,3240.1,6264.1,12563,23284
1.5524,3.0784,6.1704,12.325,25.737,45.47,90.569,180.66,354.64,657.8,1431.2,3134.4,6315.6,13332,26855
1.3316,2.6508,5.6733,11.74,24.218,46.259,97.013,204.71,366.03,786.11,1521.3,3205.8,6359.7,16193,23683
1.6952,3.4867,7.1814,14.707,29.997,49.038,83.239,166.08,297.76,740.17,1292.2,2871,5280,14791,28508
1.7867,3.5713,7.1854,14.99,30.586,53.254,96.636,189.31,344.68,554.46,1206.7,2554.6,6548.3,11186,27197
1.6042,3.2563,6.6044,13.105,24.587,45.756,90.154,176.49,327.63,676.27,1431.2,2914.6,6311.3,13530,26901
1.677,3.4619,6.8344,13.732,20.945,45.332,81.297,160.47,324.09,753.5,1414.6,2932.4,7250.6,13644,30134
1.6889,3.3691,6.7674,13.543,25.732,46.183,76.589,165.49,346.06,665.77,1375.1,3075,6339,13148,30362
1.4154,2.6703,7.7956,11.949,22.419,46.108,91.042,207.53,368.67,814.23,1434.4,3263.4,6290.3,11620,25190
1.7919,3.483,7.0774,12.821,26.759,43.587,76.805,164.99,314.52,654.08,1402.7,3127.5,6940.5,13376,30362
1.5802,3.1488,6.6822,12.899,26.649,50.868,93.934,184.06,370.29,714.45,1402.8,2665.6,5275.6,12094,26860
1.6777,3.1548,6.0557,10.312,21.458,41.151,88.96,179.05,319.59,701.7,1594.2,3525.2,7523.3,16415,32665
1.2924,2.5858,5.8197,12.615,26.862,53.92,100.44,209.07,396.56,733.78,1418.5,2732.9,6386.2,12602,25303
1.5928,3.1675,6.7747,10.144,22.223,35.193,66.013,169.05,455.86,783.22,1870.8,3785.7,7610.9,16104,28314
1.7983,3.5881,7.2029,14.615,24.787,45.001,81.281,175.49,284.84,628.53,1415.3,3140.7,6330.5,13576,30367
1.413,2.8186,5.8319,12.324,22.733,46.107,94.071,194.36,481.05,708.38,1557.8,3127.2,6219.1,12743,23548
1.7065,3.2314,6.2286,13.07,21.539,36.635,72.226,176.77,328.66,697.6,1817.7,3505,7309.5,16257,32606
1.7837,3.4378,6.7004,12.209,22.601,39.358,77.822,154.95,314.09,694.43,1709.8,3233.6,7352.5,16308,32561
1.4085,2.8117,5.817,12.299,22.687,45.754,89.311,190.43,347.16,771.24,1537.3,3305.9,6554.3,12618,30953
1.7565,3.3662,6.6589,11.984,20.448,34.695,70.167,143.79,396.71,809.18,1870.6,3550.1,7588.9,16305,32557
1.1381,2.4386,5.9889,13.572,30.366,63.24,127.46,249.6,476.33,920.42,1424.6,2878,5534.8,9877,22069
1.5145,2.9989,5.6599,11.416,21.375,41.547,67.058,184.67,396.78,794.41,1721.1,3528.4,7556.4,15647,29211
1.4668,2.7823,5.6879,10.523,20.714,44.007,92.431,197,367.9,866.79,1544.9,3374.5,7053.2,13324,27601
1.6059,3.2759,6.656,13.877,27.045,45.452,83.52,173.7,353.66,717.33,1216.8,2929.7,6122.8,13564,28362
1.2229,2.5625,6.6359,13.795,29.314,62.759,115.21,229.04,390.45,838.59,1313,2633.3,5375.6,11280,23800
1.4088,2.6462,5.4295,10.522,22.619,43.204,91.548,188.63,404.43,895.64,1639.7,3414.1,6716.7,13154,27478
1.4801,3.0014,6.091,12.603,22.243,47.803,96.122,199.66,336.8,754.99,1434.1,2897.6,6326.8,12632,27559
1.761,3.3786,6.5634,11.852,24.618,39.904,78.065,190.93,346.14,726.7,1192.4,3235.5,7365,16269,27760
1.0407,2.3931,5.8177,12.257,26.163,60.931,128.19,248.65,485.39,941.39,1776.3,2765.2,5496,11137,22767
1.5586,3.184,6.6699,14.787,28.808,57.977,102.02,216.65,352.56,665.83,1332.9,2668.8,5019.4,11283,23769
1.7831,3.4414,6.8072,12.347,22.963,41.388,82.819,161.72,316.02,763.76,1251.2,3530.6,7331.1,13571,32815
1.3224,2.7662,6.4538,12.019,27.741,56.786,109.69,212.6,416.65,723.29,1433.4,2619.1,5714.4,11827,22813
1.4056,2.8097,4.9179,10.452,19.487,42.703,92.423,196.67,402.93,819.99,1868.1,3797.8,7786.1,13436,28379
1.6628,3.1352,6.4753,13.919,25.373,44.066,83.419,166.93,309.54,685.32,1401.7,3126.1,6939,13525,30364
1.1399,2.5582,5.5422,12.364,26.517,59.824,127.57,243.94,486.96,897.86,1481.6,2750.3,5500.9,11119,23452
1.6567,3.3696,6.8297,13.53,25.63,45.594,83.814,174.29,354.82,690.62,1219.4,2924.4,6290,13506,28366
1.6594,3.3141,6.3033,12.723,23.044,43.976,77.725,167.83,340.74,642.65,1749.9,2918.4,7164.4,15700,27734
1.6168,2.8964,5.9561,12.306,22.951,43.3,99.644,193.41,372.72,753.96,1435.5,3138.4,6233.6,12965,23616
1.3803,2.5733,5.3157,10.227,21.641,44.547,99.527,188.74,395.4,823.8,1741.5,3562,7052.7,13552,27474
1.636,3.3014,7.6237,13.442,28.301,55.169,104.97,201.46,281.04,649.08,1369.4,2789,5304.4,11603,26884
1.1883,2.5266,6.1906,15.546,31.32,63.042,127.03,206.49,432.82,729.59,1384.9,2745.7,5419.2,11602,23397
1.5669,3.1084,6.2319,12.504,23.564,44.767,94.517,164.18,353.91,755.33,1437.9,3153.1,6977.5,11214,28909
1.6419,3.4074,6.8666,13.861,28.512,44.57,96.46,190.42,307.05,689.64,1286,2519.3,6371.3,12393,30002
1.5008,2.9706,5.3937,11.116,20.688,45.786,66.408,183.9,443.86,823.49,1726,3536.8,7718.2,13406,29209
1.6477,3.2199,7.5262,14.245,27.866,54.715,105.76,227.7,309.15,689.73,1216.9,2790.6,5378,11683,22632
1.5281,2.952,6.0868,12.407,24.678,41.147,70.803,199.78,373.93,773.72,1520.7,3094.7,7201.5,13394,27798
1.2211,2.3293,4.8269,10.592,21.415,42.39,101.3,221.42,454.04,920.03,1820.3,3829.8,7384.6,14009,26314
1.7202,3.2701,6.5584,11.442,23.888,37.53,73.164,184.52,368.98,734.45,1533.9,3252.7,6540.6,16270,27761
1.2332,2.4155,4.8741,10.462,21.949,48.268,108.73,223.86,435.34,908.42,1902,3565,7072.8,12847,22749
1.0239,2.3645,5.7698,12.154,31.197,60.921,127.34,248.71,485.73,907.2,1777.9,2749.7,5623.5,11183,21961
1.7641,3.5573,7.1235,13.273,26.09,43.033,75.389,167.25,263.09,649.9,1820,3602.2,6271.1,13504,29287
1.7588,3.5473,7.1044,13.213,25.96,43.297,74.098,166.06,263.34,646.6,1817.9,3597,6018.2,16140,29284
1.3703,2.7167,5.4619,11.706,24.517,50.81,97.506,204.39,416.14,792.93,1688.2,3279.2,5260.8,12593,23281
1.6906,3.3569,6.844,14.125,28.09,53.705,93.208,173.25,340.84,631.68,1349.5,2744.9,6094.5,10716,28525
1.8322,3.6345,7.219,14.928,27.752,52.604,91.04,181.89,271.53,561.55,1402.7,2531.2,6082.2,15893,29541
1.5213,2.6437,5.9559,11.696,21.227,40.342,82.354,174.45,373.61,833.94,1700.5,3531.3,7110.1,14153,29367
1.4953,2.9258,5.2985,11.138,15.834,43.083,93.724,167.07,399.53,917.36,1813.8,3517.9,7783.3,16288,32777
1.3111,2.4191,5.7033,10.264,21.224,51.387,95.014,216.61,435.74,831.27,1646.2,3201,6959.5,14126,23595
1.3576,2.7839,6.0472,13.244,22.151,46.748,88.19,200.82,380.45,786.1,1546.8,3432.2,5488.6,13428,25663
1.583,3.0489,6.4515,10.402,21.513,42.56,81.564,190.26,333.07,765.47,1716.7,3586.8,7150.3,12336,29665
1.2064,2.2985,4.9804,10.606,21.784,41.867,101.45,252.38,454.85,921.48,1823.9,3833.6,6569.6,12947,29291
1.3083,2.7207,6.3261,13.015,27.983,55.75,111.75,228.72,433.3,783.46,1295.3,2640.7,5496.2,11317,23106
1.7482,3.4908,6.6875,12.171,22.531,39.134,77.366,163.93,316.7,698.79,1714.2,3245.2,7364.3,15735,27726
1.6061,3.2391,6.0729,12.709,25.95,42.153,75.005,158.95,374.5,674.42,1531.1,3369.9,7616.6,13662,27113
1.78,3.5739,7.3335,13.656,30.305,51.72,88.753,176.74,269.48,482.25,1627.4,2895,6313.1,15716,27665
1.2585,2.518,5.715,12.735,26.681,53.686,111.11,220.88,397.97,848.63,1451,2804.2,6062.9,11396,23551
1.3143,2.5995,5.5831,11.38,23.997,44.143,93.76,241.29,373.08,849.84,1648.2,3123.1,6852.4,12021,25540
1.4482,2.8262,5.0486,10.546,14.218,40.981,104.87,222.39,407.25,917.17,1814.6,3517.3,7623.5,16318,32820
1.7312,3.4564,7.0671,14.214,28.063,46.097,88.706,192.98,310.79,684.29,1293.9,2538.7,6390.9,12018,28484
1.4142,2.94,6.2203,13.402,27.881,56.289,105.32,210.86,340.58,745.73,1252.6,3115.8,5898.6,10851,23552
0.98466,1.8768,5.4554,11.397,22.901,51.814,126.03,250.71,492.34,983.73,1914.6,3549.2,7906.5,12798,23632
1.3937,2.7705,6.0057,11.639,20.227,41.371,80.447,188.11,397.1,876.72,1621.5,3533,7018.4,13631,28482
1.5834,3.2586,6.4112,14.074,27.143,55.392,86.983,175.64,331.33,682.59,1342.9,2670.1,6157.1,12613,27469
1.5531,3.1788,6.4756,13.591,26.38,42.957,98.432,174,354.26,718.48,1205,2929.8,6123,13573,28390
1.75,3.4939,6.6957,12.193,22.519,39.196,77.492,164.16,317.19,699.65,1715.3,3247.7,7370.6,15099,27777
1.3646,2.8489,6.5576,14.3,27.898,55.865,126.3,251.04,420.18,669.74,1345.1,2693,5072.9,11370,22122
1.6507,3.4209,6.8367,13.891,27.692,44.176,86.717,179.69,366.51,691.3,1289.8,2527.1,6381.2,12401,28561
1.1034,2.178,5.2104,10.033,23.009,52.252,109.01,240.11,485.39,924.78,1796.5,3721.2,6789.7,13049,23647
1.5949,3.2524,6.7804,13.196,27.238,53.081,98.592,184.52,398.11,733.57,1269.6,2610.4,5364.2,11213,25058
1.2327,2.6074,5.6702,15.632,31.32,61.484,127.55,228.88,417.62,831.86,1425.7,2885.5,5495,9844.8,21975
1.5494,2.929,6.2813,12.353,23.31,39.483,72.944,204.55,341.69,683.47,1513.3,3526,7577.1,15187,32219
1.7784,3.5568,7.1559,14.944,30.538,52.84,95.363,186.65,338.48,536.02,1173.8,2494.3,6487.6,13510,27206
1.7362,3.3116,6.3854,11.379,23.775,37.863,77.999,186.29,372.53,741.63,1546.7,3273.6,5790.3,16270,27761
1.3054,2.5694,4.8897,9.9796,21.984,42.358,90.001,222.81,411.15,953.47,1876.3,3790.1,7569.8,16337,23979
1.4786,3.0351,6.5116,14.429,28.921,50.96,101.63,187.99,381.5,733,1290.1,2693.1,5323.3,11158,26861
1.371,2.7312,5.652,12.032,23.218,49.103,93.176,196.43,365.95,732.65,1556.5,3098.9,7511.1,12689,25633
1.6039,3.1911,7.4921,13.68,27.526,57.569,104.27,222.44,291.45,661.09,1269.4,2702.6,5407.4,11098,28759
1.5082,3.0908,6.5177,13.756,28.295,57.011,118.99,214.97,347.02,653.38,1308.1,2619.2,5574.7,11272,23769
1.5071,2.9484,5.3674,11.345,20.201,45.668,64.722,168.63,428.99,860.86,1813,3518.5,7624.7,16324,32822
1.7892,3.4758,7.0669,12.983,26.851,43.915,77.626,166.45,315.71,693.37,1421.3,2765.5,6992.3,13383,30375
1.615,3.2298,6.6008,13.098,29.086,48.022,94.851,170.78,342.2,703.77,1141,2913.6,6313.6,13535,26911
1.5442,3.1587,6.7002,14.614,27.228,53.076,109.27,188.15,368.35,737.74,1280,2630.7,5392.2,11280,23489
1.0285,2.1748,5.091,10.177,25.559,52.239,108.99,247.66,484.9,924.79,1796.6,3751.2,6803.3,13053,23417
1.6064,3.1952,6.7717,10.292,22.472,44.193,71.892,178.95,281.45,783.17,1869.2,3785.4,7610.4,16191,28313
1.5737,3.215,5.8771,10.139,20.951,41.428,86.498,192.31,403.24,633.58,1616.7,3573.3,6985.5,15636,28433
1.7413,3.3423,6.1053,11.073,19.893,38.861,64.694,169.24,411.02,921.6,1599.8,3531.4,6989.1,16422,32028
1.2361,2.4056,4.9271,10.522,21.662,42.656,102.26,221.86,490.74,979.81,1832.1,3840.8,7906.3,12789,23434
1.7819,3.5903,7.1939,14.99,28.288,51.866,92.546,180.67,323.59,494.37,1453.2,2495.4,6485.3,13505,27197
1.3121,2.9716,5.7627,12.217,22.834,49.032,94.304,193.14,395.75,785.51,1560.4,3129.6,6197.4,12721,23572
1.7001,3.2203,6.1973,13.011,24.408,39.173,94.069,180.72,352.21,737.62,1223.2,3116.5,6175.5,16276,27772
1.3688,2.7365,4.6855,10.134,22.523,42.672,92.199,196.82,430.2,912.6,1602.7,3535.6,7865.6,13443,28378
1.4183,2.9187,5.5842,12.091,23.391,63.202,90.861,199.24,366.85,724.58,1438.3,3176.1,6361.8,12165,25166
1.1468,2.206,4.8096,9.0007,22.866,51.726,109.06,251.34,490.93,982.78,1911.7,3538,7899.6,14446,23630
1.4419,2.8774,5.8713,11.987,28.598,48.593,84.161,201.2,388.3,875.17,1288.2,3024.8,5892.3,12138,26621
1.525,3.0261,6.1962,12.43,23.333,46.178,84.596,174.69,343.34,724.33,1558.8,3125.6,6275.8,13635,28562
0.93877,2.2217,5.5598,11.808,20.985,60.469,127.19,247.29,480.77,926.8,1864.8,3586.2,6294.2,10957,27066
1.035,2.3837,5.8051,12.253,26.085,57.206,128.05,226.9,458.05,998.33,1771.9,2982.9,5497.4,11140,22749
1.0183,2.3551,5.3198,13.104,22.13,60.848,127.28,248.58,483.2,896,1904.1,3582.6,5394,11099,23538
1.5375,3.1373,6.5995,10.285,22.589,42.731,84.972,180.78,347.14,735.61,1556.6,3368.5,7549.3,13404,27851
1.6187,3.0225,6.3861,13.273,24.471,41.368,77.531,192.72,356.34,688.33,1406,2988.1,6910.9,13519,30906
1.5608,3.0953,5.6538,11.901,21.559,41.549,89.415,180.13,321.88,705.77,1599.7,3532.3,7528.9,16416,27812
1.4794,2.8925,5.2151,10.871,15.236,42.301,106.2,168.97,407.26,917.17,1814.6,3517.4,7622.2,16318,32821
1.523,3.0224,5.517,12.313,17.634,46.86,64.843,190.89,414.14,830.9,1879.4,3530,7162.1,16342,26990
1.6751,3.258,6.3263,10.973,23.644,40.449,73.359,204.82,346.54,691.58,1636.2,3379.4,6738.2,12977,32225
1.2179,2.5759,6.1948,11.396,27.072,55.651,106.81,205.71,418.56,914.54,1697.8,2612.4,5722.3,11682,22814
1.2622,2.4352,5.4386,10.984,25.88,52.467,109.36,248.38,456.65,999.46,1745.4,2562.7,5728.5,12160,23510
1.2956,2.5881,5.4788,10.465,21.293,43.385,91.894,194.8,411.46,924.41,1853.3,3545.9,7642.9,12378,27167
1.7176,3.5241,7.1942,14.786,30.122,49.938,85.919,171.47,319.6,768.19,1332,2959.3,5490,11420,24219
1.4939,2.908,7.0999,14.599,28.639,62.33,128.23,221.18,296.55,822.74,1361.7,2712.7,5234.8,11212,20932
1.0336,2.3807,5.3615,12.13,25.93,60.971,128.04,248.87,484.33,996.64,1772,3031.6,5393.7,11098,23537
1.5695,3.1919,6.4607,13.15,27.308,36.923,65.201,186.29,439.93,675.32,1653.3,3557.1,6182.3,12383,29479
1.6427,3.185,6.0142,10.516,18.28,40.714,78.515,188.39,396.55,759.16,1612.5,3568.8,6975,15628,32824
1.1883,2.3032,5.1379,11.048,23.494,51.468,108.85,217.42,443.02,923.46,1738,3146.6,7162,12129,23438
1.445,3.0747,6.4245,13.699,29.337,45.693,82.201,162.32,333.96,760.45,1430.9,2947.1,6204.4,13644,30134
1.2456,2.4493,5.2996,11.488,23.991,47.709,107.85,219.75,405.91,841.54,1657.4,3226.7,6334,12702,23766
1.3373,2.8619,6.561,12.882,27.914,49.166,103.35,205.87,413.37,826.96,1528.8,2459.4,5357.7,11670,23244
1.0646,2.4332,5.8724,12.351,26.264,61.267,127.52,228.12,485.68,997.25,1638.4,2758.5,5517.4,11151,22748
1.2017,2.3571,5.0418,10.609,22.471,49.969,107.46,220.91,481.57,1019.2,1636.2,3771.4,6981.3,10977,25263
1.3527,2.8076,6.4921,12.281,25.145,63.05,101.09,219.29,483.85,779.27,1307.1,2824.8,5516.4,11342,21958
1.2083,2.3849,4.8985,10.561,22.41,49.725,92.657,213.29,416.79,831.31,1868.8,3816.7,7283.3,14394,25269
1.6649,3.3205,6.6722,13.353,25.248,48.936,76.617,165.54,346.17,666.32,1374.6,3075.8,6340.5,13128,30367
1.5222,3.0185,6.8176,15.384,30.908,54.829,127.75,221.95,297.62,681.38,1387.6,2782,5417.8,11374,21889
1.53,3.2563,6.7582,13.586,26.718,57.77,101.36,214.19,372.96,612.26,1161.3,2721.5,5582.7,11465,27907
1.161,2.4294,4.8005,10.346,21.257,48.698,102.16,221.86,490.73,979.79,1832.1,3840.7,7902.3,12804,23405
1.0953,2.4848,4.9403,12.163,25.942,57.042,128.09,226.2,456.75,997.72,1933,2970.4,5466.9,11212,23621
1.2798,2.3424,5.145,10.844,25.546,55.354,108.82,219.21,442.15,853.07,1646.7,3085.2,6376.5,11804,23275
1.3931,2.7486,6.5334,13.854,27.772,55.679,116.34,251.78,466.45,669.94,1343.2,2692.8,5072.5,11369,22138
1.2459,2.6192,5.6795,13.837,30.494,61.439,127.53,228.39,407.48,728.12,1487.1,2775.6,5489.2,11424,21994
1.2898,2.5372,4.8197,9.8035,21.741,41.833,89.08,222.02,408.72,917.44,1815.6,3827,7638.9,16336,28383
1.4913,3.152,6.5564,13.892,28.816,47.013,84.49,168.41,339.15,775.87,1466.9,3014.3,5775.9,13749,23381
1.3713,2.9396,6.3014,13.414,25.121,48.683,95.153,197.64,363.07,740.1,1413,3121.1,6406.6,11819,23001
1.5049,3.178,5.9855,13.064,26.516,61.24,93.711,217.18,305.18,677.6,1172.5,2441.4,6661.7,16411,29983
1.3969,2.9811,6.3616,14.374,28.143,56.227,126.37,211.43,418.36,662.62,1333.6,2670.3,5022.6,11289,23669
1.2111,2.4233,5.5628,12.523,26.333,53.012,110.01,218.57,390.57,875.96,1418.6,3420.6,6062.1,11394,23548
1.5685,2.8928,5.7159,11.443,21.843,46.188,86.032,178.48,353.99,825.68,1589.8,3387.4,6306.8,13541,27193
1.4497,2.9813,6.4365,13.58,28.245,56.824,107.91,212.66,404.27,693.63,1340.8,2780.2,5407.1,11189,21305
1.3851,2.712,6.9293,14.309,27.974,57.314,126.35,253.34,396.19,670.81,1340.4,2684.3,4968.4,11286,23678
1.0128,1.9399,5.5287,11.542,23.153,52.169,101.8,252.51,493.95,983.9,1828.8,3553.4,7906.5,12828,23632
1.4038,2.9021,7.0259,14.456,28.337,56.617,126.49,213.48,423.68,698.98,1264.5,2707.3,5104.7,10297,23676
1.7153,3.268,6.7095,10.976,24.193,46.875,80.128,189.74,308.43,697.24,1401.7,3126.2,6939.2,13525,30365
1.5523,2.939,6.0009,12.183,21.915,40.918,70.228,175.23,372.51,820.49,1528.3,3543.3,7597.4,15660,29109
1.2113,2.5559,5.5731,13.738,30.346,61.091,127.52,227.1,402.61,714.33,1758.4,2783.6,5506.2,11177,21996
1.6768,3.3799,6.7298,13.788,28.236,54.606,107.8,201.68,281.97,574.33,1394.7,2729.3,5197.1,14129,26884
1.1951,2.2832,5.1036,10.966,22.598,49.983,110.17,221.33,456.3,1017.7,1741.3,3044.3,7025.5,12109,25083
1.2909,2.6651,5.3155,12.61,26.713,55.176,113.32,246.06,495.81,848.79,1492.1,2791.5,5019.4,11119,23646
1.0261,1.9634,4.9286,11.385,22.884,54.611,108.02,250.67,484.29,980.56,1913.4,3712.2,7905.4,13042,23632
1.7343,3.5009,7.0185,14.768,27.489,56.881,92.416,179.85,322.43,498.7,1453,2494.8,6484.6,13505,27275
1.4946,2.8047,5.1445,10.154,20.409,42.556,90.259,181.11,410.91,741.84,1813.4,3545.5,7724.1,16324,29180
1.4848,2.9604,5.9213,11.376,22.302,40.546,83.852,177.34,376.92,864.35,1396.8,3757.8,7054.1,13393,29195
1.3148,2.6279,5.6174,10.465,19.517,42.442,92.422,192.05,414.07,992.55,1871.7,3721.9,7793.3,12433,27141
1.7957,3.468,6.8742,11.48,20.6,35.083,70.934,137.8,396.47,859.42,1865.4,3553.9,7026.1,16304,32617
1.4592,3.0917,6.3432,12.224,30.877,50.557,99.285,198.16,381.56,679.1,1352.9,2757.7,5451.6,11834,26885
1.6163,3.2211,7.5945,14.011,28.274,63.552,106.67,187.85,287.73,653.36,1366.3,2705.9,5336.4,11602,26883
1.194,2.3811,5.9917,13.587,26.827,63.257,118.96,224.42,465.27,755,1676.7,2840,5545.7,11234,21257
1.6205,3.0262,6.2844,12.215,23.555,38.499,87.817,181.77,360.73,641.85,1636.2,3382.2,6667.6,14076,27038
1.3573,2.8116,6.9205,13.461,28.464,56.068,99.136,199.83,402.25,732.26,1250.3,2705.1,5455.9,11131,27952
1.1393,2.4099,5.4594,12.259,26.744,54.314,109.56,248.72,457.25,831.42,1657.7,2682,6336.9,11877,22835
1.3024,2.5987,5.522,10.526,21.205,45.044,93.393,194.41,415.81,837.89,1853.9,3548.2,7193.8,12376,27063
1.5066,3.0779,6.2621,9.6555,21.554,40.339,80.211,165.64,481.74,923.15,1556.3,3368.2,7548.1,13402,27847
1.7261,3.5388,7.1182,14.786,29.244,49.773,84.91,168.46,304.96,755.94,1319.6,2915.5,5384.5,11820,28414
1.4717,2.7484,5.6816,11.001,20.735,39.827,90.891,200.04,396.8,762.42,1859,3277.9,7059.8,15611,24900
1.1237,2.2463,4.8057,9.9938,24.184,42.451,100.75,249.04,487.42,967.98,1938.5,3528.9,7832.6,13541,27138
1.1988,2.3245,4.8037,10.553,21.374,41.759,126.03,221.34,490.53,979.43,1919.7,3544.1,7903.1,12748,25085
1.3745,2.6855,5.4399,11.578,23.002,47.246,105.88,200.18,380.05,716.14,1641.9,3635.8,6261.9,13046,23778
1.6523,3.2763,6.7723,13.63,28.334,53.776,106.5,198.2,267.24,545.54,1737.1,2729.4,5197.2,14129,26885
1.1744,2.5044,6.0739,13.674,27.203,63.256,127.56,226.08,476.41,920.64,1425.9,2880.5,5534.6,10194,21229
1.5335,3.2207,6.7467,13.196,26.941,50.512,94.06,181.68,403.43,788.21,1300.5,2791,5192.2,11223,25227
1.0925,2.3327,5.0626,10.175,25.86,63.372,116.79,248.51,469.36,994.19,1915.9,3185,5984.2,11258,24197
1.4568,3.0162,6.503,14.546,28.175,57.16,108.26,212.21,334.74,772.47,1325.1,2788.5,5034.8,11309,23287
1.2519,2.6399,6.3289,12.793,27.234,55.837,127.11,250,481.99,926.71,1368.1,2749,5101.5,9759.3,23634
1.3728,2.6468,6.522,14.205,27.696,61.839,114.79,210.58,491.09,824.01,1489.2,2821.5,3657.6,12837,22085
1.1725,2.4676,5.4577,10.846,25.807,53.099,108.49,243.98,494.32,957.01,1597.8,3113.1,6002.2,11139,22850
1.5353,3.1262,6.3607,12.955,26.584,44.916,88.411,172.83,330.36,664.83,1410.9,3388.2,6306.4,13531,26902
1.2374,2.6037,5.6532,12.611,28.155,61.036,127.06,226.63,393.18,753.79,1758.5,2782.9,5491,11175,21992
1.3146,2.7583,6.4501,14.192,27.579,55.233,120.7,250.6,412.54,636.02,1284.3,2571.7,6014.5,11536,24169
1.7199,3.2664,6.2821,11.084,23.306,36.352,74.991,190.98,366.11,728.63,1523.6,3235.7,7724.4,16270,27761
1.1539,2.4482,6.0235,12.368,26.289,51.381,107.82,240.87,450.76,808.68,1550.3,3135.2,5462.1,11628,23371
1.1924,2.8091,5.1842,10.238,23.332,44.406,91.437,214.53,416.59,836.72,1873.5,3759.3,6924.9,12505,25446
1.7048,3.3616,6.5409,10.145,22.531,32.497,65.829,167.85,414.14,858.32,1864.4,3549,7621.8,16308,32625
1.716,3.4751,6.7841,12.099,28.856,44.116,118.2,211.42,332.79,620.96,1267.6,3335.2,5571.2,11276,23897
0.99867,2.3332,5.7282,12.064,26.269,56.984,128.05,225.95,470.59,995.81,1764.9,2951.5,6027.9,11138,22815
1.7243,3.2972,5.9849,10.914,22.263,40.028,65.095,213.38,374.24,721.69,1604.9,3539.1,7005.5,14229,29753
1.0104,2.3264,5.6957,11.77,27.158,53.086,105.69,218.84,482.73,935.74,1872.9,3750.1,5495.1,11317,23105
1.1943,2.3562,4.8435,10.464,22.24,49.499,92.032,212.77,481.18,833.77,1869,3736.3,7285.3,14381,25268
1.6185,3.2318,6.1609,12.381,22.113,55.059,81.264,189.99,382.4,685.56,1129,2918.1,7163.6,15698,27731
1.2436,2.4375,5.8393,11.663,26.922,57.805,119.74,220.51,393.55,881.81,1307.5,3019.8,6416.2,11794,22789
1.1482,2.4264,5.4857,12.298,26.799,54.415,109.75,229.26,457.32,831.66,1658.2,2672.4,6336.9,11877,22835
1.3144,2.9751,5.7703,12.181,22.841,49.048,95.842,192.86,470.54,795.43,1580.7,2711.3,6153,12726,23595
1.575,3.2173,5.8838,10.156,20.984,47.566,89.017,196.12,358.42,643,1627.1,3586,6655.3,14111,26916
1.5511,2.8323,6.3299,12.167,22.966,44.688,87.655,175.16,332.55,852.61,1569.3,3109.2,6298.2,13667,26338
1.049,2.2431,5.1927,11.871,23.63,53,128.23,247.85,453.58,815.31,1809.9,3725.3,5940.4,13086,22836
1.3646,2.7266,5.1356,12.659,24.606,52.012,108.63,200.16,414.69,805.91,1529.3,2898.4,5425,13031,24020
0.95457,2.2481,5.596,13.379,21.503,60.636,117.29,250.38,420.13,927.88,1868.9,3596.3,6004.8,11002,25401
1.1703,2.3432,5.1772,11.025,22.028,51.058,127.46,248.27,450.64,925.97,1742.8,3785.4,6307.5,11110,23447
1.262,2.4926,6.2318,12.871,27.13,58.423,126.92,224.82,404.92,750.65,1338.4,3077.1,5454.7,11794,22790
1.6073,3.1827,6.8311,13.385,27.282,51.414,96.349,186.58,343.05,783.82,1364.4,2803.7,5205.7,11013,25222
1.023,2.3409,5.2032,10.968,23.392,52.505,127.18,247.4,486.59,923.17,1810.5,3766.5,5950.6,13156,21962
1.4682,2.9178,5.6095,10.584,20.976,54.071,83.292,199.32,373.58,870.94,1564.5,3402.6,5546.2,13298,29576
1.1072,2.3466,5.3448,10.481,25.367,52.324,107.1,243.21,493.01,952.17,1565.9,3043.4,6848.2,13078,22850
1.2051,2.3377,4.81,11.977,23.918,33.737,123.03,251.14,492.36,992.62,1916.2,3549.3,7796.4,12795,23756
1.2726,2.6692,5.2267,13.781,30.452,61.196,127.5,227.66,404.68,720.49,1472.6,2724.3,5414.3,12815,21992
1.0504,2.3875,5.2819,10.88,23.699,52.862,116.67,203.17,485.64,928.35,1823,3763.6,6320.1,11887,23528
1.2643,2.4832,4.6747,10.603,22.526,50.095,87.697,219.62,453.35,1021.6,1743.7,3393.4,6929.8,13371,25599
1.2388,2.4626,4.989,9.4229,21.463,42.093,106.75,222.79,410.69,911.88,1819,3855.2,7358.5,13712,29024
1.2859,2.3069,5.6905,11.006,26.431,43.059,87.158,199.36,407.28,825.66,1859.6,3560,7073.6,14163,23900
1.238,2.3661,5.1003,10.67,22.135,42.627,102.36,252.5,456.8,924.97,1831.5,3842.4,5599.8,12946,29288
1.1116,2.3876,5.9253,12.416,30.265,63.189,127.55,249.19,474.14,914.1,1652,2878,5534.7,9876.9,22075
1.4869,2.9558,5.6938,10.883,27.175,47.277,88.565,204.53,386.31,728.81,1579.9,3433.9,5313.5,11540,29170
1.2983,2.3363,4.9319,12.147,27.947,54.346,119.12,206.68,425.47,785.49,1589.7,2956.4,7282.8,11354,22820
1.7197,3.2708,6.3154,11.164,19.915,31.017,104.98,147.29,319.4,918.1,1865.5,3550,7588.9,16305,32568
1.4209,2.928,7.0255,12.945,24.382,51.637,100.41,205.32,417.52,761.39,1251.3,2698.1,5496.3,12713,23571
1.1458,2.2544,5.8876,13.449,30.279,63.875,127.41,249.24,473.78,862.96,1520.5,3128,5534.3,9876.1,22067
1.5134,2.7322,6.2373,13.393,22.369,54.625,77.038,189.57,379.1,755.43,1547.6,2429,6727.9,16259,27630
1.2838,2.5322,5.7591,12.636,27.197,58.467,112.26,191.36,448.19,903.05,1339.7,3066.7,5459.1,11740,22782
1.5048,3.0694,6.4962,11.817,27.745,57.348,117.77,205.92,318.04,595.58,1841,2571.8,5442.5,13178,23409
1.2405,2.5804,5.1058,10.887,22.284,50.166,104.65,225.17,489.72,984.27,1853.1,2780.4,7954.7,11111,23408
1.6743,3.4386,7.1215,12.283,21.305,36.867,72.409,151.36,346.31,815.58,1876,3566.4,6132.8,16411,32557
1.1872,2.3583,5.4091,12.137,23.924,49.246,106.13,217.86,423.53,920.16,1847.6,2754.7,7407.7,11902,23142
1.0442,2.2043,5.1382,10.271,25.664,52.404,109.3,247.58,422.47,922.56,1796.2,3828.3,6801.1,13066,23418
1.6569,3.4373,7.6373,14.212,28.913,53.199,107.14,190.16,293.49,666.41,1253,2625,5441,12068,26885
1.2079,2.5607,6.2336,13.927,27.073,61.558,127.41,228.93,489.11,737.09,1411.3,2640.2,5455.9,11665,22110
1.7454,3.3388,6.4793,11.013,28.767,63.552,91.095,185.51,471.42,891.7,1738.5,3052.9,3596.7,11317,21254
1.1366,2.2252,5.3235,12.026,22.681,49.586,128.29,218.47,437.04,863.36,1641.6,3276.5,6391.9,11629,28494
1.1782,2.3077,5.4717,11.234,26.533,51.696,114.82,227.57,426.39,964.86,1754.2,3895,5336.3,11245,22809
1.4163,2.8038,6.2726,13.44,25.386,59.351,88.534,224.04,405.55,767.52,1348,3078.7,5221.9,11788,22896
1.3675,2.7211,6.1931,11.962,27.121,49.729,92.833,197.38,463.47,722.65,1338,2947.3,6277.1,12117,25197
1.0701,2.4218,5.3042,11.823,23.476,47.962,104.4,246.83,485.74,901.83,1651,3748,6387.7,11896,23260
1.0879,2.168,5.7253,13.263,25.695,63.113,117.66,219.98,458.6,926.74,1650.5,2812.2,5379.8,10911,29028
1.4829,2.7736,6.2105,11.424,22.019,41.885,84.098,203.11,370.93,769.7,1865,3570.7,5436.3,13379,29217
1.6732,3.4628,6.823,13.554,25.184,49.087,79.472,148.2,359.77,668.26,1414.1,3145.6,6312.7,13171,26980
1.728,3.4895,6.9202,14.809,26.482,45.635,82.439,177.21,326.58,673.62,1150.7,3295,6132.2,13529,27420
1.0408,2.3928,5.8087,12.188,31.227,60.976,127.69,223.02,484.65,907.41,1764.5,2749.5,5620.7,11201,21963
1.092,2.4822,5.9366,13.527,26.59,61.425,127.42,229.71,487.2,998.83,1400.7,2758.5,5517.4,11151,22742
1.4528,2.8361,5.0676,10.665,14.421,41.246,105.14,222.79,506.65,748.19,1808.1,3518.9,7624,16320,32823
1.5467,3.0721,6.9069,15.479,29.402,55.246,111.78,226.48,297.68,681.48,1386.3,2781.9,5398.7,11368,21987
1.5576,3.1018,7.525,13.704,27.699,63.472,103.41,177.41,253.43,777.79,1327.2,2630.8,6600.5,11603,26884
1.1739,2.3315,5.3907,12.082,23.331,48.934,105.66,217.04,421.65,913.67,1885.6,2729.1,7386.6,11815,25343
1.6433,3.3851,7.0388,11.718,19.999,33.558,65.629,207.77,343.95,847.12,1692.9,3687.9,6686.6,16317,32655
1.3851,2.7455,5.5134,10.639,19.918,38.075,88.199,195.97,404.58,863.72,1852.8,3532.1,7027.3,15592,29155
1.3918,2.8925,6.5972,12.421,28.174,57.552,111.55,206.63,307.42,740.39,1689.7,2611.3,5734,11680,22812
1.4282,2.8559,5.973,11.524,23.208,48.774,99.955,142.92,426.25,646.22,1837.5,3527.1,6310.9,13530,26899
1.3777,2.8285,5.6441,12.488,27.259,55.461,114.8,171.17,495.37,732.21,1451,2695.2,6360.1,11148,23645
1.0533,2.4144,5.8646,11.682,26.043,55.98,127.51,226.88,485.4,995.92,1620.5,2747.1,5415.7,13079,22745
1.6331,3.2389,6.1706,12.52,23.593,46.099,77.716,201.05,426.63,854.65,2019.9,2751.1,5216.4,16225,30319
1.1582,2.2299,4.8521,9.0939,23.034,51.897,109.33,251.42,491.77,914.09,1826,3553.1,7409.5,14431,23666
1.1384,2.1864,5.8191,12.222,26.534,57.154,128.06,227.16,435.69,996.62,1294.1,3763.3,6010.4,11096,23642
1.3639,2.7151,5.4883,10.506,23.176,45.697,80.872,171.53,368.67,905.93,1820.2,3829.8,7343.2,13399,28864
1.2072,2.5638,6.1502,13.767,30.5,55.87,127.49,249.97,478.45,926.59,1367.1,2748.5,5100.7,9757.6,23630
1.2049,2.6906,6.154,12.908,21.04,38.261,125.87,225.41,483.1,994.57,1598.9,3203.8,6393.5,11150,22781
1.3174,2.6833,5.5517,12.617,26.996,44.673,118.01,222.43,418.26,745.56,1634.2,3121.3,5315.7,11812,23272
1.3844,2.8901,6.1327,13.276,28.889,56.115,103.85,205.73,406.88,813.69,1311.1,2817,5516.5,10267,23559
1.3419,2.6828,5.6012,11.49,24.001,36.027,104.49,250.06,490.9,663.98,1402.4,3368.8,7858.5,13541,27140
1.0625,2.2986,5.7564,12.18,30.166,63.154,127.55,248.83,471.13,695.86,1595.7,2704.7,7239.7,10240,27676
1.5567,2.8613,5.9915,11.758,24.288,44.088,92.402,186.39,298.64,832.08,1408.3,3126,6940.5,13524,30363
1.3611,2.8126,6.8632,12.221,29.426,62.893,116.48,181.02,388.69,835.91,1384.7,2647.1,5223.5,11280,23809
1.1117,2.1742,5.2443,11.907,22.406,51.092,128.21,217.63,435.36,858.53,1632.8,3263.8,7133.7,11623,28477
1.2269,2.7132,5.1975,9.8825,22.173,42.331,90.549,223.83,436.23,909.26,2015.8,3004.1,7340.9,13716,28867
1.5855,3.1461,5.799,12.142,22.171,31.632,85.897,173.21,423.25,702.23,1588.4,3525.7,7521.2,16415,32517
1.4253,2.6372,5.4759,11.731,20.361,38.921,78.2,195.92,453.48,921.62,1823.4,3539.9,6463.7,14089,29216
1.4366,2.5503,5.013,11.175,19.383,41.873,102.93,251.82,486.1,820.19,1590,3387.7,6307.3,13547,27199
1.1849,2.5089,5.1158,10.87,22.239,42.921,101.69,252.55,457.49,926.22,1635.8,3841.1,6526.9,11385,29290
1.4915,3.1531,6.867,13.988,28.96,47.808,86.495,176.06,346.58,798.82,1500.1,3053.5,5909.2,13894,18851
1.5844,3.1512,6.9613,14.2,29.44,62.127,103.04,223.08,295.56,1025.6,1356.5,2904.2,5804.2,8165.3,22437
1.4728,2.7466,5.6738,10.824,19.694,44.908,80.399,171.74,429.32,790.54,1820.5,3757.8,7654.3,13407,29181
1.1708,2.2322,5.8774,12.339,26.104,52.493,108.38,248.35,484.73,901.32,1768.2,2704.2,5799.3,12154,21966
1.1142,2.1759,4.7228,9.8401,25.586,52.154,102.3,249.34,490.91,979.54,1914.7,3550.8,7917.3,12760,23432
1.5052,3.0712,6.2309,12.738,26.611,32.917,93.597,189.58,435.99,683.67,1669.6,3579.6,6265,12308,23431
1.3102,2.7441,6.4085,12,27.67,56.409,109.35,211.73,429.77,927.73,1427.9,2695.3,5081.2,11864,21204
1.247,2.5924,5.1304,11.574,22.603,46.904,104.9,225.5,380.76,982.81,1846.1,3153.2,7954.6,11111,23408
1.6218,3.235,6.0337,10.26,17.712,60.668,106.83,164.2,319.79,762.55,1732.9,3271.9,7421.2,15144,23146
0.97952,2.1221,4.9922,13.244,29.968,61.583,117.43,182.07,418.5,806.09,1799.8,3714.1,6253.7,13262,25392
1.2088,2.4205,6.0671,11.122,27.07,63.878,110.84,249,472.4,997.06,1513.8,3116.6,5728.4,9877.3,22070
1.2825,2.5436,5.2962,13.831,30.433,53.185,119.41,196.55,436.11,808.01,1724.6,2876.4,5056.7,10459,25394
0.85215,2.0765,5.3804,11.505,30.616,55.205,127.19,247.27,480.68,924.9,1800.7,3831.7,6293.8,10956,27114
1.3507,2.3123,5.6505,12.523,23.184,52.449,105.41,186.29,490.02,755.52,1550.3,2386.2,6727.8,16259,27632
1.2787,2.6756,5.7752,10.779,22.159,63.941,93.102,220.76,435.73,861.07,1889.3,2593.1,7257.2,11268,23444
1.0856,2.637,4.8251,10.393,21.194,52.766,102.75,222.48,491.25,983.41,1835.7,3162.2,7901,12768,24110
1.653,3.0953,5.879,13.889,23.551,37.724,78.439,186.25,372.46,741.5,1546.4,3273.3,5803.6,16270,27762
1.3059,2.7278,5.3191,12.653,26.722,52.337,109.35,201.69,415.26,748.06,1529.8,2900.2,5429,13098,23783
1.2687,2.6706,6.3681,12.802,27.445,50.12,127.43,249.6,479.57,934.22,1751.3,2896.9,3192.5,13598,23627
1.2249,2.5674,6.2464,15.48,31.346,55.344,127.26,229.09,436.25,748.59,1415.8,2861.7,5600.5,9583.7,23390
1.1802,2.3447,5.5863,9.48,21.523,60.34,108.28,216.6,417.91,919.94,1835.5,2622.9,7359.4,13619,29024
1.1913,2.3502,4.832,10.444,22.205,49.418,127.51,214.52,418,845.7,1545.3,3816.8,7283.4,14394,25270
1.3409,2.8986,5.7476,14.164,27.475,55.019,120.51,250.44,410.15,648.81,1302.7,2570.9,6022.8,11534,24173
1.3288,2.6175,4.9943,11.197,24.12,43.496,93.353,225.76,381.96,641.27,1874.7,3787,6287.3,16334,30002
1.1803,2.3339,5.3912,10.518,20.951,52.77,85.52,239.92,485.08,923.52,1812.6,3702.1,7497.3,13052,23622
1.3056,2.5767,5.8013,13.768,23.969,62.535,114.43,226.23,378.87,820.33,1262.7,3232,5329.6,12192,23777
1.2165,2.392,6.0427,12.532,26.705,63.258,125.63,230.31,487.77,999.43,1334.5,2758.5,5517.4,11151,22742
1.0617,2.4278,5.4236,12.102,26.056,49.133,125.73,236.51,483.64,1018.5,1765.5,3006.5,5215.7,10944,27532
0.96718,2.2512,5.0469,10.687,22.977,51.873,127.27,247.1,485.2,924.73,1831.3,3749.5,5864.7,12930,28732
1.5539,2.8928,6.0563,13.548,23.219,64.11,71.136,249.24,487.37,736.29,1495.7,2705.8,5375.7,13442,22944
1.491,2.9695,5.3489,8.3037,26.336,64.112,110.87,248.56,335.73,742.63,1747.3,3332.1,5341.3,15145,22820
1.2279,2.5741,5.0242,9.5854,24.01,35.988,128.22,247.69,404.16,819.45,1859.6,3536.9,7055.9,14088,29214
1.6227,3.0295,6.2922,14.479,24.861,36.198,127.44,162.2,389.5,706.07,1483.7,2811.4,7045.5,10824,30376
1.4988,2.9901,5.5841,13.398,28.269,63.614,84.133,194.05,390.76,706.46,1185.7,2990.9,7227.6,10777,27730
1.1112,2.3301,5.339,10.673,21.278,60.612,110.9,248.12,486.32,929.91,1809.5,3769.1,6343.3,11166,23418
1.5571,3.0987,6.3272,12.045,23.542,49.153,92.694,209.91,346.57,593.1,1581.4,3421.6,5272.5,13345,27086
1.3696,2.6482,5.5796,11.704,14.987,42.459,102.23,252.32,507.71,756.78,1823.9,3843.3,6569.8,12948,29284
0.89048,2.1291,5.4692,11.675,23.052,52.017,128.02,250.81,448.25,984.72,1921.9,3553.9,7909,12828,22772
1.1254,2.4141,5.9586,12.474,30.294,63.206,126.76,225.77,474.22,914.31,1652.7,2880.1,5539.3,9827.7,22076
1.2934,2.5637,5.3862,11.576,24.713,50.533,95.761,146.57,484.71,826.58,1900,3593.7,6233.6,13089,25228
1.3646,2.8243,6.4625,13.258,27.687,54.483,115.03,230.68,464.94,803.59,1357.4,2182.3,5496.2,11318,23106
1.486,3.0555,6.2466,13.656,25.675,41.101,95.132,246.37,357.91,841.74,1261.7,3008.4,4738.7,13541,28392
1.1027,2.1236,5.1498,9.9846,23.176,60.937,108.76,250.91,485.38,982.37,1918.8,3682.5,7917.3,11097,23635
1.3893,2.8913,6.8937,14.458,27.955,56.767,127.01,212.22,334.77,772.31,1325.1,2788.7,5035,11309,23287
1.1023,2.4859,5.4377,11.174,23.048,53.339,116.71,248.55,489.22,788.21,1474.4,3775.4,5933.2,13055,23423
1.3628,2.9426,6.2817,14.294,27.931,55.887,126.29,209.15,348.88,609.74,1776.4,2640.1,4940.5,13146,22843
1.4586,2.7131,5.6115,10.815,20.935,36.254,91.138,225.9,415.99,795.17,1530.6,3757.8,7053.1,13714,29168
1.2044,2.291,4.7128,10.452,23.321,42.448,108.84,239.51,455.38,922.44,1791.4,3835.4,7401.5,14058,23635
1.3317,2.789,6.4825,14.211,27.684,63.794,126.19,250.95,418.51,663.29,1332.2,2667.4,5345.3,11363,22123
1.5459,3.162,6.6332,12.858,26.663,57.98,97.11,175.13,499.8,730.86,1270.8,2612.6,5368.7,11171,25065
1.5744,3.2664,6.7292,10.98,28.128,37.262,73.216,152.88,348.82,818.73,1878.8,3574.7,5752.5,15908,32562
1.1936,2.3363,4.9739,13.548,30.221,61.887,118.74,190.79,502.65,793.3,1703.9,2797.7,6341.1,10374,25391
1.1698,2.2667,5.9312,10.296,24.19,51.237,94.728,215.12,434.78,828.86,1641.2,3189.8,7931.5,14126,23595
1.2797,2.5516,5.8629,11.994,24.724,61.927,109.28,224.6,463.71,855.2,1713.7,2864.2,5520.4,10608,21227
1.0892,2.0883,4.3796,11.215,23.531,51.825,127.88,250.13,486.76,918.54,1914.7,3547.8,7906.7,13525,23016
1.3941,2.726,6.3989,14.323,27.843,56.995,90.837,232.8,392.2,705.19,1785.5,2696.8,4997.1,11322,22747
1.4464,2.5676,4.1707,12.274,26.357,58.841,127.55,243.56,487.6,893.93,1467.5,2709.9,6368.7,10731,23452
1.6543,3.2999,6.6785,12.744,25.278,41.591,94.515,201.65,403.12,413.71,1548.1,3354.2,6502.7,13299,29240
1.5179,3.1101,6.6256,12.033,26.1,50.497,104.85,200.91,347.95,698.19,1851.6,2632.1,5394.2,11285,23410
1.4604,2.3598,5.6346,10.706,21.99,52.378,127.54,249.09,456.38,769.02,1761.1,2582.2,6285,12451,23448
1.5702,3.0198,5.6155,12.38,18.023,40.841,78.544,188.35,396.6,759.28,1609.1,3568.8,6975.1,15597,32824
1.5039,2.9434,5.3655,12.576,17.117,46.249,62.576,187.16,410.16,914.87,1875.5,3516.8,7778.7,16342,32644
1.3341,2.7819,5.8049,11.857,25.546,54.676,110.4,216.08,526.02,907.42,1781.7,2977.4,6014.9,13446,25781
1.7043,3.4018,6.4618,11.507,20.813,35.377,113.38,162.02,322.31,761.33,1715.8,3271.2,7418.3,15146,23721
1.0453,2.0038,5.6075,10.531,23.14,52.153,101.76,252.48,493.88,983.76,1845.8,3553.1,7909.7,12813,23630
0.99396,2.3142,5.1358,10.605,25.729,52.549,116.34,247.97,485.89,928.42,1808.3,3580.3,5916.3,13104,23421
1.3512,2.5143,5.8189,10.412,22.491,42.966,90.904,223.55,406.93,898.12,1647.5,3338,6238.9,13082,27478
1.372,2.562,5.339,10.287,23.513,42.612,128.22,190.98,408.41,899.57,1654,3274.3,6755.9,11539,27477
1.2646,2.768,5.9932,7.5745,26.284,63.616,127.47,248.88,484.34,996.65,1772.1,3032.3,5382,11098,23537
1.2576,2.5085,5.0598,13.45,26.431,47.242,117.98,229.64,460.34,843.53,1638.1,3878.2,5464,10689,21243
1.742,2.6466,6.4862,9.9081,20.516,40.538,85.385,180.43,397.64,761.66,1616.6,3573.7,6986.4,15637,28299
1.5936,3.3273,6.7134,13.055,27.126,41.244,90.383,223.28,289.06,937.8,1293.2,2534.3,7614.3,12528,23979
1.3414,2.6802,5.0312,12.517,24.281,51.555,95.034,195.76,424.68,859.72,1838.9,2909.4,5416,13020,24394
1.114,2.3625,5.9756,15.498,31.247,54.09,126.46,224.8,425.25,712.13,1325.6,2685.4,6709.6,13045,23245
1.7339,3.5002,7.0223,14.812,27.516,62.917,96.621,187.16,317.62,497.08,1470.4,2542,6535,13590,23287
1.2207,2.4453,6.1817,10.209,18.938,41.414,127.51,195.85,415.11,893.16,1872.2,3722.7,7711.2,12397,27143
1.3301,2.6163,4.9958,10.147,22.25,43.041,91.2,223.71,414.33,916.04,1793.9,3840.8,7639.1,16396,21631
1.467,3.085,5.6562,12.982,28.048,49.637,95.389,205.39,412.43,770.76,1511.4,2403.9,5948,11809,23249
1.1578,2.4056,6.1559,13.704,26.568,45.459,109.58,167.77,482.96,785.57,1545.2,3430.9,5540.8,13430,25718
1.6215,3.3672,7.1273,11.118,28.956,32.666,126.27,159.53,300.56,926.77,1740.4,2819.9,7041.1,10963,30191
1.1487,2.4549,5.4929,15.586,30.93,61.216,127.48,226.42,407.95,812.19,1931.4,2880.7,5484.3,9897.2,22138
1.4981,2.9767,6.4345,11.807,20.262,53.473,112.61,250.1,404.34,697.18,1261,3017.4,5326.9,15728,22779
0.83903,2.0544,5.3296,11.412,25.419,51.768,126.1,246.79,479.04,921.46,1854.7,3558.4,6765.3,12893,27064
