1.0877,1.9968,3.9281,8.5265,24.733
1.6817,3.1723,2.4582,6.7431,21.519
1.317,2.4594,3.668,7.4273,19.921
1.7973,1.4782,2.8183,9.5221,31.436
1.5219,2.5432,3.2742,8.097,17.505
0.94931,2.019,4.1171,15.444,16.614
0.92686,3.9994,4.0861,8.3546,16.516
0.93957,2.0411,7.986,8.2635,16.488
1.8418,1.9932,3.8772,7.844,17.497
1.5244,1.457,4.1899,7.4774,27.702
1.185,2.3371,4.5985,8.2558,16.538
0.99151,2.5256,2.6835,9.6371,31.719
0.99814,2.8633,5.2961,8.379,14.039
1.659,2.0259,3.0041,7.0557,28.096
1.1664,2.5264,6.1598,5.917,16.697
1.9951,4.1653,2.994,4.8618,34.617
1.6773,2.1157,3.1975,7.2476,22.876
1.7677,1.2834,2.3791,13.492,31.984
1.1511,2.1359,4.2108,7.0271,24.733
1.086,1.879,5.0457,7.4229,23.29
1.6987,3.6193,4.0713,6.8631,11.984
0.55183,3.5345,7.9899,11.788,12.135
1.7305,3.9786,0.58049,10.562,30.789
1.3641,2.1463,3.5888,7.0816,24.337
1.8148,3.3987,3.7998,5.9115,14.899
1.1952,1.1677,4.4367,10.824,27.17
0.94289,3.5516,7.9898,9.2329,8.9057
1.0197,1.7937,3.8668,10.964,23.101
0.9983,1.4452,4.6157,10.295,27.071
0.61174,1.3689,7.6968,15.38,23.231
1.2312,2.4402,5.108,7.2562,15.737
1.1229,3.6284,7.1424,5.9917,12.097
1.2411,3.6904,3.9358,7.5577,14.403
0.66595,1.5334,4.9686,14.317,28.647
1.3675,1.8075,3.6519,8.4682,23.507
1.3169,3.6666,5.2466,7.0882,10.84
0.86354,2.6824,4.4088,10.297,16.729
1.7997,3.6237,3.134,5.7612,17.955
1.1115,2.1829,4.5829,9.0901,17.178
1.3563,1.5514,3.047,10.825,27.171
0.74106,1.6737,5.1178,12.344,23.386
0.78885,1.7047,6.2432,9.4186,23.231
0.85776,1.9163,5.4228,12.014,16.83
1.7333,3.6498,4.2683,7.0857,10.848
1.7441,3.3026,3.3908,8.3031,12.28
0.55054,2.7794,7.9096,15.332,12.47
1.4106,2.3524,4.3893,7.4731,16.211
1.6309,1.7988,3.2702,7.3612,28.538
1.1623,1.0385,4.3169,12.239,31.719
0.88266,2.7067,5.2873,8.3932,16.654
0.78402,1.7125,4.4558,13.54,23.386
1.2229,2.4261,5.0809,9.0842,12.754
0.83726,1.9703,4.6509,9.5476,24.532
0.78414,1.3147,6.2401,15.341,20.909
1.1362,0.96125,5.4885,10.824,27.17
0.99269,1.2958,4.2787,12.261,29.125
1.4705,3.786,2.2934,7.2133,21.518
0.56048,2.7541,7.0998,11.526,14.946
0.81684,2.6942,7.1704,8.2615,14.835
1.1387,2.4773,7.4823,5.5735,16.645
0.5241,3.5258,7.9907,15.534,10.902
0.99872,1.76,3.6214,15.383,20.72
0.79803,2.2307,6.9908,10.624,14.375
1.0835,1.9495,3.9919,10.047,20.675
1.1332,1.1107,4.3807,15.379,23.265
0.80265,2.2923,4.935,10.828,17.848
0.63117,1.6101,5.3438,15.591,24.531
1.4199,3.2064,4.1428,6.6703,14.7
0.57807,1.7095,5.3668,13.215,27.68
1.6266,1.9971,3.6275,9.1065,17.057
0.89674,2.139,4.749,10.092,18.995
1.2487,3.1184,6.5592,6.8696,10.736
0.45791,2.2894,7.7392,15.433,17.243
0.48813,3.2325,6.8411,11.418,15.084
1.7559,2.2454,2.8916,7.1862,23.476
1.4568,2.4808,4.6704,6.4903,16.211
0.94293,2.1117,4.0271,8.1503,31.962
1.0408,3.6977,8.0077,6.9576,10.853
1.7041,2.4291,4.6106,3.3309,29.07
1.1843,2.9664,7.4101,7.1982,10.567
0.75159,1.822,6.9752,15.599,14.835
0.49528,3.283,6.5306,7.1845,24.486
1.5822,1.5136,2.6578,10.85,28.698
0.94431,1.16,4.4411,15.102,29.225
0.58062,3.5441,8.0407,8.2337,16.338
1.2253,1.2732,4.57,9.4533,27.171
1.2069,2.1359,5.5881,5.2898,23.247
1.5741,1.7206,3.0263,8.5018,28.303
1.3159,3.7906,5.2979,6.958,10.854
1.7895,2.4803,3.5728,8.3629,14.488
0.72506,2.9343,6.0223,11.918,12.127
0.69413,2.4664,4.3603,15.432,17.402
0.71213,1.5592,7.7892,10.812,22.009
0.74769,1.9145,7.2518,11.293,16.648
0.7801,1.6998,5.5523,15.607,17.943
1.214,1.2334,4.5559,9.3581,32.162
0.95482,1.3346,5.52,10.38,24.692
1.4888,1.0747,3.374,12.679,28.349
1.5528,1.4359,2.4787,12.832,28.172
1.1191,1.3969,8.0407,10.159,16.338
0.754,1.7018,7.9597,12.854,16.526
1.4141,3.764,4.8589,5.2969,14.505
0.65537,3.4316,6.0083,11.722,12.161
1.424,1.9688,2.2235,10.823,27.168
0.29757,3.6412,8.0252,11.078,18.964
0.77656,3.5548,5.3157,10.792,12.161
0.97283,1.7447,7.9741,6.438,24.733
0.31996,2.4126,6.1946,15.177,23.242
1.0599,0.9785,4.4408,15.135,32.124
0.51391,1.7531,7.2341,10.571,31.705
0.32627,2.1504,7.7139,15.379,23.164
0.2149,3.2869,7.9694,15.412,19.009
0.39226,1.6767,7.1784,15.714,31.705
1.3786,2.1884,3.5363,10.111,16.353
1.0312,1.8893,4.773,9.878,18.995
1.1934,3.75,4.8138,8.3681,10.854
0.81333,2.1603,6.3222,10.282,15.902
1.4245,2.5298,6.6419,7.2527,10.687
1.0249,2.3717,5.2413,11.494,12.116
0.95338,1.8725,5.8373,11.279,15.339
1.8094,1.693,3.2776,10.089,19.096
1.3911,0.73722,4.2607,15.356,28.219
1.3475,2.6761,5.5458,5.6334,15.737
0.9416,2.2965,7.2263,15.663,8.9142
1.0932,2.8423,7.9892,9.2507,8.8504
