0.00016195,0.00016195,0.000162,0.00016211,0.00016606,0.00017021,0.00019371,14.373,0.0015128,0.00016195,0.0057006,0.0038484,0.0063704,0.0094911,0.00088468
9.2017e-05,9.2017e-05,9.2017e-05,9.2017e-05,9.2017e-05,9.2017e-05,9.2017e-05,9.2017e-05,9.2017e-05,9.2017e-05,21.771,0.00035816,0.00051911,9.2017e-05,0.00014258
0.00018214,0.00018214,0.00018237,0.00018487,0.00022539,0.0036369,0.022622,0.026972,0.058139,0.26701,0.97836,1.4763,1.5685,1.8309,0.00029205
0.00027988,0.00027885,0.00028916,0.00049658,0.021567,0.077568,0.22977,0.27884,0.34678,0.36624,0.45533,0.42899,0.67889,0.69731,0.0002785
0.00019786,0.00019783,0.00020103,0.00021837,0.00023661,0.03269,0.042397,0.20095,0.33032,0.37646,0.76487,1.5346,0.89079,0.4647,0.0070896
0.00017326,0.00017325,0.00017368,0.0001747,0.00018802,0.0013667,0.0077124,0.033744,0.027515,0.1598,0.56407,0.89695,3.039,2.6716,0.62869
0.00019448,0.00019532,0.0002001,0.00054785,0.0007144,0.1601,0.77026,0.68575,0.7338,0.81985,0.27034,0.15898,0.0033302,0.059126,0.00063089
0.0001115,0.0001115,0.00011151,0.00011153,0.00011153,0.00016903,0.00015518,0.00029082,0.00011195,0.00012651,0.00071084,0.00024795,24.966,0.0062911,0.0001115
0.00013911,0.00013911,0.00013952,0.00014321,0.00036835,0.0043002,0.035201,0.059694,0.047107,0.051259,0.10276,0.09023,1.6994,3.4412,13.41
0.00012436,0.00012437,0.00012447,0.00012511,0.00012731,0.0071676,0.70422,1.1655,1.3753,0.56701,0.27821,0.16136,0.018672,0.010353,0.0021255
0.00024043,0.00024008,0.00025185,0.00029364,0.00047961,0.079319,0.18474,0.35069,0.31077,0.41107,0.4409,0.48307,0.72134,0.89526,0.0002908
0.0007922,0.00080267,0.00087848,0.0011515,0.0011649,0.029696,0.080939,0.16374,0.20849,0.2186,0.59781,1.3648,0.93276,1.1582,0.34122
0.0066982,0.006549,0.010151,0.050264,0.02909,0.7884,1.7273,0.023461,0.0082427,0.1491,0.039084,0.34786,0.15837,0.28498,0.0096289
0.00015674,0.00015674,0.00015675,0.00015892,0.00016411,0.009113,0.045966,0.12439,0.42905,1.2492,2.4491,0.65158,0.2313,0.080419,0.00033696
0.00033284,0.00033246,0.00033533,0.00040924,0.00056255,0.030861,0.16578,0.14148,0.30079,0.54974,0.81669,0.75291,0.31862,1.2603,0.21843
0.00011997,0.00011998,0.00011998,0.00012078,0.00012116,0.00079678,11.302,0.010885,0.0038156,0.0062081,0.017393,0.0031113,0.025323,0.0012287,0.0018377
0.00050856,0.00050844,0.00051568,0.00066527,0.0010665,0.063805,0.14946,0.30167,0.36509,0.19371,0.57352,0.88472,0.4631,1.1547,0.004712
0.00013176,0.00013176,0.00013176,0.00013179,0.00013192,0.00015907,0.00015071,0.00013241,17.415,0.0019257,0.0012877,0.00013176,0.00019573,0.00025126,0.00019514
0.00014074,0.00014074,0.00014079,0.00014079,0.00014128,0.00064371,0.051175,0.029888,0.069298,0.30993,1.3675,1.7826,1.6258,0.7149,0.00017589
0.0001407,0.00014093,0.00014465,0.00014928,0.00018989,0.01234,0.01676,0.044048,0.49194,0.37003,0.75825,2.1692,0.7225,0.72665,0.00018386
0.0093495,0.0093495,0.0093496,0.0093548,0.0093661,0.018441,0.033039,0.07525,0.019693,0.031751,0.12196,0.43573,1.6089,3.9589,6.3995
0.00050878,0.00050837,0.00053324,0.0011167,0.0036095,0.02942,0.11223,0.22506,0.27251,0.24838,0.78374,0.92416,0.57006,1.206,0.0047116
0.0049964,0.0051306,0.0058634,0.0075416,0.014114,0.51989,0.74672,1.2537,0.099332,0.17946,0.27881,0.0091796,0.26318,0.079527,0.1969
0.00037946,0.00021094,0.0045815,0.024174,0.018078,0.49825,1.2769,0.68377,0.11077,0.17911,0.092629,0.046836,0.12676,0.038631,0.00090232
0.00012184,0.00012205,0.00012491,0.00013148,0.00035929,0.00058413,0.0086726,0.0042278,0.0093364,6.4177,3.6431,0.021683,0.0091567,0.01968,0.00012182
0.00013082,0.00013082,0.00013083,0.00013089,0.00013116,0.024813,0.11862,0.35139,1.1154,0.25317,1.5504,0.68219,0.2483,0.08038,0.0033036
0.00099414,0.00099456,0.0009957,0.0010579,0.0010826,0.020645,0.25714,0.2644,0.20526,0.15312,0.22085,0.29444,0.014713,2.121,7.437
0.00023218,0.00023446,0.00025786,0.00038851,0.00032094,0.0093688,0.010197,0.04075,0.030075,0.043373,0.011823,0.0049548,14.025,0.25146,20.192
0.00029682,0.0002968,0.00029818,0.00031909,0.00037482,0.041192,0.11473,0.067206,0.058546,0.068143,0.052607,0.79212,1.0937,5.2853,4.3838
9.8424e-05,9.8424e-05,9.8424e-05,9.8424e-05,9.8424e-05,9.8424e-05,9.8424e-05,9.8424e-05,9.8424e-05,9.8424e-05,9.8424e-05,9.8424e-05,9.8424e-05,28,0.00014341
0.00027663,0.00027653,0.00028252,0.0004063,0.00073828,0.052651,0.1254,0.24983,0.48907,0.1892,0.5987,0.8779,0.45942,1.1992,0.0044801
0.00036593,0.00036592,0.0003666,0.00037529,0.00040962,0.0035462,0.023855,0.035765,0.096064,0.38109,0.2932,1.1265,1.7987,2.8797,0.0079347
0.00025878,0.00025885,0.00025968,0.00027213,0.0002794,0.0011833,0.010723,0.0089301,0.0065326,0.00093783,0.00025876,0.029573,4.3071,5.0131,6.1449
0.024288,0.025376,0.044684,0.044986,0.058432,1.1558,0.059572,0.53481,0.1474,0.16142,0.31766,0.06502,0.29225,0.28425,0.024861
0.00013418,0.00013418,0.0001342,0.00013434,0.00013479,0.0035667,0.33555,0.55931,2.463,1.1456,0.28715,0.16727,0.021798,0.00066656,0.002172
0.00015489,0.00015503,0.00015504,0.00017143,0.00038516,0.0016092,0.0023151,0.011353,4.2536,4.4255,0.0083316,0.1245,0.00080607,0.010568,0.00076501
0.00013054,0.00013054,0.00013054,0.00013054,0.00013054,0.00028678,0.016686,0.008022,5.352,1.7191,0.26039,0.025468,0.18634,0.01314,0.0033516
0.00017296,0.00017411,0.00017428,0.00018955,0.00018591,0.007297,0.052356,0.14094,0.37949,0.35872,1.6342,1.8345,0.2406,0.47333,0.00018055
0.00024153,0.00024255,0.00024235,0.00025926,0.00027267,0.022469,0.11083,0.36348,0.24669,0.6723,0.29152,0.48076,1.9607,0.46632,0.00028523
0.00012766,0.00012683,0.0001472,0.00056846,0.001468,0.016865,0.16236,0.52082,1.4995,1.582,0.07439,0.024477,0.53543,0.15833,0.00012668
0.004301,0.0043011,0.0043011,0.0043037,0.0043109,0.0082902,0.035142,0.049165,0.12416,0.10799,0.43588,1.316,1.9011,2.5606,2.0116
0.00014966,0.00014965,0.00014967,0.00014979,0.00015137,0.00040379,0.040586,0.084634,0.086733,0.42183,1.9909,2.528,0.2064,0.7148,0.014916
0.00020509,0.00020508,0.00020519,0.00020815,0.00021541,0.012744,0.06434,0.17413,0.59551,1.7414,1.2054,0.65163,0.23135,0.080467,0.00038531
0.013898,0.014211,0.019506,0.074523,0.048049,1.1363,0.052422,0.52492,0.13723,0.15126,0.30762,0.053943,0.28199,0.27399,0.0146
0.0021138,0.0021327,0.002198,0.0028324,0.0035164,0.026255,0.30393,0.67486,0.22814,0.056107,0.90954,0.1688,0.57105,1.4175,0.0024376
0.00059463,0.00059456,0.00059468,0.00060031,0.00061243,0.010366,0.015779,0.053544,0.050363,0.026911,0.13289,0.30102,1.5371,4.1491,6.8532
0.00024723,0.00024793,0.00025401,0.00031741,0.0014025,0.28441,0.36106,0.56069,0.30348,0.094612,1.4494,0.03475,0.27033,0.4488,0.0010335
0.0037881,0.0041007,0.0039209,0.0047891,0.0092445,0.088953,0.13891,0.10684,0.17066,0.039886,0.070111,0.38324,0.075483,2.9432,9.6899
0.0016349,0.001633,0.00167,0.0030933,0.0034733,0.098903,0.33927,0.44211,0.33564,0.28031,0.16866,0.51565,0.70628,0.74014,0.0035822
0.00013789,0.00017368,0.00024298,0.00030261,0.001111,0.64835,3.1023,0.848,0.0032484,0.0041715,0.092478,0.0028197,0.27443,0.0010117,0.0025917
0.00048208,0.00048231,0.00048288,0.00052312,0.00063343,0.018003,0.14412,0.21041,0.27476,0.15552,0.20428,2.4492,2.0023,0.1425,0.0037594
0.0016642,0.0020909,0.002616,0.023526,0.013895,0.42199,1.0776,0.71598,0.0094396,0.1553,0.16575,0.149,0.0026035,0.77736,0.001599
0.00017274,0.00017274,0.00017358,0.00018324,0.00020691,0.0049468,0.031306,0.040774,0.029154,0.30078,0.96891,1.5314,1.7967,1.2902,1.1027
0.00019598,0.00027066,0.00088734,0.0081258,0.015796,1.0193,0.023975,1.4919,0.14996,0.67822,0.348,0.085891,0.023178,0.0001846,0.0019009
0.0001823,0.00018237,0.00018318,0.00018512,0.00025102,0.037169,0.30588,0.13308,0.56404,0.37753,2.5799,0.66888,0.0081034,0.22597,0.0001823
0.0054097,0.0054096,0.0054105,0.0054367,0.005465,0.028187,0.068417,0.066868,0.27996,0.07928,0.39227,0.85548,2.6039,1.5267,1.1526
0.0050119,0.0050056,0.0053346,0.011567,0.0086707,0.43455,0.60033,0.35193,0.38848,0.52132,0.29484,0.17658,0.023145,0.33201,0.36092
0.00013574,0.00013201,0.00014536,0.0012972,0.0018809,1.1872,2.4974,1.0011,0.0035961,0.0058412,0.10141,0.0031169,0.029193,0.00070759,0.0026202
0.010764,0.011057,0.011728,0.042064,0.024943,0.50345,0.68483,0.63655,1.2686,0.23561,0.12485,0.013269,0.045845,0.010743,0.013105
0.00013021,0.00013774,0.00016827,0.0010775,0.0046049,0.73764,0.51287,0.017925,1.4199,1.0754,0.00012968,0.78573,0.00019365,0.00024918,0.00066874
0.0027705,0.0027381,0.003246,0.0033562,0.0057738,0.25232,0.37874,0.58434,0.45299,0.3682,0.023298,0.10346,0.33878,1.2049,0.0056198
0.0011975,0.0011949,0.0013193,0.0021629,0.0028605,0.085128,0.18827,0.81329,0.25842,0.27569,0.13779,0.76158,0.71408,0.54943,0.0018518
0.0040047,0.0040046,0.0040047,0.0040049,0.004005,0.018284,0.053951,0.029276,0.025097,0.057653,0.029201,0.011456,0.39992,0.71118,18.083
0.00038008,0.00033989,0.00061242,0.010456,0.0043116,0.40587,0.83393,1.2138,0.092232,0.18981,0.31324,0.0071931,0.26236,0.075197,0.00036732
0.0002519,0.00025183,0.00025236,0.00026604,0.00030364,0.0073613,0.049439,0.076116,0.19744,0.79699,0.65832,0.0064818,1.7542,2.8796,0.0078314
0.045646,0.04552,0.04858,0.082796,0.065128,0.71393,1.5211,0.17317,0.047185,0.20806,0.077857,0.38471,0.1964,0.34559,0.048605
0.0059998,0.0060075,0.0060048,0.0062748,0.0063377,0.023313,0.2935,0.28279,0.19308,0.71113,0.20496,0.60904,0.71018,1.2426,0.60645
0.0001276,0.00012762,0.00012782,0.00012772,0.0001279,0.00026797,4.1644,0.69858,0.77589,0.0067097,0.21221,0.0030764,0.026007,0.011115,0.00031251
9.6872e-05,9.6872e-05,9.6874e-05,9.6896e-05,9.6922e-05,0.0001054,0.00027436,0.00046747,0.00029149,0.00011463,0.00068504,0.00016025,0.00010108,0.0028401,29.402
0.00029297,0.00028715,0.00036467,0.0015046,0.0020541,4.5733,0.13983,0.014663,0.0031128,0.14115,0.079053,0.11642,0.30057,0.029561,0.0035809
0.00012827,0.00012827,0.00012842,0.0001327,0.00013382,0.0022303,0.012199,0.018972,0.10414,0.089712,1.6545,1.628,1.586,1.347,0.0098436
0.00024416,0.00024414,0.00024419,0.00024649,0.00028293,0.04915,0.57707,0.7665,0.43628,0.36542,0.47729,0.7118,0.0070049,0.38881,0.011569
0.00021049,0.00046502,0.0045667,0.0045628,0.0079313,0.24922,0.5895,0.32336,0.29311,0.10407,0.15385,0.81743,0.059801,0.7399,0.00022083
0.0015968,0.0015967,0.0015983,0.0016019,0.0016226,0.0043851,0.019211,0.038894,0.0066451,0.16324,0.56328,0.89485,3.0285,2.6625,1.0135
0.00024432,0.00023149,0.001446,0.0012745,0.0065797,0.11647,0.40791,0.20029,0.022516,0.047717,0.1053,1.4033,0.50028,2.1703,0.0035044
0.00010332,0.00013636,0.00041452,0.0013334,0.0098202,0.084682,1.1534,2.6116,0.80577,0.25424,0.024985,0.00036677,9.9707e-05,9.9148e-05,0.00014971
0.003836,0.004109,0.0041471,0.024471,0.036105,0.41479,0.70144,0.54079,0.42708,0.16839,0.080061,0.13822,0.22615,0.12118,0.0062936
0.00015986,0.00015969,0.00015997,0.00018308,0.00017281,0.029577,4.9042,0.37504,0.064256,0.24262,0.090098,0.035947,0.027547,0.057327,0.00019459
0.00028912,0.0009983,0.012427,0.012416,0.021801,0.68845,0.024524,0.31381,0.29546,0.10166,0.15031,0.78955,0.10097,0.7399,0.00022258
0.00015292,0.00015292,0.00015292,0.00015292,0.00015292,0.00015304,0.00016883,0.00016534,0.00015874,0.00016212,5.2296,1.8627,2.97,0.016588,0.0001718
0.0027531,0.002744,0.0028372,0.0066411,0.0078737,0.11635,0.37728,0.44147,0.26862,0.054992,0.3453,1.5711,0.088018,0.73755,0.0027109
0.024059,0.024062,0.024064,0.024072,0.024102,0.038513,0.048851,0.061429,0.044975,0.058364,0.035953,0.031616,0.27311,0.95842,18.438
0.00015408,0.0001541,0.00015424,0.00015625,0.00016473,0.00024789,0.00054395,0.0014929,0.00056192,0.12259,0.00018119,0.023754,6.8713,6.3768,0.0038485
0.00051179,0.00051059,0.00051737,0.001122,0.0028307,0.06187,0.18305,0.36958,0.15468,0.18222,0.53943,0.83212,0.43558,1.086,10.269
0.00012075,0.00012078,0.00012077,0.00012083,0.00012118,0.00017384,0.00057622,0.0009882,0.0023274,0.00012459,0.00013049,22,0.020977,0.0016882,0.0021072
0.00013216,0.00013228,0.00013312,0.00013297,0.00013404,0.0014507,0.008136,0.0090412,2.7087,2.9585,1.6461,0.0099497,0.0095817,0.005054,0.00015495
0.00012212,0.00012212,0.00012212,0.00012212,0.00012212,0.00012212,0.00012212,0.00012212,0.00012212,18.699,0.00012212,0.0031421,0.0067907,0.010406,0.0031463
0.0026767,0.0026744,0.0027098,0.0035182,0.0044372,0.071654,0.18369,0.2139,0.23882,0.02763,0.39821,1.0311,0.91277,1.547,1.3097
0.00049986,0.00049986,0.00049987,0.00050042,0.00050167,0.00067015,0.58964,0.094223,2.9144,1.4887,0.76693,0.0013494,0.0011499,0.012085,0.0045777
0.0051284,0.0051296,0.005226,0.007039,0.0059894,0.55474,1.1304,0.35003,0.072287,0.15431,0.28638,0.080379,1.1235,0.022644,0.005126
0.00012633,0.00012452,0.00012718,0.0003281,0.00031194,0.010384,2.1481,3.9638,0.08029,0.0018182,0.10812,0.003028,0.028471,0.013535,0.002578
0.00035316,0.00029189,0.00069639,0.015559,0.0062853,0.17511,0.52081,0.75563,2.718,0.016658,0.21642,0.010772,0.0045158,0.075127,0.00030282
0.00014785,0.00012849,0.0011944,0.022257,0.0081394,0.54136,0.66539,0.46641,0.11474,0.51686,0.32492,0.097667,0.35282,0.00014633,0.00086038
0.012072,0.012071,0.0121,0.012151,0.013098,0.13688,0.26595,0.13269,0.029921,0.13659,0.012069,0.22721,0.22405,3.4292,11.181
0.00013046,0.00013308,0.00013181,0.00035046,0.00024646,0.060972,0.47659,0.9115,1.0362,1.2875,0.23771,0.13039,0.023514,0.0051837,0.0004025
0.0011785,0.0011782,0.0011827,0.003182,0.0019933,0.41054,0.44906,2.5698,0.0044584,0.28934,0.07629,0.11251,0.26663,0.082771,0.0036877
0.00014276,0.00014276,0.00014278,0.00014301,0.00014636,0.0012619,0.0083778,0.015956,0.00014947,5.3994,5.4228,0.0028093,0.0061402,0.00048535,0.00031427
0.00032921,0.00033582,0.00035147,0.00066085,0.0022016,2.5096,1.5211,0.015993,0.0024874,0.15315,0.036066,0.12592,0.30409,0.0004971,0.0004084
0.00043762,0.00039204,0.00093932,0.0020047,0.015165,0.41513,0.5991,1.0485,1.1658,0.18378,0.20284,0.0039389,0.02608,0.011179,0.00048511
0.00023928,0.00025471,0.00028458,0.00029745,0.000631,0.26194,1.3597,0.3623,0.0015676,1.6122,0.63975,0.0029317,0.26776,0.0008715,0.00038288
0.00015065,0.00014953,0.00017722,0.00021494,0.00041679,0.054108,0.15005,0.16378,0.19582,0.038109,0.054241,1.3104,5.3557,0.075048,0.00014829
0.013888,0.014125,0.018295,0.043665,0.033435,0.65671,0.035939,0.30656,1.3742,0.14749,0.24931,0.054017,0.28249,0.26784,0.014599
0.004199,0.0041994,0.0041999,0.0042015,0.0042106,0.010193,0.093595,0.20383,0.38658,0.3884,0.79201,0.64546,1.0169,1.1021,0.010529
0.00017737,0.00017912,0.00017902,0.0002131,0.00027198,0.066065,0.085559,0.55301,0.82467,0.00017725,1.0203,0.00020694,2.5684,0.48598,0.00089654
0.00015637,0.00015582,0.00015724,0.00016758,0.00030277,0.021308,0.043949,0.2286,0.23815,0.113,0.44243,1.7466,1.7508,0.7148,0.014922
0.0052498,0.0052498,0.0052498,0.0052498,0.0052498,0.52923,0.67647,0.97666,0.073775,0.74633,0.31732,0.012254,0.26731,0.080149,0.0053208
0.00021081,0.00021944,0.00022042,0.0012728,0.015432,0.090298,0.1367,0.69855,0.49755,4.3444,0.008237,0.16741,0.00086137,0.010623,0.00065601
0.0053586,0.0053592,0.00536,0.0053916,0.0059105,0.15468,0.1938,0.26312,1.0619,0.088971,1.252,0.030467,0.18783,1.258,0.0061632
0.00013957,0.00013966,0.00014449,0.00019545,0.0010691,0.24837,0.31327,0.42872,0.45771,0.089443,1.3715,0.11898,0.20974,0.51588,0.00096197
0.00025125,0.00025251,0.00027083,0.00033705,0.00065537,0.13136,0.17185,0.42609,0.37757,0.49945,0.5357,0.58258,0.049552,1.151,0.00030192
0.00018273,0.00018161,0.00021758,0.00022514,0.00037143,0.18821,0.36335,0.44724,0.27104,0.4278,0.0007392,0.75881,0.39441,1.1748,0.0035327
0.0035766,0.0035906,0.0036491,0.0036614,0.0055982,0.066641,0.18243,0.79677,0.97488,0.34891,0.65387,0.010672,0.105,0.86351,2.634
0.00015293,0.00015293,0.0001646,0.00027118,0.00037725,0.013836,0.039476,0.098307,0.060931,0.079296,0.15904,0.13963,2.6311,5.3278,0.56962
0.00013217,0.00013508,0.000133,0.00013639,0.00014199,0.0070224,0.042255,0.054494,7.1244,0.87317,0.26344,0.0099497,0.0095816,0.005054,0.00015698
0.0027461,0.0027462,0.0027501,0.0027844,0.0027829,0.0037999,0.011326,0.019891,3.6787,0.6662,0.68695,0.15073,1.1258,0.0080386,0.0033339
0.00093719,0.00093639,0.00096674,0.0011273,0.0011922,0.049198,0.32192,0.057014,0.39853,0.062699,0.70209,0.084511,1.5107,2.0709,0.031132
0.054751,0.054751,0.054751,0.054758,0.054782,0.063685,0.080617,0.18963,0.24346,0.1207,0.37461,1.1476,0.069262,3.7458,9.46
0.00020265,0.00020294,0.00020803,0.00027951,0.00029843,0.038884,0.067697,0.16284,0.19381,0.2281,0.16589,1.6212,1.4748,1.3442,0.00072654
0.00015928,0.00014945,0.00018385,0.0020763,0.0029827,0.1369,0.86075,0.82048,0.46037,0.81813,0.27018,0.15992,0.0032777,0.059075,0.00014074
0.0010511,0.0010509,0.0010583,0.0011359,0.0012167,0.0077955,0.046073,0.053657,0.12082,0.57369,2.0498,2.9799,0.3636,0.068362,0.0011628
0.00028989,0.00028989,0.0002899,0.00029028,0.00029128,0.058821,0.16773,0.27557,0.11245,0.13492,0.40058,0.62476,0.3837,3.4975,0.0044935
0.00046567,0.00046564,0.00046605,0.00047517,0.00047443,0.010557,0.055966,0.15693,0.25891,0.18584,0.51228,1.7469,0.9911,1.2483,0.69146
0.00026337,0.00026005,0.00051456,0.0012816,0.0022426,0.14028,0.94063,2.1993,0.2914,0.11043,0.12837,0.068476,0.0030396,0.26046,0.00025558
0.00020442,0.00020389,0.00021991,0.0003032,0.00026428,0.10895,0.14295,0.69115,1.3453,0.00027841,1.4906,0.84304,0.022413,0.087575,0.0024116
0.0011501,0.00115,0.0011513,0.0020509,0.0045789,1.2619,1.6285,0.66021,0.0038567,0.21043,0.091202,0.13553,0.030333,0.0012838,0.0036471
0.00032598,0.00030478,0.0014155,0.014917,0.008527,0.23087,0.555,0.37763,0.57082,0.13494,0.18824,0.14862,1.0815,0.041486,0.00029791
0.035543,0.035542,0.035544,0.035625,0.035621,0.037344,0.053508,0.092712,0.19313,0.20561,0.061772,0.038672,0.54377,0.063668,19.063
0.00026053,0.00026604,0.00029676,0.00035197,0.00049332,0.012548,0.11998,0.10286,1.727,1.1527,0.31674,0.59832,0.015945,0.704,0.0023999
0.00023953,0.00037196,0.00075529,0.011195,0.016391,1.014,1.0576,0.009694,0.048218,0.76105,0.073828,0.13414,0.0031172,0.6042,0.0006692
0.0037076,0.0037106,0.0037637,0.0037628,0.0039572,0.08193,0.60444,1.5343,1.7661,0.31097,0.00372,0.043322,0.0090025,0.28836,0.00373
0.00024627,0.00024629,0.00024644,0.00024883,0.00028159,0.011709,0.09741,0.042487,0.18033,0.065019,0.72976,1.4114,0.0038184,5.7313,0.00024627
0.00010961,0.0001096,0.00011051,0.00011031,0.00011124,0.00081474,0.001116,0.0075056,0.0020493,0.00058216,0.0027202,4.6633,4.2654,1.5642,0.00016051
0.0050079,0.0050095,0.0050288,0.0051166,0.0051533,0.032288,0.19342,0.037563,0.16102,0.0366,0.36174,1.2717,1.4336,2.0137,7.5408
0.0030247,0.0030288,0.0030881,0.0030864,0.0033158,0.075597,0.43286,1.2454,2.599,0.01708,0.11032,0.13034,0.0073704,0.26062,0.0049954
0.00014738,0.00014738,0.00014739,0.00014741,0.00014755,0.027461,0.12858,0.38296,1.2156,0.27572,2.0709,0.20719,0.24832,0.080397,0.003329
0.00012811,0.00012811,0.00012811,0.00012811,0.00012811,0.00012926,0.00013354,0.0001455,0.00013318,0.00012976,5.9115,0.44095,5.4277,0.00012811,0.00012811
0.00014252,0.00014248,0.00014259,0.00014342,0.00014376,0.00073792,0.094888,0.19341,0.00036223,0.54888,2.2067,2.8991,0.015791,0.60174,0.0026083
0.00013794,0.00013769,0.00013793,0.00020043,0.00023065,0.065872,0.1699,0.69558,5.9156,0.15087,0.11924,0.0032065,0.0065786,0.00062086,0.0026293
0.00012995,0.00013018,0.00013316,0.00020832,0.00017134,0.021761,0.16826,0.32239,0.52677,2.6781,1.4875,0.13039,0.023514,0.0051837,0.00040041
0.0082946,0.0082942,0.0082991,0.0085525,0.0086198,0.069605,0.25337,0.2882,0.22055,0.18664,0.82923,0.47583,0.63629,1.2987,0.01025
0.00012477,0.00012478,0.00012482,0.00012518,0.00012636,0.0039151,0.4192,0.68845,0.55046,0.29541,0.14334,3.0992,0.017776,0.0098593,7.2262
0.00015549,0.00014983,0.00017005,0.0019144,0.0027983,1.7978,1.3999,0.92715,0.0033521,0.0054289,0.093197,0.10409,0.028602,0.00017845,0.0026361
0.00013308,0.0001331,0.00013327,0.00013538,0.00013559,0.00035197,0.0022396,0.0041847,0.009272,3.5942,2.3,2.5289,0.0060705,0.0032458,0.00029985
0.00015519,0.00035241,0.0016395,0.0022457,0.0095151,0.1377,1.8758,1.5323,0.83603,0.26381,0.00014306,0.0031711,0.00015447,0.00014306,0.00019372
0.0015887,0.001588,0.0016134,0.0021728,0.0027008,0.041593,0.09072,0.19751,0.25456,0.25656,0.74363,0.38077,1.5758,0.99994,1.5428
0.0088688,0.0088679,0.0088741,0.0088954,0.009979,0.01705,0.046916,0.065478,0.034366,0.34287,0.1839,0.97471,3.7247,1.5401,1.3363
0.00019209,0.00017809,0.00093571,0.00085574,0.00178,0.1298,0.19022,0.66123,0.18319,0.0010614,0.1022,1.4564,1.7044,0.30015,0.00024732
0.0025368,0.0025367,0.0025387,0.002563,0.0025749,0.09119,0.22994,0.90482,0.0028288,0.17878,0.91008,3.502,0.059804,0.02062,0.010105
0.013761,0.013785,0.013807,0.017436,0.064326,0.31575,0.46826,0.7269,1.0296,1.0464,0.021499,0.18124,0.013766,0.021511,0.014206
0.013892,0.01415,0.018516,0.064404,0.041356,0.93711,0.04558,0.42956,0.10967,0.12601,0.23838,0.54609,0.28205,0.2732,0.014604
0.0052371,0.0052366,0.0052408,0.0052478,0.0055944,0.10801,0.14116,0.24071,0.14105,0.50127,1.3317,0.50616,0.73093,0.47777,0.005237
0.00044186,0.00044184,0.00044195,0.00044211,0.00044313,0.0022518,0.16286,0.24604,0.32966,0.14315,0.00044208,1.7492,0.015363,5.534,0.00044183
0.0021884,0.0021885,0.0021892,0.0021915,0.0021955,0.070378,0.30876,0.91992,0.88979,0.0056507,0.009249,0.83286,0.73306,0.67062,0.0023197
0.0020605,0.0020525,0.0021508,0.0026586,0.0026085,0.73214,0.77695,3.575,0.0020808,0.0072442,0.092686,0.13643,0.031229,0.0021786,0.0037403
0.00029478,0.00030423,0.00039268,0.00052139,0.0019875,0.017142,0.04859,0.25362,1.8636,1.3658,0.39217,0.031999,0.013871,1.1305,0.0003463
0.00021492,0.000215,0.00021501,0.00022318,0.00031524,0.00083566,0.56929,0.70198,0.51474,4.4172,0.0023798,0.16745,0.00086628,0.010434,0.00066075
0.005591,0.0055909,0.0055938,0.0056086,0.0056188,0.0075936,0.0087251,7.0173,0.67694,0.0060409,0.20172,0.084018,0.0085087,0.13086,0.0055909
0.011807,0.011872,0.012416,0.014291,0.031154,0.1802,2.3081,2.6573,0.016486,0.27225,0.036689,0.012066,0.011799,0.011799,0.011799
0.00015532,0.0001553,0.0001567,0.00016986,0.00039543,0.064409,0.08131,0.25959,0.00048866,0.019839,0.19932,0.0062468,2.6583,5.6982,0.0034785
0.00013879,0.00014071,0.00015543,0.0003081,0.0028721,0.73495,0.4687,0.025128,2.0186,0.18555,0.007608,0.034386,0.27128,0.45834,0.00092499
0.00015748,0.00015748,0.00015757,0.00015758,0.00015844,0.0010651,0.057809,0.035077,0.081483,0.36446,1.6782,2.1411,2.0731,0.042374,0.0035443
0.010363,0.010364,0.010376,0.010379,0.010391,0.028161,0.041419,0.085198,0.098113,0.11474,0.90721,1.7862,1.5792,1.3544,0.010557
0.00021915,0.00021892,0.00023059,0.00025436,0.00039586,0.024089,0.23551,0.43475,0.30725,0.28219,0.40385,0.89255,0.40826,1.1352,0.00026972
0.014108,0.014108,0.014108,0.014108,0.014108,0.014313,0.014299,3.4216,2.4255,0.19337,0.10385,0.16705,0.017874,0.13147,0.016078
0.015905,0.015905,0.015908,0.015938,0.015967,0.036927,0.063405,0.13447,0.081178,0.10886,0.20105,0.061005,2.6468,5.3435,0.58538
0.00055554,0.00054202,0.001379,0.0023468,0.002701,0.1224,0.36722,0.36525,0.35802,0.063031,0.35766,0.56061,1.2132,0.0018456,29.29
0.00015239,0.00017537,0.00043925,0.0036661,0.0061649,0.098128,1.309,2.652,0.94134,0.0061865,0.017103,0.0031157,0.025132,0.0045041,0.0019102
0.00081741,0.00084096,0.00093645,0.0023871,0.0017508,0.62856,0.42397,0.46029,1.9067,0.19706,0.00081575,0.78875,0.00087957,0.00081575,0.00081575
0.00019861,0.00019891,0.0002004,0.00020168,0.0003219,0.054616,0.44818,0.39107,0.22595,0.021704,1.2875,0.53322,0.7259,0.47274,0.00019854
0.00021087,0.0002125,0.00023582,0.0002368,0.00038572,0.043474,0.33315,0.81408,0.47182,0.068296,0.00024401,0.053567,0.0025111,6.1956,0.00023126
0.00020253,0.00020267,0.0002051,0.00024191,0.00025047,0.019609,0.033204,0.14896,0.07513,0.011144,1.1454,1.6849,1.5278,1.3477,0.00038945
0.0002338,0.00023495,0.00024681,0.00031298,0.00027876,0.0049777,0.0053794,0.021157,0.015644,0.023005,0.00625,0.019794,8.8299,2.8374,19.958
0.00024944,0.00024849,0.00026783,0.00033368,0.003626,0.025576,0.11794,0.17542,0.079831,0.018683,0.36094,1.1344,0.055317,6.1353,0.00024665
0.00012136,0.00012136,0.00012136,0.00012136,0.00012136,0.00012139,0.00012149,4.5135,3.1974,0.0055531,0.22271,0.0031208,0.025393,0.00065906,0.0018391
0.00041349,0.00042053,0.00094567,0.011518,0.0057418,0.17547,0.25162,0.44698,1.0758,0.43952,0.23609,0.080564,0.26787,0.31344,0.0011521
0.00061137,0.00040627,0.0010188,0.0027198,0.0035559,0.13102,0.30975,0.23864,0.13013,0.33549,0.33735,1.6704,0.085437,0.73998,0.00029773
0.00020709,0.00020707,0.00020713,0.00020751,0.00021251,0.0010718,0.13693,0.28586,0.29295,1.426,0.0015315,2.5244,0.21009,0.71485,0.014973
0.0020326,0.002032,0.0020575,0.0025857,0.0023268,0.028615,0.1424,0.12686,0.14205,0.025899,0.4921,0.21766,0.5188,6.162,0.002031
0.00013878,0.00014141,0.00014307,0.00019392,0.00054564,0.16045,1.1478,2.5077,0.81287,0.25,0.029855,0.0033351,0.0001384,0.00013869,0.0001884
0.00050575,0.00061842,0.0025835,0.0048698,0.0053354,0.25656,0.79853,0.36787,0.046934,0.074337,0.45328,0.68788,0.00297,1.1639,0.001633
0.010924,0.010924,0.010927,0.011109,0.011233,0.95402,1.8753,0.75817,0.013512,0.01239,0.27724,0.01307,0.026016,0.60024,0.012919
0.0039725,0.0039724,0.0039743,0.0039745,0.003985,0.030038,0.13655,0.36427,0.1989,1.681,0.10785,0.43836,0.90492,0.72,0.0056629
0.0019819,0.0019816,0.0019854,0.0021261,0.0021999,0.16572,0.26274,0.97918,1.3983,0.0056072,0.034218,0.082849,1.8984,0.0021067,11.52
0.00036631,0.00036737,0.00036729,0.0012559,0.0096599,0.07384,0.34051,0.11087,0.30405,0.20488,0.029566,0.12611,0.077081,6.2422,0.00036624
0.0007481,0.00074688,0.00083474,0.0013667,0.0024158,0.060805,0.13456,0.29488,0.38054,0.38354,1.1148,0.57002,0.9842,0.081492,1.7441
0.00011847,0.00012056,0.0001482,0.00014937,0.00025629,0.043641,0.39683,0.96661,3.2915,0.30613,0.0036583,0.1316,0.0092459,0.083643,0.0001396
0.00025367,0.00025257,0.00029096,0.00049441,0.00066394,0.022883,0.18099,0.1638,0.33663,0.58222,0.17368,0.082806,1.5907,2.0702,0.0023911
0.0011624,0.0011624,0.0011626,0.001251,0.0019462,0.098087,0.10677,0.62551,0.91401,0.74061,0.54576,0.65607,0.013523,0.23311,0.0016909
0.0018663,0.0018663,0.0018665,0.0018685,0.0018771,0.0019608,0.0022536,0.0032053,0.0022742,0.12432,0.0018934,0.02547,6.874,6.3795,0.0025655
0.00023511,0.00029145,0.00045077,0.0048145,0.0072025,0.43044,0.45195,0.0038728,0.10294,3.2299,0.074438,0.13463,0.0032416,0.62605,0.00066946
0.00020926,0.00020951,0.00021008,0.00022587,0.00030995,0.041288,0.30256,0.0013171,0.40033,0.11965,1.693,1.6552,0.0035929,0.013883,6.5771
0.0049607,0.0049184,0.0093187,0.018691,0.36891,0.73551,2.2639,0.0047858,0.10796,0.17316,0.11025,0.0084718,0.010993,0.014214,0.0055086
0.00015136,0.00034133,0.003812,0.004044,0.006777,0.18559,0.75093,0.85111,0.46878,0.1433,0.16285,0.12608,0.11311,0.30288,0.35365
0.020157,0.020154,0.020187,0.022437,0.057811,0.29453,0.51405,2.8385,0.021492,0.31219,0.026296,0.1316,0.28588,0.099686,0.022662
0.010531,0.010531,0.010545,0.01056,0.010942,0.054887,0.1317,0.48149,0.22775,0.1929,0.257,0.37709,1.4603,1.5379,1.2092
0.00014594,0.00014865,0.00017366,0.00019889,0.00036775,0.01631,0.044774,0.17044,0.21305,0.46794,0.89232,0.70362,1.6198,0.72035,0.0007314
0.0001677,0.00016661,0.00022346,0.00021802,0.00028818,0.14675,0.15519,0.71632,0.17175,0.001009,0.095827,1.3654,1.6061,0.27625,11.156
0.00045211,0.00045731,0.00052946,0.0027008,0.0034859,0.22479,0.31775,0.90707,0.42821,0.6991,0.28304,0.30826,0.00044176,0.33324,0.00065198
0.00017374,0.00017374,0.00017377,0.00017394,0.00017739,0.0048319,0.67911,0.24017,0.87161,0.61157,0.57263,0.6179,0.1343,0.16811,0.00070219
0.00015355,0.00025936,0.00033592,0.0017406,0.0031386,0.18052,0.51844,0.54901,0.57252,0.73875,0.0029046,0.84231,0.26247,0.013108,0.56965
0.00040602,0.00040602,0.00040602,0.00040603,0.00040604,0.0004097,0.00041101,0.00040961,7.0727,0.0004299,1.5037,0.0004062,0.00043301,1.3146,0.00048062
0.0086766,0.0086766,0.0086766,0.0086766,0.0086766,0.0086766,0.0086766,0.0086766,0.0086766,0.0086766,7.4187,1.5047,0.60771,0.60836,0.012904
0.0011006,0.0011006,0.0011006,0.0011007,0.0011008,0.0019367,0.13059,0.23389,1.8212,1.3755,0.41066,0.95148,0.019247,0.053252,0.0014414
0.0054039,0.0054023,0.0054046,0.0055685,0.0060278,0.11725,0.27482,1.4977,0.026741,0.51103,0.61325,0.014648,0.69627,0.48875,0.0054692
0.0053028,0.0053039,0.0053246,0.0055204,0.0055579,0.0099181,1.5442,0.76312,0.35218,0.12558,0.14992,0.0953,0.026128,1.6086,0.0060389
0.00015629,0.00015629,0.00015634,0.00015687,0.00017072,0.00018355,0.00034614,0.00052779,0.025595,2.7812,1.4535,2.2463,0.61635,0.036193,0.00077668
0.0059835,0.0059938,0.0060139,0.0060353,0.0062679,0.19742,0.92213,0.25638,0.0068296,0.61051,0.050389,3.2013,0.23233,0.0068588,0.0063908
0.00091293,0.00091971,0.0009205,0.0017503,0.012915,0.071948,0.10854,0.55156,0.39307,3.4264,0.0072417,0.13313,0.0014239,0.77061,0.0013583
0.00017522,0.00017525,0.00017605,0.00018162,0.00029752,0.15552,0.42212,0.43499,1.2774,0.92621,0.25281,0.0063289,0.15024,0.23212,0.00037398
0.00015234,0.00015234,0.00015283,0.00015245,0.00015286,0.00089813,0.0011222,0.0072785,0.0020213,0.00060769,0.0026677,4.4932,4.4623,1.562,0.00020328
0.0001236,0.00012418,0.00013091,0.00014664,0.0030627,0.0043857,0.078509,0.16753,0.14805,0.9621,1.9142,3.1793,0.0093396,0.0046987,0.00012355
0.0060176,0.0059981,0.0067339,0.010682,0.017156,0.73281,1.2758,0.72751,0.55635,0.22036,0.0085994,0.058341,0.014505,0.025828,0.0060355
0.00026588,0.00026653,0.00026792,0.00027597,0.00033315,0.00058249,0.010608,0.027584,0.0083703,0.007475,0.040802,0.0012242,10.622,2.9518,0.00026567
0.00079149,0.00078303,0.001248,0.0012663,0.0016334,0.057497,0.17691,0.24729,0.19199,0.53542,0.2981,0.46706,1.0067,1.1673,0.33588
0.02013,0.020132,0.020153,0.020235,0.022665,0.16486,0.4506,0.16206,0.53323,0.12403,0.063646,0.027364,1.4407,2.0287,7.5741
0.0011549,0.001195,0.0019102,0.0019004,0.0024779,0.043487,0.25468,0.094056,0.08862,0.0024061,0.064414,1.1011,4.1961,0.72232,2.3009
0.00047129,0.00039608,0.00097426,0.020651,0.0079087,0.255,0.72797,1.0544,0.015973,0.74361,0.30255,0.0073801,0.26224,0.076184,0.00038271
9.8868e-05,9.8776e-05,0.00010065,0.00010109,0.00012701,0.034172,0.17442,0.47254,0.66169,2.9535,0.18305,0.090647,0.22893,0.088721,0.0017892
0.00063182,0.00063182,0.00063182,0.00063182,0.00063182,0.00063188,0.00063222,0.00063269,0.00063383,0.001408,11.513,2.5515,0.0027932,0.0037446,0.00079859
0.00020101,0.00016872,0.0012875,0.029081,0.047012,0.65221,2.6042,0.95569,0.0023787,0.0059486,0.093114,0.00037893,0.029208,0.00067237,0.0026285
0.00018686,0.00018689,0.00018706,0.00018706,0.00019089,0.0010416,0.0050828,0.0057327,2.0032,2.3209,1.2418,0.76748,0.020221,0.0051087,0.00020966
0.0038798,0.0038796,0.0038823,0.0038988,0.0039743,0.0097062,1.5779,2.3963,0.76681,0.0045861,0.26325,0.11458,0.028626,0.0040623,0.0058128
0.037146,0.037147,0.037154,0.037219,0.038389,1.2146,0.74589,0.51967,0.03885,0.14508,0.073456,0.10665,2.2148,0.037404,0.037319
0.0076804,0.0076804,0.0076805,0.0076807,0.0076807,0.0077155,0.0084533,0.0091091,0.0076814,0.0076825,0.0088223,14.738,0.03374,1.5099,0.010134
0.00039006,0.00044704,0.00054983,0.0014241,0.0018975,0.18333,0.24933,0.42437,0.22274,0.13626,0.017365,0.012422,5.1155,0.14602,0.36905
0.00022861,0.00020673,0.00046949,0.00046601,0.0047744,0.12811,1.0831,0.92567,0.99041,0.16013,0.5843,0.012605,0.03366,0.0054032,0.0033196
0.0012089,0.0012131,0.0012296,0.0013794,0.001586,0.080439,0.18453,0.21749,0.33479,0.42543,0.30636,0.31789,1.9642,0.4656,1.1332
0.00015031,0.00015437,0.00024077,0.00057742,0.0011226,0.18444,1.3092,0.38215,0.42701,0.0012796,0.12187,0.60471,0.4585,0.23448,0.00076358
0.017637,0.017637,0.017637,0.017639,0.017639,0.017783,0.043623,0.066088,0.018411,14.836,0.088349,0.020644,0.023574,0.02075,0.020124
0.00028211,0.00028208,0.00028364,0.000312,0.00036205,0.021498,0.30167,0.50118,0.67069,0.39688,0.568,1.196,0.56844,0.00028206,0.000333
0.00016811,0.00016811,0.00016811,0.00016811,0.00016811,0.00016811,0.00016811,0.00016811,0.00016811,0.00016811,9.8411,0.043971,3.6426,0.00016811,0.00021017
0.00024593,0.00023337,0.00096983,0.0025789,0.0024645,0.19876,0.54436,0.69871,0.44228,0.69797,0.00021464,0.0018621,0.71382,0.54334,0.0032238
0.00020719,0.00020726,0.00021139,0.00026837,0.0011515,0.28957,0.36226,0.50482,0.53488,0.37151,1.861,0.16146,0.0068902,0.017028,0.0010296
0.058775,0.058876,0.059091,0.07128,0.077031,0.35629,2.4966,0.063489,0.67243,1.2953,0.07587,0.061759,0.083969,0.059894,0.060486
0.072725,0.072725,0.072726,0.072726,0.072726,0.073425,0.076964,0.077404,1.5029,1.7338,5.3972,0.082673,0.078612,0.077647,0.072744
0.010901,0.010894,0.011019,0.011037,0.012331,0.64691,0.016005,1.526,0.4536,0.14246,0.42006,0.87701,0.029039,0.063045,0.010946
0.00012381,0.00012281,0.00015637,0.001001,0.00144,0.8929,1.8489,0.74621,0.0027067,0.64259,0.10141,0.0031107,0.029189,0.00070116,0.00078601
0.00017314,0.00017298,0.00017978,0.000242,0.00028124,0.051497,0.12038,0.13846,0.45081,0.51466,0.31237,1.4079,0.89106,0.46483,0.0005196
0.00041152,0.00041163,0.00041305,0.00041645,0.0005319,0.061669,0.50797,0.22008,0.93536,0.62609,1.5717,0.051635,0.0078971,0.3312,0.00041151
0.00013617,0.00013454,0.00014206,0.00079968,0.001133,0.04673,0.36145,1.5548,0.00052405,0.0018671,0.030681,0.032601,7.1153,0.00016642,0.0030235
0.038844,0.038844,0.038844,0.038844,0.038844,0.038844,0.038844,0.038844,0.038844,10.37,2.2251,0.041384,0.045513,0.049129,0.038844
0.00044287,0.00044933,0.00048242,0.00217,0.0036079,0.12603,0.19621,0.27865,0.20141,2.8415,0.41168,0.30785,0.0010107,0.31137,0.0010397
0.00037675,0.00037736,0.00038014,0.0012131,0.0093491,0.16609,0.24068,0.42105,0.46811,0.075734,0.081834,0.0087327,0.010978,5.5771,0.00047784
0.059084,0.059086,0.059121,0.059122,0.059257,0.13044,0.59212,1.419,0.34923,0.2385,1.3127,0.18792,0.064379,0.34374,0.059106
0.010636,0.010636,0.010643,0.010667,0.010656,0.041228,0.074708,0.17157,0.10019,0.035808,0.20917,0.039423,2.7044,5.2681,0.010636
0.000207,0.000207,0.000207,0.000207,0.000207,0.00021127,0.00021235,0.00023374,0.00025886,0.000207,11.126,0.72575,1.0653,0.0002519,0.00043534
0.00019359,0.00041822,0.00089458,0.026524,0.039064,0.63369,3.2687,0.0011569,0.94669,0.0062965,0.017364,0.0031833,0.025503,0.00041231,0.0018953
0.00033085,0.00017719,0.0041628,0.022029,0.016313,0.51379,1.2757,0.67938,0.1207,0.1787,0.092653,0.046042,0.12672,0.038601,0.00088628
0.008091,0.0080901,0.0081242,0.0082999,0.0082111,0.020428,0.021548,0.062814,0.048395,0.067839,0.023837,0.014506,8.568,1.8834,20.2
0.028465,0.028465,0.028466,0.028476,0.02853,0.032724,0.059919,0.075867,0.090658,0.41798,0.32799,1.1803,1.8679,2.7352,0.036034
0.00051423,0.00066872,0.00072955,0.016109,0.0079398,0.41228,0.50719,0.37237,0.047503,0.075242,0.41396,0.68507,0.0029599,1.1884,0.001633
0.016803,0.016641,0.020851,0.039726,0.033853,0.49643,1.2465,0.67516,0.12315,0.18898,0.10567,0.061588,0.13855,0.053654,4.4814
0.00032251,0.00031499,0.00041347,0.0015976,0.0041563,0.4944,0.022515,0.39793,0.0003083,0.73482,1.0917,1.0507,0.42969,0.047995,0.0026887
0.0011107,0.0011138,0.0011424,0.0012145,0.0011993,0.057261,0.088538,0.13424,0.27278,0.1634,0.48837,0.037893,1.5597,3.0667,2.8287
0.00045682,0.00045791,0.00045967,0.00056995,0.00053345,0.13209,0.13743,0.23238,0.78514,0.29183,1.3544,0.85588,0.16552,0.12055,0.0018757
0.011513,0.011513,0.011516,0.011522,0.011531,0.19819,0.33232,1.3971,1.3516,0.031425,0.022496,0.037701,0.41765,0.69115,0.011644
0.00075771,0.00047213,0.0073185,0.07423,0.038194,1.3269,0.046649,0.5904,0.075235,0.48662,0.37432,0.049238,0.023719,0.012652,0.0011555
0.00016115,0.00016679,0.00016743,0.00071025,0.0081167,0.06207,0.086158,0.23566,0.11627,1.7432,0.0033814,0.068492,5.1135,0.0087286,0.00077087
0.0004207,0.00042074,0.00042072,0.00042097,0.00042163,0.00095283,8.8864,0.0088844,0.0030462,0.0025947,0.30641,0.0031456,0.023379,0.13293,0.0021384
0.00016121,0.00016064,0.00016525,0.00017055,0.0005244,0.10424,0.21752,0.30452,0.17343,0.18819,1.3287,0.53319,0.72586,0.4727,0.00016101
0.033194,0.033194,0.033194,0.033194,0.033194,0.034064,0.037293,0.03649,3.7806,3.3021,0.29346,0.058531,0.2194,0.046203,0.036415
0.0049197,0.0049198,0.0049206,0.0049223,0.0049348,0.0050928,1.5239,0.69909,0.046969,1.6763,0.25869,0.043535,0.25794,0.13593,0.0049197
0.019349,0.019349,0.019365,0.019573,0.019887,0.048847,0.10041,0.11726,1.7834,0.25107,0.028113,2.9482,0.066265,0.77928,0.019974
0.00014074,0.00014074,0.00014076,0.00014077,0.00014105,0.00043015,0.029506,0.022557,0.044462,0.19868,0.87649,1.1425,3.2677,1.2684,0.00017589
0.014685,0.014692,0.014693,0.01484,0.01481,0.024782,0.025697,0.059465,0.047484,0.062295,0.027476,0.019896,15.492,0.29194,0.014684
0.00021085,0.00021078,0.00021279,0.00021309,0.00022164,0.026021,0.13039,0.35578,0.1846,1.6363,0.13969,0.42545,0.90116,0.71623,0.0019012
0.00018198,0.000174,0.00059764,0.00281,0.0063059,1.1167,1.4668,0.30733,0.55181,0.21509,0.00016504,0.076537,0.0068685,0.022005,0.00026719
0.00013182,0.00013182,0.00013184,0.00013195,0.00013245,0.046047,0.22054,0.61177,1.1636,0.00013182,1.5555,0.68597,0.23818,0.08005,0.0033046
0.00024656,0.00024659,0.00024685,0.00024989,0.0002531,0.00066797,0.00025642,6.5989,0.16031,0.70837,0.3635,0.0039805,0.02516,0.0094354,0.0019628
0.006864,0.0068641,0.0068668,0.0069403,0.0069739,0.16139,0.27061,0.34609,0.36001,0.62921,1.6663,0.13679,0.013472,0.67754,0.0073105
0.00019733,0.00019734,0.00019764,0.00019976,0.00024541,0.060772,0.10087,0.065694,0.3497,0.23262,3.513,0.56162,0.34263,0.23215,0.00029105
0.00012082,0.00012082,0.00012082,0.00012082,0.00012082,0.00012082,0.00012082,0.00012082,0.00012082,13.082,0.00012082,0.0043133,0.0058836,1.4072,0.0032924
0.082999,0.082999,0.083002,0.083009,0.083106,0.088582,0.12055,0.25022,0.12522,0.66957,2.0863,0.11559,5.4007,0.082999,0.71152
0.00013556,0.00013552,0.000137,0.00013701,0.00015389,0.021758,0.11082,0.30012,0.42022,2.6161,0.098879,0.065815,0.16612,1.5913,0.001826
0.00014343,0.00014422,0.00014738,0.00031613,0.0010093,0.34365,0.43346,0.59323,0.63133,0.12359,1.8964,0.0021017,0.25832,0.00016068,0.00096414
0.00028522,0.00041889,0.00035021,0.0057736,0.010329,0.2644,0.45566,0.68448,0.4469,0.76768,0.27539,0.12094,0.00026071,0.3112,0.00047033
0.00072809,0.00072809,0.00072813,0.00072839,0.00072935,0.0036158,0.28849,0.48047,2.6589,1.1163,0.27628,0.14899,0.021677,0.0012429,3.7389
0.028139,0.028184,0.028732,0.029407,0.02921,0.54928,0.8764,0.49947,1.8355,0.47959,0.028132,0.031009,0.034486,0.10318,0.028132
0.057281,0.057281,0.057281,0.057283,0.057287,0.060162,0.40849,0.63819,5.3039,0.21317,0.15291,0.23321,0.063721,0.057813,0.059781
0.00024081,0.00023203,0.0012969,0.0069042,0.004284,0.16925,0.38655,0.45733,0.30402,0.061299,1.4975,0.013335,0.99311,0.11055,0.0070985
0.00022665,0.0002266,0.00022921,0.0002382,0.00033053,0.0028925,0.020619,0.077765,0.076422,0.029109,0.64585,0.87323,5.4163,0.76055,0.015067
0.00014916,0.00014836,0.00015975,0.00029715,0.00085989,0.0094331,0.089648,0.2874,0.82734,0.81964,0.040742,2.1469,0.53357,0.15835,0.00014571
0.0021757,0.0022198,0.0025002,0.010669,0.013955,0.19904,1.6202,0.0056329,0.41029,0.0048108,1.5852,0.0044044,0.020977,0.0087153,15.176
0.028418,0.028467,0.029034,0.028888,0.029405,0.58318,0.78157,0.57005,0.62646,0.028446,1.9916,0.028415,0.02845,0.034679,13.004
0.015928,0.015928,0.015931,0.01597,0.016008,0.042079,0.061366,0.12563,0.14457,0.16894,0.42077,1.7556,1.5375,1.5554,0.016122
0.0093004,0.0096133,0.0096689,0.011684,0.017858,0.49304,0.80344,1.2588,0.10369,0.18386,0.27745,0.013444,0.26707,0.086771,0.2012
0.00031646,0.00031515,0.0003309,0.00039714,0.00091369,0.10122,0.22977,0.28609,0.30608,0.066837,0.55619,0.0061987,5.7671,0.0055152,0.0034316
0.00013965,0.00014024,0.00014538,0.00034437,0.00091808,0.13385,0.84112,1.9404,0.58791,1.2479,0.029814,0.0028524,0.00014,0.00025916,0.0006681
0.0001973,0.00019722,0.00020327,0.00023912,0.00022271,0.045317,0.058726,0.2777,0.55152,0.00024727,0.62909,0.28785,4.7718,0.085248,2.559
0.0025094,0.0025093,0.0025179,0.0026477,0.0029935,0.028463,0.094335,0.057922,0.04968,0.057451,0.043263,0.64079,0.88387,4.2627,19.849
0.0049098,0.0049133,0.0049324,0.0052734,0.0059869,0.052062,0.19423,0.20467,1.8455,1.8561,0.26943,0.0091309,0.2435,0.13592,0.0049094
0.00022195,0.00022195,0.00022203,0.00022301,0.00022892,0.0018537,0.0095722,0.04174,0.036168,0.20349,0.7148,0.13605,2.9243,4.0558,0.61182
0.0010541,0.0010542,0.0010547,0.0010627,0.0010662,0.0069621,0.018163,0.090269,0.12587,0.06684,0.22932,0.78093,0.45366,3.6921,9.4063
0.00049092,0.00049109,0.00049204,0.00049657,0.00049968,0.0035264,0.023276,0.020018,0.32912,0.21983,0.060724,0.11431,0.0065777,0.13675,17.94
0.093165,0.093165,0.093166,0.093181,0.093385,0.1107,0.20705,0.23229,0.15816,0.98769,0.29036,2.2619,0.28646,1.9239,0.093191
0.0004325,0.00058507,0.0021401,0.022011,0.012584,0.40006,0.014141,1.8022,0.055322,0.3925,0.27884,0.97309,0.0081431,0.052704,0.0011712
0.0030391,0.0030163,0.0030824,0.0087824,0.010401,0.16945,0.55174,0.65166,0.37803,0.080057,0.28183,0.019319,0.69315,0.71613,0.0029569
0.087824,0.087818,0.088067,0.089389,0.091429,0.89154,1.2757,0.75045,0.60144,0.28752,0.087813,0.33872,0.094529,0.10766,0.087916
0.0025511,0.002551,0.0025778,0.003081,0.0044632,0.027869,0.49843,0.52132,0.35069,0.082019,0.51096,0.12019,0.82416,1.022,2.1561
0.061147,0.061149,0.061172,0.061227,0.063162,0.065057,0.13352,0.21543,0.20119,1.0655,1.9335,3.1744,0.070172,0.081834,0.061147
0.00018489,0.00022813,0.00052867,0.0014528,0.0013111,0.35096,0.31244,0.22127,0.55259,0.27109,0.16924,0.073475,0.45134,1.2723,0.00093349
0.0042278,0.004228,0.0042342,0.0042958,0.0042935,0.0054225,0.0062559,0.011809,3.8094,0.61645,0.052501,0.089322,0.95802,1.0914,0.0067061
0.00012556,0.00012556,0.00012556,0.00012556,0.00012556,0.00012556,0.00012556,0.00012556,0.00012556,12.822,0.0010249,1.1833,0.006795,0.010411,0.00080101
0.011413,0.011413,0.011413,0.011413,0.011417,0.022137,0.095285,0.10253,0.20757,0.91447,3.322,0.57014,0.24451,0.22551,0.011612
0.016785,0.016784,0.016795,0.017106,0.0172,0.33592,0.85663,0.91077,1.8359,0.021422,0.28972,0.019109,0.14788,0.02786,0.018739
0.00017554,0.00017604,0.00018372,0.00026704,0.00022912,0.0018827,1.8365,0.31295,0.29465,0.10139,0.15449,0.78956,0.10097,0.73991,0.00021911
0.00065917,0.00065662,0.00068492,0.0011392,0.0021148,0.031564,0.096077,0.3604,0.10661,0.055118,2.0228,1.8665,0.086271,0.29048,18.447
0.0047045,0.0047367,0.0051146,0.0063133,0.0077377,0.22412,0.32478,0.1153,0.52918,0.11091,1.204,0.059307,0.0055448,2.0157,7.2676
0.0077252,0.0077373,0.0077463,0.0077767,0.0078851,0.011464,0.048003,0.038757,0.021893,0.036358,0.039537,0.014736,0.25469,0.95499,18.421
0.0094825,0.0094826,0.0094832,0.009517,0.0099631,0.01241,0.013885,0.032304,8.6777,1.048,0.017719,0.13473,0.0094825,0.019896,0.009693
0.0050414,0.005043,0.0050503,0.0050542,0.0051742,0.010788,0.043534,0.11598,0.6156,0.5977,0.85468,0.43354,0.99069,0.94087,2.7014
0.0027638,0.0027647,0.0027665,0.0027771,0.002853,0.0031839,0.016485,0.023771,0.010874,0.0099782,0.043219,0.0037221,10.624,2.9543,0.0027635
0.0055313,0.0055316,0.0055333,0.005533,0.0055352,0.0076303,0.018628,0.020088,4.4312,4.8394,0.0069974,0.013635,0.014981,0.010453,0.0055541
0.034716,0.034716,0.034716,0.034716,0.034716,0.034717,0.034717,3.7483,2.6261,0.044396,0.22752,0.076741,0.38695,0.035254,0.036434
0.0057974,0.0057973,0.0058036,0.0058212,0.0058512,0.052275,0.064978,0.23765,0.083655,0.38865,0.57528,0.018413,0.44185,5.7975,0.0080851
0.00014087,0.0001391,0.00014252,0.00015108,0.00065232,0.061498,0.19176,0.65365,3.1084,0.31015,0.26358,0.1497,0.0062364,0.11566,0.00065409
0.00011929,0.0001193,0.00011977,0.00012297,0.00018962,0.089453,0.38612,0.62503,1.2703,0.92102,0.25136,0.0062388,0.14935,0.24993,0.00031807
0.018068,0.018068,0.018073,0.018124,0.018217,0.1219,0.15449,0.89531,0.18277,0.018067,0.94021,0.018094,2.3395,0.45719,20.826
0.00018724,0.00018722,0.00018774,0.00020188,0.00023656,0.060102,0.070105,0.34532,1.1815,0.078589,0.977,0.52121,0.18616,0.96598,0.00036517
0.0009459,0.00094976,0.00098876,0.0012126,0.0012979,0.067899,0.44619,0.078734,0.55246,0.082768,0.96899,0.11633,2.0855,0.279,0.031142
0.0015156,0.0015156,0.001516,0.0015171,0.0015274,0.0025812,0.0082473,0.031491,0.051738,0.21943,0.71086,1.1296,1.9014,2.8434,0.63004
0.0001314,0.0001314,0.00013172,0.0001407,0.0001593,0.0068384,0.038649,0.060261,0.044548,0.13193,2.4341,0.58574,1.5859,1.347,0.010095
0.011534,0.011538,0.011576,0.011793,0.011681,0.016511,0.019542,0.042712,0.034497,0.04473,0.020453,0.013061,16.619,0.045676,21.158
0.00016021,0.00016605,0.0009753,0.015231,0.0056116,0.35729,0.73621,0.96041,0.11698,0.56023,0.35403,0.003955,0.34434,0.00073809,0.00089879
0.00018556,0.00018633,0.00018585,0.00020458,0.00023459,0.011787,0.026129,0.12004,0.94012,2.0022,1.4249,0.98613,0.022736,0.0074631,0.0001855
0.00049628,0.00049628,0.00049674,0.00050185,0.00053,0.012446,0.091623,0.1186,0.14355,0.13086,0.41243,0.78395,0.0015242,3.1615,6.1755
0.00019999,0.00019999,0.0002,0.00020031,0.00020035,0.00034546,0.00045383,0.0011721,0.0015989,0.00020114,0.00075072,9.5057,1.4748,1.3442,0.00072394
0.0001777,0.00017771,0.00017805,0.00018046,0.00018258,0.016561,0.13269,0.33409,0.49487,0.036051,3.6501,0.57575,0.15024,0.23213,0.00037649
0.011282,0.011284,0.011311,0.011469,0.011612,0.30849,0.19732,0.17865,0.99613,0.10068,1.4712,0.61072,0.011334,0.47398,0.011282
0.00013991,0.00013995,0.00014013,0.00014028,0.00016487,0.012764,1.649,0.13446,1.772,0.15033,0.068629,0.11092,0.21651,0.050846,22.838
0.0093588,0.0093587,0.0093589,0.0093671,0.0093861,0.024329,0.047579,0.11655,0.025896,0.017964,0.16319,0.64897,2.2703,5.5919,0.0093587
0.00020587,0.0002057,0.0002061,0.00033408,0.00073156,0.070846,0.5976,1.127,1.2812,0.55381,0.23711,0.13017,0.02388,0.0066211,0.00047758
0.006541,0.0065195,0.0067616,0.0097394,0.0082781,1.7468,2.1485,0.027611,0.0086676,0.184,0.0065138,0.41727,0.18312,0.0065191,0.0096303
0.0043963,0.0043974,0.0044121,0.0044127,0.0044696,0.03997,0.10625,0.35559,1.2065,0.11309,0.0056853,2.6525,0.01108,0.065303,8.9873
0.00034488,0.0003387,0.00054135,0.0022622,0.0015044,0.15736,0.27076,1.2831,0.35378,0.00045569,0.02235,0.20223,0.757,1.4163,0.0072182
0.0055284,0.0055286,0.0055308,0.0055408,0.0058754,0.024571,0.13815,0.21803,0.22514,0.12653,0.57873,0.32291,1.3443,2.0211,6.7229
0.0001897,0.00036186,0.00034349,0.0018411,0.0039674,0.077769,0.6733,0.55177,0.33828,0.0032823,0.22485,0.80413,0.78457,0.32345,0.00024353
0.013937,0.013937,0.013938,0.013939,0.013978,0.014178,0.015136,0.017316,1.0508,0.89384,0.47505,2.3337,0.022785,1.5681,1.3413
0.013214,0.013214,0.013214,0.013214,0.013214,0.013214,2.0271,0.91198,0.08239,2.3165,0.026352,0.0178,0.28946,0.014183,0.20513
0.0039232,0.0039232,0.0039233,0.0039234,0.0039244,0.0068347,0.3479,0.55911,0.25479,0.88539,0.1078,0.43831,0.90487,0.71995,0.0056136
0.0002346,0.0003763,0.0025084,0.025636,0.014672,1.8656,0.061889,0.61364,0.096056,0.50655,0.3862,0.0060193,0.02337,0.012366,0.20263
0.002529,0.0025289,0.0025332,0.0025395,0.0025599,0.074084,0.18499,0.7282,0.0025288,0.75764,1.1136,0.64187,1.1612,0.015846,0.33733
0.030738,0.030759,0.031349,0.031437,0.031693,0.17963,0.44772,0.52523,0.29168,0.089339,0.58392,0.13581,0.95063,0.32027,23.022
0.0041439,0.0041439,0.0041471,0.0041557,0.0041668,0.0058015,0.0071067,6.2031,0.61893,0.11697,0.23335,0.05166,0.0070676,0.12459,0.0041439
0.00020785,0.00022605,0.00031472,0.00048882,0.00092316,0.013304,0.15586,0.13767,2.306,4.4142,0.0035894,0.12287,0.00075408,0.0029014,0.0023488
0.00018882,0.0003789,0.0021337,0.0061554,0.15715,0.31779,1.2167,3.3201,0.0010731,0.00017467,0.0054778,0.087202,0.0052949,0.00017519,0.0008974
0.02101,0.021011,0.021012,0.021016,0.021031,0.028192,0.06752,0.063439,0.039065,0.034484,0.054837,0.028552,0.24836,0.93788,18.434
0.00015976,0.00015976,0.00015976,0.00015976,0.00015976,0.00015976,0.00015976,0.00015976,0.00015976,0.00015976,21.517,0.0004228,0.00058188,0.00015976,0.62391
0.0058857,0.0058857,0.005886,0.0058882,0.0058986,0.0071233,0.31991,0.48318,0.4964,0.0060768,0.082681,2.321,0.019999,2.7494,0.0078189
0.00019507,0.00019538,0.00019804,0.00025135,0.00026217,0.027904,0.047288,0.21247,0.10712,0.0039807,1.5141,2.2273,2.0197,0.09726,0.00038196
0.013335,0.013333,0.013337,0.013418,0.014971,0.055157,0.069377,0.064258,0.055868,0.12146,0.064115,0.02835,0.016009,0.72908,18.224
0.0041598,0.0041078,0.004182,0.0099154,0.01319,0.11978,0.20045,2.0769,0.36735,0.88074,0.078894,0.015113,0.21518,0.12147,0.0065488
0.024114,0.024127,0.024309,0.024218,0.024376,0.14903,1.0244,2.7808,0.80347,0.030725,0.23718,0.027075,0.050112,0.031854,0.024297
0.00069296,0.00069116,0.00081438,0.0032771,0.0057275,0.18942,0.19676,0.18611,0.6059,0.56519,1.6435,0.00085794,1.0525,0.00068779,2.018
0.00037324,0.00037346,0.00038185,0.00064089,0.00047349,0.068173,0.5593,1.0019,1.229,0.5139,0.22013,0.33654,0.023699,0.0067889,0.00064593
0.010971,0.010971,0.010972,0.010979,0.011003,0.013931,0.38566,0.63473,2.7548,1.2879,0.33092,0.015406,0.032633,0.011507,0.014026
0.030073,0.030073,0.030073,0.030073,0.030073,0.030074,0.034515,0.032027,0.030224,12.412,0.36099,0.03731,0.30511,0.040301,0.033213
0.00025294,0.00025221,0.00025742,0.00037273,0.011183,0.043321,0.4319,0.1975,0.25953,0.22714,0.0068729,0.26651,0.013829,4.5274,23.354
0.056812,0.056812,0.056812,0.056812,0.056812,0.056812,0.05828,0.057058,9.5122,0.061495,0.20768,0.058904,0.075222,1.4231,0.056882
0.0061411,0.006141,0.0061419,0.006156,0.0061619,0.007649,0.0084889,5.2729,0.52836,0.102,0.17455,0.06728,0.008636,0.72864,0.006141
0.0051651,0.0051676,0.0051929,0.0053418,0.0052638,0.015353,0.016268,0.04717,0.037334,0.051669,0.018761,0.010298,15.248,0.2505,1.9573
0.0040698,0.0040702,0.0040706,0.0040719,0.0040957,0.012328,0.12724,0.27912,0.53093,0.53344,1.0895,0.88762,1.4329,0.0040697,0.0061095
0.0001377,0.0001377,0.00013771,0.00013788,0.00013796,0.00015416,0.00044858,0.00072862,0.0010187,0.0001399,0.0012082,13.809,0.036486,1.4254,7.9403
0.07378,0.07378,0.073781,0.073791,0.073813,0.075196,0.075833,0.077237,0.074041,0.074263,0.074538,0.073796,0.074504,25.924,0.2657
0.00012096,0.00015046,0.00014841,0.000401,0.0026162,0.94785,0.73017,0.023109,1.9235,0.23673,0.00011888,0.79559,0.00018302,0.00011972,0.00017977
0.0040557,0.0040557,0.0040557,0.0040576,0.0040897,0.046292,0.50221,0.6658,0.38062,0.11462,1.3894,0.71561,0.010816,0.39262,0.01538
0.00025021,0.00025046,0.00025343,0.00035307,0.00029717,0.001745,0.73262,0.3933,0.17806,0.36916,0.48555,0.7162,0.33211,0.75496,0.00073762
0.00033701,0.00032842,0.00034529,0.0012058,0.00097775,0.0569,0.95205,0.66128,0.55156,0.46199,0.036605,0.71221,0.0070903,0.38907,0.0018136
0.029065,0.029065,0.029065,0.029067,0.029111,0.088197,0.18968,0.19298,0.51355,0.75261,0.11859,3.2182,0.18385,0.26101,0.029356
0.0005327,0.0005311,0.00053969,0.0013249,0.0017156,0.80749,1.708,0.68426,0.75745,0.0061333,0.019175,0.10447,0.028986,0.0005623,0.0030199
0.00032627,0.00022513,0.0027711,0.014179,0.010629,0.28707,0.7358,0.39474,0.064033,1.5593,0.085398,0.20374,0.12679,0.038663,0.00093354
0.00014018,0.00014018,0.00014018,0.00014019,0.00014045,0.00017298,1.678,2.4037,0.089773,0.2994,0.27519,0.1563,0.0091581,0.023709,0.20239
0.00012762,0.00012757,0.00012912,0.00013363,0.00013776,0.012915,0.06936,0.1136,0.24002,0.1734,0.47538,1.6385,0.63245,2.0635,1.2768
0.00037438,0.00037355,0.0004088,0.00040933,0.00053644,0.14106,0.17961,0.10281,0.11701,0.0037452,0.50859,0.35342,4.0876,0.69454,0.0011183
0.00014657,0.00014657,0.00014941,0.00017532,0.0002011,0.0184,0.041411,0.10314,0.062485,0.082735,0.16987,0.14647,2.476,5.324,0.62916
