1.8967,1.7825,1.3507,0.7662,0.25236,0.0053983,0.11964,0.55146,1.1359,1.6498
1.7407,1.87,1.6483,1.1603,0.59235,0.16144,0.032147,0.25384,0.74185,1.3098
1.8823,1.6259,1.1116,0.53605,0.119,0.019769,0.27625,0.79049,1.3661,1.7831
0.068739,0.47083,1.0563,1.6016,1.8984,1.8334,1.4313,0.84577,0.30046,0.0036665
1.636,1.1255,0.54828,0.12496,0.017174,0.2661,0.77666,1.3538,1.7772,1.8849
0.94052,0.65188,0.47751,0.48403,0.66893,0.96159,1.2502,1.4246,1.4181,1.2332
1.5556,1.6033,1.4018,1.0282,0.62509,0.3465,0.29883,0.50029,0.87392,1.277
1.598,1.6557,1.4442,1.0444,0.60894,0.30415,0.24645,0.45789,0.8577,1.2932
0.43212,0.11836,0.12267,0.44339,0.95802,1.47,1.7837,1.7794,1.4587,0.94409
1.4367,0.87867,0.34833,0.0482,0.092935,0.46544,1.0234,1.5538,1.8539,1.8092
1.2719,1.5938,1.6702,1.4718,1.0746,0.63017,0.3083,0.23195,0.43027,0.82751
0.54422,0.42261,0.50286,0.7543,1.0809,1.3579,1.4795,1.3993,1.1478,0.82122
1.0537,1.484,1.7107,1.6473,1.3179,0.84843,0.41813,0.19139,0.25482,0.58419
0.23315,0.73067,1.3124,1.7561,1.8923,1.669,1.1714,0.58974,0.14604,0.009837
0.12494,0.11167,0.41902,0.92959,1.4484,1.7772,1.7904,1.4831,0.97253,0.45375
0.36258,0.00949,0.01605,0.37975,0.96167,1.5395,1.8926,1.8861,1.5224,0.94044
1.5213,0.96548,0.40416,0.051735,0.042818,0.38082,0.93663,1.498,1.8504,1.8593
0.87096,0.6843,0.59954,0.64904,0.8139,1.0312,1.2178,1.3026,1.2531,1.0882
0.91883,0.34416,0.0012969,0.021214,0.3963,0.98328,1.558,1.9008,1.8809,1.5058
1.4083,0.99421,0.56359,0.28097,0.2543,0.49377,0.90791,1.3385,1.6211,1.6478
0.29426,0.16979,0.34375,0.74967,1.2325,1.6079,1.7323,1.5584,1.1524,0.6696
0.64873,0.89094,1.1561,1.343,1.3801,1.2534,1.0112,0.746,0.55915,0.522
0.89022,1.3446,1.6487,1.6863,1.443,1.0119,0.5575,0.25344,0.21584,0.45907
0.8474,1.0176,1.1624,1.2265,1.1853,1.0547,0.88451,0.73972,0.67566,0.71679
0.3574,0.93151,1.5131,1.88,1.8921,1.5447,0.9706,0.38903,0.022123,0.010042
0.24958,0.51158,0.94144,1.375,1.6466,1.6525,1.3905,0.96067,0.52713,0.25552
0.0092653,0.27388,0.79716,1.3792,1.7977,1.8928,1.6282,1.105,0.5229,0.10438
0.17063,0.028466,0.2387,0.72103,1.2912,1.7315,1.8736,1.6634,1.1811,0.61089
0.56408,0.2585,0.21745,0.45662,0.88464,1.338,1.6436,1.6847,1.4455,1.0175
0.079423,0.40817,0.94428,1.483,1.8185,1.8227,1.4939,0.95783,0.41913,0.083611
1.3891,1.7411,1.7912,1.5205,1.0322,0.51297,0.16106,0.1109,0.38165,0.86989
0.33304,0.54929,0.919,1.3009,1.5493,1.5691,1.3528,0.98312,0.60116,0.35286
1.1215,1.2679,1.2932,1.1879,0.99211,0.78063,0.63425,0.60887,0.7142,0.91
0.51465,0.97841,1.4317,1.7014,1.6845,1.3875,0.9237,0.47039,0.20068,0.21758
0.79229,0.36792,0.16629,0.26441,0.6248,1.1098,1.5342,1.7358,1.6377,1.2773
1.0085,1.2328,1.3495,1.314,1.1399,0.89364,0.66931,0.5526,0.58808,0.76221
0.55124,0.62162,0.81784,1.0649,1.2685,1.3509,1.2805,1.0843,0.83718,0.63358
1.3289,1.3825,1.2713,1.0378,0.77117,0.57323,0.51961,0.63079,0.8643,1.1309
0.62586,1.1315,1.5682,1.7692,1.6577,1.2763,0.77062,0.3339,0.13292,0.24444
0.88644,1.3132,1.6017,1.6416,1.4178,1.0157,0.58887,0.30041,0.26048,0.48432
0.4694,1.0362,1.5704,1.8681,1.8155,1.4327,0.86595,0.33169,0.03401,0.08661
0.88464,1.1208,1.2921,1.3332,1.2283,1.0175,0.78132,0.61001,0.56896,0.67386
0.19112,0.58751,1.1228,1.5924,1.8171,1.711,1.3146,0.77936,0.30969,0.085003
0.16832,0.63158,1.2169,1.7006,1.8981,1.7338,1.2705,0.68525,0.20149,0.0040419
0.087681,0.06452,0.37999,0.91358,1.4615,1.8144,1.8376,1.5221,0.98853,0.44062
0.94374,1.1518,1.2831,1.2876,1.1636,0.95837,0.75035,0.61899,0.61447,0.73851
0.070908,0.35008,0.8588,1.4028,1.7742,1.8312,1.552,1.0433,0.49935,0.12792
5.4561,1.1315,7.6502,11.61,11.498,7.3582,0.77062,5.748,9.7079,9.5964
1.3502,0.91523,0.49398,0.24732,0.26946,0.55195,0.98688,1.4081,1.6548,1.6326
0.51073,0.51735,0.68964,0.96178,1.2298,1.3914,1.3848,1.2125,0.94034,0.67229
0.97677,1.2944,1.4808,1.4649,1.2528,0.92534,0.60775,0.42129,0.43719,0.64936
1.3251,0.77688,0.2952,0.064029,0.17167,0.57702,1.1252,1.6069,1.8381,1.7304
1.0663,1.426,1.6043,1.5331,1.2396,0.83584,0.47612,0.29781,0.36902,0.66255
1.3083,1.4567,1.4119,1.1911,0.87861,0.59377,0.44539,0.49017,0.71099,1.0235
1.7617,1.8572,1.6065,1.1055,0.54548,0.14039,0.044954,0.29561,0.79663,1.3566
1.8297,1.7818,1.4166,0.87352,0.36009,0.072385,0.12031,0.48555,1.0286,1.542
0.63672,0.1758,0.010997,0.20527,0.68441,1.2654,1.7263,1.8911,1.6968,1.2177
0.97862,0.70507,0.52548,0.50845,0.66048,0.9235,1.197,1.3766,1.3937,1.2416
1.8104,1.7607,1.4017,0.87058,0.37021,0.091702,0.14144,0.50042,1.0315,1.5319
1.643,1.1625,0.60119,0.17356,0.042909,0.25914,0.73966,1.3009,1.7286,1.8592
0.3789,0.71449,1.1404,1.4941,1.6403,1.5232,1.1876,0.76167,0.40806,0.26185
0.78495,1.1945,1.5111,1.6137,1.4633,1.1172,0.70761,0.39105,0.28838,0.43884
0.24638,0.35739,0.69516,1.1307,1.4976,1.6557,1.5447,1.207,0.77144,0.40454
1.6115,1.0828,0.50378,0.095585,0.014156,0.29059,0.8193,1.3983,1.8065,1.888
0.2064,0.29035,0.62667,1.0869,1.4952,1.6957,1.6118,1.2754,0.81522,0.40688
1.2485,0.74278,0.3166,0.13276,0.26148,0.6536,1.1593,1.5855,1.7694,1.6406
1.2048,1.5296,1.6335,1.4766,1.119,0.69729,0.37247,0.26866,0.4255,0.78308
1.7557,1.6107,1.2137,0.71635,0.30868,0.14637,0.29143,0.68844,1.1858,1.5934
1.879,1.7282,1.2806,0.70704,0.22672,0.023076,0.17389,0.62155,1.1951,1.6754
0.88878,0.55602,0.37416,0.41265,0.65679,1.0133,1.3461,1.528,1.4895,1.2453
1.5793,1.519,1.2417,0.85343,0.50243,0.32279,0.38312,0.66039,1.0487,1.3997
0.58818,0.75101,0.99026,1.2145,1.3382,1.3139,1.1511,0.91186,0.68759,0.56395
1.3116,1.6447,1.713,1.4902,1.0614,0.59055,0.25737,0.18915,0.41196,0.84068
1.8552,1.706,1.2683,0.7095,0.24295,0.046872,0.19616,0.63379,1.1926,1.6592
1.0051,1.212,1.3192,1.2858,1.1246,0.89705,0.69015,0.5829,0.61628,0.77753
0.076572,0.22701,0.654,1.1945,1.642,1.8255,1.6751,1.2481,0.70765,0.26016
1.5775,1.8306,1.7476,1.3604,0.81688,0.32457,0.07156,0.15449,0.54168,1.0852
3.7399,0.75271,5.321,8.2202,8.3428,5.642,1.1494,3.4189,6.3181,6.4407
1.8297,1.7818,1.4166,0.87352,0.36009,0.072385,0.12031,0.48555,1.0286,1.542
1.5762,1.6907,1.5227,1.1363,0.67924,0.32595,0.21144,0.37943,0.76576,1.2229
1.8325,1.7818,1.4138,0.86903,0.3556,0.069611,0.12031,0.48832,1.0331,1.5465
1.2787,1.6787,1.8008,1.5983,1.1486,0.62341,0.22337,0.10128,0.30378,0.75352
8.4198,1.3498,5.8725,10.488,10.735,6.5177,0.55229,7.7746,12.391,12.637
0.51105,0.13091,0.064045,0.33599,0.84286,1.3911,1.7712,1.8381,1.5661,1.0592
1.3819,0.83534,0.33299,0.066718,0.13824,0.52022,1.0668,1.5691,1.8354,1.7639
0.47351,0.83554,1.2417,1.5368,1.6082,1.4286,1.0666,0.66042,0.36528,0.29388
1.2011,0.95087,0.70069,0.54613,0.54625,0.70098,0.95124,1.2014,1.356,1.3559
1.3852,0.83538,0.32972,0.061387,0.13288,0.51688,1.0667,1.5724,1.8407,1.7692
0.91598,1.0726,1.1828,1.2045,1.1294,0.98613,0.82951,0.71931,0.69764,0.77276
1.3229,0.83538,0.39207,0.16228,0.23377,0.57924,1.0667,1.51,1.7398,1.6683
1.5669,1.668,1.4953,1.1147,0.67158,0.33524,0.23412,0.40685,0.78745,1.2305
0.046123,0.097662,0.47517,1.0344,1.5619,1.856,1.8045,1.4269,0.86766,0.34024
0.47102,0.71443,1.0482,1.3449,1.4911,1.4311,1.1877,0.85389,0.55721,0.41097
3.7722,0.95165,5.6752,8.5943,8.594,5.6743,0.95046,3.7731,6.6922,6.6919
0.35146,0.3819,0.62974,1.0003,1.3521,1.5507,1.5202,1.2724,0.9018,0.55004
1.6995,1.432,0.98079,0.51824,0.22101,0.20263,0.47013,0.92132,1.3839,1.6811
0.62059,0.84318,1.107,1.3112,1.3779,1.2815,1.0589,0.79514,0.5909,0.52422
0.95497,1.3904,1.658,1.6556,1.384,0.94715,0.51174,0.24414,0.24656,0.51807
0.65821,0.48367,0.48765,0.66864,0.95751,1.2439,1.4184,1.4145,1.2335,0.94461
1.1302,0.80995,0.54357,0.43283,0.52004,0.77188,1.0922,1.3585,1.4693,1.3821
0.40389,0.24506,0.3559,0.69407,1.1304,1.4982,1.6571,1.5462,1.208,0.77171
2.8779,0.95283,0.97292,2.1638,2.1649,0.97579,0.94928,2.875,4.0659,4.067
0.4785,0.081589,0.016786,0.30884,0.8462,1.4236,1.8205,1.8853,1.5933,1.0559
1.3121,1.4264,1.3592,1.136,0.84222,0.58999,0.47567,0.54293,0.76608,1.0599
0.42745,0.18926,0.24206,0.56566,1.0365,1.4747,1.7128,1.6601,1.3365,0.86564
1.7663,1.8996,1.6707,1.1669,0.58061,0.13586,0.0024894,0.23144,0.73526,1.3215
1.7266,0.83554,3.4418,5.0967,5.1681,3.6287,1.0666,1.5397,3.1946,3.266
2.5969,0.95195,0.69334,1.7105,1.7111,0.69479,0.95016,2.5955,3.6126,3.6132
1.4162,0.95058,0.48511,0.19761,0.19791,0.48588,0.95154,1.417,1.7045,1.7042
1.5215,1.3085,0.95886,0.60628,0.3854,0.38058,0.59366,0.94326,1.2958,1.5167
1.6165,1.4098,1.0278,0.61656,0.33305,0.2856,0.49233,0.87428,1.2856,1.5691
0.94743,0.59882,0.38476,0.387,0.60469,0.95468,1.3033,1.5174,1.5151,1.2974
1.6522,1.5776,1.2638,0.83046,0.44321,0.24994,0.32447,0.63833,1.0716,1.4589
0.65909,1.0771,1.447,1.6274,1.5495,1.243,0.825,0.45513,0.27468,0.35259
0.047029,0.33848,0.86391,1.4226,1.8012,1.8551,1.5636,1.0382,0.47949,0.10089
0.0057489,0.14213,0.58749,1.1717,1.6717,1.8964,1.76,1.3146,0.73039,0.23044
1.8238,1.4544,0.89271,0.35331,0.042219,0.078278,0.44771,1.0094,1.5488,1.8599
3.9779,0.34441,3.0573,4.928,4.5531,2.0758,1.5577,4.9594,6.8301,6.4552
4.7434,1.423,2.0777,4.4215,4.7131,2.8412,0.47915,3.9798,6.3236,6.6152
0.95091,0.60313,0.38824,0.38833,0.60336,0.9512,1.299,1.5139,1.5138,1.2988
1.5362,1.3266,0.97355,0.6119,0.37979,0.36588,0.5755,0.92856,1.2902,1.5223
0.38819,0.36792,0.57039,0.91826,1.2787,1.5139,1.5342,1.3317,0.98385,0.62345
0.22888,0.60388,1.1115,1.5578,1.7724,1.6732,1.2982,0.79063,0.3443,0.12973
0.78495,1.1945,1.5111,1.6137,1.4633,1.1172,0.70761,0.39105,0.28838,0.43884
1.9007,1.7771,1.338,0.7511,0.24058,0.0014361,0.12501,0.56411,1.151,1.6615
0.79229,0.36792,0.16629,0.26441,0.6248,1.1098,1.5342,1.7358,1.6377,1.2773
1.8308,1.7818,1.4155,0.87184,0.35841,0.071352,0.12031,0.48658,1.0303,1.5437
0.98183,1.2942,1.4756,1.4565,1.2444,0.92028,0.60787,0.42655,0.44557,0.65767
1.6125,1.1977,0.68875,0.27997,0.12753,0.28964,0.70439,1.2134,1.6221,1.7746
0.44612,0.47124,0.67964,0.99171,1.2883,1.456,1.4309,1.2225,0.9104,0.61386
0.73498,0.24666,0.027395,0.16094,0.59628,1.1671,1.6555,1.8747,1.7412,1.3058
1.8697,1.8155,1.4311,0.86329,0.32905,0.032399,0.086641,0.47106,1.0388,1.5731
0.74074,0.36792,0.21784,0.34782,0.70822,1.1614,1.5342,1.6843,1.5543,1.1939
0.37889,0.20921,0.32289,0.6765,1.135,1.5232,1.6929,1.5792,1.2256,0.76712
1.6995,1.432,0.98079,0.51824,0.22101,0.20263,0.47013,0.92132,1.3839,1.6811
0.19112,0.58751,1.1228,1.5924,1.8171,1.711,1.3146,0.77936,0.30969,0.085003
0.69876,0.24666,0.063609,0.21954,0.65488,1.2034,1.6555,1.8385,1.6826,1.2472
1.4554,1.0125,0.54621,0.23451,0.19651,0.44672,0.88957,1.3559,1.6676,1.7056
1.4506,1.3132,1.0374,0.7287,0.50491,0.45153,0.58896,0.86469,1.1734,1.3972
0.76456,1.1945,1.5315,1.6467,1.4963,1.1376,0.70761,0.37065,0.25539,0.40585
0.87299,0.41039,0.1543,0.20255,0.5367,1.0291,1.4917,1.7478,1.6996,1.3654
0.97762,1.4274,1.6952,1.6787,1.3844,0.9245,0.47476,0.20696,0.22337,0.51774
1.6042,1.078,0.50334,0.099686,0.021226,0.29793,0.82411,1.3988,1.8024,1.8809
1.8856,1.532,0.95653,0.37895,0.019896,0.016516,0.3701,0.94559,1.5232,1.8822
1.0557,0.83554,0.65949,0.59482,0.66621,0.84641,1.0666,1.2426,1.3073,1.2359
0.96743,1.4104,1.6778,1.6677,1.3839,0.93468,0.49176,0.22427,0.23439,0.51825
0.75981,1.2537,1.632,1.7502,1.5632,1.1423,0.64838,0.27007,0.15188,0.33894
0.15645,0.24666,0.60592,1.097,1.5324,1.7457,1.6555,1.2962,0.8051,0.36976
0.19112,0.58751,1.1228,1.5924,1.8171,1.711,1.3146,0.77936,0.30969,0.085003
1.6495,1.3698,0.93024,0.4986,0.23978,0.25265,0.53228,0.97187,1.4035,1.6623
0.65888,1.1663,1.5916,1.7721,1.6391,1.2432,0.73577,0.31054,0.12997,0.26302
1.4089,1.0728,0.6902,0.40724,0.33201,0.49322,0.82932,1.2119,1.4949,1.5701
0.79229,0.36792,0.16629,0.26441,0.6248,1.1098,1.5342,1.7358,1.6377,1.2773
1.8867,1.5498,0.98427,0.40602,0.035953,0.015423,0.35227,0.91784,1.4961,1.8662
1.902,1.5514,0.97142,0.38369,0.012669,8.1294e-05,0.35073,0.93069,1.5184,1.8894
0.34497,0.72055,1.1842,1.5588,1.7012,1.5571,1.1816,0.71794,0.34336,0.2009
0.63361,0.82359,1.0623,1.2585,1.3372,1.2685,1.0785,0.83985,0.64366,0.56488
0.18875,0.31394,0.68248,1.1536,1.5474,1.7134,1.5882,1.2196,0.7485,0.35474
1.6054,1.3132,0.88265,0.47828,0.25448,0.29676,0.58896,1.0195,1.4238,1.6476
0.67708,0.24666,0.085287,0.25461,0.68995,1.225,1.6555,1.8168,1.6475,1.2122
1.5258,1.3137,0.96308,0.6079,0.38379,0.37636,0.58844,0.93903,1.2942,1.5183
0.22527,0.54088,1.0132,1.4617,1.7152,1.6768,1.3612,0.88895,0.44039,0.18689
1.6987,1.432,0.98154,0.51944,0.22221,0.20337,0.47013,0.92058,1.3827,1.6799
1.4212,0.95521,0.48765,0.1971,0.19453,0.48093,0.9469,1.4145,1.705,1.7076
1.4919,1.276,0.93598,0.60175,0.40093,0.41025,0.62613,0.96613,1.3004,1.5012
0.19975,0.59818,1.1314,1.5957,1.8138,1.7024,1.3039,0.77072,0.30639,0.088299
0.37684,0.35467,0.56029,0.91517,1.2838,1.5253,1.5474,1.3418,0.98694,0.61835
0.69373,0.24609,0.067723,0.22676,0.66245,1.2084,1.656,1.8344,1.6754,1.2397
0.65954,0.96329,1.2624,1.4425,1.435,1.2426,0.93882,0.63974,0.45957,0.46713
1.003,0.59731,0.32672,0.29461,0.51324,0.8991,1.3048,1.5754,1.6075,1.3889
0.92146,0.49172,0.23744,0.25573,0.53961,0.98065,1.4104,1.6647,1.6464,1.3625
0.99627,0.76441,0.60384,0.57589,0.69125,0.90584,1.1377,1.2983,1.3262,1.2109
1.5929,1.078,0.51463,0.11795,0.039489,0.30922,0.82411,1.3875,1.7842,1.8626
1.5994,1.1783,0.67035,0.26964,0.12921,0.3027,0.72384,1.2318,1.6325,1.7729
0.95495,0.46635,0.1629,0.16049,0.46006,0.94717,1.4358,1.7392,1.7416,1.4421
4.4786,0.60388,3.1383,5.3184,5.1038,2.5765,1.2982,5.0404,7.2205,7.006
1.6371,1.8894,1.7833,1.3593,0.77942,0.26506,0.012728,0.1188,0.54277,1.1227
0.74,0.27388,0.066426,0.19687,0.61538,1.1621,1.6282,1.8357,1.7052,1.2867
1.6133,1.1941,0.68212,0.27284,0.12261,0.28882,0.70799,1.22,1.6293,1.7795
1.5658,1.0745,0.53594,0.15598,0.07972,0.33628,0.82766,1.3662,1.7461,1.8224
1.0484,1.4349,1.6367,1.5765,1.2775,0.85373,0.46717,0.26545,0.3256,0.62465
0.94392,0.59448,0.38124,0.38565,0.60603,0.9582,1.3076,1.5209,1.5165,1.2961
1.661,1.5498,1.21,0.77127,0.4012,0.24116,0.35227,0.6921,1.1308,1.5009
1.1378,1.5545,1.7407,1.6252,1.2523,0.76428,0.34761,0.16144,0.27688,0.64983
1.452,1.1939,0.84309,0.53349,0.38338,0.45011,0.70818,1.059,1.3686,1.5187
0.67708,0.24666,0.085287,0.25461,0.68995,1.225,1.6555,1.8168,1.6475,1.2122
0.15728,0.36792,0.8013,1.2919,1.6523,1.7448,1.5342,1.1008,0.61023,0.24983
1.574,1.1925,0.71879,0.33376,0.18452,0.32806,0.70957,1.1833,1.5684,1.7176
0.96941,0.60937,0.37984,0.3685,0.57967,0.9327,1.2927,1.5223,1.5336,1.3224
0.74092,0.36815,0.21802,0.34789,0.70815,1.1612,1.534,1.6841,1.5542,1.194
1.6933,1.4323,0.98743,0.52869,0.23128,0.2088,0.46983,0.91468,1.3734,1.6708
0.69817,1.184,1.5808,1.7371,1.5931,1.2039,0.71816,0.32134,0.16504,0.30898
1.6987,1.432,0.98154,0.51944,0.22221,0.20337,0.47013,0.92058,1.3827,1.6799
1.6185,1.0915,0.51077,0.098259,0.011483,0.28359,0.81065,1.3913,1.8039,1.8906
0.52575,0.14908,0.078746,0.3416,0.83725,1.3764,1.753,1.8234,1.5605,1.0649
0.20908,0.66739,1.2341,1.6926,1.8679,1.693,1.2347,0.66805,0.20949,0.034172
0.76192,0.33037,0.13591,0.2528,0.63641,1.1402,1.5717,1.7662,1.6493,1.2657
0.10373,0.47949,1.0354,1.559,1.8505,1.7984,1.4226,0.86674,0.34307,0.051624
1.8999,1.5498,0.97107,0.38467,0.014613,0.0022423,0.35229,0.93104,1.5174,1.8875
1.0586,1.1969,1.2414,1.175,1.023,0.84356,0.70517,0.66069,0.72713,0.8791
0.92146,0.49172,0.23744,0.25573,0.53961,0.98065,1.4104,1.6647,1.6464,1.3625
56.469,1.5545,53.591,87.903,88.275,54.567,0.34762,55.493,89.805,90.178
0.098907,0.47417,1.0316,1.5583,1.853,1.8032,1.4279,0.87052,0.34386,0.049131
1.1747,1.5545,1.7038,1.5655,1.1926,0.72738,0.34762,0.19836,0.3366,0.70954
1.1376,1.5545,1.7408,1.6255,1.2526,0.76447,0.34762,0.16127,0.27659,0.64953
1.7296,1.5496,1.141,0.65977,0.28984,0.17247,0.3525,0.76115,1.2423,1.6123
0.94268,0.59136,0.37743,0.38261,0.60492,0.95943,1.3108,1.5247,1.5195,1.2972
0.85332,0.9564,1.0574,1.1178,1.1145,1.0488,0.94571,0.84467,0.78426,0.78757
0.011844,0.14213,0.5814,1.1619,1.6618,1.8903,1.76,1.3207,0.74025,0.24031
58.989,0.74278,60.554,97.599,97.727,60.891,1.1593,58.652,95.697,95.825
0.97165,1.2905,1.4797,1.467,1.2572,0.93046,0.61162,0.42243,0.43516,0.64494
0.13411,0.21883,0.58323,1.0881,1.5407,1.768,1.6833,1.3189,0.81399,0.36145
0.92861,0.64235,0.47401,0.48788,0.67867,0.9735,1.2598,1.4281,1.4142,1.2234
0.39518,0.47891,0.74298,1.0865,1.3783,1.5069,1.4232,1.1591,0.81558,0.52378
33.161,0.11167,32.617,52.524,52.006,31.259,1.7904,34.52,54.427,53.908
1.5566,1.0408,0.49067,0.11644,0.06101,0.34554,0.86136,1.4114,1.7857,1.8411
310.79,0.49172,311.95,504.62,504.9,312.69,1.4104,310.05,502.71,503
0.92127,0.49172,0.23762,0.25603,0.53992,0.98084,1.4104,1.6645,1.6461,1.3622
1.2485,0.74278,0.3166,0.13276,0.26148,0.6536,1.1593,1.5855,1.7694,1.6406
1.4483,1.3744,1.1389,0.83154,0.56987,0.45381,0.52767,0.76326,1.0706,1.3322
75.254,0.26584,74.46,120.38,119.96,73.352,1.6363,76.362,122.28,121.86
1.2875,1.5545,1.591,1.383,1.0101,0.61459,0.34762,0.31115,0.5191,0.89204
416.94,1.1315,419.14,677.41,677.3,418.85,0.77062,417.24,675.51,675.4
1.1645,1.457,1.5562,1.4243,1.1116,0.73763,0.44515,0.3459,0.4778,0.79047
0.28942,0.24227,0.46585,0.87476,1.3128,1.6127,1.6598,1.4363,1.0273,0.58929
0.23304,0.19271,0.44204,0.88579,1.3545,1.6691,1.7094,1.4601,1.0163,0.54763
0.61647,1.6288,3.6152,4.584,4.1651,2.5186,0.27328,1.7131,2.6819,2.263
1.3248,0.84828,0.41099,0.18,0.24352,0.5773,1.0538,1.4911,1.7221,1.6586
0.87786,1.3397,1.6531,1.6984,1.4582,1.0243,0.5624,0.249,0.20376,0.44396
62.248,0.11836,62.803,101.86,102.38,64.15,1.7837,60.901,99.96,100.47
1.3095,0.81721,0.3761,0.1546,0.23732,0.59266,1.0849,1.526,1.7475,1.6648
145.66,1.5468,142.8,232.24,232.6,143.76,0.35529,144.7,234.14,234.51
4.2501,0.50125,3.0758,5.1148,4.8368,2.348,1.4009,4.9779,7.0169,6.7389
1.5458,1.2421,0.82714,0.45955,0.2797,0.35629,0.66005,1.075,1.4426,1.6224
0.43536,0.11836,0.11943,0.43815,0.95278,1.4668,1.7837,1.7827,1.464,0.94933
0.74092,0.36815,0.21802,0.34789,0.70815,1.1612,1.534,1.6841,1.5542,1.194
0.51105,0.13091,0.064045,0.33599,0.84286,1.3911,1.7712,1.8381,1.5661,1.0592
26.772,0.60135,28.108,45.241,45.458,28.674,1.3008,26.206,43.339,43.555
0.77948,1.2385,1.5877,1.6937,1.5161,1.1226,0.66365,0.31444,0.2084,0.38603
0.66085,0.24434,0.097778,0.27714,0.71391,1.2413,1.6578,1.8043,1.625,1.1882
0.6691,1.0682,1.4225,1.5968,1.5244,1.233,0.83394,0.47961,0.30535,0.37773
217.44,1.5097,220.24,355.21,354.87,219.34,0.39243,218.34,353.31,352.97
0.88628,1.3132,1.6019,1.6419,1.4181,1.0158,0.58887,0.30025,0.26022,0.48406
0.40531,0.71449,1.114,1.4513,1.5975,1.4968,1.1876,0.78808,0.45079,0.30459
1.6801,1.4895,1.0933,0.64274,0.30994,0.22203,0.41258,0.80881,1.2594,1.5922
119.86,0.24321,119.1,192.59,192.16,117.96,1.6589,121.01,194.5,194.06
0.65151,0.41039,0.37578,0.56091,0.89506,1.2506,1.4917,1.5263,1.3412,1.007
0.92729,1.2812,1.509,1.5237,1.3197,0.97483,0.6209,0.39309,0.37839,0.58244
0.53538,1.0728,1.5637,1.8206,1.7454,1.3667,0.82932,0.3384,0.081495,0.15673
1.6626,1.4852,1.1037,0.6639,0.33381,0.23949,0.41696,0.79844,1.2382,1.5683
