1.0568,1.0222,1.0026,0.99849,2.047e-05
1.0453,1.0215,0.99412,0.99368,0.00018163
1.0255,1.0299,1.0152,0.99712,1.5839e-05
1.0368,1.0217,1.0008,1.0032,4.3977e-05
2.4249,2.5226,1.1175,1.0009,4.7026e-06
2.352,2.2029,1.0061,0.98783,0.00013947
3.0056,2.9592,0.99481,1.0001,7.4734e-05
2.6917,2.6755,0.99512,1.0001,7.4732e-05
4.4102,4.4535,1.1084,1.0012,3.6504e-06
2.3167,2.3104,1.0073,0.99637,2.1128e-05
4.0154,4.002,1.0102,1.0055,5.8143e-07
1.0421,1.0231,1.0025,1.0016,1.5457e-05
3.7572,3.6391,1.0185,0.99494,2.8573e-05
1.3407,1.3036,1.0062,0.99177,5.8038e-05
2.3663,2.2144,1.0054,0.98954,9.2422e-05
1.1678,1.3092,1.1755,1.0057,0
2.7193,2.7633,1.1057,1.0017,3.6504e-06
1.6566,1.4183,0.99151,0.9999,0.00016681
1.3853,1.1558,1.0069,0.98819,0.00016487
1.0565,1.0167,0.99746,1.007,9.9034e-05
1.8067,1.7909,1.0072,0.99757,1.553e-05
1.1083,1.2828,1.2149,1.0054,0
1.2547,1.0636,1.0364,1.0043,8.9419e-07
1.3036,1.2576,0.99983,0.99659,4.4295e-05
2.0178,1.926,0.99066,1.0056,0.00023473
3.403,3.2578,0.99539,0.99914,7.4023e-05
2.1689,2.0328,1.0042,0.99914,1.5389e-05
1.2827,1.1938,1.001,1.0021,2.3139e-05
4.2613,4.1444,0.99328,1.0003,0.0001183
1.0348,1.0197,1.0062,0.99146,6.0143e-05
1.0938,1.05,1.0129,0.9906,0.00016764
2.2885,2.3092,1.056,1.0009,4.8177e-06
1.0317,1.0275,1.0541,1.0493,0
1.0527,1.121,1.1062,0.99678,1.8744e-05
1.8597,2.0664,1.2213,1.0035,1.088e-06
3.7446,3.9507,1.2185,0.99727,1.5626e-05
1.34,1.3995,1.1234,0.99469,3.0323e-05
2.3694,2.3406,0.99802,1.0008,4.369e-05
2.636,2.5976,0.99065,1.0055,0.00023438
3.9922,3.9486,1.0066,0.99135,6.0494e-05
2.7325,2.7102,1.116,0.99162,5.8204e-05
1.1355,1.175,1.1232,0.99473,3.0202e-05
2.053,2.1318,1.1103,1.002,2.545e-06
1.4866,1.3225,1.0095,0.98978,8.9932e-05
1.194,1.0582,1.0139,0.98963,9.0389e-05
4.6658,4.6442,1.0041,1.0013,1.5629e-05
4.5883,4.4315,0.99614,0.9991,6.4674e-05
1.9382,1.9588,1.1241,1.0024,2.5783e-06
2.165,2.1496,1.0096,1.0013,4.1905e-06
3.574,3.4137,0.99647,0.99903,5.8893e-05
2.5531,2.4085,1.0049,1.0031,7.892e-06
1.8569,1.8514,1.0057,0.99173,6.9852e-05
2.1884,2.0242,1.0056,0.99083,7.4027e-05
2.1054,2.3022,1.2174,0.99681,1.7744e-05
1.7256,1.5595,0.99512,1.0004,7.4734e-05
1.2633,1.0695,0.99068,1.0072,0.00024665
2.1589,1.9871,0.99435,0.99904,9.2788e-05
1.1129,1.1873,1.1684,1.0057,2.4293e-08
1.5607,1.55,0.99923,1.0006,4.3969e-05
1.4911,1.4838,0.99393,0.99974,0.0001141
3.2808,3.1275,0.99026,1.0041,0.00023441
3.768,3.7681,1.1063,1.0012,3.6504e-06
1.9757,1.8344,0.99843,0.99349,8.5029e-05
3.0087,2.987,1.116,0.99166,5.8204e-05
3.4725,3.464,1.0089,1.0011,3.9244e-06
1.7635,1.9627,1.2155,0.99649,1.9772e-05
1.6141,1.5927,1.0098,1.0048,1.7719e-06
1.0494,1.1429,1.1147,1.0065,0
1.7921,1.66,1.0294,0.98779,0.00013427
1.0931,1.0723,0.99564,1.0009,7.8483e-05
1.0441,1.0316,0.99426,1.0019,0.00011833
3.1654,3.1324,1.0067,0.99299,4.3949e-05
1.2419,1.2097,1.1093,0.98864,0.00013366
3.0055,2.971,1.0068,0.98799,0.00013562
2.0383,1.7985,0.99248,1.0009,0.00016681
1.9838,1.9376,1.0193,1.0055,1.063e-09
1.1773,1.1286,1.007,0.99254,4.7977e-05
1.5831,1.6604,1.1053,0.99639,2.018e-05
2.1427,2.2348,1.1098,0.99724,1.5632e-05
1.8142,1.8435,1.0533,1.0011,4.2057e-06
1.6831,1.6625,1.0307,1.0064,6.6287e-10
1.3977,1.3262,1.1211,1.0018,3.6482e-06
1.0744,1.1271,1.1166,0.99472,3.0323e-05
1.1429,1.2439,1.1225,1.0061,0
3.3617,3.3295,1.0064,0.99304,4.2789e-05
1.8975,1.8952,1.0126,0.99263,4.7973e-05
1.3698,1.3503,1.0091,1.0016,4.3926e-06
1.354,1.3088,1.0075,0.99482,3.0324e-05
1.0396,1.0208,1.0434,1.0294,4.3695e-05
1.8155,1.81,1.0136,1.0062,0
1.1928,1.1046,1.0011,1.0011,2.3112e-05
1.8056,1.7957,0.99733,0.99917,4.8864e-05
1.7016,1.5687,1.0061,0.98789,0.00013947
1.629,1.6817,1.2102,1.0013,3.7084e-06
3.181,3.1484,1.0098,1.0026,2.8703e-06
1.5998,1.5978,1.1087,1.0017,3.374e-06
1.3387,1.5102,1.2038,1.0025,2.5829e-06
2.3113,2.3066,1.01,1.0024,3.7365e-06
1.4448,1.461,1.0343,1.0049,2.9826e-06
1.3065,1.2828,1.0076,0.99634,2.0379e-05
1.3766,1.2743,1.0144,0.99658,4.4294e-05
2.483,2.4333,1.0064,0.99029,7.4732e-05
1.3241,1.1659,0.99326,1.0016,0.00010971
1.1684,1.1454,0.99472,0.9938,0.00017122
2.1547,2.1264,0.99826,1.0005,4.3689e-05
1.5526,1.3944,0.99552,0.99887,0.0001314
3.3728,3.3412,1.0026,1.0018,1.4922e-05
1.7341,1.5738,1.0128,0.99315,4.3914e-05
2.3087,2.3649,1.2101,1.0013,3.878e-06
1.3338,1.5211,1.2096,0.99688,1.7744e-05
2.7788,2.6703,1.0073,0.99546,2.8385e-05
1.229,1.2311,1.1062,1.0042,3.6484e-06
1.8255,1.6381,0.99036,1.0067,0.00024665
1.5138,1.5764,1.2108,1.0023,2.6505e-06
1.3378,1.3902,1.1152,1.0061,1.9666e-09
1.4232,1.4391,1.0314,0.99426,4.4388e-05
1.0561,1.0272,1.0167,1.0208,0
1.1326,1.0486,0.9932,1.0128,0.00022051
3.1833,3.2569,1.1021,0.99659,1.9388e-05
2.3645,2.2344,0.98982,1.0049,0.00024642
1.344,1.1865,0.99889,1.0032,6.9641e-05
1.4864,1.4743,1.0103,1.0024,3.5719e-06
1.3055,1.1857,1.0081,1.005,3.6483e-06
2.6476,2.6174,1.0086,0.98769,0.00013917
2.0093,2.0005,1.0133,0.99714,1.7393e-05
