1.3694,1.4846,1.5121,1.4474,1.3015,1.0997,0.87687,0.67157,0.51928,0.44633,0.46534,0.57302,0.75075,0.9678,1.1866
1.2143,1.1308,1.0208,0.90347,0.79905,0.7256,0.69581,0.71485,0.77941,0.87833,0.99451,1.1079,1.1988,1.2516,1.2571
1.0658,0.82148,0.60424,0.45164,0.39008,0.43021,0.56508,0.77137,1.0134,1.2494,1.4384,1.5479,1.5588,1.4694,1.295
1.6544,1.7441,1.7014,1.5336,1.2698,0.95559,0.64525,0.39247,0.24096,0.21692,0.3245,0.5451,0.84058,1.1598,1.4477
1.3849,1.2993,1.158,0.98574,0.81212,0.66721,0.57606,0.55443,0.60607,0.72205,0.88231,1.0591,1.222,1.3426,1.4003
1.2885,1.1502,0.98209,0.81333,0.67307,0.58555,0.56593,0.61757,0.73157,0.8882,1.0604,1.2183,1.3348,1.3895,1.3732
0.53863,0.28974,0.15988,0.17151,0.32261,0.58706,0.91914,1.2614,1.5547,1.7483,1.8087,1.7256,1.5131,1.2082,0.86352
1.3779,1.1518,0.89572,0.65389,0.46812,0.37053,0.37802,0.48926,0.68505,0.93151,1.186,1.4046,1.5495,1.5955,1.5348
0.72585,0.56869,0.48234,0.48171,0.56692,0.72324,0.92363,1.1335,1.3164,1.4409,1.4854,1.4421,1.3187,1.1363,0.92662
1.3914,1.2141,0.99613,0.775,0.589,0.47028,0.43938,0.50164,0.64629,0.84832,1.0728,1.2809,1.4367,1.5132,1.4971
1.3619,1.0925,0.8033,0.54434,0.36038,0.28324,0.32625,0.48199,0.72351,1.0091,1.2893,1.5157,1.6492,1.6666,1.565
0.6438,0.3996,0.25543,0.23622,0.3453,0.56381,0.85395,1.1656,1.4448,1.6433,1.7268,1.6809,1.5134,1.2534,0.94582
1.1311,0.90041,0.68311,0.51682,0.43031,0.43852,0.54003,0.7173,0.93968,1.1687,1.3648,1.494,1.534,1.4779,1.3354
1.1806,0.98277,0.78415,0.61907,0.51608,0.49298,0.55378,0.68795,0.8723,1.075,1.2609,1.3979,1.4623,1.4431,1.3434
1.3956,1.5523,1.6098,1.5581,1.406,1.18,0.91914,0.66843,0.47127,0.36176,0.35883,0.46298,0.65621,0.90511,1.1666
1.5634,1.3898,1.1449,0.87122,0.61602,0.42343,0.32676,0.34272,0.46855,0.6825,0.94756,1.2179,1.4468,1.5947,1.6359
1.4009,1.4917,1.4937,1.4066,1.2454,1.038,0.82022,0.62978,0.49957,0.45212,0.49562,0.62255,0.81097,1.0283,1.237
1.3443,1.4799,1.5288,1.4824,1.3489,1.1512,0.92363,0.70549,0.53448,0.44019,0.43892,0.53089,0.70019,0.91755,1.1454
1.5446,1.1745,0.7704,0.40224,0.13366,0.011107,0.055759,0.2599,0.58823,0.98399,1.3787,1.7042,1.9041,1.944,1.8168
1.1879,0.87785,0.58513,0.36036,0.24241,0.25167,0.38656,0.62373,0.92218,1.2303,1.4948,1.67,1.7256,1.6519,1.4617
1.3488,1.3014,1.198,1.0566,0.90164,0.75992,0.65593,0.60766,0.62345,0.70056,0.82568,0.97716,1.1288,1.2544,1.3322
1.5528,1.4204,1.2115,0.96231,0.71585,0.51473,0.39375,0.37381,0.45837,0.6328,0.86695,1.1203,1.3491,1.5138,1.5858
1.8179,1.7304,1.5128,1.2028,0.85399,0.5266,0.27729,0.14917,0.16438,0.32031,0.58997,0.92676,1.2724,1.5672,1.7602
1.3369,1.0582,0.76556,0.50971,0.33486,0.27124,0.32985,0.50055,0.75384,1.0459,1.3263,1.5464,1.6683,1.6709,1.5537
0.75145,0.41856,0.18243,0.083884,0.13996,0.34097,0.65216,1.0197,1.3801,1.6709,1.842,1.8637,1.7323,1.4705,1.1235
1.67,1.6243,1.4669,1.225,0.94036,0.66228,0.43882,0.30861,0.29417,0.398,0.60214,0.8713,1.1589,1.4153,1.5961
1.1526,0.78444,0.44979,0.2065,0.096636,0.13919,0.32681,0.62705,0.988,1.3472,1.6427,1.8232,1.8576,1.7399,1.4906
1.6666,1.5356,1.3083,1.0238,0.73148,0.48179,0.31792,0.26821,0.34126,0.52443,0.78605,1.0809,1.358,1.5694,1.6785
1.6582,1.7465,1.7019,1.5321,1.2666,0.9512,0.64044,0.38808,0.23775,0.21543,0.325,0.5475,0.84447,1.1645,1.4524
1.8003,1.7385,1.5453,1.254,0.91496,0.58688,0.32645,0.17871,0.1692,0.29956,0.54726,0.86946,1.2105,1.5113,1.7199
1.4173,1.2599,1.0538,0.8346,0.64023,0.50429,0.45029,0.48755,0.60965,0.79546,1.0129,1.2243,1.3931,1.4902,1.4988
1.4233,1.0995,0.75472,0.44859,0.23403,0.14813,0.20575,0.39692,0.68859,1.0303,1.3631,1.6292,1.7828,1.7973,1.6701
1.4852,1.1751,0.83095,0.51226,0.27413,0.15773,0.18318,0.34609,0.6183,0.95272,1.2915,1.5762,1.7574,1.8039,1.7076
1.1756,0.78447,0.42682,0.1645,0.042862,0.082947,0.27782,0.59379,0.97621,1.359,1.6759,1.8722,1.9138,1.7937,1.5326
1.5164,1.2292,0.89851,0.58162,0.33329,0.19646,0.19479,0.32857,0.57467,0.89054,1.2216,1.5105,1.7074,1.7782,1.7106
1.2923,0.8803,0.48525,0.17542,0.0043964,0.0017416,0.16792,0.47419,0.8676,1.2801,1.6404,1.8862,1.975,1.8914,1.6499
1.3396,0.9495,0.56438,0.25081,0.062996,0.033423,0.1672,0.4412,0.80804,1.2043,1.5614,1.8177,1.9289,1.8756,1.6672
1.6174,1.5147,1.3192,1.0648,0.79541,0.55759,0.3925,0.32866,0.37713,0.52952,0.75948,1.0273,1.2865,1.4925,1.6095
1.5,1.2803,1.0083,0.73105,0.49657,0.34536,0.30356,0.3784,0.55695,0.80833,1.0891,1.3506,1.5478,1.6464,1.6295
1.605,1.4168,1.1527,0.85848,0.58491,0.37933,0.2773,0.29645,0.43347,0.66467,0.95007,1.2403,1.4853,1.6425,1.6849
0.83967,0.5919,0.41092,0.32801,0.35752,0.49434,0.71482,0.98082,1.2464,1.4655,1.6004,1.6277,1.5427,1.3601,1.1114
1.5451,1.3029,1.0045,0.70162,0.44651,0.28332,0.24027,0.32481,0.52232,0.79864,1.106,1.3913,1.6051,1.7105,1.6893
1.6154,1.2676,0.86964,0.49049,0.19566,0.036132,0.039485,0.20514,0.50446,0.88568,1.2829,1.6274,1.8597,1.9395,1.8531
1.8288,1.6945,1.4363,1.099,0.74071,0.42351,0.2022,0.11507,0.17717,0.37776,0.68217,1.0378,1.383,1.6583,1.816
1.3065,1.1155,0.90077,0.69941,0.54626,0.46777,0.47754,0.57387,0.7401,0.94749,1.1602,1.3414,1.4598,1.4949,1.4407
0.51359,0.74286,1.0128,1.2768,1.4891,1.6131,1.6273,1.5292,1.3359,1.0807,0.80778,0.56431,0.3924,0.32178,0.36464
1.6302,1.4177,1.1292,0.81461,0.52826,0.3197,0.225,0.26052,0.42012,0.67621,0.98451,1.2917,1.5447,1.6997,1.73
1.8493,1.7231,1.468,1.1283,0.76264,0.43421,0.19984,0.10004,0.15208,0.34695,0.65096,1.0115,1.3664,1.654,1.8249
1.7687,1.7301,1.5613,1.2918,0.96802,0.64599,0.38139,0.21998,0.18966,0.29568,0.51971,0.823,1.1531,1.453,1.6707
1.8803,1.7688,1.5206,1.1787,0.80201,0.45582,0.19993,0.078613,0.11283,0.29667,0.59834,0.96568,1.3352,1.6429,1.8358
0.58755,0.77089,0.99008,1.2072,1.3847,1.4919,1.5103,1.4367,1.2838,1.078,0.85497,0.65324,0.5077,0.4435,0.47174
1.4538,1.2466,0.99299,0.73681,0.52236,0.38672,0.35335,0.42801,0.59779,0.83334,1.0939,1.3345,1.5134,1.5998,1.5787
1.8021,1.7678,1.597,1.3191,0.98233,0.64481,0.36492,0.19107,0.15331,0.25818,0.48753,0.80171,1.1464,1.462,1.6939
1.7163,1.4065,1.0225,0.63089,0.29932,0.085118,0.025333,0.1303,0.38186,0.73653,1.133,1.5027,1.7816,1.9217,1.8986
1.711,1.5062,1.2101,0.8739,0.55572,0.31059,0.18089,0.18904,0.33363,0.58966,0.91287,1.2474,1.5353,1.7269,1.7891
1.8874,1.8104,1.5895,1.2629,0.88711,0.52702,0.24494,0.089633,0.08796,0.24021,0.52005,0.87911,1.2553,1.5835,1.8071
1.6257,1.4475,1.1882,0.89251,0.61167,0.3942,0.27771,0.28232,0.40725,0.63089,0.91458,1.2093,1.464,1.6347,1.6919
1.1309,0.73643,0.38373,0.13381,0.029886,0.089923,0.30354,0.63381,1.0236,1.4056,1.7136,1.8945,1.9169,1.777,1.499
1.537,1.3932,1.1777,0.92767,0.68637,0.49553,0.38813,0.38275,0.48032,0.66398,0.90195,1.1531,1.374,1.5264,1.5841
1.7178,1.6344,1.4375,1.1611,0.85316,0.5668,0.35157,0.24468,0.26461,0.40792,0.64983,0.9485,1.2523,1.5087,1.6734
1.2009,0.91791,0.64534,0.43032,0.31002,0.30525,0.41683,0.62546,0.89508,1.1791,1.4283,1.5997,1.6636,1.609,1.4454
1.1538,1.1865,1.1831,1.1443,1.0768,0.99222,0.9052,0.83079,0.78186,0.76687,0.78841,0.84276,0.92052,1.0082,1.0908
1.1187,0.86781,0.63602,0.46339,0.37976,0.3996,0.51948,0.71866,0.96271,1.2094,1.4162,1.5472,1.5798,1.5083,1.3452
1.6833,1.5851,1.3819,1.1089,0.81329,0.54619,0.35378,0.26933,0.30743,0.46152,0.70493,0.99558,1.2832,1.5181,1.6596
1.1469,1.0337,0.91079,0.79957,0.71922,0.68365,0.699,0.76262,0.8635,0.98421,1.1039,1.2018,1.261,1.2714,1.231
1.3348,1.0206,0.69905,0.42576,0.24797,0.19645,0.28008,0.48442,0.77413,1.0991,1.4032,1.6338,1.751,1.7346,1.5874
1.4653,1.4207,1.2996,1.1229,0.92116,0.72927,0.58043,0.50035,0.50288,0.5876,0.73984,0.93329,1.1345,1.3087,1.4257
1.6874,1.3927,1.0263,0.65158,0.33331,0.12654,0.067026,0.16505,0.40367,0.74162,1.1205,1.4747,1.7431,1.8792,1.8595
1.6144,1.4663,1.2338,0.95715,0.6841,0.4619,0.32896,0.30827,0.40341,0.59793,0.85819,1.1392,1.3923,1.5739,1.6524
0.68728,0.49772,0.39123,0.38622,0.48356,0.66642,0.90318,1.1529,1.3724,1.5237,1.5807,1.5335,1.3903,1.1758,0.92714
1.3713,1.0697,0.75222,0.47381,0.28262,0.21168,0.27328,0.45675,0.73038,1.0468,1.3514,1.5915,1.7255,1.7303,1.605
0.46506,0.24427,0.15038,0.19961,0.38346,0.67014,1.0101,1.3445,1.6156,1.7764,1.7992,1.6801,1.4396,1.1193,0.77456
1.3423,1.3388,1.273,1.1561,1.0085,0.85562,0.72394,0.63621,0.6076,0.64307,0.73647,0.87166,1.0253,1.1707,1.2829
1.6377,1.5706,1.401,1.1583,0.88445,0.62682,0.42993,0.32784,0.33819,0.45919,0.66993,0.93396,1.2056,1.438,1.5908
1.231,0.90814,0.59736,0.35243,0.21568,0.21078,0.33856,0.57693,0.88468,1.2086,1.4926,1.6877,1.7602,1.6973,1.5102
1.5049,1.3908,1.2054,0.98063,0.75549,0.56884,0.45296,0.4279,0.49798,0.65108,0.86074,1.0907,1.3012,1.4558,1.5279
1.2693,1.3291,1.3282,1.2668,1.1554,1.0134,0.86533,0.73674,0.6499,0.61981,0.65168,0.74,0.86949,1.0178,1.1592
0.93863,0.69816,0.50611,0.39567,0.38595,0.47863,0.65768,0.89214,1.1415,1.3626,1.5172,1.5786,1.5362,1.3973,1.1859
1.2574,0.97117,0.6861,0.45153,0.30802,0.28038,0.37338,0.57096,0.83895,1.131,1.3966,1.5899,1.6774,1.644,1.4954
0.90106,0.88788,0.89032,0.90794,0.9377,0.97445,1.0118,1.0434,1.0637,1.0692,1.0589,1.0347,1.0007,0.96281,0.92756
1.3637,1.1632,0.93061,0.70627,0.52894,0.42929,0.42453,0.5155,0.68647,0.90787,1.1414,1.3467,1.4883,1.5417,1.4976
1.3388,1.2785,1.1663,1.0216,0.86933,0.73589,0.64434,0.61051,0.64025,0.72841,0.85976,1.0116,1.1576,1.2726,1.3367
0.85379,0.74786,0.68174,0.66688,0.70584,0.79188,0.91013,1.0401,1.1594,1.2474,1.2888,1.2765,1.2126,1.1081,0.98123
1.4657,1.3774,1.2201,1.021,0.81446,0.63623,0.51712,0.47772,0.52486,0.65037,0.83256,1.0399,1.2366,1.3886,1.4696
0.84677,0.78916,0.76424,0.77629,0.82326,0.897,0.98477,1.0714,1.1419,1.1841,1.1907,1.1605,1.0988,1.0162,0.92709
1.6756,1.4447,1.1331,0.79477,0.48809,0.26615,0.16733,0.2087,0.38311,0.66041,0.99266,1.3224,1.5926,1.7566,1.7859
1.5236,1.4574,1.3084,1.1022,0.87463,0.66494,0.5094,0.43492,0.45437,0.56438,0.74594,0.96764,1.1912,1.3779,1.4954
1.3756,1.3342,1.2313,1.0847,0.91957,0.7646,0.64656,0.58585,0.59298,0.6667,0.79427,0.95364,1.1172,1.2568,1.3482
1.7948,1.699,1.4786,1.1717,0.83128,0.51628,0.28114,0.16652,0.19223,0.35384,0.6234,0.95429,1.2893,1.5705,1.7493
1.7805,1.7908,1.6605,1.4123,1.089,0.74653,0.44411,0.23403,0.15262,0.21394,0.40741,0.69956,1.0399,1.3695,1.6315
0.77733,1.166,1.5221,1.7842,1.907,1.8691,1.6772,1.3644,0.98479,0.60407,0.28804,0.091326,0.047955,0.16542,0.42342
1.4775,1.2963,1.06,0.80965,0.5884,0.43454,0.37468,0.41916,0.5603,0.77368,1.0224,1.2635,1.4552,1.5645,1.5724
1.5741,1.3787,1.1139,0.82574,0.56389,0.37368,0.28798,0.32162,0.46878,0.70401,0.98664,1.2678,1.4989,1.6399,1.6665
0.56415,0.34542,0.23611,0.25509,0.3991,0.64324,0.94528,1.253,1.5132,1.6809,1.7271,1.6437,1.4453,1.1661,0.85445
1.4443,1.4021,1.2867,1.1179,0.92492,0.74116,0.59839,0.52128,0.52316,0.60372,0.74902,0.93393,1.1265,1.2934,1.4058
1.2363,1.1846,1.0971,0.98914,0.87924,0.78644,0.72679,0.7106,0.74067,0.81181,0.9117,1.0231,1.1267,1.2046,1.2434
1.2718,1.0549,0.82471,0.62107,0.47917,0.42355,0.46382,0.59303,0.78882,1.0174,1.2391,1.4157,1.5167,1.5246,1.4379
1.5646,1.6081,1.5427,1.3797,1.1472,0.8855,0.63982,0.45263,0.35631,0.36751,0.4843,0.68648,0.93908,1.1984,1.4197
1.699,1.6979,1.5722,1.3439,1.0523,0.7479,0.4833,0.30426,0.24175,0.30656,0.4875,0.75327,1.0579,1.3488,1.5756
1.5281,1.3511,1.1096,0.84534,0.60406,0.42746,0.34609,0.374,0.50637,0.72032,0.97885,1.2373,1.4509,1.5827,1.6101
1.2765,1.3974,1.4458,1.4133,1.3056,1.1412,0.94871,0.76127,0.61133,0.52481,0.51668,0.58835,0.72741,0.90983,1.1041
1.5407,1.4431,1.2651,1.0375,0.79962,0.59262,0.45229,0.40288,0.45294,0.59382,0.80115,1.0391,1.2665,1.444,1.541
1.2846,0.95398,0.62758,0.3618,0.20259,0.17749,0.29082,0.523,0.83388,1.1697,1.4724,1.6896,1.7839,1.7388,1.5621
1.0955,0.76412,0.46974,0.26327,0.18041,0.23548,0.41897,0.69914,1.0276,1.3474,1.6035,1.7514,1.7656,1.6436,1.4066
0.78556,0.63613,0.54585,0.53031,0.59221,0.72084,0.89396,1.0816,1.2514,1.374,1.428,1.4044,1.307,1.1527,0.96828
0.58479,0.86578,1.1662,1.4341,1.6232,1.7007,1.6533,1.4892,1.2367,0.93946,0.64895,0.41535,0.27907,0.26367,0.37181
0.97848,0.89757,0.8306,0.78913,0.78036,0.80578,0.861,0.93648,1.0192,1.0948,1.1502,1.1759,1.1674,1.1261,1.0593
1.6309,1.5134,1.3033,1.037,0.76055,0.52169,0.36176,0.30841,0.37086,0.53831,0.78182,1.0593,1.3227,1.5266,1.6356
0.99016,0.62704,0.32463,0.13521,0.091551,0.20119,0.44517,0.78131,1.1515,1.4917,1.7431,1.8622,1.8285,1.6477,1.3512
0.49921,0.65152,0.86031,1.0895,1.2994,1.4537,1.5259,1.5033,1.3899,1.2053,0.98148,0.75704,0.57083,0.45505,0.42972
1.0997,0.98272,0.86494,0.76672,0.70507,0.69063,0.72591,0.8048,0.91366,1.0337,1.1441,1.2258,1.2647,1.2541,1.1957
1.2545,1.1845,1.0789,0.95583,0.83662,0.74189,0.688,0.68429,0.73138,0.82115,0.93806,1.0619,1.1713,1.2472,1.2767
0.74015,0.52872,0.395,0.36211,0.43574,0.60315,0.83541,1.0923,1.3295,1.506,1.5911,1.5703,1.4471,1.2428,0.99273
1.117,1.116,1.0913,1.047,0.99074,0.93234,0.88187,0.84804,0.83671,0.84984,0.88515,0.93654,0.99513,1.0508,1.0939
0.86281,0.82593,0.81537,0.83296,0.87565,0.93606,1.0038,1.067,1.1149,1.1392,1.1356,1.1048,1.0521,0.98657,0.91963
1.5749,1.515,1.3622,1.143,0.89529,0.66192,0.48324,0.39013,0.39869,0.50745,0.69759,0.93625,1.1821,1.3928,1.5317
0.74314,1.064,1.37,1.6082,1.7376,1.7355,1.6026,1.3616,1.0544,0.73397,0.45576,0.26787,0.2028,0.2718,0.46292
1.1341,1.0986,1.0423,0.97495,0.90811,0.85338,0.82022,0.81437,0.83684,0.88375,0.94697,1.0156,1.0777,1.1227,1.1426
1.2596,0.91012,0.5724,0.30483,0.15369,0.14511,0.28057,0.53664,0.86905,1.2203,1.5297,1.7438,1.8254,1.7606,1.5604
0.64099,0.49143,0.42603,0.4561,0.57644,0.76623,0.99267,1.2166,1.3993,1.5092,1.5272,1.4503,1.2918,1.0791,0.84884
1.4336,1.5657,1.5962,1.5199,1.3499,1.1156,0.85757,0.62036,0.44502,0.36185,0.38526,0.51117,0.71784,0.96951,1.2227
0.56171,0.27914,0.11743,0.10454,0.24271,0.50805,0.85467,1.2226,1.5483,1.7754,1.8647,1.8006,1.5944,1.2816,0.91629
0.83453,0.53678,0.31534,0.20851,0.23476,0.38955,0.64611,0.96008,1.2772,1.5426,1.7104,1.7516,1.659,1.4488,1.1571
1.8213,1.6312,1.3283,0.96474,0.60354,0.30711,0.12672,0.093539,0.21332,0.46534,0.80604,1.1765,1.5126,1.7564,1.8656
1.1213,0.96196,0.80537,0.67866,0.60373,0.59354,0.64986,0.76294,0.91323,1.0747,1.2196,1.3226,1.3661,1.3426,1.256
0.63874,0.82519,1.0381,1.2406,1.3978,1.4823,1.4798,1.3904,1.2298,1.0257,0.81335,0.62949,0.50592,0.464,0.51098
1.0476,0.66601,0.3384,0.12141,0.052555,0.14374,0.37921,0.71823,1.1022,1.4647,1.7431,1.8892,1.8778,1.7108,1.4172
1.2947,1.1308,0.9405,0.7567,0.61119,0.52913,0.52471,0.59869,0.73829,0.91936,1.1106,1.2789,1.3953,1.4395,1.4039
1.6987,1.54,1.2842,0.97548,0.66721,0.41271,0.25597,0.22411,0.32262,0.53449,0.82306,1.1385,1.4261,1.6363,1.7327
1.4245,1.0779,0.7141,0.39592,0.17841,0.099179,0.17193,0.38409,0.69896,1.0621,1.4107,1.6846,1.8363,1.8396,1.6939
1.5018,1.5369,1.4753,1.3278,1.1198,0.88731,0.67054,0.50696,0.42485,0.43841,0.5453,0.72703,0.95218,1.1818,1.3762
1.0597,1.1204,1.1566,1.1618,1.1353,1.0816,1.0101,0.93299,0.86371,0.81421,0.79306,0.80392,0.8449,0.90892,0.98491
0.39993,0.56637,0.80401,1.0718,1.3233,1.5152,1.6142,1.6033,1.4842,1.2776,1.0193,0.75385,0.52718,0.37848,0.33347
1.0911,0.78609,0.51431,0.32273,0.24448,0.29309,0.46015,0.71677,1.0186,1.3134,1.5503,1.6882,1.7034,1.5931,1.3765
0.78702,0.60632,0.48992,0.45793,0.5159,0.65379,0.84777,1.0643,1.2659,1.4178,1.4936,1.4804,1.3802,1.2106,1.0008
0.94142,0.92482,0.91744,0.92056,0.93364,0.95441,0.97928,1.004,1.0242,1.0364,1.0386,1.0303,1.013,0.9897,0.96437
1.7657,1.6475,1.4135,1.1043,0.77324,0.47762,0.26853,0.18215,0.2334,0.41343,0.6911,1.0184,1.3387,1.5967,1.7478
0.98407,0.80468,0.65529,0.56172,0.54015,0.59432,0.71485,0.88091,1.0638,1.2319,1.3561,1.4149,1.3982,1.3089,1.1624
1.7222,1.6998,1.5526,1.3061,1.0029,0.69543,0.43683,0.27183,0.22895,0.31562,0.51685,0.79784,1.11,1.3994,1.6159
1.4486,1.6043,1.6518,1.5828,1.4092,1.1611,0.88137,0.61838,0.41759,0.31373,0.32475,0.44875,0.66429,0.9341,1.2115
1.1987,1.2604,1.2733,1.2351,1.1525,1.0398,0.91637,0.80366,0.72111,0.68301,0.69594,0.75766,0.85751,0.97822,1.0989
0.90252,0.6326,0.42243,0.30835,0.31008,0.42733,0.63982,0.91081,1.1934,1.4388,1.6046,1.662,1.6012,1.4327,1.1855
0.93282,0.89685,0.87493,0.87087,0.88535,0.91588,0.95717,1.0021,1.0429,1.0725,1.0857,1.0804,1.0574,1.0207,0.97663
0.69082,0.98812,1.2837,1.5264,1.6744,1.7019,1.6043,1.3985,1.1199,0.81686,0.54168,0.34197,0.25227,0.28807,0.44319
0.94452,1.2736,1.5515,1.7303,1.7791,1.6894,1.4767,1.1777,0.84433,0.53404,0.30055,0.18422,0.20517,0.35977,0.6213
0.6397,0.44008,0.3335,0.33838,0.45388,0.66004,0.9212,1.1922,1.4262,1.5827,1.6347,1.5732,1.4087,1.1699,0.89784
0.6698,0.85552,1.0625,1.2548,1.3993,1.471,1.4575,1.3611,1.1984,0.99774,0.79364,0.62144,0.51093,0.4812,0.53739
1.8082,1.6617,1.3969,1.0597,0.70847,0.40383,0.19849,0.12796,0.20443,0.41469,0.72238,1.0743,1.4096,1.6703,1.8113
0.34808,0.46945,0.67877,0.93987,1.2076,1.4356,1.5846,1.6286,1.5603,1.3912,1.1507,0.88044,0.62702,0.43432,0.33565
0.10915,0.17537,0.3804,0.68879,1.0472,1.3937,1.6683,1.8236,1.8327,1.6941,1.4316,1.0908,0.73043,0.41294,0.19318
1.1136,1.1812,1.2137,1.2054,1.1579,1.0792,0.98314,0.88617,0.80511,0.75396,0.74158,0.77011,0.8346,0.92392,1.0226
0.084871,0.091413,0.25128,0.53683,0.89868,1.2743,1.5987,1.8158,1.888,1.803,1.5753,1.2444,0.86739,0.50958,0.23278
1.1538,1.2033,1.2138,1.1836,1.1179,1.028,0.92947,0.83938,0.77328,0.74261,0.75266,0.8017,0.88125,0.97756,1.074
1.0086,0.82758,0.67264,0.57052,0.53889,0.58321,0.69581,0.85724,1.0396,1.2113,1.3427,1.411,1.4046,1.3244,1.1843
0.43785,0.5752,0.78222,1.0231,1.2562,1.4413,1.5462,1.553,1.4603,1.2843,1.0553,0.81301,0.59926,0.45102,0.39393
1.6153,1.6003,1.4777,1.2687,1.0095,0.74485,0.52056,0.37539,0.33444,0.40479,0.57429,0.81361,1.0814,1.3313,1.5202
1.2186,1.2947,1.3161,1.2791,1.19,1.0643,0.92367,0.7925,0.69342,0.64358,0.65158,0.71605,0.82585,0.96197,1.1009
0.86902,0.71859,0.61304,0.57062,0.59867,0.69233,0.83541,1.0032,1.1666,1.2975,1.3731,1.3804,1.3182,1.1972,1.0383
0.76888,0.68211,0.64653,0.66829,0.74362,0.85951,0.99591,1.1292,1.2364,1.299,1.3061,1.2564,1.1587,1.0297,0.89184
1.8257,1.6377,1.3357,0.97186,0.60911,0.31016,0.12672,0.090493,0.20775,0.45822,0.79859,1.17,1.5082,1.7548,1.8671
1.2054,0.86303,0.54057,0.29377,0.16531,0.17739,0.32793,0.5909,0.92083,1.2607,1.5517,1.7435,1.803,1.7198,1.5085
0.81543,1.1448,1.4453,1.6651,1.7661,1.7308,1.5654,1.2985,0.97615,0.65416,0.3882,0.22425,0.19065,0.29322,0.51421
1.2906,1.2653,1.1905,1.0788,0.94983,0.82571,0.72795,0.67345,0.67163,0.72282,0.81815,0.94115,1.0705,1.184,1.2618
1.0556,0.70527,0.40215,0.19864,0.1299,0.20784,0.41897,0.72678,1.0781,1.4121,1.671,1.8102,1.8055,1.6577,1.3925
1.6151,1.6363,1.5437,1.3533,1.0981,0.82207,0.57305,0.39408,0.3161,0.3526,0.49725,0.72506,0.99663,1.265,1.4838
0.79842,0.48271,0.25267,0.14807,0.18699,0.36272,0.64486,0.98462,1.3233,1.6022,1.7733,1.8069,1.6972,1.4631,1.1452
1.3468,0.98284,0.61804,0.31551,0.12755,0.086671,0.19993,0.44776,0.78729,1.1598,1.5009,1.7517,1.8686,1.8316,1.6471
1.1467,0.96954,0.79387,0.65006,0.56298,0.54769,0.60683,0.73017,0.89639,1.0767,1.2401,1.3581,1.4104,1.388,1.2947
0.2534,0.32161,0.50335,0.76718,1.0675,1.3524,1.5725,1.6899,1.6842,1.5565,1.3287,1.0403,0.7412,0.48304,0.3105
0.72268,1.0338,1.3354,1.5751,1.7117,1.7214,1.6026,1.3758,1.0803,0.76708,0.49038,0.29802,0.22327,0.27903,0.45569
0.95891,0.97291,0.98781,1.001,1.0103,1.014,1.0115,1.0033,0.99066,0.97589,0.96151,0.95001,0.94337,0.94275,0.94824
0.67753,0.91244,1.1587,1.3738,1.5204,1.5733,1.5233,1.379,1.1654,0.91944,0.68363,0.49874,0.39675,0.39529,0.49461
0.61452,0.86997,1.1441,1.3896,1.5639,1.6369,1.5961,1.4483,1.2193,0.9486,0.68298,0.46841,0.34197,0.32553,0.42194
0.27081,0.42119,0.66788,0.96821,1.2703,1.5218,1.6793,1.7156,1.6244,1.4214,1.1418,0.83391,0.55093,0.34182,0.24274
0.22898,0.24258,0.38337,0.62701,0.93136,1.2438,1.5103,1.6848,1.7371,1.6582,1.4617,1.1816,0.86627,0.57033,0.34491
1.6033,1.6577,1.5947,1.4251,1.1781,0.89665,0.62924,0.42216,0.31121,0.31559,0.43453,0.64746,0.91757,1.1982,1.4407
0.96341,0.86686,0.78955,0.74485,0.74049,0.77723,0.8487,0.94256,1.0426,1.1314,1.1938,1.2189,1.2023,1.147,1.0625
1.1939,1.0148,0.8293,0.66955,0.56317,0.52853,0.57164,0.68504,0.84912,1.0355,1.212,1.348,1.4201,1.4158,1.3358
0.51906,0.31946,0.23375,0.27676,0.44104,0.6982,1.0038,1.3049,1.5495,1.6954,1.7172,1.6112,1.3958,1.1082,0.79804
0.26206,0.36413,0.57237,0.85077,1.1512,1.4217,1.6155,1.6991,1.6581,1.4994,1.2507,0.9548,0.66295,0.42561,0.2838
0.60818,0.84135,1.0982,1.3343,1.5088,1.5915,1.5682,1.4429,1.2372,0.98671,0.73475,0.52488,0.39338,0.36299,0.43897
0.39671,0.47882,0.64727,0.87293,1.1168,1.3367,1.4946,1.5632,1.5306,1.4025,1.2011,0.96106,0.72401,0.53091,0.41513
1.0087,0.67787,0.39899,0.22025,0.17256,0.26416,0.47922,0.78054,1.116,1.4277,1.6616,1.7774,1.7549,1.5982,1.3342
1.0146,1.0295,1.0354,1.0315,1.0184,0.99826,0.97468,0.9517,0.93329,0.92263,0.92158,0.9303,0.9473,0.96964,0.99344
1.0754,0.78173,0.52207,0.34126,0.27057,0.32223,0.48731,0.73726,1.0289,1.3117,1.5368,1.6654,1.6751,1.5643,1.3522
0.42685,0.53434,0.71857,0.94768,1.1821,1.3812,1.5106,1.548,1.4868,1.3377,1.1264,0.88948,0.66789,0.49994,0.41468
1.2521,1.0249,0.7897,0.58704,0.45201,0.40795,0.46248,0.60618,0.81419,1.0506,1.2744,1.447,1.5386,1.5332,1.4319
1.3152,1.2783,1.1896,1.0643,0.92407,0.79323,0.69436,0.64457,0.65245,0.71665,0.82607,0.96178,1.1003,1.2177,1.2937
0.89722,0.53524,0.24985,0.090385,0.084425,0.233,0.51041,0.8687,1.2459,1.5768,1.8042,1.8888,1.8159,1.5981,1.2732
0.75775,0.56998,0.45279,0.42644,0.49548,0.64798,0.85757,1.088,1.2994,1.4553,1.5287,1.5069,1.3936,1.2086,0.98363
1.2063,1.1164,1.0026,0.88454,0.78271,0.71467,0.69219,0.71915,0.7909,0.89503,1.0135,1.1259,1.2127,1.259,1.2567
0.21682,0.33402,0.56259,0.86301,1.1833,1.4682,1.6683,1.7491,1.6966,1.5198,1.2494,0.93211,0.62276,0.37486,0.23127
1.4288,1.3088,1.1316,0.92784,0.73282,0.58022,0.49642,0.49591,0.57879,0.73073,0.92544,1.1293,1.307,1.4278,1.4709
1.2242,1.0814,0.92078,0.77004,0.65528,0.59635,0.60344,0.67532,0.79956,0.95468,1.1139,1.2496,1.3383,1.3648,1.3245
0.65735,0.51868,0.45945,0.48991,0.60479,0.78423,0.9972,1.2069,1.377,1.4782,1.4929,1.4186,1.2681,1.0675,0.85149
1.372,1.2444,1.0707,0.88107,0.70819,0.58199,0.5243,0.54507,0.64073,0.79473,0.98045,1.1658,1.3186,1.4126,1.4315
1.2307,1.0647,0.88365,0.71898,0.59912,0.5448,0.56541,0.65738,0.80482,0.98222,1.1589,1.3044,1.3934,1.4106,1.3531
0.97926,0.95716,0.93869,0.92704,0.92423,0.93074,0.94545,0.96581,0.98831,1.009,1.0244,1.0318,1.0299,1.0191,1.0012
1.4538,1.1975,0.90323,0.62191,0.40219,0.28206,0.28229,0.40284,0.62286,0.90432,1.1985,1.4547,1.6284,1.6897,1.6279
0.78322,1.0624,1.3271,1.5314,1.64,1.6342,1.515,1.3029,1.0347,0.7567,0.51698,0.357,0.30443,0.36834,0.5377
0.3053,0.39472,0.58502,0.8433,1.1249,1.3811,1.5677,1.6523,1.6203,1.4773,1.248,0.97207,0.69716,0.47083,0.33222
0.75326,0.98709,1.2194,1.4099,1.5259,1.5471,1.4699,1.3077,1.0885,0.85027,0.63412,0.47745,0.40736,0.43596,0.55832
0.9542,0.87406,0.81193,0.77853,0.77965,0.81509,0.87872,0.95955,1.0436,1.1163,1.1652,1.1817,1.163,1.1123,1.0385
0.89742,1.2523,1.5598,1.7667,1.8373,1.7593,1.5462,1.235,0.87927,0.54068,0.27773,0.13589,0.13969,0.28846,0.55648
1.0559,1.0876,1.1004,1.092,1.0639,1.0211,0.97075,0.92172,0.88246,0.85974,0.85749,0.8761,0.91237,0.96,1.0108
1.0892,1.0597,1.016,0.96584,0.91778,0.88016,0.85948,0.85932,0.87971,0.91712,0.96508,1.0153,1.0591,1.0889,1.0995
0.93104,0.61444,0.36072,0.21377,0.19898,0.31892,0.55285,0.86031,1.1881,1.4797,1.6845,1.7672,1.7134,1.5325,1.2558
1.4466,1.4618,1.3934,1.2532,1.0654,0.86253,0.67966,0.54839,0.49144,0.51864,0.62529,0.79296,0.99265,1.1898,1.3504
0.52808,0.70856,0.93566,1.1701,1.3714,1.5046,1.5468,1.4907,1.346,1.1377,0.90174,0.67903,0.50804,0.41833,0.42542
1.6375,1.6042,1.4627,1.2374,0.96724,0.69898,0.47899,0.34531,0.32106,0.41042,0.59794,0.85121,1.1264,1.376,1.5568
1.4965,1.51,1.4315,1.2746,1.0665,0.84309,0.64304,0.50094,0.44135,0.47457,0.59487,0.78144,1.002,1.2185,1.3934
0.88389,0.50008,0.19894,0.032524,0.029619,0.19072,0.48798,0.86999,1.2707,1.6208,1.8598,1.9464,1.8655,1.6312,1.284
1.4304,1.4699,1.4244,1.3017,1.1231,0.91943,0.72591,0.576,0.49563,0.49869,0.58465,0.73865,0.93406,1.1371,1.3127
1.333,1.2456,1.1119,0.95506,0.80223,0.67982,0.60899,0.602,0.66004,0.77309,0.92159,1.0799,1.2206,1.3193,1.3591
0.70536,0.37835,0.15505,0.074074,0.14942,0.36806,0.69219,1.0658,1.4242,1.7055,1.861,1.8639,1.7136,1.4362,1.0795
1.2794,1.4183,1.4812,1.457,1.3501,1.1789,0.9729,0.76786,0.59917,0.49602,0.47623,0.54322,0.68542,0.87823,1.0883
0.91433,0.91668,0.92967,0.95103,0.97709,1.0033,1.0252,1.039,1.0422,1.0343,1.0168,0.99255,0.96582,0.94122,0.92301
1.2315,1.266,1.2507,1.1883,1.0895,0.97153,0.85467,0.75916,0.70151,0.6917,0.73142,0.8138,0.92459,1.0447,1.1532
1.4174,1.3152,1.1547,0.96372,0.77519,0.62176,0.52995,0.51564,0.5813,0.71558,0.89526,1.0893,1.2641,1.3894,1.4437
0.56358,0.31545,0.18192,0.18605,0.32715,0.58082,0.90318,1.2385,1.5288,1.7239,1.7901,1.7158,1.514,1.2196,0.88338
1.4231,1.345,1.2035,1.023,0.83476,0.6713,0.56089,0.52264,0.56314,0.67541,0.84002,1.0285,1.2083,1.3483,1.4243
0.52738,0.79933,1.1022,1.3836,1.5949,1.6996,1.6795,1.5382,1.3,1.0061,0.70748,0.45561,0.2941,0.25086,0.33338
1.8462,1.8223,1.6525,1.3661,1.0126,0.65315,0.3499,0.15528,0.10294,0.20193,0.43514,0.76223,1.1267,1.4654,1.7199
0.99385,1.0234,1.0451,1.0552,1.052,1.0361,1.0101,0.97857,0.947,0.9208,0.90453,0.90098,0.91078,0.93222,0.96161
1.0987,1.1136,1.105,1.0746,1.0275,0.97181,0.91724,0.87321,0.84733,0.84406,0.86398,0.90364,0.95618,1.0125,1.0629
1.3848,1.5951,1.6986,1.6776,1.5357,1.2973,1.0038,0.70579,0.45491,0.29451,0.25232,0.33562,0.53003,0.80192,1.1043
1.9669,1.8939,1.6625,1.3128,0.9052,0.51023,0.19618,0.017329,0.0046164,0.16024,0.45728,0.84439,1.2546,1.6171,1.869
1.0572,0.92064,0.79405,0.6993,0.65276,0.66248,0.72679,0.83456,0.96715,1.1016,1.2148,1.287,1.3058,1.268,1.18
1.5264,1.1552,0.7533,0.3903,0.12895,0.014431,0.066548,0.27629,0.60739,1.0026,1.3936,1.7127,1.9049,1.9368,1.8029
1.6453,1.4145,1.1083,0.77962,0.48522,0.27606,0.18829,0.2371,0.41404,0.68852,1.0131,1.3316,1.589,1.7408,1.7607
1.028,1.0769,1.1087,1.118,1.103,1.0665,1.0147,0.95654,0.90215,0.8609,0.83992,0.84285,0.86917,0.91433,0.97053
0.70881,0.57011,0.50196,0.51615,0.61022,0.76791,0.96195,1.1588,1.3244,1.4301,1.4577,1.4024,1.2737,1.0939,0.89408
0.70797,0.94902,1.1951,1.4037,1.5387,1.5767,1.5113,1.3537,1.1311,0.88214,0.64973,0.47411,0.38565,0.39963,0.51364
1.1563,0.88441,0.62874,0.43349,0.33242,0.343,0.4634,0.6728,0.93501,1.2047,1.4352,1.5866,1.6329,1.5659,1.3974
1.5842,1.6645,1.6261,1.4757,1.2393,0.95768,0.67963,0.4532,0.31753,0.29609,0.39258,0.59033,0.85513,1.1412,1.3991
0.91433,0.91668,0.92967,0.95103,0.97709,1.0033,1.0252,1.039,1.0422,1.0343,1.0168,0.99255,0.96582,0.94122,0.92301
0.86656,0.53629,0.28242,0.14885,0.15867,0.31018,0.5772,0.91354,1.2611,1.5596,1.7577,1.821,1.7385,1.5245,1.2161
0.87167,1.2161,1.5194,1.7292,1.809,1.7452,1.5488,1.2537,0.91093,0.5798,0.31755,0.16953,0.16132,0.29435,0.54561
1.2315,1.347,1.3987,1.3777,1.2876,1.144,0.97171,0.80055,0.6601,0.57464,0.55896,0.61575,0.7352,0.89667,1.0722
0.90362,0.81184,0.74881,0.72543,0.74576,0.80626,0.89649,1.0008,1.1013,1.1804,1.2246,1.2261,1.1848,1.1078,1.0083
1.4782,1.1124,0.72333,0.37832,0.13703,0.041175,0.10733,0.32406,0.65389,1.0398,1.415,1.7147,1.8871,1.9022,1.7576
0.71742,1.1032,1.4674,1.7469,1.8936,1.8819,1.714,1.4189,1.0475,0.66415,0.3351,0.11724,0.048231,0.14002,0.37672
1.7822,1.5602,1.2376,0.87013,0.52132,0.25151,0.10733,0.11373,0.26959,0.54797,0.90073,1.2669,1.5831,1.7947,1.8651
1.6893,1.4742,1.1734,0.83882,0.52831,0.29559,0.18089,0.20404,0.36104,0.62474,0.94956,1.2793,1.557,1.7346,1.7814
1.4604,1.0869,0.69461,0.35135,0.11647,0.030585,0.10854,0.33685,0.67606,1.0675,1.4435,1.739,1.903,1.907,1.7505
1.702,1.5156,1.2362,0.91223,0.59963,0.35248,0.21351,0.20676,0.33338,0.57149,0.87992,1.2053,1.4915,1.6888,1.7633
0.56171,0.27914,0.11743,0.10454,0.24271,0.50805,0.85467,1.2226,1.5483,1.7754,1.8647,1.8006,1.5944,1.2816,0.91629
1.7147,1.404,1.0197,0.62819,0.2972,0.083962,0.025333,0.13145,0.38398,0.73924,1.1358,1.5051,1.7833,1.9223,1.898
1.2049,1.3494,1.4297,1.4319,1.3556,1.2141,1.0318,0.84022,0.67248,0.55759,0.51542,0.55326,0.66457,0.83009,1.0212
0.2532,0.41007,0.66517,0.97438,1.2842,1.5412,1.7008,1.7354,1.6391,1.4285,1.1401,0.8236,0.53387,0.32096,0.22168
0.53624,0.32473,0.2262,0.25768,0.41375,0.6674,0.97478,1.2827,1.538,1.6965,1.7308,1.6349,1.4255,1.1387,0.82417
0.15376,0.20887,0.397,0.68561,1.0248,1.3559,1.6217,1.7763,1.7928,1.6684,1.4247,1.1038,0.76118,0.45605,0.24119
1.0415,1.0338,1.0164,0.99246,0.96602,0.94167,0.92363,0.91502,0.91733,0.93015,0.95126,0.97703,1.003,1.0247,1.0383
0.15378,0.11608,0.22743,0.4686,0.79786,1.1583,1.4876,1.7288,1.8402,1.8026,1.6224,1.3308,0.97821,0.62564,0.33402
0.76948,0.64528,0.57864,0.58108,0.65218,0.77964,0.94142,1.1096,1.255,1.3525,1.3853,1.3477,1.2462,1.0984,0.92975
0.74455,0.63587,0.58638,0.60463,0.68746,0.82055,0.9809,1.1408,1.2725,1.3534,1.3693,1.3177,1.2073,1.0573,0.89362
1.4538,1.1975,0.90323,0.62191,0.40219,0.28206,0.28229,0.40284,0.62286,0.90432,1.1985,1.4547,1.6284,1.6897,1.6279
0.93594,0.63255,0.38892,0.24717,0.23182,0.34551,0.56859,0.86249,1.1764,1.456,1.653,1.7333,1.683,1.5109,1.2466
1.1519,1.1423,1.1043,1.0445,0.97328,0.90285,0.84545,0.81098,0.80543,0.82973,0.8797,0.9467,1.0191,1.0845,1.1314
1.4563,1.4413,1.3461,1.1873,0.99238,0.79497,0.62924,0.52383,0.49698,0.55333,0.68313,0.86394,1.0645,1.2501,1.3887
1.3294,1.0126,0.68981,0.41692,0.24107,0.19267,0.28008,0.4882,0.78103,1.1079,1.4124,1.6418,1.7564,1.7365,1.5854
1.134,0.80591,0.50762,0.29068,0.19261,0.23037,0.39742,0.66489,0.98652,1.3067,1.5701,1.7311,1.7619,1.6572,1.4351
1.2735,1.2286,1.1405,1.0242,0.89998,0.78927,0.71123,0.67933,0.69911,0.76713,0.87164,0.99457,1.1147,1.2111,1.2673
1.0121,0.74264,0.51389,0.36542,0.32289,0.39367,0.5655,0.80869,1.0812,1.3358,1.5287,1.6263,1.6119,1.4878,1.2757
1.3399,1.0846,0.81095,0.56616,0.39262,0.32032,0.36176,0.50978,0.73879,1.0092,1.2742,1.488,1.6137,1.6295,1.5326
1.1329,0.9431,0.75935,0.61344,0.53059,0.52512,0.59799,0.73659,0.91696,1.1079,1.2764,1.3934,1.4385,1.404,1.2959
1.0215,0.633,0.30422,0.09197,0.032949,0.13736,0.38715,0.73913,1.1324,1.4991,1.7756,1.9143,1.8911,1.71,1.4024
1.5064,1.5939,1.575,1.4528,1.2486,0.99756,0.74321,0.52949,0.39334,0.35831,0.43046,0.5973,0.83,1.0883,1.3276
1.7531,1.5174,1.1885,0.82314,0.48461,0.23142,0.10735,0.13385,0.30633,0.59498,0.94988,1.3097,1.6121,1.805,1.8549
1.0444,0.78934,0.56688,0.41553,0.36147,0.41403,0.56413,0.78582,1.0408,1.2849,1.476,1.581,1.5817,1.4781,1.2881
1.2269,1.3401,1.3908,1.3702,1.2817,1.1408,0.97171,0.80377,0.66597,0.58216,0.56681,0.62259,0.73985,0.89831,1.0706
0.88917,0.60528,0.38587,0.26886,0.27449,0.4018,0.62876,0.91613,1.2142,1.4715,1.6435,1.7004,1.6324,1.4514,1.1884
1.0741,1.0066,0.9342,0.86936,0.82334,0.80408,0.81492,0.85399,0.91452,0.98605,1.0562,1.1129,1.1463,1.1506,1.1251
1.7369,1.4906,1.1557,0.79005,0.45695,0.21397,0.10313,0.14358,0.32834,0.62546,0.98356,1.3407,1.6352,1.8161,1.852
1.3928,1.0305,0.65918,0.343,0.13665,0.075805,0.17098,0.40572,0.73944,1.1144,1.4659,1.733,1.8695,1.852,1.6834
0.94452,1.2736,1.5515,1.7303,1.7791,1.6894,1.4767,1.1777,0.84433,0.53404,0.30055,0.18422,0.20517,0.35977,0.6213
0.396,0.53798,0.75606,1.0126,1.2631,1.4644,1.5816,1.5944,1.5007,1.3167,1.0741,0.81491,0.58396,0.42117,0.35468
1.3209,1.4815,1.5549,1.5287,1.4072,1.2116,0.9756,0.74003,0.54564,0.42604,0.4019,0.47739,0.63948,0.86012,1.1012
1.9127,1.864,1.6621,1.342,0.95901,0.57929,0.26853,0.080478,0.047638,0.17569,0.4425,0.80192,1.1918,1.5448,1.7997
0.76151,0.42478,0.18373,0.080044,0.13165,0.32962,0.63973,1.0084,1.3718,1.6671,1.8433,1.8699,1.7424,1.4826,1.1357
1.0388,0.76209,0.52277,0.36219,0.30811,0.36989,0.53684,0.7801,1.0576,1.3214,1.5258,1.6355,1.6316,1.5147,1.305
0.65008,0.52783,0.48344,0.5246,0.64417,0.8215,1.0259,1.2221,1.376,1.4612,1.4629,1.3807,1.2289,1.0338,0.82906
1.2126,0.95829,0.70742,0.50337,0.38141,0.36264,0.45029,0.62921,0.86846,1.1267,1.3592,1.5259,1.5978,1.5626,1.4263
1.7486,1.6921,1.5122,1.2399,0.92237,0.61449,0.36949,0.22973,0.21938,0.34023,0.57138,0.87286,1.1925,1.4752,1.6718
1.2442,1.2848,1.2724,1.2091,1.1058,0.98052,0.85479,0.75039,0.68538,0.67099,0.7097,0.79484,0.91167,1.04,1.1576
1.6507,1.6854,1.5978,1.4031,1.135,0.83965,0.5683,0.36781,0.27286,0.29985,0.44413,0.68075,0.96879,1.2584,1.4996
0.10522,0.17733,0.38791,0.70054,1.0612,1.4075,1.6795,1.8303,1.8337,1.6892,1.4218,1.0776,0.71626,0.40019,0.18405
1.418,1.5554,1.593,1.5243,1.3612,1.1318,0.87585,0.63759,0.45822,0.36875,0.38465,0.50317,0.70382,0.9519,1.2045
1.2536,0.90103,0.56176,0.29449,0.14543,0.14035,0.28014,0.54062,0.87675,1.2304,1.5405,1.7533,1.8321,1.7632,1.5586
0.84732,0.72246,0.64181,0.61931,0.65887,0.75362,0.88721,1.0365,1.1757,1.2808,1.3335,1.3248,1.2561,1.1394,0.9948
0.6973,1.0908,1.4648,1.7546,1.9102,1.9046,1.7389,1.4416,1.0641,0.67184,0.3325,0.1048,0.028104,0.11568,0.35239
1.8985,1.7957,1.5515,1.2081,0.82504,0.46842,0.19993,0.066011,0.089805,0.2672,0.56753,0.93885,1.317,1.6365,1.8422
0.10522,0.17733,0.38791,0.70054,1.0612,1.4075,1.6795,1.8303,1.8337,1.6892,1.4218,1.0776,0.71626,0.40019,0.18405
0.6604,0.39704,0.23416,0.19992,0.30024,0.51778,0.81492,1.1403,1.4376,1.6555,1.7563,1.7225,1.56,1.2969,0.9787
0.55611,0.77606,1.031,1.2767,1.4709,1.5798,1.5847,1.4847,1.2972,1.0545,0.79854,0.57367,0.41875,0.36055,0.40913
1.3037,1.0304,0.74812,0.50561,0.34481,0.29351,0.3606,0.53446,0.78504,1.069,1.3373,1.5434,1.6519,1.6438,1.5206
0.93945,0.84624,0.77584,0.74042,0.74611,0.79192,0.86993,0.96665,1.0654,1.149,1.2031,1.2183,1.192,1.1287,1.0393
1.0878,0.71131,0.38098,0.1539,0.069338,0.14192,0.35909,0.68331,1.0585,1.4198,1.7047,1.864,1.8702,1.722,1.4453
1.3082,0.90379,0.51222,0.20122,0.024555,0.012775,0.16792,0.46315,0.84744,1.2543,1.6135,1.8627,1.9591,1.8858,1.6556
1.3899,1.4849,1.4923,1.4108,1.2545,1.0504,0.83381,0.64219,0.50867,0.45632,0.4942,0.61576,0.79998,1.015,1.2237
0.58521,0.31665,0.16248,0.14934,0.27951,0.53048,0.85885,1.2079,1.5171,1.7332,1.8188,1.7589,1.5641,1.268,0.92171
1.5958,1.2543,0.86503,0.49533,0.20911,0.055865,0.062092,0.22671,0.52126,0.89481,1.2828,1.6181,1.8427,1.9179,1.8305
0.96983,1.0302,1.0815,1.115,1.1248,1.1093,1.0711,1.0168,0.9558,0.89871,0.85534,0.83321,0.83615,0.86363,0.91092
0.90392,0.77851,0.68762,0.64696,0.66357,0.73457,0.84769,0.98336,1.1181,1.2287,1.296,1.3082,1.2635,1.1693,1.0422
0.75011,0.98244,1.214,1.4048,1.5219,1.5449,1.4699,1.3099,1.0925,0.85537,0.63946,0.4821,0.41052,0.43708,0.5572
1.1829,1.3209,1.3996,1.4055,1.3374,1.2072,1.0375,0.85743,0.69827,0.5875,0.54427,0.57607,0.67739,0.83072,1.0095
1.3848,1.5951,1.6986,1.6776,1.5357,1.2973,1.0038,0.70579,0.45491,0.29451,0.25232,0.33562,0.53003,0.80192,1.1043
1.7822,1.5602,1.2376,0.87013,0.52132,0.25151,0.10733,0.11373,0.26959,0.54797,0.90073,1.2669,1.5831,1.7947,1.8651
1.5165,1.3624,1.1418,0.89296,0.65883,0.47992,0.38715,0.39658,0.50656,0.69808,0.93803,1.1849,1.3961,1.5349,1.5775
1.1969,1.12,1.0186,0.91013,0.81346,0.74527,0.71734,0.73452,0.79381,0.88498,0.99226,1.0971,1.1814,1.2305,1.236
0.59721,0.41175,0.32423,0.34977,0.48396,0.70361,0.97072,1.2391,1.4624,1.6019,1.6336,1.552,1.3711,1.1223,0.84854
1.6806,1.7261,1.6423,1.4437,1.1645,0.85315,0.5634,0.34536,0.23674,0.25631,0.40069,0.64492,0.94677,1.254,1.5136
0.68092,0.93333,1.1935,1.4164,1.5636,1.6095,1.5462,1.3848,1.153,0.89098,0.64404,0.45488,0.35619,0.36504,0.4799
0.44628,0.67234,0.95127,1.2349,1.474,1.6275,1.6687,1.5904,1.4063,1.1482,0.86066,0.59344,0.39273,0.29325,0.31219
0.75954,0.49317,0.31065,0.24355,0.30346,0.48004,0.74274,1.0461,1.3378,1.5673,1.6949,1.6985,1.5776,1.3531,1.0637
0.69088,0.59668,0.56845,0.61105,0.71712,0.86833,1.0385,1.1983,1.32,1.3826,1.3752,1.2992,1.1677,1.0034,0.83475
1.3178,1.1974,1.039,0.87005,0.71983,0.61428,0.57164,0.59929,0.69245,0.83501,1.0023,1.1655,1.2962,1.3719,1.3796
1.43,1.2653,1.0509,0.82392,0.62361,0.48461,0.43094,0.47189,0.60038,0.79419,1.0198,1.2382,1.4117,1.5101,1.5166
1.7477,1.4624,1.0933,0.70429,0.36264,0.12742,0.039297,0.11351,0.33722,0.67176,1.0593,1.4328,1.7276,1.8929,1.9
0.46958,0.60447,0.80397,1.0336,1.2536,1.426,1.521,1.5221,1.4291,1.2582,1.0388,0.80899,0.60839,0.47172,0.42262
1.9448,1.9088,1.7119,1.3881,0.9934,0.59609,0.26484,0.056926,0.008299,0.12737,0.39354,0.7608,1.1656,1.5381,1.8137
0.58324,0.71169,0.88621,1.0766,1.25,1.3764,1.4339,1.4126,1.3162,1.1613,0.9748,0.78883,0.6356,0.54159,0.52307
0.81469,0.57487,0.40478,0.33383,0.37429,0.51916,0.74339,1.0082,1.2678,1.4774,1.6006,1.6162,1.5214,1.3328,1.0828
0.060308,0.036615,0.17572,0.45357,0.82213,1.2177,1.5718,1.8233,1.9286,1.8696,1.6565,1.326,0.93546,0.55226,0.2427
0.79938,1.1972,1.5572,1.817,1.9318,1.8817,1.6754,1.3485,0.95754,0.57018,0.25336,0.061856,0.028791,0.15988,0.43245
1.5271,1.5053,1.3923,1.2077,0.98342,0.75823,0.57106,0.45429,0.42809,0.497,0.64911,0.85811,1.0879,1.2987,1.454
0.21025,0.24119,0.39956,0.65796,0.97174,1.2866,1.5482,1.7111,1.7474,1.6506,1.4376,1.1451,0.82375,0.5291,0.31209
0.74497,1.1425,1.5116,1.7884,1.9252,1.8982,1.7121,1.3991,1.0133,0.62148,0.29128,0.079852,0.023746,0.13266,0.38777
1.2944,0.90555,0.52928,0.23063,0.061227,0.05037,0.19993,0.48406,0.85362,1.2447,1.5897,1.829,1.9211,1.8502,1.6285
1.0686,0.96486,0.86342,0.78181,0.73414,0.72867,0.76634,0.84063,0.9387,1.0436,1.1372,1.2032,1.2304,1.2139,1.1567
0.43484,0.60705,0.84342,1.1031,1.3412,1.5165,1.5987,1.5736,1.4456,1.2367,0.98315,0.72872,0.51742,0.38579,0.35658
0.23112,0.20501,0.31258,0.53524,0.83448,1.1586,1.4514,1.6625,1.7552,1.7136,1.5448,1.278,0.95937,0.64399,0.3864
0.84483,1.1782,1.4769,1.6894,1.7789,1.73,1.551,1.273,0.94406,0.62096,0.35962,0.20524,0.18449,0.30098,0.53455
0.20924,0.3397,0.58056,0.89016,1.215,1.4988,1.6927,1.763,1.6975,1.5077,1.2264,0.90207,0.59093,0.34675,0.21173
1.6641,1.3801,1.0265,0.66463,0.35693,0.15665,0.098405,0.19228,0.42204,0.74795,1.1137,1.456,1.7156,1.8478,1.8296
0.53895,0.26222,0.10928,0.10658,0.25458,0.52769,0.87869,1.2469,1.5686,1.7882,1.8678,1.7935,1.5783,1.2592,0.89162
0.88555,0.81783,0.77784,0.77248,0.80268,0.86322,0.94364,1.03,1.1074,1.1625,1.1857,1.173,1.1266,1.0545,0.96928
1.4359,1.2019,0.92923,0.66499,0.45489,0.33527,0.32681,0.43097,0.62974,0.88876,1.1632,1.4057,1.5742,1.6397,1.5908
1.1206,1.0728,1.0087,0.93929,0.87661,0.83148,0.81171,0.82073,0.85696,0.91414,0.9824,1.0499,1.105,1.1382,1.1437
0.82412,0.46862,0.20122,0.068166,0.092453,0.26988,0.56978,0.94029,1.3173,1.6357,1.8404,1.896,1.7929,1.5489,1.2062
1.0607,0.83683,0.63736,0.49681,0.4395,0.47532,0.59808,0.78656,1.0082,1.2246,1.3984,1.4995,1.5105,1.4295,1.2704
0.23144,0.21974,0.33917,0.56908,0.86973,1.1891,1.472,1.6696,1.7475,1.6925,1.5139,1.2427,0.92572,0.61784,0.37226
0.87205,1.2245,1.5344,1.748,1.8286,1.7621,1.5601,1.2574,0.90645,0.56789,0.30028,0.14987,0.14268,0.27995,0.53794
1.2029,1.0774,0.93471,0.79956,0.69529,0.63992,0.64304,0.7041,0.81255,0.94963,1.0916,1.214,1.2956,1.3223,1.2895
0.49875,0.6893,0.92979,1.1786,1.3928,1.5353,1.5815,1.5233,1.3709,1.1505,0.90038,0.66369,0.48137,0.38495,0.3911
0.82782,0.58299,0.40648,0.32881,0.36343,0.50433,0.72716,0.99339,1.257,1.4724,1.6023,1.6243,1.5346,1.3486,1.0987
0.68034,0.42641,0.26789,0.23217,0.32544,0.53157,0.81492,1.1265,1.4124,1.6232,1.7225,1.6931,1.5401,1.2899,0.98576
0.26632,0.34065,0.52521,0.78809,1.0838,1.3613,1.5725,1.681,1.6679,1.5355,1.3068,1.0213,0.72827,0.47847,0.31507
0.40285,0.4613,0.60912,0.82074,1.0596,1.2843,1.4562,1.5453,1.5364,1.431,1.2472,1.017,0.78,0.57728,0.44388
1.0207,0.9721,0.92451,0.88618,0.86376,0.86112,0.87871,0.9135,0.95946,1.0087,1.0526,1.0836,1.0964,1.0888,1.062
1.208,1.2097,1.1713,1.0995,1.0068,0.90906,0.82329,0.7643,0.74228,0.76105,0.81736,0.90146,0.99883,1.0926,1.1666
1.0452,0.90249,0.77287,0.67874,0.63638,0.65312,0.72606,0.84258,0.98255,1.1218,1.2361,1.3059,1.319,1.2732,1.1763
0.58324,0.35722,0.23857,0.2478,0.38331,0.62168,0.92168,1.2314,1.4974,1.6736,1.7295,1.6555,1.4644,1.1892,0.87754
1.7767,1.7173,1.5301,1.2475,0.91827,0.59944,0.34609,0.20202,0.19216,0.3182,0.55835,0.87109,1.2023,1.4948,1.698
1.5714,1.2904,0.95537,0.6243,0.35442,0.19238,0.16621,0.28043,0.5153,0.83019,1.1707,1.4779,1.6986,1.7948,1.7498
0.3508,0.42711,0.5987,0.8359,1.0977,1.3388,1.5176,1.6031,1.5805,1.4538,1.2448,0.98976,0.73268,0.51805,0.38297
1028.2,1513.7,1737.7,1661.4,1298,710.33,0.0063224,710.17,1297.4,1660.1,1735.6,1510.8,1024.6,361.12,365
0.77984,0.68084,0.63325,0.6453,0.7149,0.83002,0.97075,1.1128,1.2315,1.3064,1.3246,1.2829,1.1884,1.0577,0.91312
0.10343,0.10015,0.24869,0.52335,0.87665,1.2475,1.5718,1.7934,1.8741,1.7998,1.5835,1.2625,0.89234,0.53701,0.25796
1.0153,0.77749,0.57434,0.44101,0.40056,0.45998,0.60899,0.82184,1.0617,1.2871,1.4591,1.548,1.5383,1.4317,1.2468
1.4495,1.6056,1.6533,1.5842,1.4103,1.1617,0.88137,0.61776,0.41646,0.31229,0.32324,0.44744,0.6634,0.93378,1.2118
0.66471,0.43407,0.29751,0.27863,0.38071,0.58609,0.85926,1.153,1.4165,1.6042,1.6836,1.6411,1.4839,1.2393,0.94954
1.091,1.0028,0.91036,0.82965,0.77461,0.75477,0.77355,0.8277,0.90787,1.0002,1.0887,1.1581,1.1964,1.1969,1.1596
1.4225,1.1414,0.83203,0.54796,0.33827,0.23923,0.26795,0.41947,0.66759,0.96941,1.2727,1.5251,1.6829,1.7189,1.6268
1.0324,1.0968,1.1407,1.1565,1.1415,1.0982,1.0341,0.96041,0.88975,0.83437,0.80385,0.80348,0.8333,0.88817,0.95859
1.075,0.86968,0.68312,0.54758,0.48649,0.51041,0.6152,0.78275,0.98409,1.1844,1.349,1.4496,1.4686,1.4028,1.2636
0.93671,0.63369,0.39023,0.24843,0.2328,0.34605,0.56859,0.86195,1.1754,1.4548,1.6517,1.7322,1.6823,1.5106,1.2469
1.4057,1.1988,0.95381,0.71301,0.51806,0.40266,0.38677,0.47313,0.64682,0.87779,1.1261,1.3489,1.5075,1.5746,1.5386
0.65045,0.45367,0.34758,0.35052,0.46198,0.66269,0.91795,1.1836,1.4138,1.5686,1.6213,1.5628,1.4033,1.1702,0.90389
1.3901,1.4852,1.4927,1.4112,1.2548,1.0505,0.83381,0.64203,0.50837,0.45594,0.4938,0.61541,0.79974,1.0149,1.2237
0.39766,0.54042,0.75886,1.0152,1.2652,1.4655,1.5816,1.5933,1.4986,1.314,1.0713,0.81247,0.5823,0.42058,0.35527
1.1764,0.76984,0.39927,0.12879,0.0051714,0.049791,0.25493,0.58512,0.98327,1.3805,1.7082,1.9097,1.9501,1.8224,1.5487
1.365,1.3503,1.2712,1.1415,0.98347,0.82455,0.69219,0.60927,0.59014,0.63809,0.74485,0.89194,1.0539,1.2028,1.3129
1.6271,1.3455,1.0004,0.65138,0.35889,0.17347,0.12719,0.22805,0.45861,0.779,1.1338,1.4617,1.706,1.8245,1.7966
0.67256,0.97684,1.2813,1.5334,1.6895,1.7226,1.6269,1.4191,1.135,0.82383,0.53932,0.33069,0.23401,0.266,0.42112
