1.6004,1.4927,1.296,1.0444,0.78128,0.55221,0.39679,0.3419,0.39701,0.55261,0.78179,1.0449,1.2965,1.493,1.6006
1.5315,1.3406,1.087,0.8146,0.57049,0.39686,0.32375,0.36378,0.51005,0.73725,1.0061,1.2701,1.4837,1.6098,1.6267
1.3629,1.2608,1.1098,0.93599,0.7695,0.6391,0.56731,0.56657,0.63699,0.7664,0.93242,1.1064,1.2581,1.3615,1.3985
0.96042,1.0124,1.0585,1.0907,1.1034,1.0945,1.0654,1.0213,0.96969,0.91956,0.87956,0.8566,0.85466,0.87408,0.91149
1.5781,1.4151,1.1765,0.90364,0.64366,0.44151,0.33216,0.3345,0.44813,0.65341,0.91484,1.1872,1.4234,1.5827,1.6374
1.0451,0.98093,0.91631,0.86239,0.82848,0.82045,0.83969,0.88287,0.94252,1.0083,1.0689,1.1138,1.1353,1.1295,1.0976
1.2443,0.97732,0.71045,0.48986,0.35371,0.32553,0.41019,0.59306,0.84251,1.1154,1.3646,1.5469,1.6309,1.6021,1.4653
0.7692,0.79563,0.85362,0.93314,1.0204,1.1004,1.1593,1.1868,1.1783,1.1351,1.0648,0.97953,0.89401,0.82304,0.77889
1.4274,1.6064,1.6768,1.6264,1.4639,1.2174,0.92956,0.65012,0.4274,0.29991,0.28969,0.39851,0.60756,0.88068,1.1707
1.0667,0.88759,0.72409,0.60452,0.54956,0.5687,0.65864,0.80383,0.97915,1.1543,1.299,1.3882,1.4065,1.3508,1.2306
1.6681,1.4699,1.1867,0.86743,0.56728,0.33817,0.21973,0.23242,0.37405,0.62014,0.92813,1.2448,1.5153,1.693,1.747
1.0994,1.1433,1.1586,1.1427,1.0984,1.0333,0.95862,0.88735,0.83178,0.80152,0.8018,0.83257,0.88851,0.95995,1.0345
1.4022,1.4394,1.3968,1.2819,1.1144,0.92334,0.74178,0.60109,0.52559,0.52835,0.60888,0.75326,0.93653,1.127,1.2917
1.5105,1.5472,1.4855,1.336,1.1247,0.888,0.66692,0.49965,0.41512,0.42794,0.5359,0.72032,0.94933,1.1833,1.3818
1.6853,1.6236,1.4503,1.1954,0.9029,0.62341,0.40526,0.28617,0.28672,0.40683,0.62573,0.90556,1.1979,1.4523,1.6247
0.96914,1.1915,1.377,1.4935,1.5209,1.4545,1.3057,1.1002,0.87369,0.66522,0.51085,0.43729,0.45724,0.56726,0.74833
1.3247,1.3241,1.2636,1.1538,1.0136,0.86729,0.74015,0.65416,0.62419,0.65542,0.74245,0.87024,1.0167,1.1565,1.2654
0.57629,0.63511,0.75324,0.91026,1.079,1.2303,1.3381,1.3835,1.3589,1.2685,1.1278,0.96128,0.79767,0.66526,0.58696
1.1992,1.0849,0.95217,0.82389,0.72229,0.66492,0.66172,0.71322,0.81054,0.93684,1.0703,1.1878,1.269,1.3,1.2753
0.89972,1.1893,1.4424,1.6152,1.6779,1.6195,1.4503,1.1994,0.91029,0.63288,0.41518,0.29481,0.2926,0.40893,0.62368
1.8606,1.8257,1.6442,1.3476,0.98711,0.62505,0.32405,0.13615,0.093839,0.20443,0.44881,0.78471,1.1541,1.493,1.7429
0.82053,0.65597,0.54712,0.51279,0.55893,0.67756,0.84816,1.0412,1.2234,1.3632,1.4364,1.4303,1.3461,1.1982,1.0123
1.6603,1.5656,1.3692,1.1053,0.81936,0.56089,0.37456,0.2926,0.32918,0.47796,0.71324,0.99432,1.2726,1.5,1.6371
1.554,1.5603,1.4659,1.2871,1.0549,0.8095,0.59321,0.44348,0.3862,0.43127,0.57091,0.78095,1.0251,1.2611,1.4482
1.007,1.1039,1.179,1.2194,1.2181,1.1753,1.0984,1.0007,0.89914,0.81122,0.75217,0.73219,0.75474,0.81591,0.90514
0.35248,0.2669,0.3043,0.45822,0.70204,0.99359,1.2825,1.5187,1.6615,1.6862,1.5884,1.3851,1.1114,0.81468,0.54624
0.92935,0.83316,0.76204,0.72828,0.73773,0.78876,0.87252,0.97455,1.0772,1.1627,1.2163,1.2288,1.1979,1.129,1.034
1.3943,1.5174,1.5472,1.4787,1.3236,1.1088,0.87135,0.65241,0.48979,0.41162,0.4314,0.54572,0.73481,0.96597,1.1992
0.5528,0.6701,0.84065,1.035,1.2195,1.3623,1.4386,1.4354,1.353,1.2059,1.0194,0.82573,0.65843,0.54642,0.50905
1.2289,0.88138,0.55064,0.29382,0.15533,0.15911,0.30451,0.56638,0.89946,1.2461,1.5465,1.7486,1.8174,1.7412,1.533
1.2933,1.3524,1.3469,1.2776,1.1565,1.0046,0.84809,0.71408,0.62573,0.59832,0.63658,0.73391,0.87346,1.0311,1.1796
0.38072,0.50259,0.70669,0.95773,1.2123,1.4264,1.563,1.5984,1.5266,1.36,1.1273,0.8689,0.62934,0.45009,0.36215
1.5965,1.4734,1.2647,1.0065,0.74331,0.52076,0.37729,0.33772,0.40889,0.57849,0.81719,1.0837,1.332,1.5191,1.6127
0.8531,1.0849,1.2982,1.4562,1.5316,1.5112,1.3987,1.2134,0.9875,0.75996,0.57014,0.45087,0.42277,0.4907,0.64292
1.0617,1.3698,1.6102,1.7413,1.7404,1.6078,1.3663,1.0576,0.73526,0.45488,0.26498,0.19839,0.26663,0.4579,0.73912
0.32989,0.31728,0.41894,0.61729,0.87804,1.1561,1.4034,1.5771,1.6473,1.6018,1.4485,1.2138,0.93836,0.66981,0.45459
0.48715,0.57064,0.7246,0.92239,1.1298,1.311,1.4347,1.4794,1.4374,1.3161,1.1363,0.92911,0.73045,0.57461,0.48855
0.98461,1.1822,1.3446,1.4436,1.4621,1.3969,1.2593,1.0731,0.87052,0.6865,0.55291,0.49286,0.51671,0.62035,0.78585
1.1547,1.388,1.5505,1.614,1.5676,1.4193,1.1946,0.93258,0.6784,0.47605,0.36051,0.35178,0.45134,0.642,0.89078
1.2279,0.99285,0.75528,0.55625,0.43016,0.39883,0.46767,0.62478,0.84298,1.0846,1.3077,1.4739,1.5544,1.5352,1.4197
0.7224,0.59532,0.53444,0.55027,0.64009,0.78837,0.96946,1.152,1.3046,1.4006,1.4237,1.3697,1.248,1.0796,0.8937
1.138,1.2333,1.2845,1.2827,1.2283,1.1306,1.0065,0.87759,0.76602,0.69114,0.66588,0.69462,0.77238,0.88572,1.015
0.95827,0.82938,0.72621,0.66661,0.66087,0.71,0.80549,0.93083,1.0644,1.183,1.2662,1.2996,1.2774,1.2035,1.0906
0.54558,0.47113,0.48435,0.58295,0.74989,0.95629,1.1665,1.3441,1.4584,1.4897,1.4326,1.2968,1.106,0.89305,0.69482
1.1457,1.1392,1.1049,1.0487,0.98024,0.91145,0.85419,0.81837,0.81017,0.83102,0.8773,0.94103,1.0112,1.0756,1.1232
0.81809,0.98411,1.1491,1.2845,1.367,1.3822,1.3276,1.2125,1.0569,0.88771,0.73414,0.62276,0.57284,0.59299,0.67974
1.8329,1.7632,1.5579,1.2522,0.89922,0.55985,0.29281,0.14427,0.13992,0.2805,0.54171,0.87839,1.2323,1.5423,1.7547
0.49013,0.55171,0.68702,0.87267,1.0766,1.2634,1.401,1.4654,1.4456,1.3449,1.1809,0.98176,0.78201,0.61618,0.51294
0.86577,0.86231,0.87888,0.91262,0.95768,1.0063,1.05,1.0813,1.0948,1.0881,1.0624,1.0221,0.97422,0.92702,0.88866
0.91721,0.86082,0.82471,0.81514,0.83375,0.87733,0.93834,1.0062,1.0693,1.1166,1.1399,1.1353,1.1035,1.05,0.98414
1.0436,0.79398,0.57622,0.42796,0.37483,0.42603,0.57268,0.78945,1.0388,1.2777,1.4648,1.5678,1.5688,1.4676,1.2819
0.65001,0.90515,1.1729,1.407,1.5669,1.6251,1.5713,1.415,1.1832,0.9159,0.65937,0.45796,0.34649,0.34425,0.45161
0.54584,0.7398,0.97498,1.2107,1.4062,1.5277,1.5542,1.481,1.321,1.1016,0.8609,0.64046,0.47842,0.40278,0.42663
1.4598,1.472,1.3988,1.2529,1.0595,0.85195,0.66627,0.53451,0.47946,0.51064,0.62265,0.79614,1.0011,1.2021,1.3643
1.4739,1.4668,1.3753,1.215,1.0138,0.80644,0.62875,0.51149,0.47491,0.52534,0.65407,0.83884,1.0477,1.2445,1.3953
1.4324,1.2788,1.0732,0.85118,0.65113,0.50762,0.44547,0.47543,0.59231,0.7759,0.99447,1.2102,1.3858,1.491,1.5074
0.9523,0.74078,0.5703,0.47035,0.45819,0.53595,0.69016,0.89417,1.1127,1.308,1.4462,1.5035,1.47,1.3514,1.1683
0.56406,0.65905,0.80921,0.98858,1.1661,1.3112,1.3987,1.4134,1.3529,1.2276,1.0592,0.87672,0.7118,0.59294,0.54068
0.96764,0.98387,0.99911,1.0107,1.0167,1.016,1.0088,0.99626,0.9806,0.9645,0.95077,0.94177,0.93906,0.94311,0.95322
0.596,0.85646,1.138,1.3918,1.5742,1.6534,1.616,1.4682,1.2357,0.95866,0.68499,0.46202,0.32828,0.30692,0.40162
0.88802,0.69177,0.54503,0.47319,0.48865,0.58875,0.75619,0.962,1.1706,1.3459,1.4577,1.4865,1.4274,1.2907,1.0999
1.2452,1.1261,0.98149,0.83627,0.71559,0.6403,0.62343,0.6679,0.76601,0.9008,1.049,1.1849,1.2851,1.3322,1.3181
1.5132,1.4085,1.2293,1.0067,0.77916,0.58603,0.4607,0.42484,0.48466,0.6298,0.83517,1.0653,1.2803,1.4431,1.5255
1.0873,1.2634,1.3901,1.4456,1.4203,1.3185,1.1579,0.96617,0.77654,0.62178,0.52863,0.5132,0.57817,0.7123,0.8924
1.2796,1.1287,0.95182,0.77948,0.64149,0.56171,0.55394,0.61952,0.74711,0.91464,1.0932,1.2518,1.3631,1.4079,1.3783
1.2438,1.5039,1.6732,1.7222,1.6426,1.4481,1.1723,0.863,0.57357,0.3541,0.24253,0.25816,0.39828,0.63866,0.93775
1.4149,1.3516,1.2237,1.0533,0.86997,0.70531,0.58783,0.53784,0.56398,0.66173,0.8142,0.99502,1.1729,1.3171,1.4027
0.92191,0.67939,0.48853,0.38233,0.37916,0.47955,0.66616,0.90671,1.1596,1.3811,1.533,1.5889,1.5392,1.3925,1.1741
0.84128,1.0323,1.214,1.3549,1.4307,1.4282,1.3479,1.2036,1.0204,0.82988,0.66499,0.55424,0.51679,0.55911,0.67389
1.1385,0.91958,0.71077,0.5482,0.45996,0.46133,0.55206,0.71646,0.92611,1.1448,1.3346,1.4628,1.5072,1.4601,1.3297
0.86985,0.9788,1.0876,1.1775,1.233,1.2443,1.2097,1.135,1.0332,0.92185,0.82026,0.74598,0.71183,0.72374,0.77963
1.5386,1.2429,0.90146,0.57327,0.31508,0.17154,0.16748,0.30358,0.55633,0.88201,1.2243,1.5241,1.7294,1.8048,1.7374
1.2262,1.067,0.89238,0.7326,0.61527,0.56069,0.57829,0.66503,0.80591,0.97657,1.1475,1.2892,1.377,1.3959,1.3426
1.2849,1.2101,1.0953,0.96016,0.82815,0.72208,0.66028,0.65344,0.70275,0.79968,0.92747,1.064,1.1857,1.2715,1.3066
0.63423,0.7778,0.956,1.138,1.2924,1.3925,1.4209,1.3727,1.2564,1.0919,0.90774,0.73577,0.60571,0.54005,0.55014
0.85495,0.62875,0.46296,0.38625,0.41189,0.53544,0.73554,0.97758,1.2197,1.4201,1.5441,1.5702,1.4939,1.3285,1.1025
0.48571,0.61471,0.80655,1.0281,1.2409,1.4084,1.5014,1.504,1.4156,1.2516,1.0403,0.8183,0.62389,0.49073,0.44186
1.4528,1.212,0.9308,0.65774,0.44009,0.31547,0.30544,0.41172,0.61594,0.8828,1.1661,1.417,1.5919,1.6608,1.6116
0.60912,0.60478,0.665,0.77937,0.92811,1.0855,1.2243,1.3206,1.3576,1.3291,1.2398,1.1053,0.94885,0.79743,0.67726
1.0435,0.83257,0.64676,0.51825,0.46927,0.50827,0.62852,0.80922,1.0191,1.222,1.3826,1.4734,1.4785,1.3971,1.2432
1.2556,1.3514,1.3827,1.344,1.2421,1.0945,0.92682,0.768,0.64552,0.58055,0.58433,0.6562,0.78374,0.9449,1.1118
1.5465,1.5966,1.5398,1.3858,1.1614,0.90524,0.66172,0.47291,0.37146,0.37492,0.48268,0.67611,0.92176,1.1772,1.3982
0.65099,0.51556,0.46011,0.49423,0.61203,0.79313,1.0062,1.2145,1.3818,1.4794,1.4903,1.4127,1.2599,1.0584,0.843
0.75312,0.51449,0.35603,0.30513,0.37061,0.54114,0.78723,1.0663,1.3302,1.5332,1.6402,1.6327,1.5121,1.2991,1.0307
1.4142,1.1563,0.86763,0.59806,0.39421,0.29133,0.30721,0.4391,0.6642,0.94358,1.2289,1.4709,1.6277,1.6722,1.5967
0.66705,0.65399,0.69698,0.78858,0.91297,1.0486,1.1721,1.262,1.3029,1.2876,1.2188,1.1084,0.97544,0.84299,0.73391
0.26257,0.3787,0.59848,0.88391,1.1856,1.4515,1.6355,1.7058,1.6503,1.4786,1.2204,0.92026,0.63014,0.40019,0.27017
1.4792,1.6031,1.619,1.524,1.3346,1.0837,0.81441,0.57348,0.40253,0.3311,0.37155,0.51689,0.74199,1.0079,1.2687
1.2997,0.99988,0.69628,0.44143,0.27937,0.23814,0.32487,0.52455,0.80266,1.1111,1.3966,1.6097,1.7136,1.6904,1.544
1.3372,1.4332,1.4504,1.386,1.2511,1.069,0.87113,0.69181,0.562,0.50414,0.52825,0.63014,0.79221,0.98643,1.1792
1.4661,1.5149,1.4709,1.3417,1.1496,0.9279,0.71487,0.54737,0.45435,0.4519,0.54044,0.70467,0.91618,1.1384,1.3329
0.60136,0.49825,0.47812,0.54445,0.68577,0.87764,1.0869,1.2773,1.4161,1.4791,1.4554,1.3493,1.179,0.97393,0.76962
0.55206,0.78017,1.0425,1.2937,1.4904,1.5985,1.5993,1.4927,1.2972,1.0464,0.78393,0.55499,0.39922,0.34356,0.39762
1.285,1.0228,0.75287,0.52191,0.36984,0.32296,0.38936,0.55757,0.7985,1.0705,1.3265,1.5223,1.624,1.614,1.4941
0.9192,0.97437,1.0302,1.077,1.1068,1.1142,1.0982,1.0614,1.0102,0.95347,0.901,0.86187,0.84284,0.84721,0.87422
0.76168,0.86981,0.99667,1.1203,1.2194,1.2768,1.2825,1.2356,1.1442,1.0241,0.896,0.78215,0.70219,0.66994,0.69098
1.7521,1.7246,1.5681,1.3095,0.99369,0.67517,0.40904,0.24131,0.20099,0.29504,0.50721,0.80081,1.1251,1.4239,1.6457
1.092,1.0294,0.95795,0.88998,0.83725,0.80889,0.80979,0.8398,0.89373,0.96226,1.0335,1.0952,1.1367,1.1507,1.1349
1.4801,1.4414,1.3225,1.1442,0.93709,0.73711,0.57881,0.48955,0.48478,0.56531,0.71723,0.91427,1.1223,1.3055,1.432
0.7567,1.0047,1.2481,1.4448,1.5609,1.5761,1.488,1.3117,1.0778,0.82659,0.60161,0.44174,0.37461,0.41185,0.547
1.3506,1.2131,1.0349,0.84687,0.68157,0.56755,0.52453,0.55995,0.66767,0.82908,1.0163,1.1969,1.3396,1.4199,1.4238
1.2761,1.0705,0.84895,0.64971,0.50727,0.44625,0.47719,0.59476,0.77862,0.99697,1.2121,1.3867,1.4907,1.5061,1.4302
0.72419,0.88722,1.066,1.2295,1.3496,1.4055,1.3875,1.2987,1.1544,0.97973,0.80475,0.65974,0.5698,0.55046,0.60507
1.3887,1.5788,1.6651,1.6325,1.4868,1.2532,0.97197,0.69183,0.4612,0.31996,0.29252,0.38363,0.57754,0.84072,1.1277
0.96806,1.2315,1.4512,1.589,1.6212,1.5423,1.3658,1.1222,0.85379,0.60685,0.42411,0.33716,0.36105,0.49164,0.70635
0.66922,0.77397,0.91403,1.0652,1.2013,1.2988,1.3409,1.3202,1.2404,1.1153,0.96643,0.8196,0.70019,0.62883,0.61788
0.84612,0.80812,0.79952,0.82181,0.87113,0.93895,1.0136,1.082,1.1325,1.1564,1.1494,1.1128,1.0529,0.98008,0.90694
0.71106,0.55041,0.46371,0.46597,0.55678,0.72046,0.92869,1.1455,1.3333,1.4598,1.5029,1.4553,1.3253,1.1352,0.9179
0.62869,0.96397,1.3017,1.5835,1.7606,1.8024,1.7017,1.4759,1.164,0.82001,0.50333,0.26875,0.15683,0.18692,0.35383
1.04,1.311,1.5245,1.6435,1.6475,1.5357,1.3275,1.0589,0.77637,0.5287,0.35875,0.2959,0.35101,0.51456,0.75827
1.1555,0.87625,0.61465,0.41589,0.31436,0.3276,0.45333,0.6698,0.93959,1.216,1.4514,1.6049,1.65,1.579,1.404
0.22015,0.28899,0.47699,0.75164,1.0655,1.3642,1.5962,1.7213,1.7179,1.5866,1.3501,1.0493,0.73619,0.46491,0.28238
0.84789,0.57306,0.36827,0.26893,0.29223,0.43412,0.67008,0.95931,1.2518,1.497,1.6524,1.6913,1.6069,1.4137,1.1452
0.4329,0.70758,1.029,1.3417,1.5915,1.7352,1.7481,1.6278,1.3952,1.0904,0.7663,0.47879,0.27763,0.19758,0.25251
0.81763,1.0734,1.3127,1.4942,1.5864,1.5734,1.4576,1.2588,1.0115,0.75844,0.54337,0.40347,0.36294,0.42878,0.58961
1.0056,1.0043,0.9986,0.98932,0.97811,0.9669,0.95764,0.95193,0.95075,0.95431,0.96198,0.97246,0.98392,0.99438,1.002
1.3207,0.96567,0.61279,0.32308,0.14664,0.11397,0.23073,0.47672,0.80942,1.1713,1.4998,1.738,1.8449,1.8019,1.6165
1.029,1.007,0.98009,0.95282,0.92992,0.91536,0.91166,0.91945,0.9374,0.96239,0.9901,1.0157,1.0349,1.0442,1.0421
0.50176,0.52653,0.62938,0.79254,0.9878,1.1814,1.3398,1.4357,1.4525,1.3873,1.2513,1.0681,0.86933,0.68938,0.55937
1.2425,1.4507,1.5772,1.6001,1.5155,1.3379,1.0982,0.83766,0.60144,0.43036,0.35399,0.38554,0.51957,0.73288,0.9886
1.6463,1.5209,1.3016,1.0265,0.74295,0.5001,0.33991,0.29007,0.35921,0.53537,0.78809,1.0737,1.3427,1.5488,1.6561
0.58637,0.71888,0.89622,1.0877,1.2603,1.3841,1.4376,1.4118,1.3109,1.1526,0.96401,0.77791,0.62644,0.53578,0.5216
1.6403,1.7295,1.6888,1.5253,1.2671,0.959,0.65418,0.40538,0.25562,0.23079,0.33518,0.55075,0.84022,1.1535,1.4365
0.3561,0.22547,0.22498,0.35473,0.59227,0.89653,1.2149,1.4923,1.6809,1.7479,1.6818,1.4941,1.2171,0.89885,0.59429
1.6173,1.7485,1.7466,1.6117,1.3673,1.0557,0.73056,0.44828,0.25762,0.19154,0.26148,0.45533,0.73958,1.0651,1.3756
1.1433,0.75555,0.40627,0.15587,0.047644,0.10032,0.30477,0.62566,1.0075,1.3843,1.6908,1.8741,1.9025,1.7711,1.5025
0.23261,0.26567,0.42192,0.67435,0.97931,1.2841,1.5359,1.6913,1.7234,1.6267,1.4178,1.1328,0.82118,0.53665,0.32846
1.7113,1.5689,1.3243,1.0199,0.70829,0.44333,0.27084,0.22065,0.30144,0.49924,0.77984,1.0947,1.3895,1.6131,1.7269
1.4568,1.1616,0.83475,0.53264,0.30757,0.19845,0.22414,0.38021,0.63967,0.95765,1.2792,1.5487,1.7195,1.7621,1.6692
0.9092,0.93219,0.96313,0.99667,1.027,1.0489,1.0585,1.0543,1.0369,1.0093,0.97635,0.9437,0.91701,0.90089,0.89812
0.14737,0.20233,0.39143,0.68199,1.0238,1.3576,1.6259,1.7822,1.7994,1.6746,1.4294,1.1062,0.76086,0.45306,0.23606
1.0621,1.2871,1.4588,1.5473,1.5374,1.4309,1.246,1.0148,0.7773,0.57451,0.44151,0.4013,0.46084,0.60982,0.82249
0.94206,0.71015,0.52457,0.41743,0.40723,0.49576,0.66769,0.89331,1.1336,1.347,1.4966,1.5566,1.5166,1.3834,1.1802
1.049,1.4001,1.6782,1.8353,1.8441,1.7033,1.437,1.0914,0.72626,0.40464,0.18218,0.097354,0.16482,0.37293,0.68568
1.3098,1.2442,1.1326,0.99436,0.85327,0.73377,0.65653,0.6349,0.67262,0.76317,0.89089,1.0337,1.1669,1.2675,1.318
1.0231,1.0732,1.1069,1.1182,1.1054,1.0705,1.0197,0.96171,0.90655,0.86376,0.84075,0.8415,0.86588,0.90967,0.9653
0.35118,0.19987,0.18314,0.30387,0.54119,0.85406,1.1884,1.4864,1.6965,1.7824,1.7292,1.5462,1.2649,0.9341,0.61089
0.87965,1.2036,1.4885,1.6852,1.7597,1.699,1.5136,1.2357,0.91326,0.60202,0.35582,0.21723,0.2102,0.33596,0.57276
0.13334,0.27972,0.54686,0.88858,1.2458,1.5567,1.7676,1.842,1.767,1.5556,1.2444,0.88712,0.5456,0.27886,0.13304
1.2894,1.2678,1.1962,1.0869,0.95873,0.83396,0.73412,0.67648,0.67099,0.71862,0.81112,0.93251,1.0618,1.1766,1.2571
1.1146,1.2622,1.3606,1.393,1.3536,1.2493,1.0981,0.92616,0.76323,0.63746,0.5706,0.57421,0.64766,0.77826,0.94342
1.5988,1.3753,1.0832,0.77297,0.49818,0.30637,0.23073,0.28432,0.45787,0.72139,1.0293,1.3284,1.5669,1.7036,1.7149
0.7,0.72022,0.78504,0.88325,0.99787,1.1091,1.1976,1.2483,1.2522,1.2087,1.1254,1.0166,0.90114,0.79902,0.72787
0.20537,0.1699,0.27418,0.50019,0.80884,1.1468,1.4555,1.6818,1.7863,1.7511,1.5823,1.309,0.97851,0.64794,0.37446
1.196,1.0088,0.81619,0.65162,0.54351,0.51055,0.55844,0.67891,0.85111,1.0453,1.2278,1.3672,1.4393,1.4317,1.3457
1.3982,1.3025,1.1507,0.96904,0.78899,0.64165,0.55249,0.53694,0.59767,0.72418,0.89462,1.0795,1.2468,1.3677,1.4213
0.19939,0.36352,0.63393,0.96386,1.2963,1.5736,1.7481,1.7894,1.6904,1.4683,1.1614,0.82285,0.51114,0.28018,0.16991
1.0958,1.3368,1.5158,1.6019,1.5801,1.4542,1.246,0.99148,0.73467,0.51995,0.38446,0.35163,0.42712,0.59789,0.83442
0.47204,0.33862,0.31578,0.40747,0.59784,0.85396,1.1316,1.3826,1.5638,1.6436,1.6084,1.4643,1.236,0.96321,0.69297
1.1723,1.2279,1.2404,1.2075,1.135,1.0353,0.92576,0.82527,0.75122,0.71641,0.72685,0.78075,0.86877,0.97571,1.0831
1.5461,1.4742,1.3165,1.1003,0.86299,0.64559,0.4857,0.41096,0.43429,0.55165,0.74277,0.97458,1.207,1.3999,1.5198
1.3348,1.2948,1.2,1.0669,0.91843,0.78029,0.67637,0.62463,0.63401,0.7029,0.81938,0.96331,1.1098,1.2335,1.3131
0.77362,0.46363,0.2426,0.14876,0.19832,0.38273,0.67008,1.0107,1.3457,1.6171,1.7781,1.8007,1.6811,1.44,1.119
1.1477,1.0388,0.91948,0.81026,0.73008,0.69278,0.70483,0.76414,0.86045,0.97711,1.094,1.1908,1.2508,1.2637,1.2273
1.1247,1.0799,1.0175,0.94834,0.8843,0.83648,0.81316,0.81837,0.85121,0.90599,0.97325,1.0414,1.0985,1.1349,1.1442
1.8176,1.9262,1.8709,1.6612,1.3334,0.94412,0.56078,0.2496,0.064392,0.037183,0.17268,0.44744,0.81397,1.2089,1.5639
1.1636,1.094,1.0045,0.91031,0.8279,0.77147,0.75077,0.76939,0.82411,0.90546,0.99938,1.0896,1.1606,1.2,1.2011
1.6372,1.3316,0.96498,0.60061,0.30152,0.11943,0.085813,0.20649,0.46059,0.80419,1.1779,1.517,1.763,1.8732,1.8287
0.39046,0.46558,0.62934,0.8534,1.099,1.3238,1.4887,1.5654,1.5406,1.4185,1.2202,0.98012,0.73968,0.54048,0.41695
1.238,1.0326,0.81775,0.63063,0.5036,0.45863,0.50348,0.63041,0.81747,1.0323,1.2378,1.3984,1.4863,1.4863,1.3985
0.2945,0.1012,0.059529,0.1767,0.43245,0.78255,1.1665,1.5178,1.7759,1.896,1.8574,1.6668,1.3571,0.98186,0.60601
0.98316,0.7873,0.62444,0.52274,0.49978,0.55954,0.69168,0.87335,1.0731,1.2565,1.3917,1.4555,1.4367,1.3386,1.1782
0.8719,0.76559,0.69604,0.67526,0.70686,0.78536,0.8972,1.023,1.1411,1.231,1.2772,1.2717,1.2154,1.1181,0.99658
1.6159,1.6859,1.6337,1.468,1.2177,0.92592,0.64319,0.41839,0.29036,0.28127,0.39267,0.6053,0.88241,1.1761,1.4355
0.70756,0.4653,0.31172,0.27337,0.35689,0.54782,0.81316,1.107,1.3786,1.581,1.6791,1.656,1.5157,1.2825,0.9966
0.74001,0.73822,0.77792,0.85223,0.94832,1.0496,1.1385,1.1996,1.2225,1.2031,1.1449,1.0578,0.95689,0.85969,0.78298
1.47,1.3954,1.2486,1.0551,0.84832,0.66395,0.53391,0.48069,0.51348,0.62661,0.80053,1.0052,1.2051,1.3658,1.4595
0.74048,1.1349,1.5021,1.7788,1.917,1.8929,1.7107,1.4017,1.0195,0.6302,0.30102,0.088932,0.030595,0.1361,0.3872
1.1746,1.3562,1.4724,1.5032,1.4432,1.3027,1.1062,0.88749,0.68447,0.53223,0.45709,0.47205,0.57452,0.74678,0.95904
1.3105,1.4946,1.5894,1.5784,1.4637,1.2651,1.0168,0.76181,0.54426,0.40173,0.35886,0.42308,0.58327,0.81174,1.069
1.3024,1.0696,0.82107,0.59965,0.44368,0.38013,0.41997,0.55634,0.76563,1.0117,1.2519,1.4448,1.557,1.5692,1.4791
1.0379,0.76825,0.53493,0.37825,0.32529,0.38522,0.54768,0.78456,1.0549,1.312,1.5114,1.6185,1.615,1.5013,1.2971
0.57398,0.5431,0.58744,0.69935,0.85946,1.0401,1.21,1.3398,1.4071,1.4002,1.3204,1.1813,1.0072,0.82796,0.67474
1.3717,1.5121,1.56,1.5074,1.3633,1.1525,0.91166,0.68227,0.50403,0.40778,0.41015,0.51073,0.69213,0.92299,1.1634
1.3721,1.4778,1.4972,1.4268,1.2788,1.0788,0.86146,0.66427,0.52135,0.45742,0.48353,0.59516,0.77301,0.98634,1.1982
0.60797,0.6982,0.83683,0.9999,1.1592,1.2872,1.3618,1.37,1.3105,1.1935,1.0393,0.87447,0.72761,0.62407,0.58175
1.0317,1.142,1.224,1.2634,1.2536,1.1961,1.1009,0.98448,0.86698,0.76871,0.70665,0.69154,0.72598,0.80403,0.91218
1.0291,1.2338,1.3943,1.4829,1.4842,1.398,1.2392,1.0352,0.82145,0.63474,0.50742,0.46148,0.50489,0.63012,0.81553
1.3727,1.4348,1.418,1.3251,1.1722,0.98576,0.798,0.64139,0.543,0.51986,0.57596,0.7016,0.87506,1.0663,1.2424
1.0126,0.85712,0.72252,0.63213,0.60156,0.63611,0.7298,0.86643,1.0224,1.1707,1.2857,1.3475,1.3455,1.2799,1.1622
0.36866,0.53698,0.78158,1.0602,1.3246,1.5291,1.6383,1.6334,1.5152,1.3041,1.0367,0.75914,0.51944,0.35906,0.30572
1.5405,1.6521,1.6472,1.5265,1.3111,1.0381,0.7547,0.50995,0.34617,0.29165,0.35584,0.52763,0.77732,1.0617,1.3317
1.0738,1.2026,1.2927,1.3284,1.3035,1.2224,1.099,0.95473,0.81452,0.70259,0.63832,0.6328,0.687,0.79153,0.92834
0.75187,0.843,0.9575,1.0756,1.1768,1.2437,1.2646,1.2361,1.1629,1.0578,0.9389,0.82681,0.74088,0.69598,0.69986
1.1952,1.1063,0.99535,0.8814,0.78417,0.72048,0.70135,0.73007,0.80169,0.90383,1.0188,1.1268,1.209,1.2514,1.2464
1.4388,1.2604,1.0332,0.79653,0.59123,0.45283,0.40526,0.45675,0.5984,0.80571,1.0428,1.2688,1.4445,1.5395,1.5375
1.6458,1.603,1.4521,1.2194,0.94486,0.67612,0.45961,0.33275,0.31749,0.41647,0.61256,0.87187,1.1496,1.3976,1.5731
1.3085,1.4374,1.4868,1.4484,1.3286,1.1482,0.93844,0.73553,0.57456,0.48338,0.47775,0.55864,0.71207,0.9115,1.1225
0.6811,0.85594,1.0519,1.2351,1.3739,1.4442,1.434,1.3449,1.1925,1.0029,0.80909,0.6445,0.5376,0.50687,0.55763
0.93727,0.76657,0.63245,0.55811,0.5564,0.6276,0.75943,0.92907,1.1072,1.263,1.3696,1.4084,1.3729,1.2691,1.115
0.6886,0.63261,0.63637,0.69923,0.81032,0.95042,1.0953,1.22,1.3028,1.3295,1.2954,1.2065,1.0781,0.93243,0.79465
0.97667,1.2808,1.5327,1.6886,1.7217,1.6262,1.4187,1.135,0.82418,0.53998,0.33154,0.23491,0.26679,0.42167,0.67277
0.5787,0.74854,0.95808,1.1711,1.3507,1.466,1.4968,1.438,1.2997,1.1058,0.88978,0.68906,0.53833,0.46365,0.47793
0.93853,1.0866,1.2159,1.3041,1.3359,1.3059,1.2192,1.0908,0.94297,0.80119,0.69,0.62864,0.62771,0.68738,0.79732
0.82493,1.1139,1.3795,1.5756,1.6684,1.6419,1.5006,1.269,0.98706,0.70361,0.46762,0.31991,0.28602,0.3718,0.56242
1.4314,1.6388,1.732,1.6949,1.5338,1.2767,0.96788,0.66088,0.40874,0.25505,0.22639,0.32772,0.54152,0.83081,1.1456
0.27814,0.32375,0.4825,0.72696,1.0149,1.2964,1.5229,1.6552,1.6705,1.566,1.3599,1.0878,0.79671,0.537,0.35357
0.5336,0.69175,0.89941,1.1207,1.3173,1.4553,1.5108,1.4742,1.3518,1.1648,0.94553,0.73191,0.56086,0.46197,0.45233
1.26,0.85669,0.47438,0.17917,0.022116,0.030365,0.20249,0.50874,0.89615,1.2977,1.6441,1.8753,1.9513,1.8591,1.6146
0.41641,0.51889,0.70079,0.93064,1.1687,1.3738,1.5105,1.5552,1.5,1.3547,1.1442,0.90502,0.67848,0.50375,0.41105
0.71483,0.7808,0.88089,0.9978,1.1113,1.2018,1.2536,1.2578,1.2136,1.1287,1.0178,0.90003,0.79575,0.72301,0.69439
1.3674,1.0857,0.78537,0.5184,0.33093,0.25536,0.30477,0.47062,0.72422,1.0217,1.3117,1.544,1.6785,1.6918,1.5818
0.54083,0.84164,1.166,1.458,1.6669,1.7568,1.712,1.5403,1.2715,0.95188,0.63683,0.3808,0.22805,0.20501,0.31564
0.089126,0.21166,0.46672,0.81022,1.1827,1.5199,1.7634,1.8711,1.8244,1.6314,1.3254,0.9594,0.59663,0.29983,0.12032
0.90141,1.2856,1.6166,1.8372,1.9093,1.8204,1.5858,1.2462,0.86022,0.49465,0.21267,0.063053,0.071664,0.23701,0.53051
0.57847,0.32457,0.18368,0.18016,0.31461,0.5638,0.88464,1.2216,1.5165,1.7183,1.7922,1.7252,1.5291,1.2377,0.90148
1.3285,1.156,0.95285,0.75404,0.59398,0.50035,0.48933,0.56283,0.70814,0.90014,1.1056,1.2891,1.4188,1.4723,1.4403
1.8758,1.693,1.3867,1.0097,0.62723,0.30545,0.099984,0.046364,0.15386,0.40388,0.7532,1.1414,1.5014,1.7709,1.9033
0.4549,0.35368,0.36044,0.474,0.67474,0.92793,1.1898,1.4151,1.5648,1.6131,1.5516,1.3909,1.1589,0.89562,0.6466
0.4383,0.38201,0.4288,0.57057,0.78282,1.0288,1.2661,1.4536,1.5588,1.5637,1.4673,1.2863,1.0521,0.80504,0.58794
0.63238,0.3366,0.15174,0.10978,0.21796,0.45759,0.78723,1.1499,1.4828,1.7285,1.8445,1.8106,1.6328,1.3418,0.98796
1.0615,1.316,1.512,1.6157,1.6092,1.4936,1.2888,1.0303,0.76283,0.53255,0.37932,0.32963,0.39208,0.55586,0.79266
0.76527,0.96123,1.1601,1.3275,1.4345,1.4626,1.4069,1.2771,1.0956,0.89379,0.70655,0.56627,0.49721,0.51131,0.60613
1.4795,1.2689,1.008,0.74196,0.51675,0.37131,0.3308,0.40222,0.57323,0.81425,1.0836,1.3347,1.5242,1.6193,1.6034
0.36066,0.36581,0.47684,0.67456,0.92476,1.1842,1.408,1.5575,1.6068,1.5474,1.3896,1.1606,0.90011,0.65309,0.46227
0.91686,1.1001,1.2623,1.3753,1.4197,1.3877,1.2849,1.1291,0.94712,0.77055,0.62986,0.5494,0.54307,0.61198,0.74419
0.93424,0.62645,0.37947,0.23601,0.22087,0.33667,0.56339,0.86182,1.1804,1.464,1.6635,1.7446,1.6932,1.5181,1.2496
1.3741,1.2084,1.0028,0.79299,0.61519,0.50015,0.46776,0.52362,0.65807,0.84787,1.0602,1.2583,1.408,1.4834,1.4714
1.6393,1.6657,1.5732,1.3778,1.1133,0.82547,0.564,0.37415,0.28873,0.32252,0.46967,0.70475,0.98709,1.2679,1.4986
1.5407,1.3103,1.0225,0.72703,0.47495,0.30989,0.26037,0.33497,0.52077,0.78566,1.0838,1.3637,1.577,1.6866,1.6738
0.78885,0.5288,0.34644,0.27331,0.32206,0.48425,0.73184,1.022,1.3046,1.5308,1.6613,1.6738,1.566,1.3565,1.0816
0.6262,0.70115,0.82399,0.97349,1.1238,1.2489,1.3272,1.3452,1.2996,1.1985,1.0593,0.90608,0.76529,0.66131,0.61211
0.55171,0.38433,0.31962,0.36878,0.5233,0.75647,1.028,1.2909,1.4997,1.6183,1.6263,1.5221,1.324,1.066,0.79283
1.0988,1.366,1.5661,1.6646,1.6443,1.5089,1.2817,1.0021,0.71824,0.47936,0.32672,0.28673,0.36628,0.55163,0.81074
1.1756,0.91285,0.66139,0.46471,0.3568,0.35632,0.46337,0.65943,0.91059,1.1734,1.4025,1.5582,1.6136,1.5591,1.4042
1.2306,1.2359,1.1967,1.1196,1.0182,0.90975,0.81316,0.74511,0.71735,0.73468,0.79411,0.88537,0.99266,1.0974,1.1816
1.2463,1.4001,1.4809,1.4748,1.3828,1.2209,1.0169,0.80631,0.62539,0.50547,0.46727,0.51741,0.64722,0.83424,1.0462
0.70495,0.93836,1.1787,1.3843,1.5197,1.5614,1.5023,1.3526,1.1381,0.89599,0.66806,0.49374,0.40318,0.41204,0.51878
1.2086,1.5412,1.7765,1.8737,1.8161,1.6136,1.3012,0.93295,0.57253,0.28224,0.11228,0.092038,0.22501,0.48821,0.83612
1.1866,1.1762,1.1315,1.0603,0.97494,0.89009,0.82046,0.7781,0.77033,0.7985,0.85772,0.93777,1.0248,1.1038,1.161
1.3963,1.0167,0.63038,0.3042,0.094556,0.037692,0.14344,0.39352,0.74468,1.1362,1.5004,1.7743,1.9105,1.8856,1.7037
1.0408,0.754,0.50599,0.33963,0.28366,0.34779,0.5209,0.77308,1.0607,1.3341,1.5459,1.6595,1.6554,1.5341,1.3167
0.69983,0.48361,0.3529,0.3303,0.41972,0.6057,0.85608,1.1276,1.3732,1.5506,1.6289,1.5948,1.454,1.2309,0.96417
0.88484,0.8084,0.76131,0.75172,0.78127,0.84487,0.93152,1.0262,1.1126,1.1758,1.2047,1.1945,1.1469,1.0701,0.97741
1.4368,1.5892,1.636,1.569,1.3998,1.1578,0.88464,0.62769,0.43134,0.32954,0.33989,0.4606,0.6708,0.93414,1.2051
1.7827,1.5285,1.1791,0.79501,0.44254,0.18269,0.060376,0.096756,0.28554,0.59408,0.96902,1.3456,1.6585,1.8539,1.8978
0.29794,0.22834,0.28839,0.4677,0.73528,1.0448,1.3429,1.5779,1.7091,1.714,1.5917,1.3632,1.0682,0.75761,0.48515
0.46549,0.6258,0.84703,1.0909,1.3153,1.4814,1.5605,1.5389,1.4203,1.2253,0.98752,0.74813,0.54852,0.4232,0.39383
0.23609,0.088719,0.09514,0.25424,0.53851,0.8988,1.2728,1.5959,1.8121,1.8842,1.7996,1.5729,1.2434,0.86809,0.51177
1.0038,0.90795,0.82429,0.76723,0.74664,0.76608,0.82218,0.90526,1.0009,1.0927,1.1646,1.2043,1.2049,1.1663,1.0951
0.61677,0.82056,1.0516,1.2699,1.4378,1.5262,1.5199,1.4198,1.2434,1.0212,0.79145,0.59402,0.46301,0.42108,0.47546
0.84484,0.99538,1.1429,1.262,1.332,1.3408,1.2869,1.1796,1.0375,0.8851,0.74881,0.65218,0.61191,0.63496,0.71735
1.5272,1.694,1.7371,1.6489,1.4448,1.1599,0.84367,0.55066,0.33157,0.22427,0.24733,0.39676,0.64671,0.95397,1.2654
1.1016,1.1846,1.2318,1.2352,1.1942,1.1158,1.0136,0.90523,0.80952,0.74297,0.71707,0.73633,0.79739,0.88971,0.99732
1.2252,1.1875,1.1136,1.0163,0.91241,0.81987,0.7547,0.72816,0.74485,0.80187,0.88938,0.99223,1.0927,1.1733,1.2202
1.1161,0.81315,0.53871,0.34026,0.2521,0.28948,0.44594,0.69442,0.99196,1.2871,1.5288,1.6754,1.7013,1.6022,1.3952
1.8705,1.7241,1.4487,1.092,0.71558,0.38455,0.15617,0.069914,0.1407,0.35629,0.6794,1.0542,1.4158,1.7017,1.8626
0.22619,0.21479,0.33538,0.56711,0.86991,1.1914,1.4761,1.6746,1.7527,1.6969,1.5168,1.2436,0.92445,0.6146,0.36761
1.5946,1.6099,1.5159,1.3289,1.0813,0.81582,0.57844,0.41017,0.34011,0.38038,0.524,0.74615,1.0084,1.2654,1.4728
0.78892,0.72872,0.71165,0.74067,0.81074,0.90976,1.0206,1.1241,1.2024,1.2419,1.2358,1.1851,1.0987,0.9914,0.88183
0.43183,0.55919,0.75899,0.99669,1.2312,1.4219,1.5359,1.5535,1.4716,1.3043,1.0807,0.83933,0.62196,0.46618,0.39893
1.3645,1.2833,1.1493,0.98565,0.82074,0.68305,0.59639,0.57573,0.62466,0.73471,0.88685,1.0548,1.2095,1.3241,1.379
0.39339,0.48497,0.66184,0.89339,1.1396,1.3579,1.5105,1.5711,1.5292,1.3919,1.1832,0.93894,0.7015,0.5119,0.40291
1.6524,1.6461,1.5243,1.308,1.0348,0.75173,0.50782,0.34524,0.2921,0.35758,0.53036,0.78056,1.0649,1.3343,1.5421
0.59297,0.39448,0.29692,0.31714,0.45166,0.67721,0.9548,1.2364,1.4734,1.6247,1.6643,1.5852,1.4011,1.1439,0.85806
0.34329,0.37022,0.50225,0.71658,0.97613,1.236,1.4513,1.5848,1.6134,1.5322,1.3551,1.1129,0.84736,0.60444,0.42614
0.9155,0.77194,0.66404,0.61045,0.62044,0.69228,0.81355,0.96328,1.1156,1.2441,1.3267,1.349,1.3071,1.2084,1.0699
1.3781,1.3877,1.3266,1.2051,1.0444,0.87229,0.71845,0.60951,0.56432,0.59068,0.68403,0.82824,0.99838,1.165,1.2993
0.65507,0.5014,0.43016,0.45368,0.56787,0.75301,0.97708,1.2013,1.387,1.502,1.5264,1.456,1.3029,1.0938,0.86461
0.48268,0.21941,0.08733,0.10928,0.28146,0.57411,0.93662,1.3063,1.6193,1.8214,1.8776,1.7784,1.5408,1.2059,0.83163
0.52263,0.80948,1.1255,1.416,1.6309,1.7328,1.7043,1.5502,1.2972,0.98904,0.67899,0.42066,0.25873,0.22119,0.31454
1.9026,1.7757,1.5109,1.154,0.76662,0.41585,0.16231,0.049832,0.09787,0.29812,0.61595,0.9964,1.3737,1.6826,1.8697
0.30244,0.52621,0.82812,1.156,1.4531,1.6681,1.7638,1.7236,1.5546,1.2859,0.96393,0.64447,0.3827,0.22389,0.1955
0.48652,0.40027,0.41394,0.52517,0.71472,0.94982,1.1898,1.3932,1.5248,1.5619,1.4981,1.3444,1.1273,0.88443,0.65778
0.1573,0.21603,0.40653,0.69587,1.034,1.3625,1.6245,1.7748,1.7873,1.6599,1.4146,1.0939,0.75312,0.45126,0.24051
0.94261,0.92191,0.91094,0.91158,0.92374,0.9453,0.97255,1.0008,1.0251,1.0413,1.0465,1.04,1.0227,0.9978,0.96945
0.37193,0.61652,0.92364,1.2402,1.5114,1.6904,1.7463,1.6693,1.4729,1.1909,0.87207,0.57162,0.34146,0.22139,0.23217
1.0985,1.1094,1.0976,1.0652,1.0178,0.96344,0.91166,0.87138,0.84956,0.84997,0.87255,0.91339,0.96542,1.0197,1.0667
0.46818,0.6684,0.92218,1.1856,1.4132,1.5656,1.6163,1.5568,1.3972,1.1651,0.9007,0.6497,0.45549,0.35165,0.35614
0.79368,0.92989,1.0745,1.2024,1.2915,1.3265,1.3012,1.2201,1.0971,0.95359,0.81431,0.70336,0.63992,0.63497,0.68935
0.99772,0.64463,0.34921,0.16254,0.11689,0.22016,0.4545,0.77938,1.1386,1.4701,1.7166,1.8353,1.8059,1.6333,1.3474
0.71824,0.63173,0.60512,0.64301,0.73885,0.87607,1.0309,1.1767,1.2881,1.3459,1.3401,1.2718,1.1526,1.0033,0.84969
1.0814,1.1077,1.1116,1.0925,1.0535,1.0015,0.94553,0.89516,0.85913,0.84368,0.85148,0.88119,0.92766,0.98286,1.0372
1.3732,1.0451,0.70543,0.41293,0.21817,0.15481,0.23381,0.44152,0.74201,1.0833,1.4065,1.6555,1.7875,1.7795,1.6329
0.66675,0.69968,0.78075,0.89595,1.0254,1.1466,1.2387,1.2858,1.2797,1.2214,1.1211,0.99603,0.86789,0.75882,0.68768
0.18071,0.29797,0.53285,0.84472,1.1797,1.4798,1.6931,1.7829,1.7335,1.5535,1.274,0.94334,0.61873,0.35626,0.20133
0.79238,0.68251,0.62377,0.6263,0.68967,0.80292,0.94647,1.0955,1.2242,1.3104,1.3391,1.3055,1.2152,1.0839,0.93436
1.6876,1.4129,1.063,0.69843,0.38222,0.16906,0.095793,0.1751,0.39325,0.71254,1.0778,1.4258,1.6963,1.8428,1.8397
0.46756,0.47826,0.57539,0.74216,0.94973,1.1622,1.3429,1.4605,1.4947,1.4396,1.3047,1.1133,0.89858,0.69761,0.54515
0.32157,0.14514,0.11275,0.22999,0.47659,0.80992,1.1723,1.5012,1.7396,1.8463,1.803,1.617,1.3205,0.96488,0.61153
1.7075,1.6088,1.4011,1.1203,0.81488,0.5377,0.33668,0.24658,0.28297,0.43956,0.68928,0.98895,1.2867,1.5312,1.68
0.84958,0.70631,0.61004,0.57742,0.61409,0.71371,0.85906,1.025,1.1828,1.3053,1.3712,1.3691,1.2994,1.1742,1.0151
1.4543,1.5649,1.574,1.48,1.2993,1.0631,0.81214,0.58991,0.43481,0.37366,0.41703,0.55743,0.77057,1.0196,1.2615
0.83841,1.1927,1.51,1.7353,1.8296,1.7768,1.5858,1.2898,0.93988,0.59659,0.31927,0.15588,0.13467,0.2593,0.50823
0.63092,0.43908,0.34045,0.35208,0.47197,0.67937,0.93844,1.2044,1.4312,1.5797,1.6241,1.5569,1.3896,1.1512,0.8828
0.31352,0.37555,0.54178,0.78345,1.0588,1.3202,1.5224,1.6306,1.6259,1.5092,1.3007,1.0364,0.76208,0.52508,0.36641
0.41166,0.59194,0.839,1.1101,1.3584,1.541,1.6262,1.5994,1.4651,1.2467,0.98182,0.71631,0.49607,0.35919,0.32933
0.75865,1.0422,1.3146,1.5289,1.6479,1.6512,1.538,1.3281,1.0576,0.77341,0.52461,0.35423,0.29174,0.34792,0.51308
1.3381,1.147,0.92668,0.71527,0.54931,0.45751,0.45572,0.54427,0.70784,0.91815,1.1388,1.3317,1.4635,1.5113,1.467
1.5546,1.6954,1.7122,1.602,1.384,1.0958,0.78723,0.5117,0.31683,0.2363,0.28405,0.45181,0.71058,1.0156,1.3142
0.38433,0.18247,0.11818,0.20259,0.4211,0.73593,1.0926,1.4296,1.6884,1.8245,1.8142,1.6593,1.3867,1.0434,0.68888
1.2368,1.4144,1.5166,1.5258,1.4402,1.2747,1.058,0.82741,0.62293,0.47987,0.42296,0.46205,0.59038,0.78576,1.0144
1.2303,0.92449,0.62798,0.39201,0.25739,0.2474,0.36376,0.58635,0.87669,1.1846,1.4568,1.6462,1.7201,1.6657,1.4925
0.7519,0.63323,0.5742,0.58502,0.66381,0.79696,0.96143,1.1288,1.2701,1.3609,1.3856,1.3398,1.2314,1.0793,0.90969
0.91407,0.52092,0.20682,0.026099,0.0099913,0.16129,0.45382,0.83702,1.2446,1.6061,1.8591,1.9597,1.8906,1.6637,1.3183
1.7933,1.7394,1.5539,1.2689,0.93353,0.60592,0.34266,0.18929,0.17231,0.29468,0.53522,0.85235,1.1912,1.4933,1.7062
1.1477,1.4595,1.688,1.7939,1.7587,1.5885,1.3128,0.97922,0.64547,0.36924,0.1983,0.16219,0.26718,0.4951,0.80654
0.39163,0.59655,0.86746,1.1575,1.4165,1.5998,1.6755,1.6307,1.473,1.2298,0.94305,0.66238,0.4363,0.30392,0.28812
1.2473,1.2954,1.2886,1.2281,1.1244,0.99541,0.86344,0.75131,0.6784,0.65732,0.69171,0.77563,0.89457,1.028,1.1527
0.77995,0.69846,0.66533,0.68629,0.75771,0.86725,0.99597,1.1216,1.2224,1.281,1.2872,1.24,1.1475,1.0257,0.89571
1.4274,1.4503,1.3915,1.2612,1.082,0.88489,0.70386,0.57025,0.50717,0.52553,0.62215,0.78033,0.97271,1.166,1.3269
0.58354,0.43391,0.37839,0.42657,0.57013,0.78423,1.0319,1.2702,1.4581,1.5629,1.5667,1.4687,1.2858,1.0498,0.8014
1.2735,0.89819,0.53674,0.25161,0.092112,0.085816,0.23381,0.51051,0.86807,1.2447,1.5752,1.8024,1.8872,1.8148,1.5977
1.6011,1.5536,1.4066,1.1855,0.92861,0.68026,0.48341,0.37211,0.3656,0.465,0.65313,0.89746,1.1557,1.3833,1.5408
0.92313,1.0586,1.1802,1.2669,1.3036,1.2841,1.2116,1.0988,0.96513,0.8337,0.72726,0.66419,0.65541,0.70244,0.79713
0.9833,0.92104,0.86864,0.83519,0.82645,0.84394,0.88464,0.9415,1.0047,1.0633,1.1072,1.1288,1.1243,1.0945,1.0447
1.145,0.81657,0.51607,0.29546,0.1929,0.22611,0.38936,0.65441,0.97544,1.2969,1.5633,1.7285,1.764,1.6635,1.4446
1.7792,1.788,1.6568,1.4082,1.0853,0.74386,0.44292,0.23453,0.15472,0.21729,0.41141,0.70353,1.0431,1.3715,1.6319
1.4026,1.6664,1.8112,1.8119,1.6685,1.4057,1.069,0.71655,0.40937,0.20053,0.12616,0.1991,0.40674,0.71319,1.0654
0.73929,1.0856,1.4132,1.6657,1.7993,1.7909,1.6419,1.3782,1.0453,0.70083,0.40428,0.20695,0.14297,0.2234,0.43433
1.1381,1.2112,1.244,1.2308,1.174,1.0833,0.97438,0.86615,0.77728,0.72315,0.71311,0.74889,0.82432,0.92635,1.0373
0.34583,0.47845,0.69747,0.96503,1.2349,1.4603,1.6024,1.6365,1.5568,1.3771,1.1283,0.85363,0.60047,0.41261,0.32254
0.72112,0.44673,0.26423,0.20518,0.27977,0.47513,0.75746,1.0779,1.3812,1.6147,1.7382,1.7303,1.5923,1.3481,1.0399
1.8117,1.5939,1.2697,0.89502,0.53474,0.25113,0.093233,0.088342,0.23731,0.51437,0.87162,1.2473,1.5764,1.8021,1.8853
0.57862,0.96323,1.3504,1.6732,1.8759,1.9233,1.8073,1.5479,1.19,0.79548,0.43254,0.16394,0.036128,0.071197,0.26309
1.4687,1.5404,1.515,1.3967,1.2061,0.97601,0.74632,0.55672,0.43998,0.4163,0.48976,0.64768,0.86273,1.0977,1.3121
0.43893,0.43395,0.52307,0.69087,0.90835,1.1379,1.3398,1.4792,1.532,1.4889,1.3576,1.1607,0.93216,0.71161,0.53714
1.1985,1.2862,1.3207,1.2959,1.2162,1.0953,0.95416,0.81716,0.70801,0.64556,0.64062,0.69404,0.79659,0.93053,1.0727
1.3288,1.537,1.6486,1.6442,1.5247,1.3107,1.0392,0.75707,0.51322,0.34975,0.29494,0.35826,0.52877,0.77698,1.06
0.015695,0.12272,0.37766,0.73643,1.137,1.5101,1.7912,1.9317,1.9074,1.7224,1.4087,1.0205,0.62504,0.29062,0.075085
0.42487,0.47007,0.60312,0.80102,1.0295,1.2492,1.422,1.518,1.5207,1.4296,1.2604,1.0424,0.81333,0.61274,0.47533
0.44239,0.29971,0.27434,0.37067,0.57203,0.84361,1.1385,1.4056,1.5988,1.6847,1.6484,1.4963,1.2545,0.96497,0.6777
0.22797,0.3676,0.61281,0.92119,1.2394,1.5125,1.6931,1.7502,1.6737,1.477,1.194,0.87371,0.57147,0.33955,0.21804
0.24685,0.34092,0.54518,0.8243,1.13,1.4095,1.6144,1.7092,1.6777,1.5252,1.2781,0.97916,0.68003,0.43245,0.27922
1.718,1.7119,1.5788,1.3419,1.0421,0.73129,0.46312,0.284,0.2249,0.29605,0.48514,0.75948,1.0716,1.3676,1.5962
1.2173,1.0399,0.85188,0.68565,0.57,0.52491,0.5582,0.6641,0.8243,1.0111,1.1922,1.3363,1.4185,1.4245,1.3533
0.9879,1.1481,1.2789,1.3577,1.3709,1.3162,1.203,1.0509,0.88629,0.73752,0.63037,0.58335,0.60459,0.69043,0.82601
1.2045,0.94882,0.69822,0.49602,0.37718,0.36226,0.45382,0.63605,0.87744,1.1362,1.3677,1.5318,1.6002,1.561,1.421
1.0546,1.0109,0.96152,0.91504,0.87948,0.86098,0.86273,0.88444,0.92236,0.96992,1.0189,1.0608,1.0885,1.097,1.085
1.1142,1.0275,0.93218,0.84483,0.78053,0.7504,0.75965,0.80668,0.88336,0.97643,1.0698,1.1473,1.1956,1.2063,1.1775
0.23276,0.40857,0.68287,1.0082,1.3284,1.588,1.7421,1.7642,1.6503,1.4202,1.1137,0.78376,0.48741,0.27591,0.18584
0.47774,0.28174,0.20615,0.26405,0.44543,0.71892,1.0372,1.3453,1.5899,1.7288,1.7378,1.6155,1.383,1.0805,0.76026
0.12067,0.12567,0.27807,0.55152,0.89874,1.2597,1.572,1.7815,1.8522,1.7718,1.5541,1.2368,0.87483,0.5307,0.26394
0.95844,1.0794,1.1829,1.251,1.2719,1.242,1.1665,1.0584,0.93645,0.82171,0.73402,0.68854,0.69313,0.74701,0.84086
0.3795,0.34712,0.42384,0.59641,0.83498,1.0983,1.3409,1.5207,1.6067,1.5841,1.4566,1.2465,0.9899,0.73131,0.5154
0.23595,0.14066,0.19019,0.37596,0.66585,1.0097,1.3482,1.6226,1.7856,1.809,1.6887,1.4456,1.1216,0.77285,0.45957
0.58602,0.96781,1.3514,1.6704,1.8697,1.9149,1.7981,1.5395,1.1839,0.79265,0.4335,0.16852,0.043537,0.080155,0.27204
1.158,1.2986,1.3839,1.399,1.3413,1.2209,1.0584,0.88211,0.7224,0.60691,0.55561,0.57737,0.66842,0.81304,0.9862
0.15999,0.36017,0.66719,1.028,1.3802,1.6628,1.8271,1.8446,1.7123,1.453,1.1116,0.74717,0.42266,0.1942,0.10129
0.63248,0.93239,1.2402,1.5027,1.6745,1.7259,1.648,1.4543,1.1782,0.86758,0.57605,0.35404,0.23995,0.2535,0.39235
1.7838,1.5824,1.2765,0.91904,0.57177,0.29477,0.13593,0.12272,0.25742,0.51674,0.85584,1.2161,1.5352,1.758,1.8459
1.5347,1.1715,0.77477,0.41325,0.1494,0.028855,0.072447,0.27264,0.59483,0.98329,1.3709,1.6905,1.887,1.9264,1.8017
0.51687,0.29464,0.19059,0.22272,0.38547,0.6507,0.97255,1.2954,1.5633,1.7301,1.7669,1.6673,1.4485,1.1484,0.81886
1.1674,1.128,1.0626,0.98271,0.90199,0.83444,0.79174,0.78127,0.80484,0.85838,0.93262,1.0147,1.0905,1.1469,1.1741
0.17458,0.075792,0.13303,0.3364,0.65073,1.0217,1.3851,1.6781,1.8502,1.8714,1.7382,1.4736,1.1233,0.74788,0.41231
0.84935,0.87137,0.91185,0.9638,1.0182,1.0657,1.0981,1.1097,1.0986,1.0666,1.0194,0.96499,0.91289,0.87207,0.8496
1.7155,1.5273,1.2442,0.915,0.59676,0.34446,0.20173,0.19325,0.32049,0.56144,0.87445,1.2054,1.497,1.699,1.7762
1.2384,1.2719,1.2546,1.1895,1.0879,0.96727,0.84852,0.75219,0.69493,0.68664,0.72875,0.81399,0.92761,1.05,1.1599
0.81211,1.0399,1.257,1.4258,1.5173,1.5156,1.4209,1.2496,1.0315,0.80408,0.60678,0.47369,0.42783,0.47713,0.61305
1.0661,0.94754,0.83424,0.74581,0.69756,0.69782,0.74656,0.83534,0.94881,1.0674,1.1705,1.2403,1.2649,1.2398,1.1695
1.6246,1.4446,1.184,0.88773,0.60711,0.39065,0.27577,0.28234,0.40922,0.63447,0.91915,1.214,1.4681,1.6375,1.6929
0.66213,0.62578,0.65036,0.73162,0.8555,1.0006,1.1418,1.2547,1.3198,1.3258,1.2717,1.1669,1.0294,0.88302,0.75312
0.070765,0.011631,0.11962,0.37605,0.73659,1.1389,1.5134,1.7954,1.936,1.9111,1.7248,1.4094,1.0195,0.62236,0.28679
0.46388,0.26132,0.18271,0.24164,0.42791,0.70933,1.0372,1.3549,1.6074,1.7512,1.7612,1.6359,1.3968,1.0854,0.75536
0.63997,0.99107,1.3399,1.6262,1.8005,1.8325,1.7169,1.4735,1.1444,0.78661,0.46193,0.2265,0.12105,0.16379,0.34734
1.5551,1.2168,0.83731,0.48213,0.21272,0.075661,0.094647,0.2664,0.56122,0.92813,1.3037,1.623,1.8307,1.8911,1.7936
0.85046,0.8958,0.95537,1.0189,1.0754,1.115,1.131,1.1206,1.0855,1.0319,0.96896,0.90763,0.8585,0.83005,0.82721
1.7458,1.8307,1.7682,1.5691,1.2678,0.91638,0.57566,0.30455,0.1499,0.13846,0.27222,0.52803,0.86168,1.2155,1.5282
0.77541,0.54511,0.38969,0.33602,0.39338,0.55185,0.78403,1.0498,1.3031,1.5003,1.6072,1.6053,1.495,1.2953,1.0408
0.92594,1.0112,1.0908,1.1509,1.1811,1.1763,1.1371,1.0705,0.98792,0.90363,0.83223,0.78607,0.77311,0.79561,0.84967
0.33717,0.23301,0.25769,0.40695,0.65497,0.95887,1.2661,1.5235,1.6867,1.7273,1.6384,1.4353,1.1532,0.84081,0.55216
0.40536,0.24315,0.20803,0.30606,0.52031,0.81372,1.1356,1.4302,1.6466,1.7475,1.7154,1.5557,1.2962,0.98173,0.66662
0.54543,0.25064,0.08164,0.067658,0.21111,0.48719,0.84816,1.2316,1.5712,1.8083,1.9018,1.8357,1.6212,1.2956,0.91504
0.83265,0.91277,1.0042,1.0911,1.1585,1.1947,1.1935,1.155,1.0859,0.99826,0.9071,0.82822,0.77527,0.7574,0.7777
1.8161,1.6957,1.4513,1.125,0.77331,0.45705,0.2309,0.13396,0.18298,0.36949,0.66125,1.0078,1.3492,1.6265,1.7916
0.82327,0.62386,0.48571,0.43271,0.47401,0.60249,0.79593,1.0209,1.2384,1.411,1.5087,1.5147,1.4279,1.2633,1.0495
0.63496,0.57938,0.59275,0.67276,0.80557,0.96822,1.1326,1.2703,1.3574,1.379,1.3313,1.2225,1.0714,0.90427,0.74988
1.8346,1.8582,1.7296,1.471,1.1272,0.75769,0.42626,0.19025,0.090477,0.14419,0.3421,0.64999,1.0146,1.3729,1.663
0.52064,0.47062,0.50837,0.62734,0.80697,1.0162,1.2188,1.3799,1.4714,1.4777,1.3976,1.245,1.0462,0.83566,0.64976
0.91111,1.1419,1.3443,1.4834,1.5352,1.4906,1.3575,1.1587,0.92873,0.7073,0.5327,0.43512,0.43144,0.52229,0.69196
0.76646,0.5855,0.47244,0.44682,0.51307,0.65973,0.86146,1.0834,1.2871,1.4374,1.5083,1.4875,1.3786,1.2006,0.98402
1.3189,1.6146,1.8002,1.8437,1.7375,1.5001,1.1723,0.81103,0.47863,0.2326,0.11547,0.14752,0.32318,0.6121,0.96431
0.73024,0.53357,0.41376,0.39154,0.47075,0.6377,0.86351,1.1091,1.3321,1.4939,1.5665,1.5374,1.4115,1.2108,0.96979
1.1137,0.95403,0.79851,0.67404,0.60216,0.59529,0.65462,0.76989,0.92117,1.0823,1.2254,1.3258,1.366,1.3392,1.25
1.4545,1.3951,1.2636,1.0828,0.88384,0.70121,0.56646,0.5029,0.52152,0.61909,0.77874,0.97288,1.1679,1.3302,1.4315
