0.00042223,0.0010171,0.0026471,0.006912,0.018065,0.047205,0.12335,0.32232,0.84228,0.41099
0.0010001,0.0024112,0.0063029,0.016461,0.04302,0.11239,0.29369,0.76745,0.34408,0.43771
0.00035678,0.00081051,0.0021397,0.0055864,0.014598,0.03804,0.099467,0.2596,0.63359,0.72083
0.00030324,0.00068921,0.0018154,0.0047402,0.012385,0.031834,0.083389,0.21071,0.5534,0.80077
0.0023353,0.0056293,0.0147,0.0282,0.013686,0.014578,0.085044,0.20951,0.5534,0.80077
0.00020366,0.000489,0.001272,0.0033014,0.0083337,0.021868,0.055579,0.14441,0.34921,0.92396
0.0065005,0.013448,0.0362,0.016098,0.020228,0.01933,0.076398,0.21968,0.54423,0.80455
0.0014217,0.0028925,0.0079085,0.020314,0.052979,0.07704,0.23191,0.1042,0.63792,0.72062
0.011677,0.026696,0.070459,0.18363,0.21201,0.1203,0.13026,0.14093,0.43485,0.82176
0.00079153,0.0019029,0.0049739,0.01299,0.033942,0.088457,0.22941,0.60123,0.55117,0.52402
0.0054772,0.013213,0.034543,0.09018,0.23565,0.61581,0.27609,0.29883,0.32346,0.53441
0.014575,0.03328,0.087795,0.039335,0.052761,0.048771,0.051874,0.05843,0.35524,0.92306
0.0075745,0.018197,0.047658,0.027458,0.024194,0.026624,0.031002,0.12791,0.35803,0.92187
0.00056929,0.0013883,0.0034,0.0089737,0.023373,0.05578,0.14789,0.38635,0.61238,0.67094
0.0083731,0.0178,0.047502,0.091641,0.043494,0.10322,0.063578,0.071802,0.43875,0.88112
0.0016688,0.0039819,0.010449,0.027459,0.067749,0.083129,0.26829,0.2099,0.57803,0.73351
0.0035098,0.0084764,0.022131,0.05754,0.14444,0.10997,0.079494,0.086283,0.52274,0.82244
0.0027822,0.0067175,0.017542,0.0083815,0.010385,0.04683,0.021645,0.13616,0.3547,0.92368
0.0029111,0.007037,0.018373,0.048237,0.12538,0.32749,0.70317,0.32957,0.35355,0.38269
0.0074,0.017862,0.04666,0.023757,0.052122,0.031939,0.035622,0.17382,0.43126,0.88095
0.0040785,0.0098184,0.025633,0.067182,0.17485,0.45631,0.61488,0.32665,0.35376,0.38275
0.021564,0.052111,0.13694,0.10558,0.13617,0.093701,0.11026,0.11603,0.38116,0.87712
0.0040183,0.0097013,0.025339,0.012887,0.064042,0.031368,0.033472,0.15589,0.42702,0.88679
0.00036854,0.00089693,0.0023381,0.0060409,0.015781,0.041238,0.10777,0.27814,0.72806,0.61564
0.008345,0.020039,0.052083,0.023426,0.061722,0.035917,0.22038,0.099219,0.60345,0.75453
0.0023669,0.0057211,0.014924,0.039012,0.10189,0.26627,0.69578,0.31196,0.33766,0.47065
0.018118,0.043726,0.11516,0.28542,0.13093,0.13994,0.17122,0.16639,0.35161,0.82928
0.0025037,0.0060385,0.015782,0.040356,0.021905,0.020683,0.021995,0.13812,0.35226,0.92426
0.011472,0.027651,0.072561,0.18232,0.429,0.19598,0.21188,0.22943,0.26576,0.75548
0.0045927,0.011079,0.026591,0.070333,0.1841,0.1596,0.2822,0.15734,0.64883,0.64034
0.0096661,0.021494,0.047502,0.12722,0.057036,0.075945,0.069285,0.087395,0.41225,0.88875
0.0018853,0.0046113,0.01104,0.029407,0.076211,0.19106,0.50242,0.22556,0.2507,0.76861
0.004223,0.010204,0.026685,0.070042,0.18167,0.081449,0.095184,0.11232,0.28504,0.92306
0.0042444,0.010339,0.026789,0.070334,0.1128,0.32783,0.16047,0.16137,0.44297,0.79161
0.011858,0.028413,0.074664,0.19616,0.34357,0.17058,0.18115,0.19785,0.21343,0.83181
0.013857,0.033341,0.087544,0.22407,0.10358,0.12881,0.12192,0.14872,0.15252,0.92392
0.0028751,0.0069337,0.018101,0.047252,0.12333,0.057863,0.17459,0.24508,0.58209,0.74129
0.0065234,0.015819,0.041366,0.083217,0.067728,0.04914,0.053366,0.05935,0.35903,0.92137
0.00059287,0.0014284,0.0037573,0.0097431,0.025435,0.062598,0.1651,0.18933,0.47591,0.8401
0.011112,0.027269,0.070262,0.18257,0.47705,0.51257,0.30186,0.32896,0.35361,0.3829
0.0033527,0.0080972,0.021183,0.055062,0.024631,0.050865,0.042126,0.22229,0.57374,0.78303
0.033648,0.081226,0.19113,0.23358,0.13465,0.14253,0.15404,0.16664,0.18101,0.88307
0.0052591,0.012677,0.033239,0.086526,0.041944,0.046543,0.046641,0.1324,0.42828,0.88818
0.00097307,0.0022717,0.0059122,0.015415,0.040272,0.10517,0.27704,0.70948,0.50285,0.39703
0.037248,0.089756,0.23637,0.45634,0.21537,0.23319,0.25229,0.27307,0.29675,0.63539
0.0096316,0.023139,0.0608,0.1561,0.39974,0.40576,0.24652,0.26916,0.29628,0.65289
0.013768,0.033098,0.08695,0.22606,0.59037,0.26469,0.28693,0.31332,0.34749,0.47175
0.010208,0.024708,0.053188,0.143,0.37361,0.52296,0.40835,0.32298,0.36781,0.3969
0.015098,0.036718,0.095308,0.050261,0.086291,0.059372,0.06812,0.075187,0.44737,0.87503
0.046314,0.11149,0.26201,0.52046,0.26169,0.27018,0.29153,0.31522,0.357,0.44054
0.0067433,0.016279,0.039711,0.10421,0.07084,0.30756,0.14904,0.15591,0.54156,0.74024
0.016962,0.040745,0.10692,0.27824,0.48286,0.23566,0.25458,0.2781,0.30449,0.6231
0.013697,0.032953,0.08655,0.17682,0.085484,0.089996,0.1329,0.11227,0.65232,0.70208
0.0097467,0.023799,0.061462,0.16057,0.13195,0.10587,0.11664,0.11146,0.61013,0.73693
0.0034709,0.0083842,0.021836,0.057034,0.14097,0.37145,0.35567,0.583,0.33596,0.50904
0.0057095,0.01377,0.035984,0.017184,0.021294,0.020104,0.022487,0.13603,0.35411,0.92395
0.010485,0.025218,0.064879,0.1697,0.43198,0.19853,0.26908,0.24128,0.28533,0.72701
0.00046418,0.0011282,0.0029148,0.007615,0.019244,0.04966,0.13003,0.33559,0.84919,0.38268
0.015912,0.038346,0.089705,0.04122,0.25097,0.11312,0.12272,0.15352,0.14798,0.9234
0.0059977,0.014478,0.037942,0.097258,0.25454,0.11725,0.14845,0.16042,0.16096,0.91496
0.00083645,0.002021,0.0053253,0.010378,0.028513,0.071837,0.17526,0.079479,0.50141,0.83992
0.00095269,0.0023192,0.0059846,0.012726,0.033308,0.087113,0.22777,0.58806,0.66876,0.38268
0.030018,0.073037,0.18844,0.085,0.22314,0.13502,0.31908,0.19424,0.42053,0.75354
0.017959,0.044333,0.11325,0.055937,0.09358,0.076814,0.077381,0.081574,0.31812,0.92435
0.0048951,0.011748,0.030812,0.080185,0.20868,0.53117,0.5245,0.33263,0.36762,0.38273
0.034696,0.079521,0.20911,0.093688,0.12183,0.11545,0.1228,0.13838,0.16086,0.92307
0.0022003,0.0052954,0.013846,0.036304,0.090599,0.1368,0.40713,0.58046,0.42398,0.54058
0.0021753,0.0052485,0.013712,0.035802,0.093561,0.24451,0.63232,0.49816,0.37246,0.38271
0.018444,0.044519,0.11775,0.090702,0.11988,0.08122,0.099587,0.12886,0.3496,0.89795
0.013642,0.032709,0.085781,0.15674,0.2921,0.14214,0.15396,0.16819,0.18099,0.88183
0.024279,0.057867,0.15207,0.29269,0.25518,0.17425,0.20837,0.20746,0.25415,0.80128
0.029606,0.071577,0.18626,0.091113,0.1719,0.12014,0.14686,0.14004,0.15875,0.91702
0.00069997,0.0017054,0.0044408,0.010635,0.02696,0.062975,0.16777,0.075209,0.42767,0.88232
0.0057393,0.01381,0.036096,0.0928,0.24298,0.36615,0.19599,0.2035,0.6305,0.56612
0.0015294,0.0036744,0.0096186,0.0212,0.056477,0.025852,0.030103,0.12965,0.35803,0.92191
0.0021434,0.0051816,0.013603,0.032113,0.084405,0.03792,0.043512,0.25782,0.61277,0.74058
0.00040783,0.00097738,0.0025625,0.0066604,0.017405,0.04449,0.11308,0.29327,0.76752,0.5567
0.0039749,0.0095808,0.024894,0.06457,0.1678,0.077316,0.47691,0.54141,0.34441,0.5677
0.0011808,0.0028496,0.0074529,0.0033437,0.0081006,0.026883,0.070969,0.18327,0.47905,0.85546
0.0066765,0.015237,0.040233,0.10436,0.27257,0.63033,0.30954,0.31369,0.35609,0.44919
0.0027515,0.0066526,0.017509,0.045509,0.11825,0.30893,0.30718,0.64915,0.33581,0.5096
0.0038116,0.008701,0.022904,0.058725,0.14601,0.33769,0.54858,0.48092,0.35726,0.44919
0.0020181,0.0048422,0.012644,0.033019,0.086186,0.14413,0.40941,0.18395,0.59679,0.64262
0.0020615,0.0049719,0.012996,0.033759,0.088191,0.040335,0.088044,0.056345,0.3541,0.92395
0.0018684,0.0045129,0.011762,0.030718,0.079305,0.070969,0.26852,0.70166,0.46245,0.45789
0.0011863,0.00289,0.0074558,0.019482,0.04923,0.022262,0.13024,0.33099,0.841,0.40357
0.0060976,0.01471,0.038464,0.10042,0.2624,0.67093,0.30178,0.32664,0.35356,0.38268
0.0004805,0.0011586,0.0030298,0.0058254,0.0099517,0.028916,0.075597,0.19531,0.51114,0.83347
0.001776,0.0042783,0.011165,0.029167,0.071958,0.18967,0.48566,0.56962,0.32146,0.54264
0.0090085,0.021676,0.056906,0.14311,0.33699,0.15401,0.18111,0.18238,0.62296,0.6204
0.0040109,0.0096332,0.025176,0.065148,0.10563,0.053801,0.057132,0.082946,0.40536,0.89823
0.069499,0.16786,0.44154,0.22953,0.25668,0.2428,0.42393,0.31642,0.3419,0.44981
0.026861,0.065214,0.16927,0.31199,0.32096,0.19986,0.21645,0.23403,0.25333,0.74956
0.0018114,0.0043599,0.011383,0.029727,0.077673,0.2029,0.26424,0.14382,0.66982,0.64234
0.00078054,0.0018757,0.0049265,0.012796,0.033405,0.086709,0.047962,0.25324,0.66044,0.702
0.010501,0.023976,0.04892,0.13201,0.32933,0.49592,0.25672,0.49158,0.34194,0.44916
0.0046515,0.011249,0.029365,0.076598,0.19947,0.49118,0.49854,0.31748,0.33032,0.50492
0.0015259,0.003576,0.0093793,0.024485,0.063978,0.16719,0.43153,0.71164,0.35272,0.38852
0.0018448,0.0044547,0.011654,0.030373,0.079159,0.20675,0.54033,0.62125,0.35342,0.38358
0.0026266,0.0055749,0.014977,0.0076255,0.0091953,0.046274,0.12173,0.31544,0.82489,0.4519
0.005437,0.013045,0.034241,0.065656,0.12566,0.061366,0.070213,0.072003,0.45273,0.87204
0.0043238,0.010428,0.027221,0.071118,0.037305,0.2063,0.54026,0.62253,0.35345,0.38394
0.0057757,0.013972,0.036468,0.028538,0.11753,0.30701,0.17099,0.15642,0.16781,0.89874
0.00074952,0.0017867,0.0042172,0.011228,0.029325,0.073538,0.17236,0.45834,0.23124,0.83691
0.0004791,0.001158,0.0027533,0.007274,0.016577,0.043993,0.097271,0.25746,0.51492,0.81048
0.012428,0.028871,0.07681,0.16722,0.14572,0.09784,0.12016,0.15101,0.32994,0.88813
0.00040066,0.00098076,0.0025348,0.0065989,0.016635,0.042065,0.11031,0.085114,0.35352,0.92388
0.0036967,0.008923,0.02331,0.011952,0.023517,0.087945,0.11726,0.27027,0.67212,0.67321
0.01168,0.028137,0.073385,0.14155,0.38111,0.57458,0.29807,0.31825,0.34526,0.43563
0.0061414,0.014769,0.032905,0.087958,0.2297,0.56332,0.25545,0.27663,0.30889,0.62006
0.0021032,0.005084,0.013305,0.034753,0.090542,0.2366,0.50803,0.23811,0.68578,0.38656
0.013144,0.031293,0.081985,0.21404,0.5593,0.25963,0.43497,0.32665,0.35356,0.38268
0.029318,0.070694,0.18182,0.46992,0.38185,0.26369,0.37998,0.32933,0.3552,0.38276
0.0058587,0.014165,0.037324,0.085771,0.20654,0.093972,0.10308,0.29251,0.52602,0.75333
0.0145,0.034448,0.090533,0.18552,0.50563,0.24052,0.24763,0.27802,0.29189,0.64743
0.0033582,0.0080576,0.021032,0.040427,0.077608,0.037911,0.23666,0.10627,0.66742,0.69113
0.030985,0.074681,0.19601,0.37966,0.1794,0.19448,0.22101,0.22941,0.26576,0.7555
0.0013038,0.0031581,0.0082285,0.021536,0.056167,0.14674,0.38344,0.47961,0.26864,0.7253
0.012751,0.030796,0.08046,0.20994,0.54835,0.24585,0.26634,0.28802,0.31187,0.57998
0.011364,0.027448,0.07164,0.18827,0.48873,0.22415,0.24073,0.25782,0.40496,0.61829
0.0037729,0.0091038,0.023975,0.054952,0.13214,0.060175,0.31816,0.1475,0.51286,0.76832
0.0048883,0.011907,0.030805,0.0573,0.15376,0.069176,0.14876,0.56501,0.25333,0.74956
0.0020529,0.004732,0.010833,0.028885,0.075451,0.081077,0.28027,0.7092,0.50359,0.39404
0.0048124,0.011558,0.030209,0.078924,0.12765,0.21488,0.10942,0.12382,0.75959,0.58151
0.00070387,0.0017122,0.004185,0.011029,0.028734,0.0686,0.18181,0.47498,0.75142,0.41545
0.015183,0.036491,0.095252,0.2488,0.20175,0.1425,0.15144,0.16463,0.53401,0.72943
0.0014705,0.0035412,0.0092923,0.020525,0.054675,0.13216,0.34957,0.76357,0.35686,0.38269
0.012684,0.030949,0.080099,0.20824,0.54408,0.24409,0.39341,0.31348,0.34727,0.46996
0.0051713,0.012454,0.032638,0.085083,0.22181,0.57964,0.41259,0.35512,0.34419,0.4377
0.0061672,0.014802,0.03882,0.10102,0.26292,0.3979,0.44456,0.27416,0.58512,0.38273
0.022968,0.052626,0.1382,0.061923,0.080646,0.23702,0.12347,0.13427,0.16086,0.92307
0.0014076,0.0033011,0.0086572,0.022603,0.059062,0.15434,0.39836,0.65696,0.33142,0.52229
0.004505,0.010868,0.0284,0.072186,0.18928,0.087974,0.53836,0.42064,0.4147,0.55828
0.0010169,0.0024519,0.0064156,0.016623,0.043032,0.10855,0.055614,0.3152,0.81389,0.47045
0.008311,0.020013,0.052378,0.030189,0.066899,0.039107,0.093232,0.056752,0.35803,0.9224
0.0068276,0.016504,0.043092,0.11314,0.057892,0.32522,0.70197,0.32732,0.35114,0.39756
0.033375,0.08076,0.21163,0.1085,0.60906,0.29871,0.29974,0.33945,0.35413,0.38273
0.0049138,0.0095643,0.025929,0.055534,0.14935,0.079073,0.28722,0.48163,0.67698,0.44144
0.010424,0.02511,0.065494,0.12729,0.34957,0.52497,0.27233,0.29077,0.48278,0.43564
0.026853,0.064814,0.1692,0.083048,0.084165,0.10063,0.099936,0.10824,0.28234,0.91728
0.0025822,0.0062032,0.016208,0.042335,0.11057,0.2689,0.44846,0.22344,0.48813,0.65171
0.0049452,0.011624,0.027601,0.054033,0.14954,0.067306,0.082223,0.083288,0.50872,0.8348
0.006917,0.016689,0.043992,0.10055,0.18535,0.090578,0.10421,0.10627,0.66742,0.69123
0.005369,0.012878,0.033814,0.086697,0.227,0.34207,0.17421,0.18868,0.58481,0.64489
0.0018558,0.0044784,0.011701,0.03055,0.079495,0.20785,0.53692,0.42199,0.31667,0.6189
0.0064491,0.015518,0.040517,0.031738,0.13067,0.19683,0.10533,0.10937,0.33885,0.89652
0.044508,0.10747,0.27945,0.12605,0.3309,0.20023,0.21293,0.25186,0.25334,0.75565
0.0078676,0.018904,0.049622,0.09879,0.27111,0.12154,0.13427,0.14939,0.83967,0.39384
0.012646,0.030497,0.079823,0.20541,0.53757,0.25676,0.26346,0.28809,0.47195,0.47128
0.0043031,0.01038,0.027107,0.071169,0.060168,0.040326,0.20921,0.12886,0.3496,0.89795
0.01261,0.030252,0.064546,0.12916,0.23709,0.11632,0.12583,0.13655,0.85298,0.38565
0.006423,0.015447,0.040592,0.10081,0.23789,0.10871,0.12776,0.12872,0.43966,0.83284
0.063458,0.15448,0.40016,0.19941,0.23748,0.23023,0.25456,0.31233,0.29556,0.64445
0.0073517,0.017744,0.046268,0.095337,0.24428,0.11222,0.69861,0.31345,0.34141,0.46221
0.006529,0.015342,0.036827,0.071338,0.1608,0.074727,0.08166,0.090666,0.55267,0.80121
0.026074,0.063443,0.16372,0.073857,0.079573,0.086067,0.10276,0.44287,0.42053,0.7531
0.0027014,0.0065266,0.017116,0.044471,0.1083,0.26195,0.57038,0.26754,0.29045,0.66052
0.0099444,0.023959,0.062784,0.16291,0.074121,0.079879,0.08705,0.093128,0.29543,0.92471
0.0048276,0.0099823,0.026732,0.06983,0.17181,0.44955,0.20178,0.56939,0.32146,0.54264
0.041367,0.091986,0.20329,0.54447,0.24412,0.32478,0.30977,0.33797,0.35205,0.39217
0.019875,0.047906,0.12571,0.3301,0.57237,0.27835,0.30134,0.32903,0.35454,0.38269
0.0024572,0.0059282,0.015488,0.040439,0.10568,0.27617,0.72252,0.32509,0.37246,0.38272
0.0012899,0.0031048,0.0080982,0.020435,0.05336,0.13845,0.36222,0.41115,0.58841,0.58248
0.010785,0.025978,0.06861,0.17445,0.14308,0.32973,0.16962,0.18199,0.36291,0.80156
0.0086129,0.018876,0.049885,0.1283,0.33576,0.16552,0.37166,0.25422,0.47229,0.64416
0.001124,0.0027163,0.0064651,0.017078,0.039572,0.018086,0.096444,0.25527,0.5162,0.81048
0.0011197,0.0026947,0.0070587,0.018369,0.04642,0.11991,0.05386,0.33559,0.84922,0.38273
0.0058285,0.014088,0.036776,0.095952,0.24991,0.46342,0.49896,0.31568,0.33033,0.50501
0.0013493,0.0031623,0.0082943,0.021653,0.056577,0.14784,0.38161,0.62903,0.31186,0.57989
0.0023486,0.0056476,0.014787,0.038527,0.10076,0.080096,0.31439,0.48631,0.68358,0.42323
0.020722,0.050554,0.11033,0.29764,0.57674,0.27343,0.2961,0.32055,0.34968,0.42104
0.017238,0.041481,0.10889,0.27386,0.22242,0.15395,0.18111,0.18247,0.62296,0.6204
0.022415,0.054341,0.14221,0.36949,0.26731,0.48584,0.2839,0.30988,0.37037,0.4714
0.0030693,0.007412,0.019333,0.050438,0.1318,0.34438,0.15946,0.29189,0.57831,0.64561
0.010494,0.025306,0.06603,0.17028,0.13837,0.53952,0.32232,0.28018,0.30223,0.61814
0.00088803,0.0021612,0.0055686,0.014626,0.038094,0.099386,0.045126,0.2781,0.72806,0.61564
0.015043,0.036264,0.095151,0.24799,0.44835,0.21603,0.24998,0.25627,0.27763,0.69015
0.037827,0.092787,0.20007,0.10745,0.59837,0.28687,0.31285,0.32244,0.37499,0.39711
0.025292,0.061057,0.16023,0.40332,0.1846,0.19734,0.24159,0.23466,0.496,0.61531
0.021265,0.051022,0.12006,0.23531,0.44978,0.21971,0.23727,0.25521,0.28107,0.69122
0.0016794,0.0040497,0.010657,0.027711,0.072149,0.18817,0.084388,0.23364,0.58752,0.74291
0.0023858,0.0054329,0.014345,0.037533,0.092971,0.24401,0.63771,0.45317,0.342,0.4487
0.0037482,0.0090405,0.02365,0.061965,0.16157,0.41633,0.18898,0.34468,0.70449,0.38285
0.0036816,0.009069,0.023308,0.060544,0.15808,0.16048,0.56736,0.25391,0.27483,0.69589
0.014445,0.034852,0.091608,0.23809,0.62186,0.27882,0.30178,0.32681,0.35356,0.38268
0.0076525,0.018378,0.04798,0.12531,0.063419,0.36121,0.19932,0.18799,0.4834,0.73458
0.0017865,0.0043305,0.011325,0.022777,0.01866,0.013191,0.078564,0.1297,0.3739,0.91441
0.017024,0.040463,0.10597,0.2724,0.22307,0.15387,0.18762,0.18342,0.22442,0.84962
0.0022798,0.0055003,0.012236,0.032919,0.082799,0.19321,0.19473,0.12253,0.63706,0.7057
0.0093948,0.021448,0.055921,0.14575,0.37977,0.18805,0.20183,0.20473,0.71559,0.44942
0.011582,0.027794,0.072724,0.18994,0.343,0.16934,0.21152,0.29563,0.5573,0.60887
0.001105,0.0026589,0.0069637,0.018187,0.047056,0.12291,0.32125,0.43445,0.64115,0.52887
0.07233,0.17502,0.45717,0.23496,0.35646,0.29559,0.30256,0.3369,0.35147,0.39902
0.0014031,0.0033615,0.0087755,0.022574,0.056696,0.14622,0.06714,0.07285,0.33386,0.92388
0.012149,0.029345,0.076982,0.15938,0.42123,0.20104,0.2352,0.22859,0.50199,0.62792
0.0057111,0.013826,0.036397,0.094598,0.23707,0.11035,0.25784,0.54074,0.54772,0.51229
0.002409,0.0058144,0.015268,0.030538,0.083678,0.086358,0.30216,0.13545,0.68169,0.64035
0.0013836,0.00333,0.0087068,0.022831,0.056972,0.086007,0.25598,0.67134,0.42854,0.54058
0.0010463,0.0025173,0.0065929,0.017164,0.044853,0.11721,0.30625,0.50544,0.69669,0.38747
0.02271,0.054202,0.13175,0.25645,0.12343,0.13545,0.14526,0.15561,0.22758,0.88537
0.006467,0.015662,0.040792,0.075011,0.080142,0.28508,0.27521,0.44873,0.25701,0.74955
0.0069661,0.016707,0.04369,0.11413,0.29811,0.26696,0.48203,0.26821,0.28685,0.66234
0.0036354,0.0087559,0.02287,0.010291,0.062021,0.094772,0.28088,0.13069,0.19286,0.92389
0.004869,0.011139,0.029192,0.013317,0.082294,0.16708,0.45612,0.35458,0.25284,0.75353
0.007002,0.016829,0.04421,0.11311,0.27171,0.41484,0.21181,0.2292,0.49496,0.62997
0.0021495,0.0051782,0.013678,0.035282,0.092574,0.13891,0.40452,0.18199,0.36291,0.80156
0.0015206,0.0036644,0.0087718,0.023207,0.060897,0.13344,0.34987,0.15733,0.64883,0.64034
0.0051804,0.01245,0.032447,0.084714,0.22133,0.19201,0.35348,0.19399,0.55179,0.66268
0.0044877,0.010526,0.02752,0.072102,0.1878,0.49073,0.22492,0.23892,0.26623,0.7348
0.0072949,0.017604,0.04586,0.11589,0.27298,0.12462,0.14669,0.14771,0.52843,0.75618
0.003375,0.008147,0.021252,0.055529,0.045127,0.18128,0.45502,0.5277,0.30123,0.62147
0.0013729,0.003325,0.0086346,0.022486,0.058777,0.14574,0.068026,0.39568,0.6305,0.64561
0.010666,0.025749,0.067235,0.17542,0.45639,0.21827,0.49696,0.31624,0.33105,0.50227
0.0083036,0.019958,0.052279,0.12848,0.32377,0.50956,0.25656,0.2825,0.42398,0.54058
0.0056529,0.013608,0.035572,0.091402,0.23935,0.10768,0.1221,0.12682,0.41228,0.84879
0.0030157,0.0072656,0.018993,0.049436,0.12918,0.11174,0.28788,0.48163,0.67698,0.44144
0.014195,0.034278,0.08963,0.23283,0.60861,0.29991,0.29982,0.33896,0.35356,0.38268
0.014027,0.033903,0.088477,0.04556,0.25587,0.66938,0.29974,0.33928,0.35416,0.38273
0.010966,0.026424,0.068962,0.18012,0.15039,0.10494,0.52645,0.61682,0.35395,0.3827
0.004995,0.011941,0.031246,0.079905,0.03586,0.042073,0.043696,0.25661,0.63119,0.72379
0.00080754,0.0019482,0.0050589,0.013262,0.034541,0.090261,0.236,0.59396,0.26893,0.71423
0.0053438,0.012529,0.032859,0.085782,0.22218,0.58147,0.28395,0.30064,0.31186,0.57991
0.0074744,0.018414,0.047039,0.11798,0.089278,0.071871,0.073713,0.077557,0.32491,0.92435
0.0010223,0.0024502,0.0064231,0.016746,0.043627,0.08885,0.23549,0.18848,0.76752,0.5567
0.0023959,0.0057894,0.015178,0.03947,0.081222,0.21815,0.098083,0.10605,0.51094,0.81374
0.015884,0.038333,0.10008,0.048464,0.049105,0.3098,0.1612,0.155,0.16695,0.90199
0.0089084,0.021395,0.056026,0.14739,0.37176,0.1686,0.18103,0.19778,0.21343,0.83181
0.0028746,0.0069042,0.018069,0.047321,0.12336,0.057367,0.34816,0.15611,0.64405,0.64743
0.0035459,0.0085331,0.022316,0.049253,0.13187,0.31907,0.1448,0.76357,0.35687,0.38268
0.0059195,0.014288,0.036762,0.095877,0.24955,0.29513,0.24774,0.19562,0.21233,0.83413
0.030905,0.073701,0.19285,0.48211,0.22666,0.2379,0.25628,0.28756,0.30208,0.61481
0.00076716,0.0018508,0.0048062,0.01262,0.032814,0.085742,0.2242,0.31302,0.57824,0.71423
0.0045426,0.010895,0.02832,0.012739,0.080289,0.035917,0.22038,0.099219,0.60345,0.75456
0.0034309,0.0083505,0.021541,0.039528,0.10986,0.049248,0.31217,0.1406,0.1514,0.91933
0.0093855,0.022668,0.059119,0.15453,0.40362,0.18284,0.19634,0.54907,0.31802,0.57855
0.010086,0.024149,0.056789,0.14565,0.066357,0.069772,0.075479,0.26459,0.36197,0.87216
0.0015902,0.0036156,0.0095493,0.024985,0.061895,0.16244,0.42447,0.68606,0.34201,0.44867
0.00090754,0.0021848,0.0057576,0.014875,0.038866,0.018753,0.10583,0.27865,0.72806,0.61777
0.023913,0.057706,0.15122,0.07858,0.43669,0.19596,0.21175,0.23969,0.25018,0.75772
0.026656,0.064338,0.16728,0.082235,0.083257,0.099546,0.11401,0.10913,0.28576,0.91501
0.0034865,0.0083629,0.021912,0.057037,0.14905,0.38935,0.17421,0.18854,0.58481,0.64489
0.025674,0.061729,0.1615,0.41643,0.33541,0.23351,0.2568,0.28145,0.29738,0.62987
0.0017038,0.0041667,0.010777,0.028074,0.073451,0.19157,0.50054,0.62582,0.35106,0.4377
0.011691,0.026812,0.070055,0.18364,0.42624,0.21813,0.25648,0.42213,0.29783,0.63288
0.0050253,0.011494,0.030322,0.057319,0.14109,0.072634,0.41374,0.41132,0.25284,0.75353
0.0028239,0.0068555,0.017763,0.040603,0.10843,0.054465,0.059388,0.10132,0.42145,0.8899
0.0040085,0.0097733,0.025401,0.066365,0.17241,0.45054,0.23903,0.22623,0.48781,0.64542
0.0061695,0.014049,0.037096,0.098355,0.24042,0.10833,0.62953,0.45317,0.342,0.4487
0.019022,0.045674,0.11949,0.29191,0.13315,0.14794,0.1557,0.19423,0.18801,0.87259
0.0047363,0.011675,0.029973,0.077825,0.20338,0.20645,0.7286,0.32664,0.35355,0.38269
