1,8.2763e-10,7.9704e-08,1,1,1,1,1,1,1,1,1,1,1,1
0.0005342,1.0206,3.8195e-05,1.2364,1.2364,1.2364,1.2364,1.2364,1.2364,1.2364,1.2364,1.2364,1.2364,1.2364,1.2364
0.16356,0.0005375,0.98661,0.90089,0.90089,0.90089,0.90089,0.90089,0.90089,0.90089,0.90089,0.90089,0.90089,0.90089,0.90089
0.017166,0.011256,0.99986,1.0044,1.0044,1.0044,1.0044,1.0044,1.0044,1.0044,1.0044,1.0044,1.0044,1.0044,1.0044
0.0075711,0.012336,0.99991,0.99918,0.99918,0.99918,0.99918,0.99918,0.99918,0.99918,0.99918,0.99918,0.99918,0.99918,0.99918
0.0051927,0.012337,0.99993,0.99939,0.99939,0.99939,0.99939,0.99939,0.99939,0.99939,0.99939,0.99939,0.99939,0.99939,0.99939
0.053839,0.013434,0.99854,0.98855,0.98855,0.98855,0.98855,0.98855,0.98855,0.98855,0.98855,0.98855,0.98855,0.98855,0.98855
0.051533,0.013636,0.9986,0.98946,0.98946,0.98946,0.98946,0.98946,0.98946,0.98946,0.98946,0.98946,0.98946,0.98946,0.98946
0.010161,0.012336,0.99989,0.99922,0.99922,0.99922,0.99922,0.99922,0.99922,0.99922,0.99922,0.99922,0.99922,0.99922,0.99922
6.6887e-05,0.007745,0.99997,0.99975,0.99975,0.99975,0.99975,0.99975,0.99975,0.99975,0.99975,0.99975,0.99975,0.99975,0.99975
0.0062028,1.6619e-07,0.99998,0.99987,0.99987,0.99987,0.99987,0.99987,0.99987,0.99987,0.99987,0.99987,0.99987,0.99987,0.99987
0.0031034,2.03e-06,1,0.99998,0.99998,0.99998,0.99998,0.99998,0.99998,0.99998,0.99998,0.99998,0.99998,0.99998,0.99998
0.99845,4.0294e-08,0.055727,0.99689,0.99689,0.99689,0.99689,0.99689,0.99689,0.99689,0.99689,0.99689,0.99689,0.99689,0.99689
0.021929,1.267e-07,0.99976,0.99809,0.99809,0.99809,0.99809,0.99809,0.99809,0.99809,0.99809,0.99809,0.99809,0.99809,0.99809
0.013293,6.9044e-05,0.99991,0.99929,0.99929,0.99929,0.99929,0.99929,0.99929,0.99929,0.99929,0.99929,0.99929,0.99929,0.99929
0.053652,0.15805,0.98712,0.88793,0.88793,0.88793,0.88793,0.88793,0.88793,0.88793,0.88793,0.88793,0.88793,0.88793,0.88793
0.020153,1.0371e-05,0.9998,0.9984,0.9984,0.9984,0.9984,0.9984,0.9984,0.9984,0.9984,0.9984,0.9984,0.9984,0.9984
0.0075018,1.925e-06,0.99997,0.99979,0.99979,0.99979,0.99979,0.99979,0.99979,0.99979,0.99979,0.99979,0.99979,0.99979,0.99979
0.029706,1.4937e-05,0.99959,0.99684,0.99684,0.99684,0.99684,0.99684,0.99684,0.99684,0.99684,0.99684,0.99684,0.99684,0.99684
0.038918,0.64805,0.76563,0.10325,0.10325,0.10325,0.10325,0.10325,0.10325,0.10325,0.10325,0.10325,0.10325,0.10325,0.10325
0.79975,0.99992,0.012767,2.0386,2.0386,2.0386,2.0386,2.0386,2.0386,2.0386,2.0386,2.0386,2.0386,2.0386,2.0386
0.045694,0.025466,0.99868,0.98931,0.98931,0.98931,0.98931,0.98931,0.98931,0.98931,0.98931,0.98931,0.98931,0.98931,0.98931
0.0051138,0.0093799,0.99995,0.99954,0.99954,0.99954,0.99954,0.99954,0.99954,0.99954,0.99954,0.99954,0.99954,0.99954,0.99954
1,1.1242e-09,0.022333,1,1,1,1,1,1,1,1,1,1,1,1
0.050314,1.5744e-05,0.99874,0.98997,0.98997,0.98997,0.98997,0.98997,0.98997,0.98997,0.98997,0.98997,0.98997,0.98997,0.98997
0.067748,1.6409e-05,0.99779,0.98272,0.98272,0.98272,0.98272,0.98272,0.98272,0.98272,0.98272,0.98272,0.98272,0.98272,0.98272
1.1227e-09,1.4013e-10,1,1,1,1,1,1,1,1,1,1,1,1,1
0.0028177,0.042408,0.99926,0.99385,0.99385,0.99385,0.99385,0.99385,0.99385,0.99385,0.99385,0.99385,0.99385,0.99385,0.99385
0.74148,0.99997,0.0071654,1.9203,1.9203,1.9203,1.9203,1.9203,1.9203,1.9203,1.9203,1.9203,1.9203,1.9203,1.9203
0.071047,2.2874e-06,0.99755,0.98082,0.98082,0.98082,0.98082,0.98082,0.98082,0.98082,0.98082,0.98082,0.98082,0.98082,0.98082
0.093857,0.015723,0.99559,0.97326,0.97326,0.97326,0.97326,0.97326,0.97326,0.97326,0.97326,0.97326,0.97326,0.97326,0.97326
0.043635,0.041272,0.99876,0.99031,0.99031,0.99031,0.99031,0.99031,0.99031,0.99031,0.99031,0.99031,0.99031,0.99031,0.99031
0.028966,0.053748,0.99817,0.98278,0.98278,0.98278,0.98278,0.98278,0.98278,0.98278,0.98278,0.98278,0.98278,0.98278,0.98278
0.2137,0.21995,0.97515,0.85034,0.85034,0.85034,0.85034,0.85034,0.85034,0.85034,0.85034,0.85034,0.85034,0.85034,0.85034
0.79842,9.6772e-06,0.60661,0.64423,0.64423,0.64423,0.64423,0.64423,0.64423,0.64423,0.64423,0.64423,0.64423,0.64423,0.64423
0.049188,0.29536,0.95639,0.66727,0.66727,0.66727,0.66727,0.66727,0.66727,0.66727,0.66727,0.66727,0.66727,0.66727,0.66727
0.053652,0.18772,0.98705,0.90213,0.90213,0.90213,0.90213,0.90213,0.90213,0.90213,0.90213,0.90213,0.90213,0.90213,0.90213
0.13794,4.4594e-05,0.99045,0.92754,0.92754,0.92754,0.92754,0.92754,0.92754,0.92754,0.92754,0.92754,0.92754,0.92754,0.92754
0.060302,0.029303,0.9979,0.98307,0.98307,0.98307,0.98307,0.98307,0.98307,0.98307,0.98307,0.98307,0.98307,0.98307,0.98307
0.12196,0.00011898,0.99257,0.94319,0.94319,0.94319,0.94319,0.94319,0.94319,0.94319,0.94319,0.94319,0.94319,0.94319,0.94319
0.0089526,0.091031,0.99585,0.96381,0.96381,0.96381,0.96381,0.96381,0.96381,0.96381,0.96381,0.96381,0.96381,0.96381,0.96381
0.039676,0.023852,0.99921,1.0057,1.0057,1.0057,1.0057,1.0057,1.0057,1.0057,1.0057,1.0057,1.0057,1.0057,1.0057
0.14956,0.00011829,0.98886,0.91685,0.91685,0.91685,0.91685,0.91685,0.91685,0.91685,0.91685,0.91685,0.91685,0.91685,0.91685
0.0044312,1.2686e-07,0.99999,0.99993,0.99993,0.99993,0.99993,0.99993,0.99993,0.99993,0.99993,0.99993,0.99993,0.99993,0.99993
0.060566,0.64928,0.76055,0.11202,0.11202,0.11202,0.11202,0.11202,0.11202,0.11202,0.11202,0.11202,0.11202,0.11202,0.11202
0.048963,0.041155,0.99853,0.98825,0.98825,0.98825,0.98825,0.98825,0.98825,0.98825,0.98825,0.98825,0.98825,0.98825,0.98825
0.19245,7.0139e-05,0.98132,0.86525,0.86525,0.86525,0.86525,0.86525,0.86525,0.86525,0.86525,0.86525,0.86525,0.86525,0.86525
0.20674,0.21907,0.97845,0.8731,0.8731,0.8731,0.8731,0.8731,0.8731,0.8731,0.8731,0.8731,0.8731,0.8731,0.8731
0.031242,0.013724,0.99944,0.99614,0.99614,0.99614,0.99614,0.99614,0.99614,0.99614,0.99614,0.99614,0.99614,0.99614,0.99614
0.0010102,1.6748e-05,1,1,1,1,1,1,1,1,1,1,1,1,1
0.61586,0.01485,0.78786,0.47885,0.47885,0.47885,0.47885,0.47885,0.47885,0.47885,0.47885,0.47885,0.47885,0.47885,0.47885
0.034024,2.5866e-10,0.9995,0.99616,0.99616,0.99616,0.99616,0.99616,0.99616,0.99616,0.99616,0.99616,0.99616,0.99616,0.99616
0.00015826,0.01192,0.99995,0.99963,0.99963,0.99963,0.99963,0.99963,0.99963,0.99963,0.99963,0.99963,0.99963,0.99963,0.99963
0.22973,1.8396e-05,0.97527,0.83126,0.83126,0.83126,0.83126,0.83126,0.83126,0.83126,0.83126,0.83126,0.83126,0.83126,0.83126
0.62554,3.7116e-05,0.79342,0.49018,0.49018,0.49018,0.49018,0.49018,0.49018,0.49018,0.49018,0.49018,0.49018,0.49018,0.49018
0.044866,0.0052179,0.99899,0.99201,0.99201,0.99201,0.99201,0.99201,0.99201,0.99201,0.99201,0.99201,0.99201,0.99201,0.99201
0.65247,0.00014543,0.7585,0.48882,0.48882,0.48882,0.48882,0.48882,0.48882,0.48882,0.48882,0.48882,0.48882,0.48882,0.48882
0.13027,0.64117,0.7675,0.16477,0.16477,0.16477,0.16477,0.16477,0.16477,0.16477,0.16477,0.16477,0.16477,0.16477,0.16477
0.04817,0.0034194,0.99884,0.99251,0.99251,0.99251,0.99251,0.99251,0.99251,0.99251,0.99251,0.99251,0.99251,0.99251,0.99251
0.9181,6.0022e-09,0.39771,0.84301,0.84301,0.84301,0.84301,0.84301,0.84301,0.84301,0.84301,0.84301,0.84301,0.84301,0.84301
0.072151,0.062158,0.99677,0.97343,0.97343,0.97343,0.97343,0.97343,0.97343,0.97343,0.97343,0.97343,0.97343,0.97343,0.97343
0.79033,0.00043078,0.66131,0.65998,0.65998,0.65998,0.65998,0.65998,0.65998,0.65998,0.65998,0.65998,0.65998,0.65998,0.65998
0.3578,0.023301,0.93398,0.6338,0.6338,0.6338,0.6338,0.6338,0.6338,0.6338,0.6338,0.6338,0.6338,0.6338,0.6338
0.041144,2.5145e-06,0.99916,0.99328,0.99328,0.99328,0.99328,0.99328,0.99328,0.99328,0.99328,0.99328,0.99328,0.99328,0.99328
0.061784,0.065876,0.99777,0.99772,0.99772,0.99772,0.99772,0.99772,0.99772,0.99772,0.99772,0.99772,0.99772,0.99772,0.99772
0.46283,6.7048e-05,0.88656,0.51418,0.51418,0.51418,0.51418,0.51418,0.51418,0.51418,0.51418,0.51418,0.51418,0.51418,0.51418
0.21961,0.066035,0.97574,0.83413,0.83413,0.83413,0.83413,0.83413,0.83413,0.83413,0.83413,0.83413,0.83413,0.83413,0.83413
0.059918,0.0094586,0.99821,0.99051,0.99051,0.99051,0.99051,0.99051,0.99051,0.99051,0.99051,0.99051,0.99051,0.99051,0.99051
0.080559,0.015771,0.99677,0.98252,0.98252,0.98252,0.98252,0.98252,0.98252,0.98252,0.98252,0.98252,0.98252,0.98252,0.98252
0.054937,0.19319,0.98649,0.89722,0.89722,0.89722,0.89722,0.89722,0.89722,0.89722,0.89722,0.89722,0.89722,0.89722,0.89722
0.12844,0.69135,0.72601,0.14635,0.14635,0.14635,0.14635,0.14635,0.14635,0.14635,0.14635,0.14635,0.14635,0.14635,0.14635
0.19581,0.000286,0.98064,0.86094,0.86094,0.86094,0.86094,0.86094,0.86094,0.86094,0.86094,0.86094,0.86094,0.86094,0.86094
0.2138,0.2714,0.97502,0.86973,0.86973,0.86973,0.86973,0.86973,0.86973,0.86973,0.86973,0.86973,0.86973,0.86973,0.86973
0.8894,7.5637e-06,0.45846,0.79144,0.79144,0.79144,0.79144,0.79144,0.79144,0.79144,0.79144,0.79144,0.79144,0.79144,0.79144
0.019042,4.7521e-06,0.99982,0.99856,0.99856,0.99856,0.99856,0.99856,0.99856,0.99856,0.99856,0.99856,0.99856,0.99856,0.99856
0.0010643,0.77311,0.70463,0.10699,0.10699,0.10699,0.10699,0.10699,0.10699,0.10699,0.10699,0.10699,0.10699,0.10699,0.10699
0.055914,0.64232,0.76656,0.11309,0.11309,0.11309,0.11309,0.11309,0.11309,0.11309,0.11309,0.11309,0.11309,0.11309,0.11309
0.1302,0.00020354,0.9915,0.93522,0.93522,0.93522,0.93522,0.93522,0.93522,0.93522,0.93522,0.93522,0.93522,0.93522,0.93522
0.30847,5.4672e-08,0.95129,0.70213,0.70213,0.70213,0.70213,0.70213,0.70213,0.70213,0.70213,0.70213,0.70213,0.70213,0.70213
0.1072,0.073521,0.9939,0.97336,0.97336,0.97336,0.97336,0.97336,0.97336,0.97336,0.97336,0.97336,0.97336,0.97336,0.97336
0.66144,0.28385,0.75,0.63574,0.63574,0.63574,0.63574,0.63574,0.63574,0.63574,0.63574,0.63574,0.63574,0.63574,0.63574
0.1011,0.017269,0.99486,0.96522,0.96522,0.96522,0.96522,0.96522,0.96522,0.96522,0.96522,0.96522,0.96522,0.96522,0.96522
0.054845,0.03308,0.99805,0.98395,0.98395,0.98395,0.98395,0.98395,0.98395,0.98395,0.98395,0.98395,0.98395,0.98395,0.98395
0.10488,6.2819e-05,0.99449,0.95724,0.95724,0.95724,0.95724,0.95724,0.95724,0.95724,0.95724,0.95724,0.95724,0.95724,0.95724
0.21048,0.06641,0.97748,0.84397,0.84397,0.84397,0.84397,0.84397,0.84397,0.84397,0.84397,0.84397,0.84397,0.84397,0.84397
0.68477,0.28384,0.72876,0.65309,0.65309,0.65309,0.65309,0.65309,0.65309,0.65309,0.65309,0.65309,0.65309,0.65309,0.65309
0.55213,1,5.563e-05,1.5809,1.5809,1.5809,1.5809,1.5809,1.5809,1.5809,1.5809,1.5809,1.5809,1.5809,1.5809
0.10123,0.043845,0.99454,0.96418,0.96418,0.96418,0.96418,0.96418,0.96418,0.96418,0.96418,0.96418,0.96418,0.96418,0.96418
0.009175,0.025395,0.9997,0.99746,0.99746,0.99746,0.99746,0.99746,0.99746,0.99746,0.99746,0.99746,0.99746,0.99746,0.99746
0.031241,0.018961,0.99945,0.99876,0.99876,0.99876,0.99876,0.99876,0.99876,0.99876,0.99876,0.99876,0.99876,0.99876,0.99876
0.099252,0.29536,0.95639,0.69974,0.69974,0.69974,0.69974,0.69974,0.69974,0.69974,0.69974,0.69974,0.69974,0.69974,0.69974
0.56977,0.00062318,0.82198,0.4658,0.4658,0.4658,0.4658,0.4658,0.4658,0.4658,0.4658,0.4658,0.4658,0.4658,0.4658
0.68996,0.28055,0.72385,0.6558,0.6558,0.6558,0.6558,0.6558,0.6558,0.6558,0.6558,0.6558,0.6558,0.6558,0.6558
0.023642,0.059896,0.99809,0.9817,0.9817,0.9817,0.9817,0.9817,0.9817,0.9817,0.9817,0.9817,0.9817,0.9817,0.9817
0.085589,3.6533e-06,0.99633,0.97129,0.97129,0.97129,0.97129,0.97129,0.97129,0.97129,0.97129,0.97129,0.97129,0.97129,0.97129
0.54812,1,0.00015824,1.5745,1.5745,1.5745,1.5745,1.5745,1.5745,1.5745,1.5745,1.5745,1.5745,1.5745,1.5745
0.0027387,0.069133,0.99851,0.9874,0.9874,0.9874,0.9874,0.9874,0.9874,0.9874,0.9874,0.9874,0.9874,0.9874,0.9874
0.029419,0.029438,0.99918,0.9931,0.9931,0.9931,0.9931,0.9931,0.9931,0.9931,0.9931,0.9931,0.9931,0.9931,0.9931
0.26656,1.5554e-05,0.9647,0.76919,0.76919,0.76919,0.76919,0.76919,0.76919,0.76919,0.76919,0.76919,0.76919,0.76919,0.76919
2.4957e-20,1.6474e-05,5.9278,5.3571e+07,5.3571e+07,5.3571e+07,5.3571e+07,5.3571e+07,5.3571e+07,5.3571e+07,5.3571e+07,5.3571e+07,5.3571e+07,5.3571e+07,5.3571e+07
0.66927,0.31059,0.74302,0.65451,0.65451,0.65451,0.65451,0.65451,0.65451,0.65451,0.65451,0.65451,0.65451,0.65451,0.65451
0.071634,0.019055,0.99744,0.98933,0.98933,0.98933,0.98933,0.98933,0.98933,0.98933,0.98933,0.98933,0.98933,0.98933,0.98933
0.0028597,0.062902,0.99836,0.98404,0.98404,0.98404,0.98404,0.98404,0.98404,0.98404,0.98404,0.98404,0.98404,0.98404,0.98404
0.005925,0.094016,0.99579,0.96263,0.96263,0.96263,0.96263,0.96263,0.96263,0.96263,0.96263,0.96263,0.96263,0.96263,0.96263
0.99763,1.1039e-06,0.071945,0.99527,0.99527,0.99527,0.99527,0.99527,0.99527,0.99527,0.99527,0.99527,0.99527,0.99527,0.99527
0.045209,0.000265,0.99898,0.99192,0.99192,0.99192,0.99192,0.99192,0.99192,0.99192,0.99192,0.99192,0.99192,0.99192,0.99192
0.23323,0.2744,0.96612,0.81422,0.81422,0.81422,0.81422,0.81422,0.81422,0.81422,0.81422,0.81422,0.81422,0.81422,0.81422
0.039868,6.0556e-06,0.99921,0.99367,0.99367,0.99367,0.99367,0.99367,0.99367,0.99367,0.99367,0.99367,0.99367,0.99367,0.99367
0.54608,1,0.00015824,1.5712,1.5712,1.5712,1.5712,1.5712,1.5712,1.5712,1.5712,1.5712,1.5712,1.5712,1.5712
8.4453e-07,0.045926,0.99972,1.0067,1.0067,1.0067,1.0067,1.0067,1.0067,1.0067,1.0067,1.0067,1.0067,1.0067,1.0067
0.54739,0.072935,0.84056,0.51494,0.51494,0.51494,0.51494,0.51494,0.51494,0.51494,0.51494,0.51494,0.51494,0.51494,0.51494
3.2044e-05,0.041183,0.99938,0.99388,0.99388,0.99388,0.99388,0.99388,0.99388,0.99388,0.99388,0.99388,0.99388,0.99388,0.99388
0.24174,0.049759,0.97123,0.81083,0.81083,0.81083,0.81083,0.81083,0.81083,0.81083,0.81083,0.81083,0.81083,0.81083,0.81083
0.72409,4.7066e-08,0.6897,0.54867,0.54867,0.54867,0.54867,0.54867,0.54867,0.54867,0.54867,0.54867,0.54867,0.54867,0.54867
0.00071124,0.025348,0.99974,0.99785,0.99785,0.99785,0.99785,0.99785,0.99785,0.99785,0.99785,0.99785,0.99785,0.99785,0.99785
0.012447,0.059836,0.99825,0.98281,0.98281,0.98281,0.98281,0.98281,0.98281,0.98281,0.98281,0.98281,0.98281,0.98281,0.98281
0.67041,0.31727,0.7423,0.65888,0.65888,0.65888,0.65888,0.65888,0.65888,0.65888,0.65888,0.65888,0.65888,0.65888,0.65888
0.0088783,1.253e-13,0.99999,0.99997,0.99997,0.99997,0.99997,0.99997,0.99997,0.99997,0.99997,0.99997,0.99997,0.99997,0.99997
0.20706,0.21907,0.97845,0.87339,0.87339,0.87339,0.87339,0.87339,0.87339,0.87339,0.87339,0.87339,0.87339,0.87339,0.87339
0.15411,0.39292,0.94121,0.62378,0.62378,0.62378,0.62378,0.62378,0.62378,0.62378,0.62378,0.62378,0.62378,0.62378,0.62378
0.030337,0.043385,0.9987,0.98872,0.98872,0.98872,0.98872,0.98872,0.98872,0.98872,0.98872,0.98872,0.98872,0.98872,0.98872
0.26338,0.72544,0.7166,0.27575,0.27575,0.27575,0.27575,0.27575,0.27575,0.27575,0.27575,0.27575,0.27575,0.27575,0.27575
0.51788,1,0.00015824,1.5271,1.5271,1.5271,1.5271,1.5271,1.5271,1.5271,1.5271,1.5271,1.5271,1.5271,1.5271
0.042678,0.0029549,0.99909,0.99275,0.99275,0.99275,0.99275,0.99275,0.99275,0.99275,0.99275,0.99275,0.99275,0.99275,0.99275
0.5345,1.0021,1.2029e-05,1.5735,1.5735,1.5735,1.5735,1.5735,1.5735,1.5735,1.5735,1.5735,1.5735,1.5735,1.5735
0.023616,1.6907e-05,0.99972,0.99778,0.99778,0.99778,0.99778,0.99778,0.99778,0.99778,0.99778,0.99778,0.99778,0.99778,0.99778
0.16209,0.017606,0.98675,0.90691,0.90691,0.90691,0.90691,0.90691,0.90691,0.90691,0.90691,0.90691,0.90691,0.90691,0.90691
0.50637,1.0021,0.001565,1.5302,1.5302,1.5302,1.5302,1.5302,1.5302,1.5302,1.5302,1.5302,1.5302,1.5302,1.5302
0.73752,6.4339e-05,0.68587,0.5719,0.5719,0.5719,0.5719,0.5719,0.5719,0.5719,0.5719,0.5719,0.5719,0.5719,0.5719
0.042492,0.10647,0.9938,0.94426,0.94426,0.94426,0.94426,0.94426,0.94426,0.94426,0.94426,0.94426,0.94426,0.94426,0.94426
8.3766e-05,0.13863,0.99754,1.0037,1.0037,1.0037,1.0037,1.0037,1.0037,1.0037,1.0037,1.0037,1.0037,1.0037,1.0037
0.14999,0.026653,0.98837,0.91249,0.91249,0.91249,0.91249,0.91249,0.91249,0.91249,0.91249,0.91249,0.91249,0.91249,0.91249
0.083746,0.062699,0.99458,0.95416,0.95416,0.95416,0.95416,0.95416,0.95416,0.95416,0.95416,0.95416,0.95416,0.95416,0.95416
0.0026135,3.2764e-17,5.1497,1.3118e+07,1.3118e+07,1.3118e+07,1.3118e+07,1.3118e+07,1.3118e+07,1.3118e+07,1.3118e+07,1.3118e+07,1.3118e+07,1.3118e+07,1.3118e+07
0.15228,0.65626,0.75457,0.17398,0.17398,0.17398,0.17398,0.17398,0.17398,0.17398,0.17398,0.17398,0.17398,0.17398,0.17398
0.39221,1.3055e-05,0.92024,0.58938,0.58938,0.58938,0.58938,0.58938,0.58938,0.58938,0.58938,0.58938,0.58938,0.58938,0.58938
0.69898,0.00060853,0.71514,0.52387,0.52387,0.52387,0.52387,0.52387,0.52387,0.52387,0.52387,0.52387,0.52387,0.52387,0.52387
1.0282e-13,4.2633e-08,5.9498,5.5598e+07,5.5598e+07,5.5598e+07,5.5598e+07,5.5598e+07,5.5598e+07,5.5598e+07,5.5598e+07,5.5598e+07,5.5598e+07,5.5598e+07,5.5598e+07
0.8409,2.6563e-06,0.54119,0.70927,0.70927,0.70927,0.70927,0.70927,0.70927,0.70927,0.70927,0.70927,0.70927,0.70927,0.70927
1.4736e-10,7.2901e-13,5.0729,1.1286e+07,1.1286e+07,1.1286e+07,1.1286e+07,1.1286e+07,1.1286e+07,1.1286e+07,1.1286e+07,1.1286e+07,1.1286e+07,1.1286e+07,1.1286e+07
0.0076634,0.10189,0.9948,0.9531,0.9531,0.9531,0.9531,0.9531,0.9531,0.9531,0.9531,0.9531,0.9531,0.9531,0.9531
0.10062,3.2327e-05,0.99504,0.96161,0.96161,0.96161,0.96161,0.96161,0.96161,0.96161,0.96161,0.96161,0.96161,0.96161,0.96161
0.15822,1.6282e-05,0.98818,0.91301,0.91301,0.91301,0.91301,0.91301,0.91301,0.91301,0.91301,0.91301,0.91301,0.91301,0.91301
0.22117,0.00015632,0.97524,0.82719,0.82719,0.82719,0.82719,0.82719,0.82719,0.82719,0.82719,0.82719,0.82719,0.82719,0.82719
0.20865,0.21969,0.97774,0.86843,0.86843,0.86843,0.86843,0.86843,0.86843,0.86843,0.86843,0.86843,0.86843,0.86843,0.86843
0.011947,1.4422e-11,0.99993,0.99944,0.99944,0.99944,0.99944,0.99944,0.99944,0.99944,0.99944,0.99944,0.99944,0.99944,0.99944
0.010592,7.2995e-05,0.99994,0.9996,0.9996,0.9996,0.9996,0.9996,0.9996,0.9996,0.9996,0.9996,0.9996,0.9996,0.9996
0.05834,3.6533e-06,0.9983,0.98656,0.98656,0.98656,0.98656,0.98656,0.98656,0.98656,0.98656,0.98656,0.98656,0.98656,0.98656
0.022337,0.65125,0.76945,0.098138,0.098138,0.098138,0.098138,0.098138,0.098138,0.098138,0.098138,0.098138,0.098138,0.098138,0.098138
1.5099e-18,1.6272e-05,5.971,5.7605e+07,5.7605e+07,5.7605e+07,5.7605e+07,5.7605e+07,5.7605e+07,5.7605e+07,5.7605e+07,5.7605e+07,5.7605e+07,5.7605e+07,5.7605e+07
0.99822,5.0426e-09,0.061659,0.99644,0.99644,0.99644,0.99644,0.99644,0.99644,0.99644,0.99644,0.99644,0.99644,0.99644,0.99644
0.10964,5.2821e-06,0.99397,0.95337,0.95337,0.95337,0.95337,0.95337,0.95337,0.95337,0.95337,0.95337,0.95337,0.95337,0.95337
0.10909,6.582e-12,0.99408,0.95425,0.95425,0.95425,0.95425,0.95425,0.95425,0.95425,0.95425,0.95425,0.95425,0.95425,0.95425
0.6044,2.5256e-07,0.79668,0.4683,0.4683,0.4683,0.4683,0.4683,0.4683,0.4683,0.4683,0.4683,0.4683,0.4683,0.4683
0.10903,3.8656e-06,0.99409,0.95435,0.95435,0.95435,0.95435,0.95435,0.95435,0.95435,0.95435,0.95435,0.95435,0.95435,0.95435
0.50833,5.308e-05,0.86119,0.48279,0.48279,0.48279,0.48279,0.48279,0.48279,0.48279,0.48279,0.48279,0.48279,0.48279,0.48279
0.88718,2.4681e-05,0.46409,0.78756,0.78756,0.78756,0.78756,0.78756,0.78756,0.78756,0.78756,0.78756,0.78756,0.78756,0.78756
0.66136,0.34198,0.75007,0.66477,0.66477,0.66477,0.66477,0.66477,0.66477,0.66477,0.66477,0.66477,0.66477,0.66477,0.66477
0.0097925,0.010833,0.99989,0.99903,0.99903,0.99903,0.99903,0.99903,0.99903,0.99903,0.99903,0.99903,0.99903,0.99903,0.99903
0.21315,6.582e-12,0.97844,0.85278,0.85278,0.85278,0.85278,0.85278,0.85278,0.85278,0.85278,0.85278,0.85278,0.85278,0.85278
0.070432,0.66232,0.74942,0.11236,0.11236,0.11236,0.11236,0.11236,0.11236,0.11236,0.11236,0.11236,0.11236,0.11236,0.11236
0.12792,0.052646,0.9918,0.96362,0.96362,0.96362,0.96362,0.96362,0.96362,0.96362,0.96362,0.96362,0.96362,0.96362,0.96362
0.31039,0.0093269,0.95073,0.70004,0.70004,0.70004,0.70004,0.70004,0.70004,0.70004,0.70004,0.70004,0.70004,0.70004,0.70004
0.10968,4.677e-09,0.99397,0.95338,0.95338,0.95338,0.95338,0.95338,0.95338,0.95338,0.95338,0.95338,0.95338,0.95338,0.95338
0.56972,0.99926,0.04339,1.6021,1.6021,1.6021,1.6021,1.6021,1.6021,1.6021,1.6021,1.6021,1.6021,1.6021,1.6021
0.53138,0.0012647,0.85318,0.48699,0.48699,0.48699,0.48699,0.48699,0.48699,0.48699,0.48699,0.48699,0.48699,0.48699,0.48699
0.2243,0.050893,0.97453,0.82554,0.82554,0.82554,0.82554,0.82554,0.82554,0.82554,0.82554,0.82554,0.82554,0.82554,0.82554
0.86783,0.99999,0.0047093,2.187,2.187,2.187,2.187,2.187,2.187,2.187,2.187,2.187,2.187,2.187,2.187
0.99917,1.6607e-06,0.040989,0.99835,0.99835,0.99835,0.99835,0.99835,0.99835,0.99835,0.99835,0.99835,0.99835,0.99835,0.99835
0.95277,1.7965e-09,0.30454,0.90778,0.90778,0.90778,0.90778,0.90778,0.90778,0.90778,0.90778,0.90778,0.90778,0.90778,0.90778
0.42663,6.8408e-05,0.90454,0.54867,0.54867,0.54867,0.54867,0.54867,0.54867,0.54867,0.54867,0.54867,0.54867,0.54867,0.54867
0.25957,0.0015907,0.96626,0.77686,0.77686,0.77686,0.77686,0.77686,0.77686,0.77686,0.77686,0.77686,0.77686,0.77686,0.77686
0.22398,0.077389,0.97369,0.82586,0.82586,0.82586,0.82586,0.82586,0.82586,0.82586,0.82586,0.82586,0.82586,0.82586,0.82586
3.4617e-17,3.5446e-07,6.0458,6.5245e+07,6.5245e+07,6.5245e+07,6.5245e+07,6.5245e+07,6.5245e+07,6.5245e+07,6.5245e+07,6.5245e+07,6.5245e+07,6.5245e+07,6.5245e+07
0.22079,0.1002,0.97322,0.81918,0.81918,0.81918,0.81918,0.81918,0.81918,0.81918,0.81918,0.81918,0.81918,0.81918,0.81918
0.66985,0.28917,0.7425,0.64421,0.64421,0.64421,0.64421,0.64421,0.64421,0.64421,0.64421,0.64421,0.64421,0.64421,0.64421
0.046875,0.013261,0.99892,0.99802,0.99802,0.99802,0.99802,0.99802,0.99802,0.99802,0.99802,0.99802,0.99802,0.99802,0.99802
0.68066,0.31059,0.7326,0.66313,0.66313,0.66313,0.66313,0.66313,0.66313,0.66313,0.66313,0.66313,0.66313,0.66313,0.66313
0.13404,0.026582,0.99064,0.92851,0.92851,0.92851,0.92851,0.92851,0.92851,0.92851,0.92851,0.92851,0.92851,0.92851,0.92851
0.11153,3.5365e-06,0.99376,0.95179,0.95179,0.95179,0.95179,0.95179,0.95179,0.95179,0.95179,0.95179,0.95179,0.95179,0.95179
1.8134e-10,0.056467,1,1.0282,1.0282,1.0282,1.0282,1.0282,1.0282,1.0282,1.0282,1.0282,1.0282,1.0282,1.0282
0.21951,0.062351,0.97576,0.83385,0.83385,0.83385,0.83385,0.83385,0.83385,0.83385,0.83385,0.83385,0.83385,0.83385,0.83385
0.03449,0.053708,0.99804,0.98289,0.98289,0.98289,0.98289,0.98289,0.98289,0.98289,0.98289,0.98289,0.98289,0.98289,0.98289
2.4957e-20,1.6474e-05,5.0945,1.1778e+07,1.1778e+07,1.1778e+07,1.1778e+07,1.1778e+07,1.1778e+07,1.1778e+07,1.1778e+07,1.1778e+07,1.1778e+07,1.1778e+07,1.1778e+07
0.71684,0.99974,0.022818,1.8697,1.8697,1.8697,1.8697,1.8697,1.8697,1.8697,1.8697,1.8697,1.8697,1.8697,1.8697
0.37409,9.4054e-07,0.9275,0.61108,0.61108,0.61108,0.61108,0.61108,0.61108,0.61108,0.61108,0.61108,0.61108,0.61108,0.61108
2.4957e-20,1.6474e-05,5.9278,5.3571e+07,5.3571e+07,5.3571e+07,5.3571e+07,5.3571e+07,5.3571e+07,5.3571e+07,5.3571e+07,5.3571e+07,5.3571e+07,5.3571e+07,5.3571e+07
0.030558,0.05373,0.99812,0.98238,0.98238,0.98238,0.98238,0.98238,0.98238,0.98238,0.98238,0.98238,0.98238,0.98238,0.98238
0.0010524,0.030571,0.99955,0.99602,0.99602,0.99602,0.99602,0.99602,0.99602,0.99602,0.99602,0.99602,0.99602,0.99602,0.99602
1.0282e-13,4.2633e-08,5.3771,2.0205e+07,2.0205e+07,2.0205e+07,2.0205e+07,2.0205e+07,2.0205e+07,2.0205e+07,2.0205e+07,2.0205e+07,2.0205e+07,2.0205e+07,2.0205e+07
0.1849,0.00025391,0.98277,0.87478,0.87478,0.87478,0.87478,0.87478,0.87478,0.87478,0.87478,0.87478,0.87478,0.87478,0.87478
0.074823,0.037938,0.9972,0.99691,0.99691,0.99691,0.99691,0.99691,0.99691,0.99691,0.99691,0.99691,0.99691,0.99691,0.99691
0.087919,0.63694,0.77109,0.13482,0.13482,0.13482,0.13482,0.13482,0.13482,0.13482,0.13482,0.13482,0.13482,0.13482,0.13482
0.21172,0.016327,0.97765,0.84371,0.84371,0.84371,0.84371,0.84371,0.84371,0.84371,0.84371,0.84371,0.84371,0.84371,0.84371
0.47866,6.6395e-07,0.88384,0.52002,0.52002,0.52002,0.52002,0.52002,0.52002,0.52002,0.52002,0.52002,0.52002,0.52002,0.52002
0.21029,1.6115e-05,0.97833,0.84839,0.84839,0.84839,0.84839,0.84839,0.84839,0.84839,0.84839,0.84839,0.84839,0.84839,0.84839
0.0001144,0.033495,0.99945,0.99461,0.99461,0.99461,0.99461,0.99461,0.99461,0.99461,0.99461,0.99461,0.99461,0.99461,0.99461
0.03488,0.64232,0.76673,0.10083,0.10083,0.10083,0.10083,0.10083,0.10083,0.10083,0.10083,0.10083,0.10083,0.10083,0.10083
2.9632e-10,1.1985e-14,5.5838,2.9466e+07,2.9466e+07,2.9466e+07,2.9466e+07,2.9466e+07,2.9466e+07,2.9466e+07,2.9466e+07,2.9466e+07,2.9466e+07,2.9466e+07,2.9466e+07
0.11119,0.70255,0.719,0.13418,0.13418,0.13418,0.13418,0.13418,0.13418,0.13418,0.13418,0.13418,0.13418,0.13418,0.13418
0.78049,0.99988,0.015647,1.9982,1.9982,1.9982,1.9982,1.9982,1.9982,1.9982,1.9982,1.9982,1.9982,1.9982,1.9982
1.0742e-16,3.5869e-07,4.1215,1.4143e+06,1.4143e+06,1.4143e+06,1.4143e+06,1.4143e+06,1.4143e+06,1.4143e+06,1.4143e+06,1.4143e+06,1.4143e+06,1.4143e+06,1.4143e+06
0.14594,3.7018e-05,0.98946,0.92133,0.92133,0.92133,0.92133,0.92133,0.92133,0.92133,0.92133,0.92133,0.92133,0.92133,0.92133
0.04817,4.0744e-06,0.99884,0.99081,0.99081,0.99081,0.99081,0.99081,0.99081,0.99081,0.99081,0.99081,0.99081,0.99081,0.99081
0.017486,0.00026308,0.99985,0.99879,0.99879,0.99879,0.99879,0.99879,0.99879,0.99879,0.99879,0.99879,0.99879,0.99879,0.99879
0.0011612,0.012377,0.99994,0.99971,0.99971,0.99971,0.99971,0.99971,0.99971,0.99971,0.99971,0.99971,0.99971,0.99971,0.99971
0.20424,6.582e-12,0.97897,0.85022,0.85022,0.85022,0.85022,0.85022,0.85022,0.85022,0.85022,0.85022,0.85022,0.85022,0.85022
0.01657,0.00042954,0.99987,0.99954,0.99954,0.99954,0.99954,0.99954,0.99954,0.99954,0.99954,0.99954,0.99954,0.99954,0.99954
2.4957e-20,1.6474e-05,5.9278,5.3571e+07,5.3571e+07,5.3571e+07,5.3571e+07,5.3571e+07,5.3571e+07,5.3571e+07,5.3571e+07,5.3571e+07,5.3571e+07,5.3571e+07,5.3571e+07
0.0031612,0.025393,0.99974,0.99778,0.99778,0.99778,0.99778,0.99778,0.99778,0.99778,0.99778,0.99778,0.99778,0.99778,0.99778
0.12508,0.69931,0.7254,0.14597,0.14597,0.14597,0.14597,0.14597,0.14597,0.14597,0.14597,0.14597,0.14597,0.14597,0.14597
0.99684,4.1537e-10,0.080872,0.99369,0.99369,0.99369,0.99369,0.99369,0.99369,0.99369,0.99369,0.99369,0.99369,0.99369,0.99369
0.015277,0.00030435,0.99989,0.99922,0.99922,0.99922,0.99922,0.99922,0.99922,0.99922,0.99922,0.99922,0.99922,0.99922,0.99922
0.00089765,0.028495,0.99961,0.99663,0.99663,0.99663,0.99663,0.99663,0.99663,0.99663,0.99663,0.99663,0.99663,0.99663,0.99663
0.23537,6.582e-12,0.97195,0.80781,0.80781,0.80781,0.80781,0.80781,0.80781,0.80781,0.80781,0.80781,0.80781,0.80781,0.80781
0.026007,1.5653e-06,0.99967,0.9974,0.9974,0.9974,0.9974,0.9974,0.9974,0.9974,0.9974,0.9974,0.9974,0.9974,0.9974
0.76766,0.99988,0.017072,1.9719,1.9719,1.9719,1.9719,1.9719,1.9719,1.9719,1.9719,1.9719,1.9719,1.9719,1.9719
0.053991,0.17497,0.98681,0.89206,0.89206,0.89206,0.89206,0.89206,0.89206,0.89206,0.89206,0.89206,0.89206,0.89206,0.89206
9.1599e-14,0.21784,1,1.1089,1.1089,1.1089,1.1089,1.1089,1.1089,1.1089,1.1089,1.1089,1.1089,1.1089,1.1089
0.088532,0.028752,0.99578,0.96652,0.96652,0.96652,0.96652,0.96652,0.96652,0.96652,0.96652,0.96652,0.96652,0.96652,0.96652
0.00091118,0.028584,0.9996,0.99649,0.99649,0.99649,0.99649,0.99649,0.99649,0.99649,0.99649,0.99649,0.99649,0.99649,0.99649
2.9292e-10,1.1985e-14,5.1622,1.3439e+07,1.3439e+07,1.3439e+07,1.3439e+07,1.3439e+07,1.3439e+07,1.3439e+07,1.3439e+07,1.3439e+07,1.3439e+07,1.3439e+07,1.3439e+07
0.10198,0.033907,0.9945,0.9571,0.9571,0.9571,0.9571,0.9571,0.9571,0.9571,0.9571,0.9571,0.9571,0.9571,0.9571
0.66927,0.31059,0.74302,0.65451,0.65451,0.65451,0.65451,0.65451,0.65451,0.65451,0.65451,0.65451,0.65451,0.65451,0.65451
1.2056e-17,1.6472e-05,4.4339,2.9365e+06,2.9365e+06,2.9365e+06,2.9365e+06,2.9365e+06,2.9365e+06,2.9365e+06,2.9365e+06,2.9365e+06,2.9365e+06,2.9365e+06,2.9365e+06
0.35164,3.9897e-08,0.93893,0.65615,0.65615,0.65615,0.65615,0.65615,0.65615,0.65615,0.65615,0.65615,0.65615,0.65615,0.65615
0.88718,5.7373e-05,0.46373,0.78757,0.78757,0.78757,0.78757,0.78757,0.78757,0.78757,0.78757,0.78757,0.78757,0.78757,0.78757
2.2007e-14,3.3393e-07,6.11,7.2517e+07,7.2517e+07,7.2517e+07,7.2517e+07,7.2517e+07,7.2517e+07,7.2517e+07,7.2517e+07,7.2517e+07,7.2517e+07,7.2517e+07,7.2517e+07
0.51712,3.7728e-05,0.85598,0.47863,0.47863,0.47863,0.47863,0.47863,0.47863,0.47863,0.47863,0.47863,0.47863,0.47863,0.47863
0.013903,0.027459,0.99958,0.99641,0.99641,0.99641,0.99641,0.99641,0.99641,0.99641,0.99641,0.99641,0.99641,0.99641,0.99641
0.082219,1.1985e-14,0.99913,0.99809,0.99809,0.99809,0.99809,0.99809,0.99809,0.99809,0.99809,0.99809,0.99809,0.99809,0.99809
0.12826,0.18658,0.98165,0.86568,0.86568,0.86568,0.86568,0.86568,0.86568,0.86568,0.86568,0.86568,0.86568,0.86568,0.86568
0.035079,0.043309,0.99855,0.98755,0.98755,0.98755,0.98755,0.98755,0.98755,0.98755,0.98755,0.98755,0.98755,0.98755,0.98755
0.109,3.8656e-06,0.99409,0.95438,0.95438,0.95438,0.95438,0.95438,0.95438,0.95438,0.95438,0.95438,0.95438,0.95438,0.95438
0.026062,0.013692,0.9996,0.99745,0.99745,0.99745,0.99745,0.99745,0.99745,0.99745,0.99745,0.99745,0.99745,0.99745,0.99745
0.016272,3.9814e-08,0.9999,0.99922,0.99922,0.99922,0.99922,0.99922,0.99922,0.99922,0.99922,0.99922,0.99922,0.99922,0.99922
0.10553,0.015605,0.99442,0.9645,0.9645,0.9645,0.9645,0.9645,0.9645,0.9645,0.9645,0.9645,0.9645,0.9645,0.9645
0.12184,0.031518,0.9931,0.94823,0.94823,0.94823,0.94823,0.94823,0.94823,0.94823,0.94823,0.94823,0.94823,0.94823,0.94823
0.33265,5.3907e-09,0.94417,0.67407,0.67407,0.67407,0.67407,0.67407,0.67407,0.67407,0.67407,0.67407,0.67407,0.67407,0.67407
4.1305e-10,3.2764e-17,5.6086,3.0802e+07,3.0802e+07,3.0802e+07,3.0802e+07,3.0802e+07,3.0802e+07,3.0802e+07,3.0802e+07,3.0802e+07,3.0802e+07,3.0802e+07,3.0802e+07
0.27695,0.48835,0.92929,0.69627,0.69627,0.69627,0.69627,0.69627,0.69627,0.69627,0.69627,0.69627,0.69627,0.69627,0.69627
0.15356,0.012501,0.98808,0.91063,0.91063,0.91063,0.91063,0.91063,0.91063,0.91063,0.91063,0.91063,0.91063,0.91063,0.91063
0.20036,6.582e-12,0.97977,0.8553,0.8553,0.8553,0.8553,0.8553,0.8553,0.8553,0.8553,0.8553,0.8553,0.8553,0.8553
0.015093,1.4764e-06,0.99989,0.99912,0.99912,0.99912,0.99912,0.99912,0.99912,0.99912,0.99912,0.99912,0.99912,0.99912,0.99912
0.77598,0.99994,0.013253,1.9895,1.9895,1.9895,1.9895,1.9895,1.9895,1.9895,1.9895,1.9895,1.9895,1.9895,1.9895
0.10299,0.033707,0.99429,0.95518,0.95518,0.95518,0.95518,0.95518,0.95518,0.95518,0.95518,0.95518,0.95518,0.95518,0.95518
0.20848,0.53384,0.93753,0.674,0.674,0.674,0.674,0.674,0.674,0.674,0.674,0.674,0.674,0.674,0.674
0.031719,0.00021954,0.9995,0.99606,0.99606,0.99606,0.99606,0.99606,0.99606,0.99606,0.99606,0.99606,0.99606,0.99606,0.99606
0.023639,0.065633,0.99809,0.98452,0.98452,0.98452,0.98452,0.98452,0.98452,0.98452,0.98452,0.98452,0.98452,0.98452,0.98452
0.1162,0.62494,0.78081,0.16492,0.16492,0.16492,0.16492,0.16492,0.16492,0.16492,0.16492,0.16492,0.16492,0.16492,0.16492
0.93967,1.2773e-05,0.34293,0.883,0.883,0.883,0.883,0.883,0.883,0.883,0.883,0.883,0.883,0.883,0.883
0.99995,1.6814e-07,0.013646,0.99989,0.99989,0.99989,0.99989,0.99989,0.99989,0.99989,0.99989,0.99989,0.99989,0.99989,0.99989
0.88942,8.4544e-06,0.45713,0.79147,0.79147,0.79147,0.79147,0.79147,0.79147,0.79147,0.79147,0.79147,0.79147,0.79147,0.79147
0.089071,0.092564,0.99297,0.94054,0.94054,0.94054,0.94054,0.94054,0.94054,0.94054,0.94054,0.94054,0.94054,0.94054,0.94054
0.052805,4.0774e-05,0.99862,0.98914,0.98914,0.98914,0.98914,0.98914,0.98914,0.98914,0.98914,0.98914,0.98914,0.98914,0.98914
0.014732,8.2051e-05,0.99989,0.99913,0.99913,0.99913,0.99913,0.99913,0.99913,0.99913,0.99913,0.99913,0.99913,0.99913,0.99913
0.10909,0.00025517,0.99408,0.95421,0.95421,0.95421,0.95421,0.95421,0.95421,0.95421,0.95421,0.95421,0.95421,0.95421,0.95421
0.28354,1.4618e-13,0.95901,0.73839,0.73839,0.73839,0.73839,0.73839,0.73839,0.73839,0.73839,0.73839,0.73839,0.73839,0.73839
0.024379,0.034337,0.99934,0.99955,0.99955,0.99955,0.99955,0.99955,0.99955,0.99955,0.99955,0.99955,0.99955,0.99955,0.99955
0.50736,1.0021,0.00093807,1.5316,1.5316,1.5316,1.5316,1.5316,1.5316,1.5316,1.5316,1.5316,1.5316,1.5316,1.5316
0.003135,0.025393,0.99974,0.99777,0.99777,0.99777,0.99777,0.99777,0.99777,0.99777,0.99777,0.99777,0.99777,0.99777,0.99777
0.018045,3.7779e-17,1.0032,1.0421,1.0421,1.0421,1.0421,1.0421,1.0421,1.0421,1.0421,1.0421,1.0421,1.0421,1.0421
0.00092696,0.028821,0.99959,0.99641,0.99641,0.99641,0.99641,0.99641,0.99641,0.99641,0.99641,0.99641,0.99641,0.99641,0.99641
9.0188e-17,3.3543e-07,5.9544,5.6021e+07,5.6021e+07,5.6021e+07,5.6021e+07,5.6021e+07,5.6021e+07,5.6021e+07,5.6021e+07,5.6021e+07,5.6021e+07,5.6021e+07,5.6021e+07
0.017104,3.2764e-17,5.0345,1.046e+07,1.046e+07,1.046e+07,1.046e+07,1.046e+07,1.046e+07,1.046e+07,1.046e+07,1.046e+07,1.046e+07,1.046e+07,1.046e+07
0.31431,2.8766e-07,0.94935,0.69343,0.69343,0.69343,0.69343,0.69343,0.69343,0.69343,0.69343,0.69343,0.69343,0.69343,0.69343
0.33249,0.047907,0.94423,0.69826,0.69826,0.69826,0.69826,0.69826,0.69826,0.69826,0.69826,0.69826,0.69826,0.69826,0.69826
0.14391,0.0097431,0.98963,0.92658,0.92658,0.92658,0.92658,0.92658,0.92658,0.92658,0.92658,0.92658,0.92658,0.92658,0.92658
0.11011,7.8715e-13,0.99583,0.97175,0.97175,0.97175,0.97175,0.97175,0.97175,0.97175,0.97175,0.97175,0.97175,0.97175,0.97175
1.2056e-17,1.6472e-05,4.4339,2.9365e+06,2.9365e+06,2.9365e+06,2.9365e+06,2.9365e+06,2.9365e+06,2.9365e+06,2.9365e+06,2.9365e+06,2.9365e+06,2.9365e+06,2.9365e+06
0.88933,0.000574,0.45843,0.7916,0.7916,0.7916,0.7916,0.7916,0.7916,0.7916,0.7916,0.7916,0.7916,0.7916,0.7916
2.9617e-10,1.1985e-14,7.1196,3.3463e+08,3.3463e+08,3.3463e+08,3.3463e+08,3.3463e+08,3.3463e+08,3.3463e+08,3.3463e+08,3.3463e+08,3.3463e+08,3.3463e+08,3.3463e+08
0.032985,0.64805,0.81521,0.16027,0.16027,0.16027,0.16027,0.16027,0.16027,0.16027,0.16027,0.16027,0.16027,0.16027,0.16027
1.0282e-13,4.2633e-08,5.9498,5.5598e+07,5.5598e+07,5.5598e+07,5.5598e+07,5.5598e+07,5.5598e+07,5.5598e+07,5.5598e+07,5.5598e+07,5.5598e+07,5.5598e+07,5.5598e+07
0.20689,0.044124,0.97888,0.85236,0.85236,0.85236,0.85236,0.85236,0.85236,0.85236,0.85236,0.85236,0.85236,0.85236,0.85236
0.45609,4.3606e-05,0.89448,0.53902,0.53902,0.53902,0.53902,0.53902,0.53902,0.53902,0.53902,0.53902,0.53902,0.53902,0.53902
0.064108,0.15318,0.98707,0.88891,0.88891,0.88891,0.88891,0.88891,0.88891,0.88891,0.88891,0.88891,0.88891,0.88891,0.88891
0.69979,4.8743e-08,0.7144,0.52435,0.52435,0.52435,0.52435,0.52435,0.52435,0.52435,0.52435,0.52435,0.52435,0.52435,0.52435
0.54092,3.0824e-05,0.84108,0.46976,0.46976,0.46976,0.46976,0.46976,0.46976,0.46976,0.46976,0.46976,0.46976,0.46976,0.46976
0.99964,0.0055846,0.028499,1.0021,1.0021,1.0021,1.0021,1.0021,1.0021,1.0021,1.0021,1.0021,1.0021,1.0021,1.0021
0.00052587,0.7656,0.75977,0.13355,0.13355,0.13355,0.13355,0.13355,0.13355,0.13355,0.13355,0.13355,0.13355,0.13355,0.13355
0.50535,0.00080782,0.86293,0.48436,0.48436,0.48436,0.48436,0.48436,0.48436,0.48436,0.48436,0.48436,0.48436,0.48436,0.48436
2.4957e-20,1.6474e-05,5.9278,5.3571e+07,5.3571e+07,5.3571e+07,5.3571e+07,5.3571e+07,5.3571e+07,5.3571e+07,5.3571e+07,5.3571e+07,5.3571e+07,5.3571e+07,5.3571e+07
0.3408,7.5371e-05,0.94024,0.65616,0.65616,0.65616,0.65616,0.65616,0.65616,0.65616,0.65616,0.65616,0.65616,0.65616,0.65616
0.058069,0.18207,0.98265,0.85203,0.85203,0.85203,0.85203,0.85203,0.85203,0.85203,0.85203,0.85203,0.85203,0.85203,0.85203
0.054515,0.16436,0.98675,0.88595,0.88595,0.88595,0.88595,0.88595,0.88595,0.88595,0.88595,0.88595,0.88595,0.88595,0.88595
0.381,5.3797e-07,0.92469,0.60219,0.60219,0.60219,0.60219,0.60219,0.60219,0.60219,0.60219,0.60219,0.60219,0.60219,0.60219
0.28231,0.015965,0.95928,0.73998,0.73998,0.73998,0.73998,0.73998,0.73998,0.73998,0.73998,0.73998,0.73998,0.73998,0.73998
1.0256e-13,4.1812e-08,5.9541,5.5995e+07,5.5995e+07,5.5995e+07,5.5995e+07,5.5995e+07,5.5995e+07,5.5995e+07,5.5995e+07,5.5995e+07,5.5995e+07,5.5995e+07,5.5995e+07
0.037733,3.988e-06,0.99929,0.99436,0.99436,0.99436,0.99436,0.99436,0.99436,0.99436,0.99436,0.99436,0.99436,0.99436,0.99436
0.1287,0.0056825,0.99168,0.93642,0.93642,0.93642,0.93642,0.93642,0.93642,0.93642,0.93642,0.93642,0.93642,0.93642,0.93642
0.1236,0.00011743,0.99351,0.95232,0.95232,0.95232,0.95232,0.95232,0.95232,0.95232,0.95232,0.95232,0.95232,0.95232,0.95232
0.89936,0.00056797,0.4385,0.8094,0.8094,0.8094,0.8094,0.8094,0.8094,0.8094,0.8094,0.8094,0.8094,0.8094,0.8094
0.17214,3.6533e-06,0.98639,0.90544,0.90544,0.90544,0.90544,0.90544,0.90544,0.90544,0.90544,0.90544,0.90544,0.90544,0.90544
0.21669,0.078879,0.97576,0.84755,0.84755,0.84755,0.84755,0.84755,0.84755,0.84755,0.84755,0.84755,0.84755,0.84755,0.84755
1.2056e-17,1.6472e-05,4.4339,2.9365e+06,2.9365e+06,2.9365e+06,2.9365e+06,2.9365e+06,2.9365e+06,2.9365e+06,2.9365e+06,2.9365e+06,2.9365e+06,2.9365e+06,2.9365e+06
1.4937e-10,5.123e-14,7.0497,3.0321e+08,3.0321e+08,3.0321e+08,3.0321e+08,3.0321e+08,3.0321e+08,3.0321e+08,3.0321e+08,3.0321e+08,3.0321e+08,3.0321e+08,3.0321e+08
0.0071397,0.04458,0.99902,0.99336,0.99336,0.99336,0.99336,0.99336,0.99336,0.99336,0.99336,0.99336,0.99336,0.99336,0.99336
1.0217e-13,4.3577e-08,7.2788,4.1743e+08,4.1743e+08,4.1743e+08,4.1743e+08,4.1743e+08,4.1743e+08,4.1743e+08,4.1743e+08,4.1743e+08,4.1743e+08,4.1743e+08,4.1743e+08
0.66144,0.1282,0.75806,0.56427,0.56427,0.56427,0.56427,0.56427,0.56427,0.56427,0.56427,0.56427,0.56427,0.56427,0.56427
1.4048e-17,1.6103e-05,4.1408,1.482e+06,1.482e+06,1.482e+06,1.482e+06,1.482e+06,1.482e+06,1.482e+06,1.482e+06,1.482e+06,1.482e+06,1.482e+06,1.482e+06
0.056639,3.2764e-17,5.0039,9.8428e+06,9.8428e+06,9.8428e+06,9.8428e+06,9.8428e+06,9.8428e+06,9.8428e+06,9.8428e+06,9.8428e+06,9.8428e+06,9.8428e+06,9.8428e+06
0.0025882,0.025393,0.99974,0.9975,0.9975,0.9975,0.9975,0.9975,0.9975,0.9975,0.9975,0.9975,0.9975,0.9975,0.9975
0.21878,0.062698,0.97576,0.83318,0.83318,0.83318,0.83318,0.83318,0.83318,0.83318,0.83318,0.83318,0.83318,0.83318,0.83318
0.58075,7.7263e-05,0.8141,0.46518,0.46518,0.46518,0.46518,0.46518,0.46518,0.46518,0.46518,0.46518,0.46518,0.46518,0.46518
0.3268,0.11912,0.94542,0.69776,0.69776,0.69776,0.69776,0.69776,0.69776,0.69776,0.69776,0.69776,0.69776,0.69776,0.69776
0.69777,1.1526e-05,0.72189,0.52634,0.52634,0.52634,0.52634,0.52634,0.52634,0.52634,0.52634,0.52634,0.52634,0.52634,0.52634
0.2433,1.0479e-05,0.97185,0.81469,0.81469,0.81469,0.81469,0.81469,0.81469,0.81469,0.81469,0.81469,0.81469,0.81469,0.81469
2.4957e-20,1.6474e-05,5.9278,5.3571e+07,5.3571e+07,5.3571e+07,5.3571e+07,5.3571e+07,5.3571e+07,5.3571e+07,5.3571e+07,5.3571e+07,5.3571e+07,5.3571e+07,5.3571e+07
1.337e-13,1.268e-10,5.9498,5.5598e+07,5.5598e+07,5.5598e+07,5.5598e+07,5.5598e+07,5.5598e+07,5.5598e+07,5.5598e+07,5.5598e+07,5.5598e+07,5.5598e+07,5.5598e+07
0.021521,0.13055,0.99453,0.95636,0.95636,0.95636,0.95636,0.95636,0.95636,0.95636,0.95636,0.95636,0.95636,0.95636,0.95636
0.20424,0.016327,0.97897,0.85839,0.85839,0.85839,0.85839,0.85839,0.85839,0.85839,0.85839,0.85839,0.85839,0.85839,0.85839
0.036095,0.011279,0.99935,1.0005,1.0005,1.0005,1.0005,1.0005,1.0005,1.0005,1.0005,1.0005,1.0005,1.0005,1.0005
0.29513,0.16376,0.95169,0.72226,0.72226,0.72226,0.72226,0.72226,0.72226,0.72226,0.72226,0.72226,0.72226,0.72226,0.72226
0.1302,0.093768,0.9915,0.982,0.982,0.982,0.982,0.982,0.982,0.982,0.982,0.982,0.982,0.982,0.982
0.41472,2.709e-12,0.91287,0.57388,0.57388,0.57388,0.57388,0.57388,0.57388,0.57388,0.57388,0.57388,0.57388,0.57388,0.57388
0.02647,0.67317,0.75645,0.089909,0.089909,0.089909,0.089909,0.089909,0.089909,0.089909,0.089909,0.089909,0.089909,0.089909,0.089909
1.0434e-13,4.0391e-08,7.287,4.2219e+08,4.2219e+08,4.2219e+08,4.2219e+08,4.2219e+08,4.2219e+08,4.2219e+08,4.2219e+08,4.2219e+08,4.2219e+08,4.2219e+08,4.2219e+08
0.2167,0.072614,0.97575,0.84433,0.84433,0.84433,0.84433,0.84433,0.84433,0.84433,0.84433,0.84433,0.84433,0.84433,0.84433
2.2007e-14,3.3393e-07,4.516,3.5279e+06,3.5279e+06,3.5279e+06,3.5279e+06,3.5279e+06,3.5279e+06,3.5279e+06,3.5279e+06,3.5279e+06,3.5279e+06,3.5279e+06,3.5279e+06
0.2183,5.2689e-06,0.97588,0.83105,0.83105,0.83105,0.83105,0.83105,0.83105,0.83105,0.83105,0.83105,0.83105,0.83105,0.83105
0.1335,1.1985e-14,0.99316,0.95984,0.95984,0.95984,0.95984,0.95984,0.95984,0.95984,0.95984,0.95984,0.95984,0.95984,0.95984
0.32477,0.017676,0.9458,0.68707,0.68707,0.68707,0.68707,0.68707,0.68707,0.68707,0.68707,0.68707,0.68707,0.68707,0.68707
0.089616,0.0018329,0.99626,0.97194,0.97194,0.97194,0.97194,0.97194,0.97194,0.97194,0.97194,0.97194,0.97194,0.97194,0.97194
0.085036,0.028234,0.99619,0.97011,0.97011,0.97011,0.97011,0.97011,0.97011,0.97011,0.97011,0.97011,0.97011,0.97011,0.97011
0.05895,0.62839,0.77809,0.12389,0.12389,0.12389,0.12389,0.12389,0.12389,0.12389,0.12389,0.12389,0.12389,0.12389,0.12389
0.40568,9.1822e-13,0.91694,0.58473,0.58473,0.58473,0.58473,0.58473,0.58473,0.58473,0.58473,0.58473,0.58473,0.58473,0.58473
0.78049,0.99988,0.015647,1.9982,1.9982,1.9982,1.9982,1.9982,1.9982,1.9982,1.9982,1.9982,1.9982,1.9982,1.9982
0.23585,0.063624,0.9714,0.80729,0.80729,0.80729,0.80729,0.80729,0.80729,0.80729,0.80729,0.80729,0.80729,0.80729,0.80729
0.17304,0.00054466,0.98491,0.88897,0.88897,0.88897,0.88897,0.88897,0.88897,0.88897,0.88897,0.88897,0.88897,0.88897,0.88897
5.1995e-08,3.2764e-17,5.1497,1.3118e+07,1.3118e+07,1.3118e+07,1.3118e+07,1.3118e+07,1.3118e+07,1.3118e+07,1.3118e+07,1.3118e+07,1.3118e+07,1.3118e+07,1.3118e+07
0.82475,0.066795,0.5647,0.6885,0.6885,0.6885,0.6885,0.6885,0.6885,0.6885,0.6885,0.6885,0.6885,0.6885,0.6885
0.27355,0.047652,0.96155,0.75341,0.75341,0.75341,0.75341,0.75341,0.75341,0.75341,0.75341,0.75341,0.75341,0.75341,0.75341
0.096328,0.029963,0.99509,0.9619,0.9619,0.9619,0.9619,0.9619,0.9619,0.9619,0.9619,0.9619,0.9619,0.9619,0.9619
0.10916,8.2289e-08,0.99403,0.95376,0.95376,0.95376,0.95376,0.95376,0.95376,0.95376,0.95376,0.95376,0.95376,0.95376,0.95376
0.10173,0.61915,0.78586,0.15933,0.15933,0.15933,0.15933,0.15933,0.15933,0.15933,0.15933,0.15933,0.15933,0.15933,0.15933
0.042678,0.0067181,0.99909,0.99462,0.99462,0.99462,0.99462,0.99462,0.99462,0.99462,0.99462,0.99462,0.99462,0.99462,0.99462
0.79007,0.99979,0.022172,2.0171,2.0171,2.0171,2.0171,2.0171,2.0171,2.0171,2.0171,2.0171,2.0171,2.0171,2.0171
1.5099e-18,1.6267e-05,5.971,5.7605e+07,5.7605e+07,5.7605e+07,5.7605e+07,5.7605e+07,5.7605e+07,5.7605e+07,5.7605e+07,5.7605e+07,5.7605e+07,5.7605e+07,5.7605e+07
0.12726,0.63656,0.77123,0.16519,0.16519,0.16519,0.16519,0.16519,0.16519,0.16519,0.16519,0.16519,0.16519,0.16519,0.16519
0.30107,0.031834,0.9564,0.73278,0.73278,0.73278,0.73278,0.73278,0.73278,0.73278,0.73278,0.73278,0.73278,0.73278,0.73278
1.3821e-10,5.123e-14,8.0336,1.1197e+09,1.1197e+09,1.1197e+09,1.1197e+09,1.1197e+09,1.1197e+09,1.1197e+09,1.1197e+09,1.1197e+09,1.1197e+09,1.1197e+09,1.1197e+09
0.056836,3.2764e-17,5.0039,9.8426e+06,9.8426e+06,9.8426e+06,9.8426e+06,9.8426e+06,9.8426e+06,9.8426e+06,9.8426e+06,9.8426e+06,9.8426e+06,9.8426e+06,9.8426e+06
0.016044,3.2764e-17,5.1081,1.2095e+07,1.2095e+07,1.2095e+07,1.2095e+07,1.2095e+07,1.2095e+07,1.2095e+07,1.2095e+07,1.2095e+07,1.2095e+07,1.2095e+07,1.2095e+07
0.18448,3.2764e-17,3.04,67409,67409,67409,67409,67409,67409,67409,67409,67409,67409,67409,67409
0.21558,1.8589e-07,0.97663,0.83589,0.83589,0.83589,0.83589,0.83589,0.83589,0.83589,0.83589,0.83589,0.83589,0.83589,0.83589
0.0016443,0.77119,0.6899,0.099138,0.099138,0.099138,0.099138,0.099138,0.099138,0.099138,0.099138,0.099138,0.099138,0.099138,0.099138
0.55871,1,0.00083851,1.5915,1.5915,1.5915,1.5915,1.5915,1.5915,1.5915,1.5915,1.5915,1.5915,1.5915,1.5915
2.2007e-14,3.3393e-07,6.195,8.3257e+07,8.3257e+07,8.3257e+07,8.3257e+07,8.3257e+07,8.3257e+07,8.3257e+07,8.3257e+07,8.3257e+07,8.3257e+07,8.3257e+07,8.3257e+07
1.0434e-13,4.0391e-08,7.287,4.2218e+08,4.2218e+08,4.2218e+08,4.2218e+08,4.2218e+08,4.2218e+08,4.2218e+08,4.2218e+08,4.2218e+08,4.2218e+08,4.2218e+08,4.2218e+08
0.093602,1.548e-10,0.99565,0.96613,0.96613,0.96613,0.96613,0.96613,0.96613,0.96613,0.96613,0.96613,0.96613,0.96613,0.96613
5.0726e-14,1.3387e-07,7.2788,4.1743e+08,4.1743e+08,4.1743e+08,4.1743e+08,4.1743e+08,4.1743e+08,4.1743e+08,4.1743e+08,4.1743e+08,4.1743e+08,4.1743e+08,4.1743e+08
1.5099e-18,1.6272e-05,5.06,1.1003e+07,1.1003e+07,1.1003e+07,1.1003e+07,1.1003e+07,1.1003e+07,1.1003e+07,1.1003e+07,1.1003e+07,1.1003e+07,1.1003e+07,1.1003e+07
0.5768,0.64232,0.76656,0.7031,0.7031,0.7031,0.7031,0.7031,0.7031,0.7031,0.7031,0.7031,0.7031,0.7031,0.7031
4.2043e-11,0.0039535,1,1.0023,1.0023,1.0023,1.0023,1.0023,1.0023,1.0023,1.0023,1.0023,1.0023,1.0023,1.0023
0.25224,3.8656e-06,0.96848,0.79108,0.79108,0.79108,0.79108,0.79108,0.79108,0.79108,0.79108,0.79108,0.79108,0.79108,0.79108
0.080166,0.059639,0.99683,1.005,1.005,1.005,1.005,1.005,1.005,1.005,1.005,1.005,1.005,1.005,1.005
0.11718,0.03149,0.99371,0.95284,0.95284,0.95284,0.95284,0.95284,0.95284,0.95284,0.95284,0.95284,0.95284,0.95284,0.95284
0.42131,0.10651,0.90703,0.60237,0.60237,0.60237,0.60237,0.60237,0.60237,0.60237,0.60237,0.60237,0.60237,0.60237,0.60237
0.51234,0.0043107,0.8588,0.48289,0.48289,0.48289,0.48289,0.48289,0.48289,0.48289,0.48289,0.48289,0.48289,0.48289,0.48289
8.3137e-05,5.2457e-14,5.0729,1.1286e+07,1.1286e+07,1.1286e+07,1.1286e+07,1.1286e+07,1.1286e+07,1.1286e+07,1.1286e+07,1.1286e+07,1.1286e+07,1.1286e+07,1.1286e+07
3.3318e-08,3.2348e-17,7.967,1.0302e+09,1.0302e+09,1.0302e+09,1.0302e+09,1.0302e+09,1.0302e+09,1.0302e+09,1.0302e+09,1.0302e+09,1.0302e+09,1.0302e+09,1.0302e+09
0.42663,0.29816,0.90454,0.69773,0.69773,0.69773,0.69773,0.69773,0.69773,0.69773,0.69773,0.69773,0.69773,0.69773,0.69773
1.0217e-13,4.3577e-08,4.4197,2.8441e+06,2.8441e+06,2.8441e+06,2.8441e+06,2.8441e+06,2.8441e+06,2.8441e+06,2.8441e+06,2.8441e+06,2.8441e+06,2.8441e+06,2.8441e+06
0.023188,0.15798,0.98839,0.90216,0.90216,0.90216,0.90216,0.90216,0.90216,0.90216,0.90216,0.90216,0.90216,0.90216,0.90216
0.0026135,1.0141e-17,5.5851,2.9534e+07,2.9534e+07,2.9534e+07,2.9534e+07,2.9534e+07,2.9534e+07,2.9534e+07,2.9534e+07,2.9534e+07,2.9534e+07,2.9534e+07,2.9534e+07
0.0026135,3.2764e-17,5.1497,1.3118e+07,1.3118e+07,1.3118e+07,1.3118e+07,1.3118e+07,1.3118e+07,1.3118e+07,1.3118e+07,1.3118e+07,1.3118e+07,1.3118e+07,1.3118e+07
0.44452,3.7499e-06,0.90372,0.56096,0.56096,0.56096,0.56096,0.56096,0.56096,0.56096,0.56096,0.56096,0.56096,0.56096,0.56096
9.0188e-17,3.3476e-07,8.0865,1.1957e+09,1.1957e+09,1.1957e+09,1.1957e+09,1.1957e+09,1.1957e+09,1.1957e+09,1.1957e+09,1.1957e+09,1.1957e+09,1.1957e+09,1.1957e+09
0.077284,3.505e-05,0.99701,0.97649,0.97649,0.97649,0.97649,0.97649,0.97649,0.97649,0.97649,0.97649,0.97649,0.97649,0.97649
0.17944,4.677e-09,0.98579,0.90406,0.90406,0.90406,0.90406,0.90406,0.90406,0.90406,0.90406,0.90406,0.90406,0.90406,0.90406
1.0282e-13,4.2633e-08,5.9498,5.5598e+07,5.5598e+07,5.5598e+07,5.5598e+07,5.5598e+07,5.5598e+07,5.5598e+07,5.5598e+07,5.5598e+07,5.5598e+07,5.5598e+07,5.5598e+07
0.34134,0.30543,0.93233,0.69114,0.69114,0.69114,0.69114,0.69114,0.69114,0.69114,0.69114,0.69114,0.69114,0.69114,0.69114
0.0053674,0.083696,0.99659,0.96914,0.96914,0.96914,0.96914,0.96914,0.96914,0.96914,0.96914,0.96914,0.96914,0.96914,0.96914
0.0025896,0.025393,0.99974,0.9975,0.9975,0.9975,0.9975,0.9975,0.9975,0.9975,0.9975,0.9975,0.9975,0.9975,0.9975
