1.4295e-13,2.7254e-58,4.9064e-30,3.3363e-66,2.8899e-42,1.5331e-48,1.2094e-16,1.0039e-91,9.1328,1.0024e-23
1088.4,1.3865e-72,4.5468e-08,4.0693e-92,9.9335e-15,2.6741e-66,7.7295e-17,4.2203e-63,1.5546e-22,1.5965e-222
3.8241e-30,3.1226e-14,1.3186e-15,6.3734e-16,64.183,4.6399e-211,1.2724e-114,8.484e-95,3.5633e-99,1.2376e-43
1.7437e-15,2.5951e-20,5.4403e-16,7.7002e-15,7.1029e-16,32.001,1.5505e-229,1.5008e-135,1.808e-43,3.7016e-49
613.18,341.23,42.606,3.1357,1.3534e-47,3.4827e-66,1.6833e-05,1.454e-57,1.6447,1.0967e-38
7.3532e-16,3.1691e-14,1.3112e-129,129.4,1.1366e-11,1.0721e-07,1.8615e-14,1.1763e-102,2.1529e-93,5.4628e-19
6.2705e-14,2.5026e-38,256.01,2.6594e-74,6.5952e-50,0,6.5691e-144,4.1059e-119,7.4963e-89,1.9848e-114
9.7206e-33,7.9375e-17,2.5598e-15,7.2317e-15,1.3467e-15,1.3619e-16,16.007,2.5582e-114,6.1277e-67,3.3917e-78
3.7302e-15,1.1444e-14,1.5807e-15,1.5237e-15,3.6143e-16,3.5213e-24,9.4438e-217,1.6194e-66,2.2011e-16,2.0009
7.9096e-15,6.374e-15,7.3667e-16,5.4727e-16,1.1244e-15,8.5443e-20,7.801e-17,4.3124e-16,3.8533,0.53674
557.67,211.94,2.4274,5.1149e-30,3.1142e-08,0.071082,9.8534e-65,5.0222e-135,2.9175,1.4046e-40
6.317e-14,515.82,4.806e-87,9.5345e-22,2.1504e-09,2.2431e-11,1.1903e-56,2.8557e-103,1.5451e-52,2.4787e-88
714.25,366.82,4.5118e-07,0.0044908,2.0008e-35,6.0582e-46,1.459e-05,1.3187e-132,0.077675,8.1753e-85
655.94,64.035,2.5092,0.37431,6.7639e-07,9.0834e-126,6.5335e-69,1.9465e-81,3.0304,9.1592e-209
6.5785e-17,5.7569e-17,2.2913e-17,5.0852e-16,2.0361e-16,5.3928e-16,4.9492e-23,3.3136e-121,1.15,1.9156
376.11,0.70584,1.2839e-123,3.9963e-29,0.00010101,1.0219e-09,8.6842e-07,1.798e-139,3.7205,7.0389e-145
12.079,417.96,56.388,0.017752,1.4322e-12,3.2203e-38,1.0304e-187,1.4011e-218,2.1366,2.2207e-78
9.4907e-65,3.4364e-63,2.8063e-47,2.2915e-31,2.1082e-31,4.129e-33,9.8024e-16,8.0042,3.1339e-51,1.4481e-82
18.177,14.625,1.6867,0.00046379,6.1346e-17,4.1553e-50,7.2788e-128,2.8643e-58,3.9994,0.00046674
38.386,487.54,2.2158e-24,1.0173e-28,8.723e-06,2.4035e-68,1.5272e-05,2.0771e-78,1.2126,5.7796e-76
2.4643,512.25,3.4,6.366,6.1533e-35,1.401e-43,3.3671e-09,2.2461e-162,1.9264e-61,4.1485e-37
1.5357e-31,5.9901e-34,3.6004e-31,2.9566e-15,8.1408e-21,12.071,10.644,7.8492e-80,2.5772,5.388e-64
941.4,5.7898e-25,2.0763e-29,0.26,7.6763e-05,1.0857e-75,1.4471e-113,4.4458e-54,1.574,3.2802e-105
187.94,100.65,77.691,0.0064033,1.7898e-15,5.2385e-51,8.6126e-127,6.4644e-64,3.6586,8.6097e-46
148,112.02,1.3981e-118,6.3139e-26,6.4911e-10,1.3309e-60,2.7657e-108,1.3627e-135,1.8861,1.684
3.323,35.002,33.422,23.031,7.0486,2.8575,2.8087e-112,2.7511e-111,3.852,1.3306e-122
922.93,222.08,0.27399,0.0041066,9.0997e-33,0.00066883,7.37e-87,7.6596e-199,0.074407,4.7949e-44
552.88,3.5318e-07,1.6871e-106,0.11945,5.5306e-11,8.7595e-67,1.1689e-109,4.7703e-135,0.0022231,1.6878
9.3451,17.022,10.653,5.3495,0.029298,9.656e-52,0.0015287,3.924e-166,3.9908,1.4944e-54
8.6601e-06,2.5078e-05,0.0049371,0.049597,2.1328,4.5876e-08,9.432e-136,8.4341e-115,4.0005,1.8242e-120
14.356,284.32,118.24,2.2687e-33,2.9639e-12,3.3845e-133,1.4643e-71,1.7239e-132,2.766,3.0537e-83
88.44,29.004,2.1802e-144,18.317,1.0102e-11,1.5489e-08,4.5542e-144,4.6877e-146,3.9423,1.0871e-135
6.5296,11.894,8.8399,4.1679,2.8357,9.7887e-52,0.0013222,3.9779e-166,3.9905,1.4944e-54
9.181e-36,5.6951e-32,0,1.3951e-32,2.7461e-32,2.3855e-16,1.9479,0.011204,3.9758,2.4085e-81
6.9965,6.2694,8.9273e-105,0.23041,1.1176,3.2751,0.3575,0.0001492,3.9805,8.2861e-68
3.2931e-18,6.0928e-21,4.5579e-19,3.7003e-16,3.0215,26.691,5.0051,5.044e-72,1.8423,1.7526e-48
65.285,33.397,0.087159,0.1332,4.8602e-12,5.5204e-43,3.1237e-142,0.37738,3.9797,1.1073e-73
3.7481e-17,8.428e-17,2.6116e-15,6.569e-17,3.5484e-16,6.0745,3.0315,1.4082e-100,3.855,8.1499e-82
0.85943,30.223,4.1351,13.984,5.565,4.6888,0.00074184,1.1521e-108,3.9344,1.2405e-22
9.5299e-06,0.016056,1.4945,0.54985,7.7159,1.0061e-35,4.3557e-98,1.934e-106,3.9811,1.208e-43
300.26,366.04,67.971,7.3134e-24,4.5625e-07,0.0014413,2.5927e-82,3.4319e-83,2.3103,5.923e-60
1.6048e-14,2.1861e-18,1.931e-128,1.0437e-16,16.402,9.9138e-33,2.8939,0.42609,3.8005,2.6844e-110
876.12,208.2,0.25949,0.0041928,0.00015379,0.00063344,2.408e-86,7.2542e-199,1.3002,4.8002e-44
126.03,125.34,44.382,0.085352,2.9465e-35,3.1857e-57,6.2287e-103,3.4724e-113,3.7851,1.343e-126
554.02,430.61,4.1447e-06,2.6696e-92,4.1836e-10,8.6928e-31,9.6333e-09,8.9186e-70,0.010984,5.4835e-61
661.92,1.4941,2.1191e-104,6.6983e-25,4.0715e-34,2.7422e-07,5.2339e-06,9.7823e-69,3.0521,1.1428e-57
36.957,66.607,39.183,20.042,1.5835e-12,2.4412e-76,0.0025087,1.4754e-91,3.8659,2.7736e-49
123.4,7.1332e-25,1.4499e-111,4.545e-24,0.0035786,0.0011583,8.8677e-74,2.6291e-51,3.9713,1.1385e-71
5.2011e-14,424.7,4.0906e-146,1.8862e-11,1.5272,0.0036656,4.5438e-07,1.2741e-54,2.3466,1.8771e-59
0.058666,8.4687,10.165,4.0289,8.1903e-07,5.9383e-41,1.2617e-09,3.1816e-91,4.0114,1.4487e-124
1.7905e-19,1.8353e-17,4.4233e-16,3.1915e-16,4.2152e-16,3.7895,1.9925e-151,0.62393,3.9596,1.5736e-128
0.00012915,7.8371,180.84,77.956,23.273,1.8384e-51,6.109e-188,4.954e-118,2.4805e-43,3.0196e-107
327.37,384.65,0.047242,1.1973e-15,4.5591e-07,0.00058388,3.595e-96,3.605e-84,2.3138,5.8362e-55
2.5045e-14,204.5,234.7,1.3462e-79,0.001543,0.00028231,1.1338e-49,3.6275e-52,3.7805e-69,1.2786e-127
1.5801e-16,2.2918e-16,7.8427e-15,64.048,55.595,2.0377e-06,2.2857e-05,7.3672e-104,7.0691e-68,1.8542e-47
11.256,105,13.017,10.791,4.7567e-09,0.00041892,1.1005e-14,7.8481e-51,3.9019,1.6219e-70
1.362e-16,1.3682e-14,1.4762e-15,57.148,42.367,1.7233e-16,4.8721e-188,2.8325e-107,2.4304,3.0261e-107
0.00096811,1.0313,41.565,2.0509e-75,1.6975e-52,0,8.745e-118,4.1523e-73,3.9471,1.6053e-114
0.16948,0.044338,4.9774e-05,0.0044985,0.040053,2.4464,5.353,5.3053e-235,3.7668,5.1717e-35
1.5756e-17,4.3066e-15,35.166,12.356,1.4021e-09,0.091474,2.2089e-07,7.0022e-63,3.9448,3.4454e-124
7.0201e-38,5.7323e-22,4.6808e-06,37.533,27.398,1.385e-49,9.835e-93,4.4424e-51,3.4194,5.257e-143
6.1636e-15,50.33,39.019,27.717,7.3335,2.4138e-29,2.2361e-15,6.3321e-164,3.8188,1.4117e-48
3.1455e-15,1.3585e-15,16.97,16.042,1.4011e-51,4.0488e-127,1.165e-56,7.9636e-109,3.9605,6.7372e-61
19.567,385.08,157.66,3.0533e-33,1.6303e-08,4.555e-133,8.5601e-71,5.6917e-130,0.93753,5.1603e-60
2.437e-14,199,123.32,78.233,24.072,6.5603e-77,3.3688e-81,6.5124e-90,1.2768,7.648e-46
0.20159,55.101,21.795,12.343,2.4747e-09,0.0068765,2.2063e-07,2.1207e-162,3.9641,1.3791e-119
1.1039e-05,0.000223,0.0060645,16.278,6.3504,1.557,5.6729e-140,6.909e-56,3.9502,1.1163e-71
7.8735e-17,1.4567e-19,1.0897e-17,1.1955e-16,0.98051,8.6129,1.6271,7.4182e-103,3.8468,8.2663e-82
2.3531e-14,3.6259e-15,100.53,117.73,8.5113e-06,1.0485e-07,1.1015e-87,3.6799e-88,5.8413e-05,5.0588e-47
1.3514e-30,1.1035e-14,90.109,85.181,4.2017e-12,3.0411e-124,6.5609e-59,9.7205e-110,2.6331,9.2095e-85
2.8826e-16,4.9714e-15,3.1035e-15,32.474,31.25,13.982,2.864,1.9859e-53,2.7948,1.4903e-110
634.81,24.368,6.0618e-109,6.3168e-25,1.4009e-12,3.5815e-78,3.7127e-10,1.1876e-95,3.1329,1.1913e-57
0.0013968,0.54322,2.4803,3.1224,19.249,11.351,5.2807,5.5273e-79,3.2864,8.7544e-68
272.79,40.798,42.773,4.0278e-45,1.9347e-06,4.0912e-53,3.5411e-88,2.6826e-112,3.784,6.6155e-44
0.00032899,21.785,128.34,62.515,0.73208,5.9224e-60,7.5467e-112,7.1401e-113,2.901,2.4048e-46
3.8698e-14,315.99,172.98,4.7462,1.7038e-08,2.5911,2.5837e-70,3.1315e-114,1.5873,3.7681e-79
11.269,223.18,92.814,58.122,2.9804e-12,3.4034e-133,4.2404e-90,1.7335e-132,2.7489,3.0536e-83
2.1808,1.7733,8.4122,1.1935e-111,37.435,20.755,7.821,1.8241e-34,2.3948e-10,5.4312e-45
0.0038142,19.405,51.089,0.61719,6.5679,0.15245,1.7667e-152,1.5842e-75,3.9649,4.2748e-53
362.68,371.81,134.66,0.25379,8.7612e-35,7.99e-55,1.8521e-102,1.0325e-112,1.0663,1.343e-126
5.5336e-14,451.85,120.43,0.091626,2.9439e-10,1.0829e-07,2.6026e-12,1.2044e-102,0.00020067,7.4495e-61
2.0233e-31,7.451e-34,1.032e-31,2.8946e-33,4.4124e-32,4.3011e-16,3.5121,0.94923,3.8736,6.4684e-113
0.010871,0.21402,179.72,85.573,6.8914,2.4361e-124,2.5537e-58,1.9728e-51,0.88598,6.7373e-61
9.1319e-15,9.0818e-15,83.004,0.085349,1.468e-38,3.1856e-57,3.9969e-05,1.5818e-113,3.785,4.9611e-126
1.2365e-16,2.7863e-15,2.6963e-16,4.8431e-16,1.0777e-15,6.4347e-20,6.0306e-17,3.3337e-16,2.9788,1.336
184.55,0.14297,68.89,1.9597,1.0755e-37,3.1857e-57,7.1164e-71,3.4724e-113,3.7851,1.343e-126
30.532,316.98,181.28,43.442,8.3291e-34,5.3183e-163,7.708e-143,3.8013e-202,0.040513,8.9568e-58
4.0644e-31,9.6313e-31,1.2243e-31,1.9023e-31,1.4824e-31,2.5284e-40,8.8606e-16,7.2353,1.7067,2.5836e-71
5.9071e-14,482.35,85.863,1.3462e-79,0.00193,0.00036179,1.4159e-64,4.5095e-52,3.7805e-69,1.2786e-127
279.33,144.38,82.812,13.868,7.3123e-35,3.0168e-43,6.0204e-85,1.2707e-204,3.4307,3.4613e-79
2.2957e-48,8.1036e-47,6.6178e-31,5.4038e-15,8.1574e-20,4.6495e-17,11.038,5.7967,3.1337e-51,5.6885e-58
0.054716,72.933,56.542,30.65,7.8722,2.7058e-29,2.7599e-15,1.1482e-99,3.729,1.2161e-48
1.0782e-14,88.041,11.383,0.0034764,15.103,1.0855e-85,5.0396e-161,3.4307e-53,3.8447,5.0374e-122
6.4396,1.7583,5.8744,1.0666,2.001,1.1338,4.5815e-12,7.699e-64,3.9947,3.9911e-38
7.225e-19,1.021e-23,9.2594e-16,6.6677e-15,54.577,16.718,6.9572e-107,4.7447e-254,0.00043898,1.2583e-55
995.2,8.9571,3.3977e-123,1.2635e-31,0.00014148,4.3514e-118,2.2982e-06,4.7582e-139,0.97479,1.3718e-142
6.8016e-33,9.8399e-33,3.1492e-31,2.5719e-15,2.488e-15,22.869,11.413,1.4193e-99,3.4856e-62,1.0399e-48
1.5659e-16,2.4823e-20,5.6786e-19,3.6072e-17,1.953e-17,1.5293e-15,1.5587e-16,2.9596e-105,3.1862,1.2093
2.7038e-14,220.78,133.59,85.561,19.629,6.9193e-77,3.5531e-81,3.3184e-90,0.12151,3.266e-47
1.0455e-19,1.0844e-16,3.07e-17,3.3007e-16,2.7072,29.977,5.6897,1.6179e-102,5.8537e-60,1.4127e-81
2.1582,4.7102,72.098,1.7658,7.3005,8.1578e-38,1.8643e-118,5.3309e-162,3.8141,8.5024e-55
1.5417e-32,1.4778e-31,4.0344e-32,3.9762e-31,6.9206e-32,1.7275e-15,14.106,3.8137,0.012679,7.7124e-58
0.025,7.1763,18.894,19.179,9.5222,0.12684,1.7393e-152,1.5597e-75,3.9035,1.512e-49
2.9441e-31,2.404e-15,6.8058e-16,7.3172e-15,60.015,1.2456e-44,5.6897,3.4526e-102,5.8537e-60,1.4127e-81
53.712,137.83,44.424,0.085432,2.9493e-35,3.1887e-57,1.4452e-106,3.4757e-113,3.7887,1.3443e-126
13.548,140.43,55.534,6.2375,7.8777,4.9608e-87,3.5366e-107,2.4762e-107,3.7095,6.4575e-56
16.72,58.757,41.034,24.651,1.7972,5.7039e-56,4.426e-112,2.2961e-112,3.8962,4.3785e-119
6.3581e-33,5.1918e-17,2.5403e-16,1.155e-16,1.6747e-15,13.693,1.1257e-05,1.582e-35,3.6208,8.2594e-49
0.18064,0.38856,1.4666,1.2649,0.63922,1.4042,0.11125,2.3371e-253,4.0101,2.4946e-49
1.1588,424.58,116.98,0.092949,3.5093e-15,8.8705e-08,2.4498e-109,0.0013565,1.294,1.2114e-55
3.9987,0.40102,183.46,89.273,8.8563e-06,1.5494e-30,1.4097e-111,6.5706e-114,9.3054e-05,6.2656e-33
8.3018e-05,0.01077,0.31307,0.37429,15.406,8.5285,3.7846,1.2968e-36,3.6292,8.619e-44
7.5996e-22,1.7812e-19,3.7518e-18,3.5989e-16,2.0511e-16,5.4624e-97,1.114,1.2956e-143,3.9957,1.0511e-68
1.0452e-14,85.346,53.057,33.617,26.385,5.4173e-74,1.049e-10,1.1265e-120,3.3235,2.4618e-75
6.6253e-18,0.0541,0.013072,0.011204,0.0052638,21.702,9.8838,7.667e-134,1.6357,2.4328e-107
562.2,3.2499e-24,6.6058e-111,6.0684e-23,6.0052,0.0014886,4.0987e-73,1.2152e-50,3.3968,1.1561e-71
6.4838,1.2759e-06,87.733,55.479,31.607,1.9644e-39,4.1629e-130,1.0044e-54,2.695,4.2944e-59
1.6918e-14,138.14,77.943,0.006424,2.5548e-15,9.9449e-49,5.7808e-147,6.4854e-64,3.6705,9.565e-47
0.1154,1.0807,0.1238,8.4776,2.5324,1.8813,8.6276,1.3505e-120,3.3469,1.1844e-103
7.8213e-05,0.00020955,0.00015916,68.353,29.984,1.1547e-131,6.8416e-13,1.375e-59,2.8267,5.689e-82
1.6708e-05,8.7443,40.79,25.898,24.492,2.6735e-52,2.8165e-188,2.5986e-117,3.6239,2.372e-107
2.7212e-31,2.222e-15,1.0057e-14,82.624,36.289,0.24791,6.0885e-90,3.6241e-58,2.0647,2.8409e-67
1.4917e-30,1.2181e-14,99.465,49.108,7.3651,7.194e-79,9.0601e-109,2.671e-115,3.334,7.6712e-46
0.48337,0.12336,0.00014122,0.012763,0.11364,6.9409,1.2114e-135,3.3532e-235,3.924,5.1841e-35
7.3119e-15,1.2462e-14,2.7481e-89,4.7156e-38,9.0598e-16,15.18,14.085,1.6289e-50,0.0022521,4.3227e-74
1.2405e-17,0.1013,7.0263,11.07,1.3459,3.4482,1.2503,9.0022e-110,3.947,1.6808e-67
3.8393e-14,313.5,205.28,3.1471e-73,2.1535e-09,5.2277e-173,1.192e-56,1.6508e-103,1.5473e-52,2.9973e-113
384.89,237.76,34.739,4.4238e-23,3.0985e-08,0.00058875,0.10533,1.7072e-87,3.1646,1.9042e-81
0.00039043,0.040021,1.0899,2.6177,2.9025,4.7617,1.6368e-137,3.3555e-74,3.9505,2.9478e-128
9.6987e-16,5.1308e-16,5.7648,45.511,21.47,12.319,0.46799,1.7024e-100,3.1339,4.2058e-48
1.871e-18,5.2604e-24,2.4823e-239,2.5982e-17,2.7196e-16,1.4769e-15,12.111,6.8989e-77,2.6192,1.6778e-102
0.76224,3.4684,95.093,67.854,36.2,5.7236e-65,1.9916e-07,8.3044e-74,2.1002,8.4297e-67
0.88924,2.5751,13.631,87.055,43.876,3.0828e-160,1.7377e-93,2.4661e-111,1.056,1.2206e-46
1.1063e-14,90.334,3.7243e-144,2.2827e-31,1.01e-11,1.8835e-08,9.0999e-152,1.0319e-146,3.9412,5.3799e-17
5.9498e-16,3.2082e-16,2.3993e-15,8.9859e-16,1.7685e-29,6.1359,11.792,5.2108e-57,2.6517,4.4531e-48
4.9745,27.714,6.7171,5.7948,2.7729,7.962,1.1762e-86,2.3175e-115,3.8706,8.7341e-106
1.9842e-31,1.6202e-15,7.3336e-15,60.247,19.803,0.16253,1.8822e-94,3.0362e-54,3.3264,2.8468e-67
1.3685e-49,1.1174e-33,3.0932e-34,2.5112e-31,2.0505e-15,16.744,3.1348,8.4112e-71,3.3233,7.5532e-49
2.9537e-35,3.0278e-33,7.2972e-32,5.265e-32,6.9538e-32,6.2516e-16,1.0877e-137,2.5524,3.791,1.5736e-128
3.3888,7.6513,253.54,6.1533,9.3768,0.0003744,1.0129e-48,1.1849e-106,0.054936,3.6061e-79
0.0016542,2.0343,16.989,66.992,23.019,1.4373e-89,0.0033127,1.4145e-91,3.1019,1.4857e-118
0.0062939,2.3381e-05,0.00011783,0.00064,21.343,30.169,1.2981e-06,1.8442e-121,1.515e-67,5.3429e-86
406.36,0.37178,204.64,1.4271e-11,0.00010138,5.4254e-06,0.14873,5.0383e-55,1.8265,4.3155e-59
138.5,137.8,91.655,77.394,41.264,7.1428e-90,1.1429e-107,0,0.00066172,8.5651e-56
9.3501e-16,2.2157e-15,2.8165e-16,2.2649e-15,1.0937e-15,1.6062e-16,6.6675,6.4215,1.7067,2.5836e-71
0.00014947,0.019391,2.469,25.171,8.7352,8.5622,3.7847,1.2969e-36,3.6293,8.6191e-44
220.13,55.328,33.615,22.209,0.013588,4.3612e-53,3.5412e-88,2.6436e-251,3.7841,6.6156e-44
15.027,0.00022366,4.6886,66.362,5.7806,27.214,1.551e-229,1.5248e-130,1.8086e-43,3.7029e-49
0.020192,10.625,169.96,0.064748,43.678,1.4234e-07,8.7177e-05,2.1673e-64,1.2424,7.3617e-46
50.765,3.4475e-06,187,36.868,2.4395e-33,2.3156e-93,3.087e-08,1.1686e-71,2.4713,9.2982e-82
0.10933,32.445,143.58,1.0142e-11,6.4115e-05,0.18615,0.094065,8.06e-79,3.3022,1.4731e-59
6.1557e-37,1.3786e-32,1.5077e-127,2.0667e-36,1.4211e-31,1.1605e-15,9.4763,8.793e-72,3.2234,1.5716e-70
0.040632,114.67,15.766,1.2047,5.5219e-08,0.0018856,9.3589e-72,2.1742e-90,3.8906,3.7629e-79
420.94,40.67,148.21,89.039,4.815,2.0555e-55,1.4131e-111,9.9189e-114,0.0001095,4.3232e-119
0.0022811,1.2003,19.2,9.8627,7.0725,0.36171,1.4154e-05,3.5188e-65,3.958,1.6565e-46
5.5894e-19,1.7451e-21,1.4372e-17,6.8925e-15,1.5042e-15,5.3442e-16,1.2119e-27,3.6501e-84,3.9901,0.142
9.5261e-17,7.3147e-17,0.71276,13.566,64.108,1.3866e-06,8.8122e-107,1.5351e-113,1.3918e-60,1.1954e-223
2.9617e-15,3.0867e-14,2.8398e-187,126.17,9.547,1.1976e-62,0.056924,1.917e-73,0.49124,4.3441e-96
2.0444e-16,3.279e-15,26.788,1.8974,63.906,1.2285e-06,8.7845e-107,1.6866e-114,1.3874e-60,2.3749e-210
4.8161e-05,1.3541e-10,6.3897e-226,0.00066882,0.86689,4.7023,9.1872,5.4035e-77,3.2223,2.1074e-103
0.38768,0.10142,0.00011386,0.045151,0.11676,7.1315,15.604,4.4216e-143,0.24461,5.1717e-35
0.057015,8.668e-08,0.2285,19.161,18.567,29.626,1.9154e-11,1.4083e-62,1.1483,2.3311e-44
1.1958e-14,1.9914e-14,1.2862e-106,2.6461e-15,2.4596e-15,31.153,1.5809e-153,1.7836e-112,0.92303,4.4581e-189
1.5389e-14,1.1841e-14,8.8116e-15,92.201,6.6157e-10,7.242e-64,2.7167e-111,1.9729e-53,2.7827,2.249e-120
0.78998,5.0136,30.904,14.94,53.345,6.0139,2.4848e-111,3.8915e-126,2.0643,4.1228e-119
4.7808e-14,390.38,104.05,64.447,3.1649e-10,1.0829e-07,2.6025e-12,1.2044e-102,0.00016178,1.3161e-195
3.0806,63.02,22.558,12.974,4.839e-12,5.0504e-136,2.5577e-71,0,3.9332,9.7538e-44
15.62,5.6251e-06,206.53,1.8147e-89,1.1512,2.017e-65,1.7156,2.0167e-58,2.3335,1.0984e-38
0.00015766,0.016162,0.44013,1.0571,1.2416,2.2092,7.5296e-138,1.5436e-74,3.9901,6.5671e-67
103.51,54.845,75.014,53.002,7.6098e-13,3.0594e-52,3.223e-188,3.8941e-65,3.4698,2.8363e-46
1.1782,7.6282,29.896,35.265,19.269,15.628,12.166,3.2964e-99,0.2975,8.8789e-49
43.393,452.24,3.195e-156,3.2182,9.4129,4.6387,2.4771e-88,1.949e-88,1.6774,9.8013e-100
2.1421e-14,2.1483e-15,7.568e-16,2.5446e-15,30.636,14.016,2.3037e-110,3.3445e-107,3.0595,1.5117e-45
1.8329e-20,3.0585e-17,1.8205e-15,14.866,6.8955,3.158e-08,1.1821e-180,3.0322e-84,4.0432,5.8585e-113
1.7315e-31,1.4138e-15,0,5.7725,59.46,4.1617,5.2833,6.8187e-88,0.48292,3.2202e-248
527.71,0.0010053,0.047327,4.6127e-24,1.6768e-06,0.001239,3.2816e-73,6.0541e-78,3.4334,2.3377e-120
1.2869,0.9922,82.027,3.3476e-101,4.753,12.177,5.3132,2.7666e-111,3.1922,1.6809e-67
2.1557e-14,3.3877e-23,1.3406e-15,2.0831e-15,1.6233e-15,2.0994e-24,1.7948e-171,4.8513,3.1806,3.4248e-45
592.79,6.5162,5.6454e-109,5.8829e-25,1.0748e-12,3.3355e-78,3.6239,2.2025e-95,3.1329,1.4338e-57
23.714,19.114,149.86,64.742,24.498,1.3391e-30,2.8942e-111,1.4409e-121,2.0124,3.8373e-43
307.69,47.412,1.7017e-175,5.9718e-50,4.9444e-06,3.2963e-08,5.4704e-95,1.1569e-88,3.7972,7.4347e-47
0.011249,1.7617,41.129,49.175,1.1957e-12,0,1.6027,1.2155e-36,3.6146,8.5843e-44
4.1067e-16,5.193e-16,2.6374e-15,3.5967e-17,10.832,28.941,0.015439,1.6666e-103,1.5895,1.6233e-38
12.066,10.812,1.5728e-92,18.473,7.8073,3.798,2.6058,0.0097758,3.8554,9.664e-44
306.03,9.7062e-05,169.53,38.892,9.5064e-35,0.11576,3.09e-08,1.1698e-71,2.4719,1.6665e-72
1.7318e-30,1.4141e-14,1.832e-15,3.5783e-15,2.9302e-15,5.9149e-90,15.877,3.2228e-120,0.49629,2.4618e-75
0.10127,1.7159,22.294,121.43,19.915,6.1296e-87,0,3.7262e-90,0.073377,6.1525e-102
6.2214e-15,2.2188e-14,2.7549e-15,94.201,42.53,9.2427e-80,2.2279,1.7358e-78,1.7083e-71,3.1067e-37
1.6703e-15,1.9775e-15,1.439e-14,1.957e-16,58.937,6.7665e-32,0.015452,1.1799e-103,1.5909,1.6247e-38
1.1329,1.6433,50.532,59.71,56.117,4.2405e-06,2.3088e-05,2.4958e-37,7.1406e-68,2.4445e-47
156.52,121.08,3.0508e-73,5.2349e-22,10.058,11.92,14.628,1.6917e-50,0.0023389,4.4894e-74
3.9599e-17,2.4808e-16,5.2466e-15,42.854,41.828,22.429,0,7.9076e-126,1.513e-10,6.2156e-100
2.8675e-15,23.415,1.3253e-98,1.1732,36.718,2.5754,5.0321e-86,8.7901e-88,3.2646,1.6408e-83
2.0218,4.4125,62.87,1.7094,11.486,8.1651e-38,2.8881e-110,5.3357e-162,3.8176,8.5101e-55
241.03,0.23154,138.89,1.0837e-11,21.263,1.8283e-05,9.9272,1.2406e-55,1.6391,1.3286e-107
283.43,151.79,0.12544,0.00053143,1.4448e-15,3.1101e-81,1.2116e-108,1.9977e-65,3.6595,8.6118e-46
2.0164e-17,9.1122e-17,0.7486,112.37,18.231,0.95665,9.0478e-156,2.0737e-90,1.5492,4.6343e-73
8.9027e-17,1.5532e-16,1.3193,6.2093e-94,24.255,3.1711e-53,3.3635,1.2914e-111,3.6576,1.8267e-47
11.391,231.12,97.603,4.4941e-35,2.3672e-14,3.5928e-124,1.1979e-71,1.6125e-114,3.2305,8.0651e-76
205.18,0.76221,3.8413,19.884,13.831,30.169,0.015985,1.8442e-121,1.515e-67,1.9796e-88
2.3273e-19,0.0019004,0.13182,0.20768,1.6686,5.1165,0.0028033,8.9775e-110,3.9523,1.6829e-67
1.9312,12.154,49.177,57.98,28.346,24.374,2.5318e-86,3.3323e-99,0.30074,2.143e-117
315.98,384.22,4.4299e-219,6.0677e-24,4.5308e-07,4.2913,3.7928e-82,2.9005e-83,2.3254,5.9616e-60
1.127,1.8158e-05,0.34998,5.21,24.438,7.8948,7.0767e-230,9.9545e-100,3.5592,9.1703e-49
1.3821e-14,2.4399e-14,1.55e-15,1.7782e-41,1.8299e-15,30.054,0.82341,1.3587e-126,1.3901,3.4708e-76
32.839,0.00048874,10.246,1.8052,31.556,10.196,9.1392e-230,2.9733e-127,3.2314,6.2459e-76
11.232,388.65,51.191,0.016481,1.3296e-12,10.042,1.0302e-187,1.4009e-218,2.1362,2.2204e-78
0.50507,1.8716e-07,6.8772,1.7618,5.0386,1.6108e-09,8.7927e-138,1.8026e-74,3.9877,1.4129e-68
3.3894e-14,3.2544e-15,1.1806e-15,6.65e-43,1.4841e-15,21.516,0.00093081,9.7126e-127,2.9611,2.7065e-48
3.4864,154.25,3.406e-100,34.886,8.6945,0,2.5256e-05,4.9657e-106,3.625,7.4439e-18
15.415,305.29,126.96,79.507,4.077e-12,4.6557e-133,7.7116e-92,1.544e-103,0.44664,1.8717e-47
8.0255e-15,2.9599e-14,3.6727e-15,125.59,13.458,2.6555,1.0837e-103,1.6611e-78,1.7178e-71,1.1009e-45
71.257,10.98,3.941e-176,1.383e-50,2.6872e-05,9.2823,1.5576,1.1572e-88,3.7983,2.5479e-46
1.0838e-17,1.0144e-16,6.3142e-20,2.3964e-16,4.171e-17,1.0412,14.065,3.8052,0.011254,8.2944e-58
0.61361,6.3401,29.61,2.0019,23.25,2.2112e-52,2.3295e-188,2.1493e-117,3.7653,1.6187e-55
9.1086e-15,3.0367e-15,1.5166e-15,2.2468e-15,1.5694e-15,17.005,10.055,5.7027e-72,2.2991,1.5418e-85
1.3776e-33,7.3538e-34,4.1538e-34,5.3317e-18,1.999e-15,16.323,1.0104e-10,6.0561e-213,3.454,3.4611e-79
7.1058e-17,3.7224e-19,3.0576e-16,6.3954e-15,1.4489e-24,26.119,1.7306,2.0838e-105,2.2899,4.9284e-82
2.4705e-14,3.8961e-18,3.0455e-15,3.3036e-15,38.964,4.3058,9.8357,5.1881e-134,2.049,7.0284e-107
1.4469e-14,2.6769e-17,2.0026e-15,3.7418e-16,17.155,0.82259,1.6252,6.5278e-103,3.8424,1.1981e-58
5.9254e-16,1.004e-14,6.506e-96,41.009,39.47,3.0053e-08,1.2713e-199,7.6347e-119,2.8885,6.1366e-100
1.7399e-14,142.07,82.331,53.688,51.311,8.7835e-72,3.5531e-81,6.1322e-109,0.12151,3.266e-47
346.21,266.38,198.23,3.6347e-114,8.6417,1.0068e-63,1.0856e-102,2.7428e-53,0.0054669,2.6363e-120
3.6019e-18,5.0901e-23,4.6161e-15,37.693,39.632,13.443,1.1066e-86,3.0468e-199,2.39,7.5182e-44
7.3698e-15,1.303e-14,3.7067e-15,63.029,54.711,2.705e-06,3.268,2.472e-35,7.1042e-68,5.367e-45
4.928,97.6,0,71.541,1.4674e-13,2.7667e-133,3.5876e-55,5.3006e-127,3.2281,4.2757e-103
6.663e-16,1.7004e-16,6.834e-16,5.7856,9.5248,3.2559e-08,8.686e-136,2.4044e-235,4.0163,1.6211e-35
5.7007e-16,1.4075e-21,1.0672e-15,8.7916,2.5353,28.35,3.9785e-15,1.2749e-76,1.8497,2.5201e-96
642.18,62.691,2.4565,17.222,5.4282e-07,0.13582,3.9399e-55,4.1651e-151,3.0293,9.1592e-209
1.057,5.4523,1.6843e-80,4.5808e-25,41.918,24.246,2.8035e-99,2.8738e-57,2.5866e-05,3.7863e-47
2.6263e-15,2.8053e-14,229.32,3.6184,9.5362,0.0015651,1.6089e-88,2.3737e-88,1.6776,9.8024e-100
4.0622,11.177,45.742,53.688,29.319,0.85958,12.166,3.8773e-135,0.2975,3.583e-49
1.9684,23.207,28.52,15.086,16.708,8.6326,9.9919e-06,4.0554e-79,3.6761,1.173e-45
394.75,0.0001252,204.56,50.175,8.6782e-35,0.14257,5.4367e-06,9.892e-73,0.99042,1.829e-71
1.0209e-14,5.4089e-15,7.398e-15,1.9958e-39,33.805,1.5045e-52,1.8192e-135,4.1397e-65,3.4697,2.8362e-46
2.972e-18,4.9595e-15,3.3911e-17,20.251,1.6112e-07,3.1537e-08,1.1805e-180,2.8755e-84,4.0377,4.7532e-115
69.621,50.947,0.043511,4.5454e-24,0.00012176,0.00092035,8.8686e-74,2.6294e-51,3.9717,1.0768e-70
0.1488,41.575,29.301,37.454,18.436,5.6564e-208,5.2755e-169,9.5638e-52,3.614,1.4981e-49
5.241e-33,4.2796e-17,4.5923e-16,3.754,24.143,9.7844e-31,2.5177e-198,3.2482e-58,3.717,1.2139e-55
1.1721e-30,9.5711e-15,78.154,38.586,23.071,7.2243e-79,0.60854,9.0671e-116,3.3558,6.1457e-82
149.83,50.508,8.8332e-91,7.1521e-29,1.0102e-11,4.7604e-08,2.7887e-144,9.4161e-148,3.9419,1.087e-135
180.71,0.00012932,2.3199e-227,2.2832e-31,6.5081e-06,1.8839e-08,0,1.0321e-146,3.942,1.3788e-72
8.0846e-15,2.9817e-14,3.6997e-15,126.51,9.4672,5.6943e-68,2.2454,1.0435e-78,1.7217e-71,2.2518e-98
5.0847e-15,1.9833e-17,1.1921e-14,97.89,1.1468e-05,9.8669e-08,3.499e-90,7.8492e-80,2.5772,8.4241e-65
1.0377e-32,5.1074e-32,8.5884e-32,6.9131e-33,7.6136e-32,6.4868e-16,5.2969,2.7519e-113,3.7789,1.2885e-34
0.00047967,1.3487e-09,6.364e-225,0.0066613,8.634,3.3525,10.634,6.2545e-77,2.9108,2.1074e-103
8.6053e-15,70.268,49.155,27.327,18.589,3.5055e-219,1.1295e-05,6.8124e-102,3.6459,8.2104e-49
2.8949,0.0051761,19.804,105.3,1.1626,2.4527e-05,0.022302,1.2344e-113,2.2717,2.7276e-47
1.1787e-30,9.6246e-15,6.0634e-15,63.21,52.274,5.5436e-05,3.3928e-81,3.8959e-102,1.2859,7.7025e-46
8.1549e-16,6.659,4.1267,2.6246,0.80652,2.198e-78,2.2809e-09,2.182e-91,4.0285,7.7061e-46
