0.0099873,0.0099875,0.0099881,0.0099964,0.010058,0.010438,0.016638,0.010804,0.010069,0.064736,0.68169,0.020976,13.34,24.029,0.5471
0.01242,0.025197,0.094101,1.2992,0.76603,0.043335,0.041534,0.12779,0.029684,0.060874,0.19661,0.14562,0.050561,0.043862,29.526
0.0083359,0.0084012,0.0085535,0.012449,0.036883,0.042987,0.014305,0.010212,0.010974,0.0086345,0.0088977,0.008483,26.008,0.11691,0.016994
0.0088557,0.0089262,0.009438,0.015147,0.10977,0.012117,0.011141,0.017398,0.019479,20,0.38155,0.10125,0.48133,0.30828,0.2099
0.0074632,0.0074695,0.0075892,0.0087666,0.011945,0.0078811,0.0080512,0.0077088,0.0077027,0.0075872,0.0077167,0.007492,25.59,4.3117,2.7248
0.0083325,0.0084129,0.0084467,0.0087823,0.014516,0.03636,0.23308,16.002,0.051102,0.078153,0.41599,0.21856,0.048776,0.13033,0.14083
0.0083536,0.0083545,0.0083554,0.0083808,0.0087627,0.0084644,0.013426,0.0083857,0.008526,0.0096309,0.032721,0.0095382,25.045,0.67832,8.065
0.010016,0.014999,0.04871,0.63407,9.9698,0.21294,0.18919,0.072007,0.5127,0.14876,0.37646,0.15994,0.019864,0.29875,0.032772
0.0073465,0.0073636,0.0074086,0.0084089,0.024283,0.11845,14.001,0.03265,0.19769,0.29713,0.086844,0.076429,0.19561,0.47322,0.36631
0.0085007,0.0087134,0.0091522,0.021024,0.094107,0.11794,0.0090537,0.015556,0.013419,0.010901,22.005,0.17625,0.086165,0.26068,0.1664
0.0086666,0.008667,0.008669,0.0087089,0.0093335,0.0087142,0.0086754,0.0086676,0.0086776,0.0086765,0.0087589,0.0089322,0.0086858,28.009,0.021555
0.0076175,0.0076205,0.0076307,0.0078339,0.0091591,0.020723,0.0085339,0.23231,0.010181,1.277,0.12245,19.898,14.445,0.48612,0.49031
0.0068613,0.0068613,0.0068614,0.0068626,0.0068782,0.0070274,0.0080382,0.0070981,0.014571,0.092582,0.0088593,0.0072328,0.034594,24.367,14.797
0.0078448,0.0078615,0.0079102,0.0090632,0.027277,0.0086303,0.0089098,0.0092899,0.011545,0.0081094,0.2453,24.004,0.012265,0.39485,0.16512
0.054057,0.23458,0.30405,7.0266,2.1469,0.059652,0.16882,0.097483,0.10533,0.43602,0.16194,0.28628,0.24849,0.1399,12.909
0.0096656,0.036005,0.1482,2.4738,8.227,0.12946,0.22182,0.21241,0.4287,0.085621,0.07765,0.17575,0.11265,3.7658,13.753
0.007641,0.008149,0.0087515,0.011465,0.060449,0.75344,9.1817,12.021,0.70807,0.070512,0.5959,0.15161,0.14271,0.63641,0.31365
0.0084998,0.0085161,0.0086021,0.01023,0.034858,0.037731,0.59991,3.8405,17.449,0.18255,0.94714,0.069775,0.24612,0.073844,0.13398
0.010978,0.011693,0.013526,0.058558,0.76946,0.67329,0.045697,0.038183,0.075911,0.038472,0.034201,0.037765,0.018696,0.12279,29.877
0.0079389,0.010589,0.066084,0.8853,6.305,0.025798,0.082736,0.16202,0.025721,0.038789,0.24416,0.14147,0.02231,0.77588,23.056
0.0076409,0.0087948,0.0099388,0.015997,0.1168,1.5465,12.221,7.4888,0.87592,0.10614,0.64665,0.0093344,0.15019,0.54133,0.32851
0.0078438,0.0081539,0.0089762,0.028605,0.33813,5.0597,12.678,0.62476,0.11536,0.44219,0.44223,0.071956,0.027834,0.10409,0.44613
0.0076047,0.0076072,0.0076101,0.0077254,0.009215,0.010159,0.047475,0.58913,0.24761,0.016367,0.011732,13.687,21.339,0.49754,0.38533
0.0069901,0.0069963,0.0070128,0.0073774,0.013156,0.049301,0.33923,0.020385,1.7714,19.904,0.073801,0.030287,0.17926,0.021981,0.21689
0.0083033,0.0083502,0.0084665,0.0097091,0.031086,0.010911,0.0088126,0.0089822,0.012644,0.010755,0.0083243,0.0093992,0.009704,0.010615,30.008
0.0075042,0.0075091,0.0075373,0.0080938,0.016912,0.018281,0.11817,0.0090481,0.52786,5.242,21.227,0.024091,0.054739,0.43665,0.15551
0.0090103,0.014375,0.020849,0.050444,0.58484,8.132,10.261,0.44137,0.56099,0.25731,0.19481,0.25424,0.20616,0.12517,0.028721
0.0074904,0.0078399,0.0082585,0.010161,0.044317,0.51973,6.2764,14.247,0.82507,0.069145,1.1822,0.20608,0.11272,0.62129,0.27956
0.019227,0.25901,0.28706,7.9673,0.49743,0.065572,0.20821,0.10305,0.11054,0.12445,0.23131,0.14429,0.88811,0.021293,0.11302
0.039585,0.11773,0.14894,3.0676,0.51564,0.048943,0.096191,0.042017,0.070566,0.21194,0.089813,0.1173,0.053873,0.071919,27.724
0.01633,0.066766,0.18885,3.3666,2.3063,0.18799,0.019099,0.18914,0.043787,0.13275,0.031067,0.047546,0.14533,0.080768,26.324
0.080234,1.3221,1.5981,7.1684,0.2406,0.5314,0.22163,0.33288,0.19613,0.5825,0.43865,0.07986,0.59288,3.3834,0.69009
0.050295,0.18499,0.24622,5.3515,0.89826,0.058196,0.13995,0.082667,0.095103,0.071726,0.12321,0.16434,0.45262,0.097435,22.221
0.0090345,0.019099,0.030604,0.085047,0.9969,1.4869,13.814,0.40534,0.57819,0.24371,0.30569,0.4417,0.20219,0.15357,0.10818
0.0086051,0.0086368,0.008647,0.0088214,0.012459,0.067484,0.011193,0.35256,17.981,0.76989,0.42338,0.012347,0.20211,0.65887,0.36567
0.0088101,0.0088236,0.0088616,0.0098053,0.024402,0.027644,0.1978,0.011069,0.8796,11.321,18.115,0.041356,0.01908,0.32597,0.29105
0.0079992,0.0080009,0.0080052,0.0081161,0.0098401,0.010856,0.028353,0.11789,0.018016,0.053831,0.011506,0.009433,0.014812,8.751,28.507
0.0085389,0.0088861,0.011659,0.057572,0.79045,11.968,0.028194,0.12306,0.096303,0.15711,0.15393,0.20439,0.30879,0.31331,0.34864
0.0074211,0.0082486,0.010425,0.062627,0.76726,11.642,3.0183,0.36676,1.526,0.16294,0.19466,0.016291,0.017765,0.39909,0.015162
0.0076858,0.0076954,0.0077893,0.009087,0.0151,0.11972,0.012619,1.9134,11.896,14.819,0.45535,0.042894,0.62878,0.19747,0.13113
0.0085862,0.015128,0.032413,0.44558,6.9604,8.5696,0.36257,0.81811,0.63521,0.14368,0.13051,0.28037,0.18069,0.10509,0.014983
0.008253,0.0083312,0.0084126,0.011914,0.066629,0.89938,0.015526,0.0473,0.061728,0.12445,0.045757,0.025139,0.086644,27.925,0.55894
0.0091145,0.019919,0.12261,1.8302,6.763,8.1796,2.137,0.029736,0.91084,0.34842,0.43813,0.049567,0.19445,0.58989,0.9562
0.015337,0.016518,0.025506,0.19395,2.8637,0.023388,0.057673,0.10591,0.022845,0.1622,0.059897,0.10426,0.13803,0.051654,28.762
0.017107,0.01749,0.019558,0.061043,0.70984,0.06218,0.021434,0.021002,0.031597,0.030621,0.1154,0.27925,0.028246,0.017401,29.942
0.0076217,0.0079152,0.0082315,0.015645,0.075118,0.025171,1.0263,14.853,6.554,0.60449,0.027688,0.48529,0.33147,0.16499,0.10538
0.036801,0.0483,0.052863,0.48209,0.10768,0.066339,0.045995,0.035416,0.069163,0.038593,0.045528,0.045647,0.036241,0.054055,29.987
0.017384,0.076351,0.33425,5.7886,5.5724,1.0418,0.087592,0.47964,0.42528,0.14137,0.25343,0.30538,0.35115,0.085335,11.847
0.0090498,0.0090615,0.0091031,0.0099986,0.023098,0.22402,1.2622,0.084296,6.1491,18.709,0.62544,0.068827,0.25282,0.39716,0.053554
0.01679,0.016929,0.017424,0.028664,0.2063,2.9156,0.12682,0.085092,0.12594,0.22028,0.10863,0.14798,0.3413,0.045376,29.116
0.030413,0.13552,0.42047,7.5779,3.0934,0.63309,0.51622,0.23164,0.53057,0.10273,0.086211,0.6043,0.3627,0.13136,0.4153
0.0082204,0.0082491,0.0085114,0.013156,0.086876,0.66984,0.019678,0.31358,0.047399,0.022243,0.029623,0.14389,0.019567,13.406,26.291
0.019641,0.091705,0.42981,7.3125,3.917,0.98451,0.42374,0.29177,0.23675,0.15871,0.40732,0.10996,0.44739,0.018513,0.061259
0.012017,0.012068,0.012593,0.021881,0.16931,0.019739,0.031553,0.014161,0.021244,0.013503,0.019249,2.2206,0.028955,0.15419,29.881
0.027116,0.027143,0.027388,0.030117,0.07332,0.33669,0.039127,0.048728,0.063965,0.03269,1.5142,0.1879,0.14568,0.17818,29.947
0.0084172,0.0084264,0.0084742,0.0094398,0.014773,0.009213,0.03765,0.24473,0.024984,1.2361,1.0293,0.07144,25.92,0.33597,0.67821
0.01505,0.015343,0.017704,0.058504,0.70778,10.61,6.5012,0.095747,0.1673,0.12791,0.12591,0.51059,0.29657,0.35727,0.33485
0.014699,0.014734,0.014777,0.016397,0.026188,0.028167,0.065369,0.32437,0.033766,1.1485,0.5914,0.95983,25.268,4.5374,4.7288
0.0089935,0.0089977,0.009014,0.0092701,0.01288,0.0098132,0.041031,0.48115,0.086142,0.038094,3.4544,22.58,2.1203,7.749,2.5448
0.019316,0.051379,0.17546,2.8181,9.3653,0.23878,0.022001,0.18441,0.6265,0.17893,0.16849,0.34807,0.62511,0.66773,0.12368
0.027667,0.10993,0.1215,3.0886,0.49696,0.026979,0.070853,0.31747,0.065784,0.21431,0.21106,0.11286,1.136,0.33921,27.618
0.0086111,0.0092823,0.012146,0.072229,0.78376,0.92646,7.5772,0.29368,0.6244,0.46811,0.43356,0.28304,0.34878,0.54312,24.978
0.0073161,0.0073433,0.0073896,0.0087528,0.016223,0.012942,0.13899,1.033,0.10379,16.531,12.313,0.10312,0.081655,0.467,0.17312
0.017259,0.017411,0.017558,0.023801,0.12159,0.75247,6.0924,1.0586,1.3072,0.33359,0.30536,3.133,2.4029,24.621,0.79048
0.0083291,0.0085563,0.0087133,0.016146,0.12151,0.011269,0.017388,0.012621,2.6132,0.17749,2.4807,0.25877,22.562,2.1275,13.689
0.010231,0.039828,0.16661,2.8018,9.3624,0.41949,0.16673,0.29027,0.38713,0.1535,0.11473,0.097162,0.020449,0.42012,0.10535
0.0086617,0.0086887,0.0087345,0.0099745,0.0296,0.32892,0.010274,0.020659,17.164,5.7898,0.7428,0.66074,0.57056,0.11405,2.1421
0.010823,0.01105,0.011225,0.019059,0.051844,0.31275,0.043933,0.97744,0.11129,3.8176,1.684,0.016033,0.02376,27.184,3.2776
0.0080365,0.010153,0.011563,0.090928,1.136,1.7971,0.25758,0.30593,0.46267,9.0595,0.066252,0.46831,0.12386,0.051211,26.134
0.017175,0.035715,0.11512,1.7582,5.8097,0.13058,0.19892,0.14731,0.35332,1.0634,0.047325,0.1158,0.53367,2.66,23.33
0.033945,0.20189,0.2216,6.249,5.1807,0.17335,0.28554,0.29163,0.41524,0.69658,0.7055,0.60727,1.2731,1.0339,10.059
0.0089457,0.0092378,0.010006,0.028364,0.3056,4.4185,2.8464,0.28994,0.35454,0.20526,0.10273,17.678,0.61446,0.64934,15.859
0.0090861,0.013666,0.016812,0.20085,3.0507,2.1922,13.071,0.20521,0.1819,0.080032,0.49735,0.27372,0.71867,0.88939,0.7644
0.0085759,0.01226,0.085369,1.2018,6.8164,8.0522,2.8986,0.64018,2.5306,0.41822,0.071013,0.28821,0.19096,0.40588,0.31163
0.009589,0.0095919,0.0096027,0.0097472,0.010826,0.017417,0.12501,0.013511,0.010776,0.91263,4.3826,0.067764,0.016853,27.417,0.46127
0.010172,0.010303,0.010641,0.018793,0.14731,0.17723,0.015308,0.024072,0.020336,0.012077,0.013979,0.012751,26.004,0.19696,0.11737
0.010328,0.025944,0.088439,1.1734,0.47282,0.23167,5.7669,0.69711,1.2058,1.0736,1.0076,1.108,0.93488,1.3686,26.675
0.021011,0.021021,0.021031,0.02132,0.024963,0.073373,0.67706,0.072359,0.04506,5.6875,0.089546,0.44022,0.18898,0.38097,28.749
0.009112,0.0091147,0.009124,0.0093344,0.012655,0.063306,0.010016,0.86237,0.022576,0.13405,0.068467,16.463,1.9022,1.8065,21.593
0.0099278,0.020462,0.04456,0.67827,0.47529,0.053934,6.5565,0.15787,0.010946,0.097211,0.55541,0.024301,0.18998,0.055222,26.355
0.0083588,0.0086023,0.011072,0.054625,0.26666,0.039665,0.035765,4.4056,17.156,0.53508,0.98045,1.4186,1.5388,2.2022,0.65902
0.010083,0.010141,0.01064,0.019679,0.16302,0.17624,3.456,0.34823,15.938,0.90254,1.228,9.104,2.0309,0.65471,0.53871
0.010169,0.0128,0.032145,0.37936,5.5599,0.18107,0.22657,0.17342,0.68352,0.12077,0.099152,0.77578,1.1917,23.06,2.5237
0.010192,0.010645,0.01142,0.022593,0.1686,0.034217,0.012604,0.034253,0.028652,0.053592,0.014533,5.6807,0.17068,1.3823,29.119
0.0089631,0.0089794,0.0090076,0.0097247,0.015467,0.10925,1.2731,0.18005,0.091802,0.0098992,0.02842,0.089264,0.036084,4.3182,29.524
0.0094321,0.017154,0.029523,0.42156,5.0268,0.47254,0.30198,0.33192,0.063108,0.020764,0.26726,0.57148,0.50618,0.15024,25.852
0.0093581,0.014906,0.027757,0.37811,2.6755,0.14428,1.1473,4.1042,0.10143,1.6861,16.043,0.53848,0.20233,3.7089,16.39
0.030753,0.031189,0.031456,0.047409,0.2959,1.7082,0.046518,0.08509,0.11237,0.20412,0.044896,0.052711,25.765,0.035447,0.10853
0.010231,0.010707,0.019708,0.16928,2.1519,0.4645,13.634,0.53872,0.68562,0.30218,0.15999,0.17859,0.88604,1.0507,0.23939
0.024205,0.074033,0.29876,4.9622,2.5655,8.6367,0.24845,0.61725,0.66971,0.30488,0.13119,0.39935,0.21879,4.8959,0.42012
0.13406,1.0786,1.9308,7.1267,0.017234,0.57002,0.20735,0.7551,0.19579,0.53121,0.38224,2.1796,1.4911,3.5905,0.58148
0.014955,0.017243,0.030784,0.062403,0.02733,0.044717,0.029541,0.027702,0.026792,1.4405,20.048,9.0091,0.98934,2.1957,4.0104
0.010466,0.069141,0.081222,2.0014,0.10671,0.025184,12.139,0.38196,2.4594,0.78098,2.375,5.6038,4.2956,7.4776,1.2364
0.015197,0.046707,0.19522,3.2171,0.61988,0.47498,0.25381,0.62091,0.057618,0.061172,0.21853,0.145,0.27545,0.26175,27.359
0.012179,0.013033,0.014061,0.018729,0.10351,1.2811,7.7748,12.978,0.8183,0.087873,3.2851,0.10597,0.18644,0.51704,0.3055
0.0074111,0.0076256,0.0076961,0.015651,0.13925,2.0208,0.18362,12.421,5.8222,10.146,0.55159,1.6841,1.1849,0.39809,0.65718
0.029544,0.029731,0.030328,0.043854,0.25766,3.5187,0.13709,0.20635,0.16523,0.23369,0.22036,0.14193,0.37243,26.785,1.0788
0.0076963,0.012769,0.021877,0.27984,3.3162,1.0336,12.06,1.4869,1.6441,3.1791,3.2433,2.8729,3.3794,4.44,4.3715
0.018368,0.025126,0.04491,0.34744,1.7215,0.26531,9.8993,0.022908,1.5867,0.53478,0.84113,0.50814,12.779,1.4302,13.998
0.011764,0.014728,0.016439,0.11244,0.045265,0.70765,10.589,1.7674,2.4681,10.417,3.6173,3.2716,4.2261,5.0498,4.2956
0.018202,0.24278,0.2911,7.6901,1.1523,0.10522,0.057549,0.0095545,0.90815,0.4185,0.21235,0.12803,0.27884,4.4471,5.2607
0.039073,0.16686,0.47592,6.1077,2.5956,5.7814,1.5963,1.8454,2.4802,2.2516,2.7729,2.2985,2.4307,3.5877,3.0625
0.018431,0.018474,0.018576,0.021207,0.053624,0.37315,2.7729,0.25165,15.021,2.5917,0.68146,0.26731,0.35321,0.068566,14.951
0.02207,0.049855,0.16823,2.622,8.8347,1.128,3.2718,1.1682,0.35019,2.0673,0.49404,0.62504,0.58135,3.9076,3.9976
0.0093633,0.025912,0.061062,1.0032,6.8136,8.6629,0.0086242,0.28758,0.30612,0.27432,0.0087067,0.22931,0.14175,0.48854,0.25666
0.016794,0.021642,0.054725,0.61441,9.5471,0.88134,0.93692,0.89656,4.4234,0.36704,0.58793,0.48598,1.1282,2.8034,0.68286
0.041779,0.1047,0.16655,0.549,8.7667,2.437,2.0226,0.92436,3.9097,2.7201,3.9272,3.4526,4.5847,2.8912,3.2409
0.0096473,0.0096488,0.009653,0.0097446,0.011192,0.033268,0.19166,0.017598,0.97861,14.092,12.562,0.088302,10.904,0.084922,0.10244
0.01326,0.053624,0.20896,3.0865,2.3588,0.41699,0.15323,0.42784,0.18964,0.14504,0.5481,0.42186,0.092713,0.21017,26.726
0.010287,0.06164,0.067417,1.4921,0.12756,0.016497,0.051912,0.031337,0.033164,0.026571,1.0522,23.513,0.73863,1.515,0.21161
0.0083425,0.013595,0.019151,0.26276,4.067,5.0798,2.3857,0.53605,0.65573,0.8411,0.01507,0.046303,0.49463,0.22192,23.669
0.0094571,0.0097865,0.010396,0.028719,0.31646,4.7032,0.059372,0.20226,0.3317,0.61718,0.20306,0.089004,0.42064,25.381,4.5839
0.017471,0.018076,0.02032,0.053316,0.59225,0.45018,0.018165,0.15023,0.069056,0.30362,19.601,10.484,0.12428,3.0385,0.87803
0.042726,0.043186,0.044323,0.073281,0.15485,1.8531,0.1687,5.4688,0.37821,0.36001,0.24243,0.78613,0.36516,0.088094,27.867
0.019905,0.036512,0.10892,0.25402,4.2367,6.5144,1.6141,1.5249,0.67293,1.4984,1.7738,2.4532,2.8259,19.234,0.47132
0.023082,0.027601,0.058276,0.62728,9.6307,0.78332,0.91641,1.5661,1.0617,0.17309,3.2157,1.9913,2.7397,0.51741,3.2195
0.0079708,0.014025,0.017634,0.23169,0.53077,9.0608,0.60106,0.21533,0.56921,3.7224,0.901,0.94566,12.928,10.058,3.1422
0.071863,0.13766,0.80729,7.3175,2.1194,0.090142,0.15156,1.0994,1.9397,0.50202,0.5821,0.60308,0.78414,0.082282,9.6445
0.021661,0.022724,0.025754,0.036496,0.2762,2.2745,0.25108,0.042513,0.11336,0.10027,0.097523,0.049851,0.06257,0.33321,29.471
0.010797,0.033183,0.084403,1.3003,0.9066,0.092607,10.243,0.25142,10.23,0.19582,7.2408,0.21378,0.050503,0.2946,0.24276
0.014574,0.016224,0.024971,0.17728,1.2172,0.4261,0.34251,15.381,1.2354,2.562,1.8278,3.0347,1.8194,0.67784,3.3261
0.01374,0.013797,0.013827,0.01562,0.026534,0.20014,1.3455,0.083697,0.10456,0.057678,15.548,0.16346,0.29667,0.57144,21.046
0.0092823,0.0093031,0.0094931,0.012812,0.06553,0.48196,0.0247,0.089246,0.053775,10.224,0.6546,1.678,0.60403,0.50854,25.659
0.014065,0.014863,0.019326,0.084548,0.27122,0.48389,0.10813,3.4243,0.27232,0.06473,2.9657,0.56494,0.16236,7.5319,27.857
0.028623,0.036368,0.04388,0.090576,0.96015,7.3114,0.9131,0.12479,2.9646,15.018,2.3642,1.6684,2.7853,0.91563,1.3978
0.02567,0.025773,0.02597,0.031116,0.1127,0.8455,0.027027,0.062171,0.080822,0.07144,0.036024,23.92,0.32065,0.05135,1.9013
0.0087463,0.0089619,0.01303,0.080826,0.69185,0.26932,0.027637,6.8611,1.0954,0.31633,0.51415,0.24548,0.44836,0.070925,26.951
0.011385,0.030355,0.079247,1.1499,0.4586,11.008,3.8299,1.5875,1.5516,2.1378,2.1325,2.1412,2.3626,0.92257,2.7689
0.0077014,0.0077124,0.00782,0.0097192,0.018343,0.15402,0.013824,2.4981,17.661,1.7953,0.74651,0.81573,1.4801,0.30718,0.44869
0.0082901,0.013369,0.026858,0.33531,5.2121,6.4396,0.28532,0.30655,0.51008,0.24198,0.072189,0.26565,4.9455,17.77,0.067102
0.024734,0.11334,0.37352,6.6665,4.6892,0.12552,3.4186,0.018385,1.4105,1.5165,1.3674,0.96207,2.255,0.4238,0.28962
0.015491,0.015798,0.015992,0.024665,0.12467,1.5815,7.816,0.33141,7.1375,0.56886,0.26497,0.076553,3.8339,0.26413,21.078
0.015041,0.017349,0.017649,0.099396,0.024322,1.8895,0.027249,0.12575,0.12578,0.084602,8.9508,0.36111,0.21553,0.63801,27.008
0.013857,0.014109,0.014703,0.026323,0.096769,0.58671,3.8436,0.31618,5.3292,0.18807,14.285,1.2069,0.7899,3.0705,18.966
0.0087063,0.0107,0.015944,0.13222,1.5503,11.632,2.3723,0.060356,0.45127,0.15155,0.31978,0.013506,2.3728,0.37295,0.12002
0.0076174,0.007619,0.0076245,0.0077354,0.0094999,0.023787,0.0086153,0.28461,0.0087209,1.8048,0.19669,23.902,0.31077,0.29242,0.29081
0.0097347,0.037076,0.13432,0.4551,7.2996,0.053278,1.2909,1.051,0.29257,0.46965,0.18347,0.24792,0.36904,0.99301,20.129
0.023765,0.12067,0.38214,6.8991,4.8612,0.19574,0.62417,0.25029,1.6805,0.9744,0.93475,0.40542,0.59259,1.2755,0.069097
0.031493,0.12867,0.80581,7.8008,1.6086,0.40013,0.04016,1.0271,0.83976,0.42418,0.51427,0.43287,0.71931,0.31838,0.91667
0.008637,0.0086798,0.0087937,0.011321,0.051444,0.23809,1.2008,0.065215,0.018017,0.21638,8.0487,0.68958,0.90386,0.76441,27.764
0.021074,0.1631,0.19902,5.1198,0.29097,0.10577,0.013816,5.4025,0.12394,0.15827,0.27941,16.121,0.53374,4.2848,0.39838
0.009554,0.0096131,0.0097193,0.013012,0.064812,0.5441,0.055124,0.25334,0.044513,0.051051,0.032548,0.076628,25.907,2.0807,0.34266
0.029036,0.030687,0.031698,0.092686,1.0441,9.073,0.12563,0.33292,0.43844,0.92687,0.073587,0.11423,16.407,4.1264,0.66226
0.044481,0.044571,0.045482,0.047151,0.080911,0.60306,8.3505,0.14367,0.39002,0.22425,0.33504,0.085593,20.903,1.004,0.62762
0.02193,0.18894,0.82984,2.4873,9.3952,0.21741,0.36691,0.63872,0.096811,0.3625,0.15959,0.62219,0.18166,0.17771,0.78661
0.030754,0.031115,0.031337,0.044553,0.18754,1.02,0.042611,0.065604,0.084341,0.12644,0.032096,0.039701,15.749,0.52894,23.788
0.022862,0.059274,0.11754,1.2764,8.9622,0.049975,0.31308,0.77289,0.42145,0.94312,0.3461,9.8604,0.23516,0.62645,0.64183
0.021393,0.095944,0.44729,7.5968,0.49926,1.4602,0.75926,1.6408,2.1156,4.4104,0.82122,0.4592,0.65586,0.35933,0.51972
0.011786,0.012459,0.013274,0.01702,0.08453,1.0352,13.85,1.7826,0.89444,0.13651,0.18036,0.15182,0.59581,0.42409,0.31482
0.00833,0.0085491,0.0087729,0.017935,0.16148,0.74764,0.021763,0.03957,0.030711,0.070742,1.0318,19.812,0.072167,1.919,16.664
0.016698,0.01747,0.019296,0.06509,0.58901,8.7924,2.4921,0.034225,1.1108,0.30401,0.33807,0.13204,0.22187,0.51902,19.599
0.0084086,0.0084333,0.0085197,0.010093,0.016651,0.080837,0.9499,13.736,6.4754,1.1245,1.5573,7.3907,1.1627,0.070012,4.8047
0.015579,0.019237,0.021219,0.142,0.39883,0.40348,5.0737,0.36705,0.70522,0.30702,0.51688,0.52391,17.427,18.048,0.56255
0.015569,0.015811,0.016067,0.026346,0.18744,1.6646,1.691,1.8651,0.2132,0.075517,14.273,1.5091,0.46976,15.935,13.618
0.02573,0.039935,0.078055,0.77047,2.555,10.752,1.1402,2.6705,1.0263,0.29051,0.61456,0.054429,0.50321,8.43,0.028997
0.020326,0.027,0.031835,0.072047,0.91137,0.90982,13.743,1.1403,0.16713,0.83856,1.3272,0.97165,1.9381,2.4145,1.0527
0.015104,0.017218,0.018745,0.098369,1.3431,2.1679,6.1073,0.93324,0.91337,0.40154,0.12822,0.097916,0.10755,0.15486,26.073
0.026108,0.25827,0.56242,7.61,0.28106,0.86596,0.89434,1.0811,1.6172,1.3475,1.8053,1.2604,1.3049,5.9939,1.4526
0.016878,0.01695,0.018507,0.021853,0.056163,0.52802,2.8773,0.36481,0.56495,8.5894,1.6041,1.4071,1.4904,3.4152,25.907
0.037199,0.037421,0.03843,0.041315,0.053737,0.14916,0.94354,0.064839,3.925,0.36748,0.57758,0.19249,0.81729,0.67581,29.227
0.027087,0.11071,0.3177,2.5547,9.3051,0.67117,1.5008,0.67914,2.2916,0.24461,0.4804,0.14458,0.056145,0.3865,0.48982
0.007523,0.0086606,0.011865,0.022516,0.21622,2.7302,0.72683,0.16455,0.35501,0.17302,0.56172,0.16931,0.25767,0.34828,29.155
0.009143,0.0092034,0.0094198,0.012321,0.035346,0.016839,0.45259,0.094636,0.027357,1.4788,21.846,1.031,1.5893,1.5007,0.12143
0.066569,0.1912,0.23724,4.4557,0.16958,0.36402,0.49148,0.27694,0.52881,2.2019,0.54126,0.61567,0.16055,8.16,23.247
0.0080744,0.0082489,0.011711,0.069124,0.35599,0.42004,0.56239,0.020758,0.36874,0.019436,0.017054,0.018123,25.95,0.20367,0.036539
0.043187,0.069235,0.097619,1.1187,1.6403,10.857,1.9216,2.8997,2.0879,2.709,2.4072,3.1063,3.0565,2.6534,3.4975
0.079572,0.3256,0.60487,6.9423,2.4653,0.16932,0.12097,0.82429,1.6092,0.20828,0.33029,0.95164,0.40139,0.10318,12.46
0.013939,0.01395,0.013967,0.014503,0.02293,0.15146,1.2506,0.13961,0.19163,19.867,0.52663,1.5241,0.26967,1.2429,0.25741
0.0086996,0.015728,0.02869,0.39941,2.7183,3.3096,0.56992,0.18958,0.031228,0.021488,0.097198,3.5056,11.418,0.044704,23.875
0.040366,0.27343,0.32003,7.9285,0.88006,0.30611,0.43213,0.16348,0.44214,0.83187,0.5345,0.16041,0.29674,0.53616,0.35967
0.0080774,0.009728,0.014078,0.027264,0.34427,2.9229,0.098057,0.009058,0.097018,0.28269,0.26805,0.74041,0.1252,4.7535,28.623
0.017525,0.023872,0.067107,0.16711,2.6119,0.10499,0.10599,0.078683,0.14838,0.017797,0.024104,23.087,0.51579,2.1628,1.3217
0.0082838,0.011854,0.042757,0.6113,9.624,0.45398,0.11365,0.094451,0.84117,3.7782,0.7156,0.44065,0.63134,4.6819,0.73534
0.027056,0.028219,0.029988,0.09124,0.79328,11.737,0.20726,1.24,0.38246,1.0552,1.9397,1.4742,1.9231,3.2341,1.7325
0.032145,0.069209,0.080365,0.22862,2.7394,11.087,1.423,1.0758,3.4192,1.9603,0.88575,1.3285,1.7182,1.6412,2.3251
0.013557,0.017139,0.026396,0.16074,2.3675,2.799,0.063033,0.082826,0.15292,0.16439,19.884,0.50858,7.0456,0.67209,0.55028
0.037863,0.11936,0.57555,7.6205,0.037468,1.2143,1.3624,1.5791,1.4572,2.2397,1.9613,2.287,2.2649,2.7849,2.9098
0.038765,0.038771,0.038796,0.039262,0.044671,0.096006,0.58769,8.0695,0.044798,0.28038,0.47295,2.6121,2.5858,0.247,25.58
0.020882,0.062005,0.099594,0.8509,6.9881,0.78598,0.097054,0.24262,1.38,0.69131,0.053529,0.2706,0.15508,0.68815,21.026
0.0086401,0.0086696,0.0086848,0.0095484,0.021017,0.059261,0.39313,0.02432,0.069454,0.024752,0.01191,0.012682,0.026208,27.947,1.8184
0.0098702,0.016451,0.065298,0.62703,9.9067,0.58301,0.089149,1.4779,0.94186,0.04239,0.29318,0.22216,0.56771,0.052402,0.24469
0.023964,0.1236,0.34804,6.1072,1.4782,6.5208,2.8545,2.0681,1.6621,1.4127,1.7943,1.9438,1.9543,2.4054,2.4018
0.0075822,0.0078359,0.0081302,0.019334,0.19514,0.017102,0.030809,0.023506,0.04214,0.0090744,5.327,3.1251,0.0088466,1.3057,28.816
0.015313,0.018377,0.05769,0.48042,7.4678,0.040125,9.0281,0.79516,2.1303,1.1577,0.46568,1.6591,0.4441,0.91533,0.80618
0.0087872,0.010099,0.013819,0.10335,1.228,1.2407,0.49673,0.56746,16.219,3.989,3.7223,4.433,3.9389,3.8987,3.8898
0.013217,0.016126,0.032614,0.059203,0.022928,0.039814,0.02822,0.028314,0.027623,1.4555,20.282,8.377,1.396,2.7277,3.326
0.0074637,0.0082029,0.010136,0.056533,0.78811,11.948,0.017977,0.55548,0.69697,0.34104,0.46726,0.07256,0.031278,0.39713,0.47548
0.010862,0.045649,0.37039,6.1552,4.4715,1.2085,1.064,1.5889,2.1906,1.952,2.1404,4.4616,2.5188,2.0129,9.4327
0.05222,0.23541,1.2296,2.8225,2.76,7.0138,0.76953,0.42291,0.56884,0.79457,0.81414,0.89206,0.82333,1.1727,19.247
0.012426,0.019168,0.04211,0.41377,6.4401,6.8453,0.10104,0.071291,6.6523,6.9596,0.39726,0.36695,0.23552,1.2286,0.67824
0.017215,0.017268,0.017388,0.020465,0.03732,0.024852,0.29716,2.2356,0.052379,19.74,0.41383,0.44546,0.50714,1.9943,1.333
0.02179,0.061797,0.11914,1.2976,7.106,0.11042,0.11579,0.19426,0.16628,0.14647,0.1497,0.6177,0.1047,0.222,20.588
0.010358,0.012213,0.026903,0.062018,0.3341,0.34468,3.2778,0.45362,15.797,0.21956,0.084351,1.6642,0.044274,0.36073,12.329
0.030805,0.064176,0.28223,2.7288,9.376,0.71653,0.25461,0.37179,0.3798,0.64661,0.65111,0.69833,0.58353,0.88761,1.0917
0.013063,0.014121,0.020036,0.13631,1.9793,1.998,12.298,4.7961,2.5016,3.0808,2.1463,2.1814,2.0884,1.3598,2.2188
0.011686,0.011859,0.012163,0.018834,0.10129,0.073349,1.0823,0.067554,0.064564,19.658,2.2414,1.3596,1.9825,1.7504,2.3512
0.033029,0.033031,0.03304,0.033235,0.036323,0.066316,0.26592,0.044187,1.5286,16.844,0.2882,0.052499,5.1534,0.22298,14.954
0.0086152,0.0087444,0.0090836,0.017192,0.13965,1.958,2.247,0.16251,0.19768,0.11676,0.31136,2.4773,0.20341,0.15544,29.045
0.021148,0.041673,0.48093,7.7628,0.31308,0.65752,1.0809,0.73358,1.8318,1.9603,1.601,1.7704,1.6826,2.123,2.2454
0.02395,0.065088,0.2241,0.66357,8.7526,5.6005,0.49157,0.69478,0.31808,0.96295,0.7622,0.25655,1.52,1.4241,1.1492
0.011345,0.013311,0.019464,0.10868,0.01663,0.032318,0.011055,0.027139,1.1919,0.038086,18.683,12.382,1.787,1.5321,1.3176
0.01088,0.011101,0.013031,0.047955,0.58322,0.63287,13.772,1.3611,1.0147,2.3704,0.28447,0.48988,0.28879,1.0884,1.2034
0.0073268,0.0073272,0.0073317,0.0074054,0.0079028,0.011852,0.0078407,0.0085229,0.037065,0.17313,1.9297,23.746,2.3752,1.5972,1.494
0.0084295,0.0085174,0.0088334,0.014992,0.10678,0.86772,0.042635,14.712,6.1068,0.42082,2.6109,0.060566,0.071931,2.4591,3.4748
0.015735,0.0272,0.087998,1.142,8.2764,2.8387,2.2635,3.4031,4.4695,3.3292,2.6878,3.9445,2.8197,2.0535,4.6647
0.010259,0.013836,0.046563,0.628,9.8549,0.63341,1.0469,0.82922,0.30735,1.2635,0.096933,1.8875,1.3552,0.65356,0.65116
0.011429,0.014982,0.018405,0.16441,2.4509,11.575,0.056406,0.61796,0.59238,0.79419,0.12731,0.064036,0.19744,2.421,0.017834
0.01706,0.017081,0.017173,0.019038,0.023784,0.017426,0.073629,0.019052,0.33104,1.0198,3.4947,0.029181,15.653,0.33343,23.455
0.0083585,0.009082,0.0093853,0.029256,0.34255,1.6322,13.776,0.71747,0.61077,0.60604,0.36315,0.38517,1.0097,2.313,0.79057
0.0079341,0.010923,0.011985,0.12401,0.81412,0.095762,0.053048,1.0448,0.10516,9.9902,18.753,1.2724,0.60152,0.087218,3.0818
0.022114,0.024388,0.030828,0.17205,2.4004,11.646,0.088318,0.16461,0.89464,0.35874,0.32761,0.41933,0.097452,0.92408,0.64723
0.07509,0.077267,0.11833,0.80088,9.8733,1.929,0.47336,0.22325,0.3656,0.14456,0.43631,0.82931,0.46688,2.0479,0.4549
0.010355,0.035319,0.1305,2.1664,9.6106,0.30005,0.091416,0.12969,0.78828,0.26437,0.26363,0.44428,0.72634,0.91302,0.053759
0.0084393,0.0085569,0.00867,0.013444,0.067216,0.90998,8.8974,10.251,7.3936,0.18912,0.26985,0.15575,2.0892,0.77538,2.2657
0.0087821,0.0095072,0.011506,0.055944,0.64532,8.6358,9.5889,0.58761,0.46618,0.98194,0.81819,0.84087,0.99559,0.73187,1.2785
0.01591,0.015954,0.016146,0.019715,0.041357,0.017098,0.016654,0.46419,0.38219,3.1645,0.40156,9.5006,23.487,0.74406,1.3337
0.027106,0.02871,0.030277,0.03999,0.24881,3.4221,0.4148,0.036926,1.397,18.334,4.531,1.4511,1.9308,0.28914,4.6834
0.0084178,0.010249,0.025495,0.057444,0.86853,1.4207,0.39206,0.084279,0.10227,0.3179,0.031048,0.70854,0.71816,4.414,29.269
0.008408,0.0084123,0.0084254,0.008676,0.0097222,0.019863,0.15566,2.1556,1.0263,0.17089,0.23535,20.26,0.92764,13.7,4.8604
0.012649,0.013189,0.014418,0.033413,0.15843,0.1854,0.01824,0.026152,0.017721,0.018842,0.013988,23.973,0.43271,1.4109,0.27406
0.013436,0.05524,0.16793,0.5342,7.1933,8.0622,2.0608,0.35656,0.22463,0.76078,1.1211,0.3665,0.72217,0.14452,0.94229
0.04634,0.046689,0.049181,0.095009,0.82022,0.12762,13.908,0.78393,0.34715,0.43644,0.49965,1.1378,1.8396,0.37396,1.7958
0.0085951,0.0089605,0.010521,0.040903,0.3827,5.651,8.6893,1.4923,10.934,1.0681,1.545,1.8578,0.72808,0.91845,0.74024
0.010588,0.013054,0.021752,0.042905,0.54466,0.043287,3.8614,0.19059,17.132,1.1842,0.4808,1.5427,1.7951,0.67199,1.7398
0.036258,0.046036,0.053181,0.0944,1.0873,0.37075,13.501,1.7789,0.37337,1.6497,2.0834,2.2509,2.6524,3.1117,2.1391
0.010152,0.010602,0.011759,0.037335,0.4,2.9495,12.963,0.90447,4.6681,0.61379,1.1987,1.0354,1.0558,1.57,1.3714
0.052755,0.12182,0.81285,7.4345,2.6229,0.6257,1.5104,1.7576,2.7008,1.2525,1.3844,0.9585,1.8346,1.1437,0.93767
0.029291,0.029417,0.030876,0.051435,0.22266,0.97906,0.031902,0.03785,0.11871,0.10667,21.892,0.31475,1.161,0.62011,1.7342
0.012507,0.067492,0.27185,4.181,2.1867,7.7561,0.12623,0.13688,0.36572,2.2212,0.73346,1.9578,0.81002,6.4201,13.026
0.013137,0.01883,0.020049,0.04884,0.63552,0.94037,0.091156,0.030015,0.11158,0.0914,20.837,0.81099,6.399,4.9787,1.0451
0.0087061,0.010428,0.01111,0.019622,0.09485,0.79416,0.30337,0.01802,0.012843,0.28791,19.782,0.27836,0.42705,12.081,0.89298
0.016901,0.01701,0.017088,0.019712,0.061935,0.087205,0.21706,0.047837,0.045029,0.087856,5.7766,0.084988,8.7251,0.038469,27.166
0.0082294,0.0082364,0.0082429,0.0082747,0.0088541,0.017809,0.1413,1.2301,0.23185,19.818,1.1148,1.1226,1.2476,0.95799,2.0692
0.008485,0.008526,0.008566,0.010067,0.033479,0.21832,1.0095,0.10381,0.48259,19.943,0.050195,0.036406,0.18822,0.47491,0.10166
0.0073606,0.0083991,0.009632,0.015242,0.082219,0.019473,1.0972,15.912,0.83566,0.035144,1.1939,0.32532,0.12924,0.58865,0.29587
0.020889,0.02096,0.021679,0.034584,0.11951,1.3221,6.6671,0.58914,1.6071,0.43205,0.80307,1.9402,0.73158,0.67625,25.904
0.0079768,0.023767,0.061916,1.0113,3.4802,3.7129,0.16534,1.2158,0.33001,0.082945,0.11515,3.9304,0.47542,0.046451,25.726
0.0087856,0.0090573,0.011821,0.056175,0.27012,0.013452,0.030907,4.4066,17.237,1.0008,0.099424,1.2324,1.0581,0.81106,0.28523
0.021282,0.026997,0.031152,0.065641,0.78542,0.061034,9.377,11.496,0.2013,0.78397,1.4645,0.90104,1.8613,3.6552,1.9418
0.031661,0.1172,0.20471,0.66659,0.063142,11.695,0.55699,0.94266,1.8992,1.2033,1.8136,1.244,2.085,1.9358,2.2833
0.0077133,0.0079897,0.0083044,0.021006,0.074613,0.1076,0.84981,12.433,4.808,11.341,0.050679,0.14951,0.10496,0.66762,0.5817
0.0073601,0.0081739,0.010534,0.019157,0.21166,3.1176,0.18665,15.006,1.2039,3.3884,1.0053,1.3093,1.6826,2.3638,1.9701
0.0091022,0.013467,0.032732,0.4227,4.9051,8.9861,0.98162,2.6731,2.7571,3.102,3.7715,3.9831,4.1118,3.4873,4.369
0.020395,0.02042,0.020505,0.022177,0.029085,0.09724,1.0129,14.493,6.8008,0.51553,1.8691,0.23185,1.418,0.33623,4.6757
0.0098901,0.012656,0.019319,0.18965,1.1974,8.3207,0.4124,0.32731,0.86009,0.049106,0.37736,0.022792,2.7562,1.6578,20.952
0.097718,0.10217,0.11079,0.14164,0.72227,9.6744,7.8252,0.98806,2.1763,1.0232,1.7163,1.5997,2.0305,2.4349,3.6417
0.013879,0.013895,0.013947,0.014864,0.021049,0.12486,0.67006,0.10736,0.12625,2.0005,14.328,1.5199,1.0345,2.184,22.322
0.0079368,0.0088532,0.028182,0.066949,0.77943,11.791,0.42454,0.7317,1.9401,0.93818,1.5268,0.93821,1.1234,1.5276,1.3857
0.012089,0.012109,0.012142,0.013135,0.018592,0.016128,0.10727,0.74722,0.084403,11.861,9.5996,0.16167,0.14961,0.19056,20.289
0.015772,0.017923,0.023642,0.10782,1.4874,9.6335,7.0685,0.059352,0.15455,0.3185,0.11841,0.16977,7.3818,1.0641,0.10113
0.030449,0.033903,0.035489,0.15606,1.9506,11.735,0.38641,0.68241,0.064961,0.66885,0.20385,0.18273,0.11347,2.5356,0.1608
0.0097661,0.015414,0.031185,0.26326,1.8393,11.689,0.78617,1.452,0.013156,0.65738,0.53976,0.61891,1.2871,1.15,0.70724
0.015101,0.015116,0.015122,0.015519,0.020076,0.086298,0.34693,0.04588,0.046198,0.049975,0.015166,0.023314,0.16881,19.512,21.534
0.021387,0.022871,0.025488,0.10038,0.97947,0.36343,12.852,1.4907,3.0981,3.1385,3.1953,2.8146,3.3213,4.3768,3.4834
0.0080929,0.011739,0.01785,0.10462,1.2379,0.2094,0.043361,0.21326,0.17137,0.36722,0.062987,0.058442,0.067777,0.1811,29.764
0.0090775,0.0091238,0.009305,0.012825,0.027661,0.014357,0.3591,4.4562,16.148,3.3125,2.5747,3.8245,4.2281,3.1923,3.4058
0.0071427,0.0071436,0.0071554,0.0073387,0.01025,0.054672,0.0087749,0.0073826,0.29228,4.0367,0.2355,23.51,0.085862,0.044492,0.039994
0.018269,0.018864,0.021273,0.066206,0.71461,6.7535,1.3756,2.017,0.9122,0.89459,12.645,0.81247,2.7752,4.8087,15.883
0.0086616,0.0086861,0.0087278,0.0098554,0.027709,0.3,0.01013,0.019572,17.059,5.7538,0.73837,0.65677,0.56715,0.11408,3.961
0.034097,0.037934,0.053887,0.27164,3.7795,0.15529,0.29191,0.76191,0.035317,0.075016,20.291,1.0307,1.1845,1.6158,1.1855
0.021788,0.022474,0.025826,0.093902,0.93716,8.3591,1.2832,0.95108,0.84801,1.6303,14.916,1.8144,2.271,3.152,2.103
0.036711,0.036867,0.037372,0.047954,0.21631,1.292,0.039069,4.0341,0.52162,16.575,0.21454,0.10932,0.14244,13.446,3.37
0.010234,0.015345,0.028846,0.35207,4.7144,5.4947,1.8371,0.59591,5.1334,13.098,1.6849,0.37922,0.18753,5.1666,0.56472
0.012009,0.021496,0.055867,0.82979,0.17973,0.53089,0.19586,0.43117,0.17255,0.16972,20.411,6.4018,2.7873,4.0648,4.5686
0.016508,0.016519,0.016557,0.017379,0.029398,0.21376,1.2553,0.087172,6.1244,18.721,0.95623,0.16107,0.24006,0.35275,0.16113
0.038813,0.03917,0.040542,0.067024,0.15493,1.5086,0.076963,0.067833,1.1026,0.057927,0.11557,0.044919,10.771,0.44162,27.051
0.027151,0.037016,0.057416,0.12025,1.6804,2.1504,13.028,0.61541,4.9259,0.54261,0.57525,0.54445,0.7151,0.1475,0.87849
0.016207,0.016254,0.016408,0.019436,0.043539,0.40538,0.09781,0.03148,0.040625,0.065392,9.2967,1.3198,4.0906,0.89803,26.722
0.010525,0.061532,0.24908,4.2746,2.3116,8.1259,0.28371,0.30925,0.29668,2.1995,0.52562,1.8967,1.0901,1.1391,12.737
0.016152,0.019847,0.024806,0.049023,0.25707,0.033395,0.16245,0.068877,0.060617,0.093456,7.6609,0.59268,0.48514,0.25501,28.118
0.013329,0.024806,0.055002,0.28687,1.4575,1.1984,2.2405,0.097456,17.183,0.76389,1.7962,1.0063,2.1997,3.2064,1.6918
0.0080717,0.0080786,0.008103,0.0085466,0.010401,0.028423,0.27205,3.8572,1.8328,0.29915,0.4191,19.971,0.86441,12.896,4.8587
0.015097,0.01528,0.017591,0.053408,0.62645,9.3659,8.4477,1.3359,0.58024,1.7631,1.1093,0.38355,1.1545,1.6567,1.5778
0.0095375,0.01015,0.012342,0.041914,0.49118,0.050196,3.7824,0.015205,16.31,2.0297,1.4191,2.4706,2.803,1.7751,7.6363
0.0072514,0.008662,0.011196,0.064729,0.70818,10.752,1.9716,1.2166,1.3479,2.8242,3.6176,5.1377,5.6529,2.3671,3.7528
0.010089,0.026904,0.038116,0.66533,2.3038,3.6701,3.9748,0.88923,0.091262,0.080332,0.046352,1.9849,0.10151,0.024542,26.119
0.38408,0.3841,0.3845,0.39074,0.46453,1.6174,10.79,9.8514,1.7538,1.9804,2.28,1.7647,2.7416,6.177,3.7882
0.13167,0.1327,0.13439,0.19723,0.38187,3.4022,3.7259,0.89754,0.3376,0.52294,0.2009,0.965,0.45947,0.14412,27.87
0.0083319,0.0089249,0.010918,0.055252,0.7562,6.3709,0.37062,0.14427,0.48247,0.074448,1.211,1.4301,0.28283,0.17038,25.2
0.014117,0.014167,0.014295,0.015296,0.03093,0.27154,2.6608,0.26268,12.052,1.8693,13.945,3.6179,4.3672,5.2124,4.43
0.0082464,0.0096843,0.015928,0.12774,0.76433,1.2609,0.25992,0.3442,0.51638,11.133,3.8021,1.382,4.4925,20.94,6.7561
0.0078944,0.0081192,0.0084285,0.018914,0.06758,0.013643,0.98672,14.277,7.894,0.82741,0.71441,0.7218,0.88578,1.2875,0.94671
0.10981,0.1212,0.20337,0.41125,2.0236,1.9638,1.0314,0.46113,17.407,0.49214,0.80886,1.322,0.7286,1.6478,1.3325
0.016202,0.018787,0.03437,0.073364,1.0104,0.087975,13.759,0.87185,1.6319,0.84486,1.6194,0.89333,1.2699,1.5242,1.3
0.013051,0.018782,0.036936,0.071875,0.27608,0.19375,0.036047,0.032257,0.024945,6.0757,15.252,10.914,1.7942,10.388,8.4388
0.012893,0.025781,0.051885,0.75095,7.6004,2.5536,1.9046,2.0764,2.0504,2.7246,3.2784,10.531,4.4605,5.6311,4.3608
0.011314,0.011358,0.011564,0.013941,0.028076,0.15416,0.69478,0.044703,0.41384,9.0327,0.023311,21.382,0.11935,0.626,0.3074
0.016314,0.016779,0.018773,0.060035,0.16178,1.9354,0.067648,0.29683,17.157,3.3574,1.8007,1.9288,2.676,2.9713,2.058
0.021634,0.021643,0.021774,0.02381,0.056145,0.036221,0.021942,0.024582,0.27865,3.7684,0.44407,23.526,1.3618,1.0398,1.0848
0.010241,0.010876,0.013263,0.04527,0.23029,0.023977,2.6521,0.31841,0.12683,0.35013,21.285,1.7901,2.7509,2.4805,1.8125
0.034054,0.035674,0.046346,0.19281,1.7454,6.5029,0.28042,0.73117,0.8165,0.81707,17.377,4.247,1.6213,3.3515,1.9377
0.02192,0.096721,0.45107,7.6578,0.92259,1.4029,2.2765,2.0452,0.22226,0.92795,1.4505,1.1415,1.3721,1.2496,1.6399
0.01843,0.018503,0.018736,0.023063,0.033315,0.26221,1.2236,0.15832,6.7755,18.42,0.11876,0.76535,0.10456,1.4171,1.0307
0.0099248,0.014814,0.028591,0.3398,4.9725,0.053553,0.09488,0.32782,0.56118,0.23858,0.21438,0.82238,1.2067,0.069129,25.939
0.034256,0.30204,0.42251,1.6625,0.10085,0.12337,0.047997,0.071755,0.037843,19.083,2.0948,2.917,2.1249,1.5022,2.457
0.0080132,0.0080326,0.0081052,0.0096825,0.017075,0.082777,0.01507,0.0096874,0.012662,1.6156,18.836,12.227,1.1338,0.087162,0.09217
0.025165,0.059716,0.22705,0.66063,8.6929,5.5487,0.49002,0.70085,0.32771,0.92748,2.6653,0.38663,1.6557,1.5833,1.2962
0.028346,0.035781,0.054567,0.50946,6.1966,6.6561,2.5229,3.4117,0.53894,4.4068,5.2551,5.0029,4.9369,4.6014,4.6469
0.017624,0.0177,0.017831,0.019094,0.02714,0.02323,0.15177,1.0267,0.13014,16.308,12.679,0.58179,0.46719,0.032776,0.58742
0.0084597,0.0084668,0.0084949,0.0090891,0.017311,0.01429,0.12176,0.92655,0.28801,15.256,13.593,0.66765,0.73868,5.0361,0.30801
0.017975,0.017995,0.018073,0.019575,0.023021,0.07344,0.027751,0.032804,0.02359,1.2395,17.143,0.14914,4.2923,3.5754,17.693
0.022219,0.022249,0.022696,0.029603,0.13912,0.21153,0.02348,0.031129,1.4073,0.22621,0.27037,23.734,2.2662,2.044,2.0675
0.0096004,0.0097077,0.010181,0.019786,0.14703,1.3719,1.9927,15.593,0.73119,0.062214,1.8663,1.2607,1.5692,0.72585,1.5143
0.057093,0.8482,1.0226,7.115,0.41536,0.38283,0.12182,0.16935,0.029952,0.38167,0.36773,7.6384,2.7584,4.149,0.60332
0.037765,0.044193,0.054747,0.10352,1.1711,1.5253,0.35848,0.1261,0.30507,0.10737,21.216,0.28586,5.4504,0.78522,0.1005
0.037717,0.040032,0.040744,0.12624,1.4132,0.28532,0.34801,14.46,6.0336,1.183,3.1875,3.143,2.7394,2.0345,0.37357
0.0091845,0.010862,0.012764,0.056361,0.76551,1.4466,4.6771,0.6321,0.21218,1.1075,0.86214,1.0487,0.94579,1.4133,27.779
0.0095551,0.0097316,0.010312,0.020588,0.063023,0.022508,0.90315,13.036,9.1024,1.1157,1.5561,2.163,1.2818,0.21491,7.3169
0.016877,0.017041,0.017212,0.021295,0.088022,0.037368,1.102,15.831,0.83502,1.4838,0.96645,1.932,0.15089,0.84224,0.66593
0.0083507,0.010889,0.016824,0.16897,1.6724,0.55769,0.038567,0.39293,13.995,5.2177,5.0787,5.5075,6.0906,8.1098,6.945
0.032974,0.14077,0.24751,4.4585,0.28853,0.16097,0.090282,0.23012,0.1444,0.072538,17.878,0.71513,1.0013,4.5161,0.11494
0.02913,0.034425,0.04073,0.070148,0.59769,8.0705,10.305,0.89273,0.51718,0.40088,1.5104,0.30405,0.17814,0.095095,0.14582
0.035731,0.041757,0.046634,0.074415,0.26671,0.038772,0.086109,4.3528,15.748,3.1948,3.4964,4.1087,4.4257,5.2838,4.5157
0.029422,0.033015,0.048987,0.26182,3.6313,0.097796,0.053642,0.67466,0.92473,0.27238,20.446,0.6851,0.82253,1.0895,0.79916
0.01862,0.05559,0.25978,0.58447,0.12734,0.33268,0.21083,0.21276,0.31789,17.959,0.96567,9.4875,0.67292,1.6144,4.7461
0.013363,0.041431,0.057077,1.0469,0.34721,8.779,1.2627,1.7457,1.9073,11.602,2.9211,2.6427,3.4316,4.1923,3.3816
0.027094,0.027748,0.029757,0.07588,0.80478,11.922,0.49273,0.73807,0.27407,0.8478,0.43367,0.54909,1.342,1.1255,1.19
0.014443,0.014486,0.015288,0.026421,0.16416,1.1332,0.24691,3.4667,0.10058,0.063439,0.034154,9.7265,0.24973,0.22089,26.515
0.017539,0.017656,0.018116,0.026404,0.13153,0.98754,12.602,0.57032,6.3711,2.2572,2.7916,1.2212,2.459,1.4306,3.956
0.045854,0.070242,0.11183,0.8001,8.6004,1.3815,1.5529,2.594,4.2131,3.3745,3.244,2.1412,4.1211,5.4848,5.8246
0.0095522,0.010676,0.01958,0.17321,2.6207,0.20992,0.46632,0.054769,0.42423,0.098451,0.067667,0.27188,0.22962,0.034506,28.929
0.040564,0.040662,0.041086,0.04937,0.18057,1.1578,0.14924,0.1076,6.0171,0.91507,20.657,0.1527,0.24483,0.74235,0.17129
0.039563,0.06232,0.29567,2.5787,0.68827,0.05744,0.045263,0.30316,16.324,2.5304,2.0509,3.3212,3.2661,2.6641,2.531
0.022029,0.027021,0.040375,0.32487,2.5242,0.54362,0.2131,2.2813,0.23722,0.38145,0.06128,0.094465,0.031482,0.064121,28.694
0.0088156,0.010944,0.012363,0.023368,0.26362,3.4353,6.428,1.4629,0.20169,0.5213,0.6136,0.40279,0.64037,0.71606,25.042
0.023225,0.023226,0.023236,0.023419,0.02632,0.023608,0.07874,0.029856,0.02478,0.025577,0.027389,0.025115,24.321,2.7047,10.304
0.008085,0.0096714,0.011366,0.019734,0.16016,2.3246,13.03,0.15786,0.27625,6.1711,0.75089,0.11901,0.26509,0.66123,0.45306
0.016334,0.041893,0.045685,0.18453,0.10655,3.5748,0.40399,14.568,1.9167,2.6085,2.3146,2.2392,2.668,3.3795,3.0479
0.24675,0.24802,0.25442,0.38215,2.4076,0.4089,13.502,2.8642,1.7398,0.70616,1.0861,0.51605,0.62322,0.97549,4.4545
0.027009,0.027529,0.034528,0.15491,0.68675,0.098388,0.079679,13.906,0.29644,0.54094,0.64104,0.8161,0.52475,0.86825,14.688
0.026675,0.026857,0.027013,0.034135,0.12432,0.036116,0.80208,0.11251,12.951,4.5982,4.2919,9.2058,8.0277,9.2995,6.0834
0.0085133,0.0086911,0.0088174,0.014824,0.1091,0.83683,0.11173,0.164,0.60871,19.901,0.87422,0.94256,0.62623,0.21041,0.93693
0.19611,0.19619,0.19638,0.20149,0.22315,0.20864,0.20719,0.55114,1.4727,19.098,3.3568,3.9438,4.2293,5.0573,1.5599
0.38867,0.38869,0.38888,0.39147,0.42155,0.84051,7.1124,2.0642,0.55498,17.555,2.1931,1.7742,1.9192,2.4632,1.3839
0.026432,0.026485,0.026994,0.035352,0.07405,0.3288,0.042712,0.040492,1.5324,19.808,1.1104,2.0616,0.96656,0.064877,1.7057
0.0093126,0.0098208,0.011183,0.043592,0.55465,8.3114,10.034,0.61146,0.79425,0.40162,0.3992,0.026338,0.8776,0.29819,0.61595
0.019897,0.026102,0.05869,0.49963,0.025814,0.041052,0.38516,0.09077,0.019918,0.076553,18.474,2.5065,10.288,3.8894,9.7968
0.018091,0.027665,0.063791,0.84782,0.19461,0.064033,0.081134,0.07911,0.041025,0.050071,21.875,0.10594,0.96256,0.4483,0.26224
0.0077055,0.0079504,0.010353,0.052757,0.24529,0.016729,1.0482,15.913,0.31235,0.10259,0.42857,0.38719,1.4568,0.9398,0.73773
0.36386,0.36515,0.36733,0.43054,0.9149,2.222,0.48921,0.5289,0.482,19.011,1.0427,0.70579,1.7542,8.95,2.5632
0.010156,0.015326,0.020758,0.26187,4.0252,5.017,1.5046,0.41607,1.9016,0.93061,0.12863,4.4894,0.76059,0.071802,23.298
0.0095267,0.0095516,0.0095655,0.010384,0.011115,0.038791,0.21245,0.022554,1.1311,16.281,0.62162,0.60067,14.321,4.7285,1.0752
0.034083,0.035019,0.046632,0.19227,1.7585,6.5392,0.45283,0.42598,0.62302,0.9144,17.807,1.8931,1.6474,2.0443,1.8834
0.010966,0.013513,0.048312,0.62349,9.2143,0.28322,1.917,0.17656,5.9885,0.15291,1.9408,0.74362,1.6007,0.2591,2.1385
0.010678,0.015826,0.02944,0.35488,3.4377,4.0836,9.8474,0.43193,6.1808,3.1598,0.34024,0.075575,0.18217,5.3765,9.0977
0.015028,0.015302,0.0155,0.025975,0.1896,0.29809,0.82972,0.13746,0.25107,0.015517,1.2439,0.082012,0.020346,13.316,26.284
0.010353,0.010488,0.013284,0.059941,0.35535,0.01232,0.058268,0.016448,0.032976,8.968,0.39087,0.24896,0.26242,1.1199,26.778
0.020688,0.021203,0.023531,0.072121,0.38092,0.59608,0.187,0.083031,0.067368,15.692,13.195,0.86598,1.2624,3.8752,1.0166
0.029575,0.029938,0.030319,0.045766,0.28795,3.8912,0.086483,0.29645,0.14168,0.038943,17.753,0.10954,1.9627,0.63196,14.74
0.020153,0.020774,0.023549,0.081056,0.76006,0.91938,7.505,0.22726,0.54793,0.38815,0.34895,0.25311,0.33393,0.43683,25.137
0.0086832,0.0091885,0.0097518,0.029432,0.26723,3.8591,0.17958,0.06762,0.052873,0.14359,16.788,1.6428,0.97615,1.975,16.537
0.013148,0.013149,0.013153,0.013249,0.014532,0.034346,0.23613,0.037218,1.0227,14.841,13.794,2.9415,3.1606,2.248,4.1067
0.0083309,0.010865,0.015295,0.09456,0.54187,3.5038,0.23669,0.63678,0.068123,13.778,14.24,1.5122,1.9914,1.6079,2.0952
0.008162,0.0081814,0.0083783,0.011538,0.03924,0.0084534,0.011282,0.321,1.3201,0.0091745,21.121,0.33378,7.0079,0.13262,0.78787
0.016701,0.016784,0.016841,0.019963,0.061142,0.56973,0.064616,0.09846,0.11263,10.524,0.39834,0.18553,0.40471,0.48126,25.489
0.020307,0.045814,0.15178,2.1165,1.3454,3.9905,0.45106,11.698,0.4684,2.2888,0.9113,2.0131,0.73127,6.4261,13.257
0.012902,0.023899,0.12648,1.8374,6.8602,8.1686,0.66418,0.19859,1.0907,0.54275,1.2984,0.11757,0.39308,0.79616,2.2424
0.0076316,0.0079038,0.0082269,0.015585,0.07484,0.024258,1.0138,14.67,6.2991,0.41202,3.9348,0.27743,0.44881,0.28733,0.23253
0.011155,0.021803,0.025257,0.083907,0.38079,0.52962,0.044572,4.0952,16.883,1.1438,2.3183,3.0808,2.5247,1.9775,2.6457
0.058172,0.058265,0.058542,0.05986,0.066974,0.13177,1.1105,15.392,4.6917,1.4191,0.63151,1.576,0.1865,0.17534,0.56781
0.0095773,0.010903,0.014562,0.089043,1.2778,0.23966,13.822,0.12437,1.0592,0.35326,0.023391,0.37794,0.21129,0.089834,2.3375
0.03776,0.037793,0.037815,0.038848,0.043086,0.078681,0.040956,0.16224,1.1433,15.795,6.2143,6.5865,7.6694,7.5425,7.6363
0.0086917,0.011001,0.028899,0.15938,0.86926,0.92211,12.859,1.3757,3.3165,0.67443,1.0503,1.1512,1.1148,0.88175,9.2243
0.018086,0.018233,0.018571,0.027131,0.1321,1.5609,12.379,0.85098,0.47016,2.68,1.9877,1.1205,0.87206,1.3754,12.355
0.017548,0.020809,0.035577,0.34623,4.8982,0.13371,0.18116,0.10306,0.3188,0.20945,18.807,0.22458,1.2575,4.6548,0.37638
0.032961,0.03472,0.06697,0.13525,0.075075,1.6716,6.9673,1.7536,2.3568,14.661,4.9323,4.6745,5.0897,2.5838,5.9889
0.014808,0.014868,0.015111,0.020216,0.10101,0.025919,0.9347,0.029891,0.08789,1.4575,0.090798,0.091953,0.080055,0.065135,29.87
0.045278,0.049052,0.12401,1.2621,6.9936,8.4345,0.41232,0.90438,0.42539,0.44597,0.098489,0.31518,0.21748,0.58049,0.33086
0.029356,0.031141,0.04127,0.16297,1.722,6.3711,0.12355,0.43657,2.8257,0.54554,17.459,3.6595,1.8505,2.1495,2.1595
0.0083017,0.0085503,0.0087608,0.0099219,0.017658,0.14349,1.0865,15.833,1.3292,0.72813,1.3047,0.70316,0.87737,1.2472,1.2366
0.14652,1.0735,1.9612,6.8501,0.1549,1.0774,0.40956,0.50032,1.2909,0.48928,0.6389,0.29306,6.7528,3.5064,0.65368
0.010249,0.010565,0.01207,0.015511,0.08195,0.94013,13.855,0.78359,1.7476,0.79314,0.76657,0.87019,0.046761,0.47075,0.30288
0.036667,0.036757,0.037768,0.055713,0.043885,0.047752,0.34148,2.0681,0.12923,16.948,10.85,1.9861,1.8461,2.4807,2.6809
0.013597,0.013601,0.013626,0.014112,0.016798,0.013943,0.054387,0.25053,0.031181,1.2453,1.0281,0.066637,25.927,0.41861,0.51806
0.011536,0.013282,0.020244,0.10754,1.3297,2.5323,0.74063,0.78492,0.39145,12.888,15.213,2.6781,3.229,2.9208,1.5072
