1.2034,1.3141,1.3308,1.2506,1.0884,0.88199,0.70656,0.67455,0.81372,1.0205
1.1257,1.1538,1.1303,1.0616,0.96795,0.88319,0.84627,0.87736,0.95934,1.0537
1.2514,1.3378,1.3256,1.217,1.0328,0.81983,0.66961,0.69341,0.87009,1.0824
1.4717,1.4347,1.2776,1.0251,0.73209,0.53312,0.62597,0.90428,1.1829,1.3835
1.3358,1.1088,0.8199,0.57073,0.56767,0.81433,1.1037,1.3324,1.4567,1.4578
0.96227,1.1549,1.2867,1.3299,1.2766,1.1366,0.9403,0.74986,0.67024,0.7669
0.63999,0.6086,0.79753,1.0512,1.2643,1.3883,1.4024,1.3042,1.1099,0.85946
1.2166,1.0953,0.9329,0.78592,0.73373,0.81403,0.97112,1.1281,1.235,1.2667
1.4665,1.4098,1.237,0.97651,0.6913,0.53368,0.6694,0.9515,1.2173,1.3991
0.94016,1.0126,1.0782,1.1149,1.1118,1.0697,1.0014,0.93037,0.88608,0.89001
1.2301,1.1724,1.0554,0.91128,0.79534,0.77192,0.85692,0.99752,1.1307,1.215
1.1392,1.0905,1.0082,0.91953,0.86131,0.86309,0.9239,1.0131,1.0942,1.1406
1.3973,1.534,1.5339,1.3971,1.1418,0.80967,0.50508,0.50528,0.81,1.1421
1.2126,1.2155,1.1495,1.0303,0.89277,0.79322,0.78867,0.88215,1.0189,1.1413
1.2819,1.4518,1.4981,1.4145,1.2126,0.925,0.62548,0.50463,0.70575,1.0142
1.2012,1.2282,1.1833,1.0765,0.93638,0.81358,0.7721,0.83943,0.9726,1.1081
1.2877,1.1132,0.88479,0.68059,0.6344,0.78984,1.0212,1.2244,1.3487,1.371
1.12,1.0084,0.88763,0.80937,0.81799,0.90807,1.0306,1.1363,1.1933,1.1874
0.79948,0.72857,0.79361,0.94782,1.1108,1.2281,1.2715,1.2319,1.1176,0.95578
1.0674,0.83561,0.65287,0.65364,0.8372,1.0689,1.2585,1.3623,1.3619,1.2574
1.0488,1.0761,1.0763,1.049,1.0034,0.95542,0.92447,0.92435,0.95511,1.003
1.6322,1.5841,1.3899,1.0736,0.68472,0.37667,0.54461,0.93483,1.2858,1.5287
0.71843,0.39857,0.52114,0.9007,1.2537,1.5042,1.6186,1.5834,1.4026,1.0986
1.1458,1.2495,1.2746,1.2159,1.0857,0.91648,0.76904,0.72674,0.82114,0.98691
1.504,1.2643,0.92133,0.54765,0.4015,0.69692,1.0721,1.378,1.5646,1.6083
1.7513,1.5427,1.1868,0.72395,0.25359,0.45259,0.94446,1.365,1.6577,1.791
1.1209,1.392,1.5442,1.5576,1.4308,1.1798,0.84309,0.5138,0.47133,0.77541
1.5168,1.5404,1.4267,1.1906,0.86861,0.54778,0.47719,0.7517,1.0878,1.3587
0.77095,1.0503,1.2847,1.4239,1.4457,1.347,1.1426,0.87075,0.61744,0.56449
1.0573,1.2401,1.342,1.3441,1.246,1.0657,0.84588,0.67261,0.66849,0.83727
0.85736,0.50369,0.44045,0.76076,1.1229,1.4072,1.5689,1.5878,1.4617,1.2059
1.0586,1.1186,1.1372,1.1092,1.0424,0.9577,0.88687,0.86292,0.89861,0.97524
1.4278,1.4743,1.3952,1.2019,0.92679,0.64305,0.52766,0.71083,1.0037,1.2622
0.76628,0.88892,1.0482,1.181,1.2512,1.2432,1.1587,1.0169,0.85904,0.75315
1.6404,1.5459,1.3095,0.96133,0.56535,0.36354,0.65833,1.0527,1.378,1.5822
0.65258,0.84945,1.0865,1.2756,1.3751,1.3679,1.2552,1.0568,0.8186,0.63734
1.2478,1.2218,1.1243,0.97882,0.83177,0.75296,0.79443,0.92727,1.0797,1.1967
0.93496,1.2369,1.4462,1.5311,1.4805,1.3009,1.0181,0.68928,0.47146,0.61212
1.0372,1.279,1.4261,1.4551,1.3619,1.1603,0.88674,0.6233,0.55217,0.75327
0.46767,0.76452,1.1098,1.3832,1.5391,1.5569,1.4347,1.1879,0.85414,0.52357
1.3092,1.1595,0.94557,0.73137,0.63567,0.7427,0.95976,1.1711,1.3156,1.3644
1.1366,1.1348,1.0869,1.0067,0.92092,0.86511,0.86748,0.92673,1.0133,1.0918
1.1756,1.3815,1.475,1.4427,1.289,1.0376,0.74163,0.53191,0.61426,0.89283
1.3142,1.5105,1.5721,1.4915,1.2788,0.96347,0.61146,0.42874,0.65626,1.01
0.92174,1.1726,1.3516,1.4255,1.3831,1.2306,0.99451,0.73303,0.57609,0.67168
1.0602,1.0397,1.0042,0.96654,0.94159,0.94009,0.96273,0.99968,1.0361,1.0589
1.5873,1.5809,1.4301,1.1536,0.79288,0.45515,0.47674,0.82543,1.1815,1.4484
1.7288,1.7479,1.5993,1.2985,0.87955,0.41055,0.31957,0.7744,1.2129,1.5439
1.35,1.1489,0.87906,0.62433,0.56334,0.76361,1.0419,1.2778,1.4198,1.445
0.96022,1.0947,1.1908,1.2236,1.1855,1.0854,0.94955,0.82581,0.77644,0.8334
0.79335,0.99574,1.1829,1.3025,1.3305,1.2618,1.109,0.90682,0.72447,0.67169
0.61213,0.86839,1.1434,1.3502,1.4506,1.4295,1.29,1.054,0.77149,0.56036
1.2464,1.0383,0.79503,0.62117,0.65836,0.86986,1.11,1.2954,1.3872,1.3699
1.4267,1.2399,0.96288,0.6617,0.50635,0.67236,0.97476,1.2492,1.4317,1.4937
0.50469,0.60379,0.90248,1.1969,1.4081,1.5016,1.4646,1.302,1.0378,0.72586
1.2007,0.94936,0.68671,0.56282,0.70428,0.96997,1.2171,1.3824,1.4373,1.3735
0.99827,0.51663,0.22969,0.66021,1.1269,1.4954,1.7222,1.7833,1.6724,1.4011
1.0811,0.94618,0.82495,0.77883,0.83762,0.96402,1.0967,1.1906,1.2213,1.1817
0.70828,1.0363,1.3137,1.4859,1.5285,1.436,1.2205,0.91541,0.59649,0.4768
1.2555,1.1536,0.99438,0.82528,0.72465,0.76188,0.90884,1.0807,1.2147,1.2773
0.9847,1.0759,1.1376,1.1522,1.1157,1.038,0.94319,0.86771,0.8483,0.89576
1.1387,0.91406,0.70065,0.62811,0.76366,0.99238,1.2025,1.3381,1.3737,1.3032
1.5155,1.6242,1.5825,1.3952,1.0854,0.70153,0.38836,0.53341,0.91771,1.2692
0.58687,1.0398,1.4129,1.6553,1.7403,1.6588,1.4195,1.0488,0.59671,0.25974
1.2084,1.3831,1.4468,1.39,1.2211,0.969,0.69737,0.55332,0.68357,0.95296
0.9334,0.88434,0.88422,0.93311,1.0073,1.0765,1.1171,1.1172,1.0767,1.0076
1.1163,1.046,0.9562,0.88054,0.85458,0.8924,0.97384,1.0622,1.1257,1.1455
1.4847,1.1794,0.77809,0.38443,0.43907,0.85044,1.2396,1.5238,1.6672,1.6537
0.83467,0.87461,0.96615,1.0667,1.1402,1.1654,1.1357,1.0589,0.95754,0.86874
1.3176,1.5912,1.7149,1.6753,1.4767,1.141,0.7114,0.31183,0.48109,0.92599
1.6035,1.6781,1.5945,1.3622,1.0087,0.59028,0.32222,0.61415,1.0315,1.3792
1.2801,1.3498,1.3186,1.1918,0.99438,0.78023,0.65225,0.71331,0.90943,1.1219
0.4306,0.90109,1.316,1.6106,1.7518,1.7248,1.5325,1.1952,0.75265,0.30274
1.3371,1.241,1.064,0.84872,0.67951,0.67467,0.83854,1.054,1.234,1.3347
0.72808,0.77885,0.92839,1.0948,1.2197,1.2725,1.2421,1.1347,0.97514,0.81339
1.3784,1.4824,1.4592,1.3118,1.0623,0.7605,0.52982,0.5909,0.87038,1.1619
1.1766,1.0088,0.82408,0.70569,0.73725,0.89348,1.0794,1.2262,1.2979,1.2803
1.4321,1.604,1.6276,1.5,1.2363,0.87174,0.48782,0.40241,0.74892,1.1324
0.87161,0.99841,1.119,1.195,1.2073,1.1529,1.045,0.91474,0.81288,0.79457
0.88719,0.71427,0.67961,0.81278,1.0151,1.1959,1.3066,1.325,1.2477,1.0894
1.0199,0.92739,0.86144,0.85515,0.91203,1.0026,1.0887,1.1416,1.1463,1.1016
1.3931,1.4639,1.411,1.242,0.98456,0.70012,0.53669,0.66344,0.94257,1.209
0.79954,0.877,1.0017,1.1193,1.1924,1.2026,1.1473,1.0402,0.91246,0.81456
1.0331,0.68475,0.44138,0.59138,0.93512,1.2524,1.472,1.5624,1.512,1.3272
0.88513,0.75612,0.74245,0.8543,1.0195,1.1668,1.2543,1.2624,1.1896,1.0515
1.05,1.1822,1.2515,1.2425,1.1571,1.0149,0.85731,0.75264,0.76739,0.89088
0.42194,0.60635,0.96286,1.2817,1.497,1.5791,1.5179,1.3208,1.0144,0.65624
0.86679,1.0844,1.2574,1.3462,1.3345,1.2244,1.0366,0.81811,0.66199,0.68524
1.1765,0.90495,0.63561,0.54581,0.73565,1.0202,1.2673,1.4216,1.4585,1.3726
0.87765,1.0374,1.1742,1.2498,1.2475,1.1678,1.0285,0.86909,0.75627,0.76004
0.98883,0.84876,0.76867,0.79915,0.9195,1.0641,1.1789,1.2326,1.2131,1.1246
1.5953,1.4766,1.2263,0.87937,0.51784,0.42577,0.7388,1.1057,1.3975,1.5678
0.98534,0.95143,0.93663,0.94749,0.97919,1.0184,1.0502,1.0634,1.0537,1.0243
1.0417,1.2637,1.3961,1.4167,1.3224,1.1281,0.87214,0.63909,0.59204,0.78035
1.3055,1.3148,1.2307,1.0694,0.87038,0.70982,0.69238,0.8328,1.0317,1.2044
1.7695,2.0508,2.1323,2.0059,1.6842,1.1995,0.60343,0.15204,0.73894,1.3165
1.5526,1.4645,1.2486,0.93637,0.59902,0.4505,0.68463,1.0269,1.3179,1.5016
0.91136,0.84141,0.84128,0.91106,1.0139,1.1074,1.1614,1.1615,1.1076,1.0143
1.5958,1.3363,0.9571,0.51959,0.30687,0.67511,1.103,1.4444,1.653,1.7053
0.61003,0.71042,0.94056,1.1691,1.3294,1.3902,1.3417,1.1917,0.96846,0.73322
1.3482,1.3926,1.3272,1.1627,0.93097,0.70112,0.60803,0.74001,0.97846,1.201
0.93366,0.94347,0.97581,1.017,1.0511,1.0664,1.0577,1.0279,0.98725,0.95079
0.98752,0.79313,0.68128,0.73719,0.91471,1.1099,1.2562,1.3202,1.2898,1.1706
1.3639,1.1897,0.93959,0.68275,0.56956,0.71535,0.97805,1.2203,1.3805,1.4309
1.2074,0.90807,0.60016,0.49207,0.71798,1.0372,1.3074,1.4743,1.5138,1.4207
1.0365,0.90527,0.80675,0.79549,0.87879,1.008,1.1273,1.1998,1.2073,1.1481
0.83905,0.68795,0.69695,0.85827,1.0631,1.2312,1.3216,1.3169,1.2179,1.0439
1.0163,1.0297,1.032,1.0224,1.0043,0.98448,0.9705,0.96806,0.97818,0.9967
1.1797,0.80514,0.43902,0.4463,0.81555,1.1885,1.4683,1.616,1.614,1.4626
0.89583,0.95532,1.0304,1.0922,1.1207,1.1077,1.0568,0.98375,0.91465,0.87947
0.94416,0.72043,0.62074,0.7358,0.96314,1.1817,1.33,1.3794,1.3216,1.1663
0.71118,0.98684,1.2366,1.4,1.4496,1.3782,1.1964,0.93589,0.66725,0.55124
1.2471,1.4743,1.5714,1.5263,1.3445,1.0504,0.69644,0.4351,0.5736,0.92239
0.78317,0.64567,0.7019,0.90097,1.119,1.2829,1.3573,1.3291,1.2031,1.0035
0.99582,1.3363,1.5613,1.6425,1.5708,1.3543,1.0198,0.62317,0.35775,0.59869
0.56874,0.58148,0.82984,1.1141,1.3359,1.453,1.448,1.3214,1.0926,0.8064
0.88555,1.0689,1.2166,1.2915,1.2785,1.18,1.017,0.83463,0.7132,0.73628
1.9759,1.873,1.5867,1.1453,0.59186,0.031348,0.63016,1.1779,1.6104,1.8854
1.167,1.4019,1.5188,1.5019,1.3534,1.0939,0.77014,0.50165,0.55018,0.8525
1.5198,1.3361,1.0414,0.68969,0.4371,0.58259,0.92955,1.2508,1.4743,1.5678
0.59212,0.41709,0.66639,1.0285,1.3344,1.5286,1.5853,1.4977,1.2765,0.95212
1.2538,0.83318,0.38006,0.36436,0.81461,1.2386,1.5531,1.721,1.7244,1.5629
1.8959,2.0722,2.046,1.8199,1.4162,0.87517,0.25791,0.41771,1.024,1.5346
1.2954,1.342,1.2893,1.147,0.9449,0.74551,0.65808,0.75604,0.95835,1.1581
1.4083,1.3224,1.1372,0.88918,0.65792,0.59715,0.76875,1.023,1.2446,1.3809
0.70414,0.62291,0.75424,0.98454,1.1985,1.3385,1.3782,1.311,1.1481,0.92256
1.1407,1.341,1.4371,1.4144,1.2761,1.0446,0.77088,0.57198,0.62611,0.8741
0.61685,0.68686,0.9068,1.1394,1.3106,1.3858,1.3525,1.216,1.0014,0.76376
0.5694,0.81808,1.1074,1.3351,1.4579,1.4574,1.3338,1.1055,0.81603,0.56828
1.3562,1.3082,1.1663,0.9592,0.74753,0.64385,0.73647,0.94525,1.1549,1.3019
1.3871,1.051,0.64317,0.33927,0.56831,0.97871,1.3332,1.5711,1.6634,1.5997
1.1207,1.1908,1.1984,1.1417,1.0347,0.90921,0.81528,0.8041,0.88275,1.006
1.3354,1.2581,1.0971,0.88926,0.7085,0.66892,0.80503,1.0135,1.2,1.3148
1.0901,0.90677,0.7472,0.70523,0.81403,0.99551,1.165,1.2732,1.2969,1.2316
0.95058,0.78466,0.71159,0.78571,0.95198,1.1237,1.2453,1.2884,1.2446,1.1225
0.80076,0.94634,1.1025,1.216,1.2588,1.2218,1.1128,0.95842,0.80959,0.74127
0.38664,0.68887,1.0722,1.3845,1.5758,1.6224,1.5189,1.2775,0.93,0.54643
1.3161,1.4347,1.4344,1.3153,1.0959,0.82006,0.58852,0.5892,0.82134,1.0971
0.5894,1.1138,1.5327,1.8026,1.8968,1.8059,1.5388,1.1223,0.59921,0.10331
1.7213,1.7067,1.5292,1.2082,0.78223,0.34491,0.41134,0.86222,1.2737,1.5717
1.0004,1.1699,1.277,1.2986,1.2308,1.0869,0.90185,0.7426,0.70405,0.8169
0.85112,0.94723,1.0593,1.1458,1.1819,1.1585,1.0813,0.97181,0.86808,0.81824
0.88263,1.2245,1.4709,1.5867,1.5578,1.3876,1.0977,0.73541,0.43198,0.52687
0.984,1.2678,1.4549,1.5171,1.4463,1.2517,0.96311,0.64672,0.48301,0.66587
0.76324,0.75385,0.86284,1.0217,1.1628,1.2455,1.2512,1.1787,1.044,0.88419
0.63141,0.77467,1.0039,1.2107,1.3415,1.3716,1.2961,1.1279,0.90225,0.69311
1.198,1.2457,1.2169,1.1177,0.97248,0.82831,0.75469,0.80038,0.93387,1.0843
0.31516,0.80434,1.2545,1.5892,1.7718,1.7832,1.6224,1.3059,0.86805,0.3742
0.15217,0.64134,1.1427,1.5379,1.7845,1.8576,1.75,1.4724,1.053,0.53816
0.71248,0.25302,0.46464,0.95144,1.367,1.6548,1.7838,1.7407,1.53,1.1736
0.74252,0.55188,0.63475,0.89932,1.1693,1.3656,1.4531,1.4189,1.2678,1.0242
1.3874,1.2578,1.0402,0.78482,0.60148,0.64549,0.87154,1.1223,1.3137,1.4071
0.42599,0.99005,1.4588,1.7852,1.9371,1.8994,1.676,1.2888,0.77605,0.19263
2.0305,2.1466,2.0536,1.7607,1.2974,0.7127,0.15163,0.64317,1.2372,1.7169
0.76686,1.2962,1.6987,1.935,1.9818,1.8346,1.5079,1.0336,0.45816,0.16274
1.1867,1.3372,1.3871,1.3283,1.1705,0.94423,0.7154,0.613,0.73174,0.96428
0.6907,0.85318,1.0611,1.2326,1.3257,1.3227,1.2242,1.0491,0.84109,0.68501
1.66,1.34,0.8931,0.37781,0.2849,0.79777,1.2635,1.6107,1.8026,1.8196
0.55687,0.87624,1.1945,1.4268,1.5368,1.51,1.35,1.0786,0.74472,0.4782
0.95198,1.3749,1.6683,1.8011,1.7596,1.5482,1.1886,0.72104,0.24349,0.45483
1.0905,1.5056,1.7751,1.8719,1.7863,1.5269,1.1198,0.60805,0.12933,0.57422
0.31298,0.59592,1.0193,1.3741,1.6058,1.6871,1.609,1.3803,1.0276,0.6047
0.84437,0.84629,0.91551,1.016,1.1065,1.158,1.1566,1.1026,1.0108,0.91086
0.81394,0.42985,0.42671,0.80959,1.1933,1.4813,1.6346,1.6355,1.4837,1.197
0.68096,1.1293,1.4824,1.6965,1.7484,1.6327,1.3617,0.9654,0.50149,0.26948
0.94965,0.98074,1.0188,1.0492,1.0615,1.0515,1.0226,0.98472,0.9522,0.93849
0.71369,0.80967,0.98243,1.1489,1.2587,1.2874,1.2293,1.0961,0.92019,0.76314
1.0846,0.59918,0.19125,0.57639,1.0644,1.4605,1.7177,1.8091,1.7255,1.4753
0.71187,0.53278,0.64721,0.9275,1.1998,1.3911,1.469,1.4223,1.2576,1.0012
1.4075,0.92847,0.36155,0.25736,0.83262,1.3313,1.7003,1.9033,1.9201,1.7493
0.85267,1.2991,1.6241,1.793,1.7884,1.6107,1.2782,0.82675,0.32634,0.3509
1.0923,1.2451,1.318,1.2968,1.1855,1.0069,0.81027,0.6855,0.72477,0.89527
1.3472,1.0551,0.7023,0.43812,0.56959,0.91655,1.2417,1.4703,1.5695,1.5267
1.394,1.5881,1.6356,1.531,1.2865,0.93364,0.54119,0.37392,0.68626,1.0769
1.1105,0.72556,0.3927,0.50873,0.89457,1.2537,1.5095,1.6281,1.5957,1.4159
0.8781,1.1355,1.3292,1.4215,1.398,1.2623,1.0368,0.77311,0.58619,0.64019
2.0333,1.9445,1.6654,1.2234,0.66203,0.048232,0.59621,1.1674,1.6247,1.9231
1.2587,0.76607,0.21889,0.41635,0.95669,1.4108,1.7285,1.8779,1.8442,1.6307
1.1365,0.93924,0.74816,0.66889,0.76689,0.96339,1.1565,1.2884,1.3313,1.2773
0.31481,0.40299,0.87939,1.3033,1.6077,1.7587,1.7406,1.5553,1.2222,0.7795
1.7196,1.4201,0.98434,0.4622,0.19843,0.71604,1.2053,1.5813,1.8044,1.8521
1.2902,1.2094,1.0574,0.87314,0.72895,0.71647,0.84567,1.0294,1.1898,1.2832
0.85853,0.78905,0.81833,0.92753,1.0591,1.1636,1.2118,1.1922,1.1094,0.98457
0.66984,0.77048,0.96726,1.1593,1.2895,1.3304,1.2748,1.1328,0.93533,0.74572
0.63113,0.49703,0.69349,1.0053,1.2782,1.4535,1.5046,1.4248,1.2248,0.93649
0.42172,0.38194,0.79042,1.1965,1.5027,1.67,1.6795,1.5303,1.239,0.8417
1.1501,1.2968,1.3519,1.3056,1.1661,0.96174,0.75236,0.64825,0.737,0.9423
1.2732,1.1145,0.90367,0.71231,0.6576,0.78766,0.99975,1.1937,1.3169,1.345
1.073,1.4139,1.6267,1.6867,1.5875,1.3399,0.97339,0.54821,0.31864,0.65308
1.1027,1.1094,1.0781,1.0182,0.94957,0.89945,0.89109,0.92871,0.99409,1.0598
1.0539,0.79452,0.59993,0.63275,0.8586,1.1143,1.312,1.4116,1.3972,1.2709
0.99774,1.3006,1.4983,1.5632,1.4874,1.2803,0.97114,0.62445,0.43704,0.64985
0.64112,0.91122,1.1812,1.3748,1.458,1.4185,1.2621,1.0139,0.73017,0.54545
0.48509,0.32559,0.71292,1.1351,1.4658,1.6613,1.6998,1.577,1.3065,0.92021
1.5428,1.533,1.3865,1.1227,0.78545,0.48759,0.5174,0.8339,1.1651,1.4145
0.80852,1.0397,1.2373,1.3533,1.3668,1.2753,1.095,0.86558,0.66979,0.64198
1.3822,1.3907,1.2892,1.0948,0.84888,0.64091,0.62239,0.81201,1.0596,1.2652
0.7035,0.72384,0.87823,1.0689,1.223,1.3023,1.2911,1.1915,1.024,0.83383
1.3455,0.97512,0.54407,0.30973,0.65348,1.0784,1.4221,1.6362,1.6962,1.5957
1.5958,1.173,0.63614,0.062403,0.57155,1.1179,1.5558,1.8417,1.9474,1.8627
0.83268,0.52364,0.49625,0.78753,1.1195,1.3797,1.524,1.5332,1.4059,1.1591
0.32744,0.29363,0.85904,1.3466,1.7035,1.8941,1.8996,1.7196,1.3716,0.89046
2.109,2.1513,1.9842,1.6245,1.1088,0.49702,0.25861,0.87054,1.4339,1.8616
0.28466,0.45894,0.92863,1.3369,1.6224,1.7533,1.7159,1.5142,1.1696,0.72322
1.3082,0.98349,0.61168,0.39822,0.63472,1.0068,1.3258,1.5333,1.602,1.5239
0.56886,0.18943,0.60673,1.0924,1.4821,1.7304,1.8116,1.7175,1.4576,1.0589
1.8575,1.6921,1.3623,0.90166,0.36433,0.274,0.81364,1.292,1.6469,1.8419
0.64325,0.19256,0.53239,1.029,1.4377,1.7096,1.8164,1.7473,1.5092,1.1268
1.3438,1.1967,0.97526,0.73952,0.6113,0.70548,0.93358,1.163,1.3254,1.3892
1.7413,1.4815,1.0797,0.58156,0.1677,0.59494,1.0914,1.49,1.7458,1.8324
1.0228,0.98225,0.94799,0.93429,0.94726,0.98112,1.0217,1.0535,1.0657,1.0542
1.1711,1.0614,0.92331,0.80867,0.77893,0.85376,0.98681,1.1171,1.2027,1.2221
1.6268,1.3866,1.0202,0.58121,0.28693,0.60981,1.0468,1.4063,1.6373,1.7135
1.0038,0.94476,0.90678,0.90746,0.94649,1.0058,1.0615,1.0941,1.0935,1.0599
0.52084,0.32575,0.68121,1.0993,1.4334,1.637,1.6867,1.5771,1.3202,0.9468
0.98248,0.7524,0.62258,0.70565,0.92465,1.1499,1.3121,1.3784,1.3378,1.1969
1.1211,0.63444,0.18543,0.54136,1.0391,1.4471,1.7171,1.8211,1.7486,1.507
0.73615,0.96202,1.1798,1.3278,1.3774,1.3202,1.166,0.94499,0.72239,0.62269
1.5705,1.4004,1.1083,0.74038,0.42459,0.51504,0.87788,1.2261,1.4777,1.5974
1.1278,1.4387,1.6199,1.6502,1.5262,1.262,0.89156,0.49047,0.37609,0.73171
0.78064,1.1047,1.3618,1.5066,1.5191,1.3977,1.1587,0.84158,0.54121,0.50512
1.0048,1.078,1.1221,1.124,1.0833,1.0117,0.93327,0.87979,0.87734,0.92719
0.72086,0.56888,0.67634,0.93271,1.1847,1.3618,1.432,1.3845,1.2265,0.98519
1.153,1.1207,1.0459,0.95122,0.87242,0.84715,0.8894,0.97634,1.0688,1.134
0.87974,1.3064,1.6128,1.7652,1.7475,1.5618,1.2273,0.7822,0.31188,0.39899
1.8713,1.7257,1.4121,0.96235,0.42646,0.2137,0.75468,1.2464,1.6191,1.8346
1.277,1.4074,1.4238,1.3238,1.1231,0.86119,0.6259,0.58763,0.78744,1.0541
0.9872,1.1,1.1745,1.1909,1.1451,1.0487,0.92964,0.83354,0.81001,0.87349
0.59432,0.81215,1.0812,1.2987,1.4195,1.4243,1.3124,1.1014,0.8338,0.60566
1.5398,1.1771,0.70797,0.23572,0.46785,0.96375,1.3835,1.6729,1.8012,1.7552
0.41215,0.48139,0.86013,1.2248,1.4907,1.6217,1.6025,1.4353,1.1401,0.76016
1.6519,1.6999,1.5867,1.3247,0.94484,0.51032,0.31551,0.68668,1.111,1.4479
0.55483,0.4666,0.73716,1.0773,1.354,1.5181,1.5475,1.4385,1.205,0.88279
1.1129,0.83267,0.58816,0.57359,0.80563,1.088,1.3149,1.441,1.4468,1.3317
1.4433,1.3198,1.0946,0.8123,0.57642,0.58367,0.82573,1.107,1.3281,1.4462
1.307,1.0902,0.81924,0.59468,0.59781,0.82516,1.0957,1.3108,1.4267,1.4254
1.0556,1.1354,1.1681,1.1452,1.0725,0.9708,0.87608,0.83198,0.86329,0.95209
1.6465,1.359,0.94493,0.46208,0.26126,0.71596,1.1734,1.5267,1.735,1.7764
0.81545,0.57554,0.57884,0.82154,1.105,1.3285,1.4486,1.4473,1.3247,1.0994
1.4011,1.1674,0.85421,0.55285,0.50266,0.76876,1.0915,1.3507,1.4995,1.5171
1.0329,1.1506,1.2149,1.2104,1.1381,1.0156,0.87997,0.78886,0.79579,0.89617
0.63734,0.96711,1.2647,1.4645,1.5373,1.4736,1.2815,0.98903,0.6578,0.46285
1.2735,1.0025,0.69403,0.502,0.6353,0.93732,1.2229,1.4208,1.4995,1.448
0.71974,0.30913,0.47057,0.92063,1.3171,1.5951,1.7224,1.6855,1.4882,1.1521
1.4238,1.4103,1.2823,1.0607,0.79351,0.58917,0.62087,0.85445,1.1177,1.3209
0.94361,0.8397,0.80445,0.85945,0.97196,1.0893,1.1713,1.1958,1.1569,1.0641
1.1629,1.1434,1.0748,0.97674,0.8835,0.83734,0.86375,0.94773,1.0485,1.1282
0.91939,0.90376,0.92834,0.98143,1.0403,1.0832,1.0963,1.0756,1.0273,0.9677
1.2597,1.1705,1.0202,0.85142,0.73682,0.75124,0.8838,1.0537,1.1943,1.2682
0.55322,1.1048,1.549,1.8417,1.9543,1.8757,1.6137,1.1938,0.65766,0.071044
