0.025184,0.029591,0.12836,8.0096,0.14817,0.027131,0.10967,0.4083,0.69781,0.72375
0.0095293,0.0095801,0.010894,0.012322,0.020668,0.0098867,0.011079,0.016443,18.009,0.069644
0.0091475,0.012397,0.038977,0.042802,0.03822,0.025287,0.011687,16.008,0.027255,0.026824
2.0658,0.14356,0.1601,0.32898,0.2974,0.62433,0.53623,1.9397,0.23507,2.1742
0.0093583,0.0093435,0.0095129,0.012393,0.017436,0.0094729,0.16863,0.074816,16.364,8.3591
0.010352,0.010361,0.010427,0.010479,0.012022,0.019175,14.01,0.047152,0.10647,0.16538
0.0083375,0.008337,0.0083556,0.0085194,0.011277,0.0085444,0.06091,0.07818,2.7635,19.772
0.0090064,0.0090566,0.0095529,0.011491,0.0097025,0.0094545,0.0096679,0.0096341,0.010046,20.009
0.20454,1.1407,0.49483,0.19092,0.1035,0.11608,0.45228,0.11814,0.23891,19.029
0.01684,0.036183,0.18164,0.043637,10.004,0.35049,0.34303,0.10899,0.023049,0.32257
0.17025,1.0307,3.3686,6.1619,0.91068,0.97708,0.2849,0.39962,1.1643,1.1375
1.867,0.027795,0.32933,0.95336,0.58925,1.5009,0.11025,2.462,0.57909,5.602
0.0097797,0.0099439,0.011193,0.012219,0.041638,12.007,0.11837,0.25581,0.13994,0.2401
1.1373,3.1547,0.31133,0.57794,0.40515,0.027451,1.1472,0.93008,0.16007,4.1562
0.076579,0.21864,4.1915,5.7151,0.29717,0.074721,0.0141,0.12821,0.13542,0.060527
0.0096629,0.012673,0.055437,0.63743,9.9763,0.015423,0.015306,0.13571,0.032731,0.084353
1.7896,1.2852,0.58797,0.23218,2.2148,1.2765,0.79118,1.7854,0.39988,2.7416
1.4328,0.14678,0.77304,5.2244,0.9871,2.047,1.0755,1.2561,0.13119,0.21413
0.0661,0.30421,5.9874,0.16648,0.029729,0.12049,0.04224,0.14948,0.33401,0.57101
0.012454,0.038987,0.24,0.40979,8.0534,7.1003,0.086467,0.014303,0.052591,0.047377
0.0079487,0.0079403,0.0090741,0.025433,0.24589,0.034583,4.278,15.236,0.39864,0.20785
1.888,0.47248,0.31139,0.82598,0.037189,0.60801,3.0327,2.7769,1.584,1.3448
0.19916,4.0172,0.3373,0.27088,0.26104,0.26498,0.31824,0.5147,0.68501,0.20276
1.5433,0.060035,0.08551,0.16777,1.0195,0.15956,3.1249,7.4964,6.4304,1.7646
0.046704,0.60353,5.1905,3.8295,0.10689,0.2418,0.0398,0.42382,0.57639,0.76513
0.011638,0.026906,0.14168,0.23157,2.904,0.036669,13.401,0.089849,0.10103,0.17818
1.422,0.061802,0.23179,0.30639,3.5586,5.0801,5.6879,2.2531,1.2227,1.118
0.88266,0.18009,0.30633,5.7979,5.076,1.9065,0.23966,0.3058,0.13058,0.098913
0.0093853,0.011991,0.050749,0.57085,8.9947,0.030259,6.0573,0.079382,0.26151,0.43619
0.016635,0.016898,0.020647,0.071622,0.88991,5.9223,12.14,0.23809,0.14726,0.041156
0.45349,0.055602,0.17133,0.45324,0.44186,0.70285,12.852,4.2323,3.0508,0.70168
0.023653,0.020131,0.64623,7.0031,4.7208,0.4612,0.062588,0.32992,0.042039,0.22636
0.020571,0.029151,0.052925,0.51058,6.0017,0.5353,0.080983,12.749,0.14033,1.1697
0.623,3.6339,1.5574,0.58006,0.19223,0.33211,1.4311,0.32205,0.64478,1.5069
0.0095979,0.011936,0.04162,0.40545,6.3037,9.3073,0.13747,0.26189,0.15892,0.38521
0.0097814,0.0097792,0.010144,0.013183,0.060678,0.012128,0.64643,7.2423,3.5374,17.39
0.010124,0.0097279,0.025659,0.18759,0.11943,3.8122,13.276,0.43065,0.33809,0.024755
0.019217,0.019216,0.01932,0.020474,0.023238,0.020364,0.098109,0.49036,5.7913,18.954
0.0083389,0.0082675,0.011319,0.046015,0.57811,0.048262,0.55697,0.52992,0.019708,19.949
0.01729,0.018277,0.032332,0.22344,3.2912,11.349,0.17131,0.21753,0.15667,0.056176
0.016631,0.031663,0.29729,2.9867,9.2763,0.10851,0.091909,0.23521,0.043136,0.013936
0.010659,0.015986,0.055494,0.088154,1.5832,0.012307,0.061392,4.5112,0.96343,18.912
1.3825,0.015286,0.1208,3.7393,3.4869,4.7646,1.3707,2.2198,0.79216,0.73764
1.4374,0.059731,0.27707,0.35044,3.4973,3.9191,6.2009,3.0747,2.1424,2.1121
0.061272,0.02104,0.036432,2.4276,0.72929,0.78221,13.207,0.81179,1.0848,1.2108
0.029075,0.025327,0.68011,7.0034,4.7401,0.13232,0.079417,0.31003,0.057926,0.083928
0.016687,0.032029,0.30307,3.0481,9.2159,0.10194,0.093052,0.22972,0.047901,1.4628
0.15642,0.87634,5.8359,0.16274,0.18828,0.30104,0.27842,0.32087,0.61483,0.57869
0.027488,0.027224,0.037182,0.073609,0.80532,0.1023,13.965,0.21632,0.1739,1.0199
1.4858,0.32794,0.5812,0.23077,4.003,5.2739,3.3657,2.2583,1.397,1.1147
1.4067,0.1396,0.12204,4.0193,3.2181,1.5431,4.886,2.0881,1.1033,2.0018
0.062552,0.17141,1.2828,2.6919,9.1379,0.36265,0.99042,0.061039,0.43382,0.56666
0.055486,0.40512,4.1253,4.726,4.1103,0.37324,0.62205,0.18007,0.079355,0.080655
1.0668,0.082741,0.10886,2.8748,6.1346,4.9281,1.5502,2.7679,0.99115,0.95099
0.88569,3.3714,1.7253,0.16412,0.29631,0.45721,0.38762,1.0147,1.438,1.6433
0.064501,0.72068,0.030479,0.012854,0.21804,0.2635,0.027577,0.076622,0.3026,19.668
1.8526,1.2351,0.56168,0.013886,0.013484,0.037511,1.8446,0.37336,0.99602,3.3952
1.5489,1.0129,1.8576,2.0079,4.2596,0.62796,0.53528,0.86666,0.45356,1.247
1.743,0.36608,1.1999,0.41412,2.0969,2.8928,1.2503,2.6965,3.8127,2.4182
0.15342,0.41601,4.1349,4.9201,3.4882,1.2598,0.13284,0.4413,0.50982,0.55174
0.16376,3.6986,1.999,0.64737,0.47954,0.94538,0.14524,1.2808,1.6623,1.6659
1.285,0.37377,0.17576,3.6495,3.1077,4.6269,3.643,2.166,3.864,0.52322
0.012978,0.012541,0.020029,0.088017,0.73257,0.072663,12.963,5.9459,0.67364,0.23828
0.088053,0.037284,0.66114,7.4447,1.1564,0.34947,4.6182,0.14207,0.57548,0.90931
0.14836,0.90715,5.3328,3.0815,0.8177,0.47251,0.75103,0.46493,0.83397,0.74261
0.01676,0.016913,0.018857,0.045384,0.47142,0.018442,0.01789,0.032056,0.028182,19.996
0.019322,0.0088824,0.0094351,0.013637,0.023101,0.014283,1.0797,15.625,3.6038,0.78544
0.049277,0.67439,5.377,0.93596,0.29178,0.28734,0.27638,0.022385,1.236,7.9119
0.010082,0.0088951,0.024014,0.040577,0.62137,0.094202,9.1597,12.066,0.47257,0.39428
0.031529,0.05481,0.25444,0.50839,0.67904,0.028696,13.68,1.3803,1.5492,3.1223
0.0092343,0.011553,0.043528,0.52458,8.2472,3.6958,6.6083,0.012151,0.19093,0.25294
0.026829,0.017393,0.29092,0.23065,1.0225,0.72585,13.89,0.54647,0.13531,0.06317
0.016255,0.015438,0.15804,1.5447,1.0447,1.3933,13.295,2.1197,1.7533,2.2076
0.038633,0.024189,0.018049,0.078247,1.7433,1.0306,11.37,8.4196,2.2612,2.3677
1.8237,0.16829,0.22152,0.4832,1.3903,0.45715,0.029806,2.3929,2.1121,6.7257
0.31978,0.051347,1.5793,0.32418,0.55526,0.24051,1.0026,14.339,5.3906,1.5135
0.019601,0.020447,0.037185,0.23661,0.68227,10.956,4.4959,0.18568,4.3663,1.2163
0.047859,0.14263,1.1707,0.026432,9.4,0.028149,1.0525,3.5111,1.3494,3.2379
0.13993,0.057455,0.096355,6.2678,4.9924,3.8375,1.2548,1.0069,2.5057,1.7618
0.22218,0.59294,5.5617,1.2312,1.7289,0.59516,0.34381,0.68325,3.7219,2.6354
0.01093,0.010306,0.031872,0.051295,0.78849,0.1013,13.965,0.25946,0.13625,0.075111
0.25852,0.67788,0.13351,2.6412,7.149,3.2992,1.7538,7.6101,1.8437,2.089
0.0087418,0.0091095,0.013673,0.053918,0.46148,0.010174,8.1294,12.932,1.6354,0.60315
0.013382,0.059299,0.4634,0.7808,9.9265,0.41085,0.011528,0.15909,0.070081,0.32161
1.8638,1.2548,0.56348,0.036344,0.59313,0.29816,1.8475,0.406,1.7067,1.2866
1.783,0.18174,0.14606,0.89442,0.52912,0.12039,0.025415,2.1964,4.893,6.449
0.011935,0.012444,0.016304,0.019569,0.1651,0.012573,0.021541,14.066,8.6069,0.32697
0.19908,0.57141,0.21844,0.075398,0.28529,0.34117,0.073028,0.44589,0.090723,19.68
0.021391,0.022588,0.037594,0.20281,0.28041,1.8671,0.044561,0.035404,0.17724,19.77
0.039978,0.017642,0.53662,1.0501,9.7078,1.3988,1.4929,0.19933,1.0966,1.8382
0.10071,0.26699,5.8384,0.79158,0.36941,0.71136,0.69994,0.78866,0.75887,3.4015
0.024038,0.040047,0.25825,2.8767,8.6962,0.12836,4.0863,0.61157,3.1805,0.23778
0.022688,0.10935,0.03281,0.54835,9.2022,4.2386,0.92241,0.41113,1.4759,2.3646
1.548,0.20878,0.21555,0.033962,0.044368,0.41221,3.2848,5.5439,8.5449,1.3105
0.2976,1.7548,5.3154,0.43761,0.02447,0.023765,0.4937,0.46442,0.12912,2.0022
0.04,0.12256,0.8369,0.070111,9.2723,0.12042,4.641,1.3531,1.577,1.618
0.017636,0.017635,0.017763,0.019621,0.045595,0.32932,4.665,15.097,0.33864,0.47395
0.022142,0.048245,0.26113,0.50648,0.081364,0.028729,13.513,1.2878,3.2701,3.1704
0.29184,0.041741,5.0647,3.6294,0.87758,2.1832,1.2636,1.3967,1.6913,0.017714
0.016878,0.013369,0.090468,0.70666,1.8684,1.0245,12.327,6.634,1.1087,0.91115
1.7447,0.68587,0.58278,0.14746,0.2784,1.3374,3.2748,3.9237,4.4939,3.0605
0.045571,0.042383,0.48398,7.9426,0.94551,0.43275,0.8967,0.2656,0.055222,0.065571
0.049826,0.038344,0.039423,0.74639,0.11436,0.35404,13.219,5.1405,0.55809,0.91092
0.011998,0.035416,0.022698,0.62664,9.8506,1.0442,0.91837,1.1713,1.2612,1.2399
0.031836,0.031209,0.031525,0.055461,0.42,0.11212,7.073,13.72,1.3246,1.8558
0.03223,0.022855,0.13177,0.097262,1.0786,0.24522,5.7826,14.408,0.036222,2.0575
0.011037,0.011037,0.011048,0.011143,0.012619,0.011105,0.039302,0.33057,12.259,14.661
0.032291,0.025958,0.025719,0.36266,0.25366,0.23514,0.10264,10.472,2.309,14.925
1.5121,0.093933,0.053932,0.52877,2.2119,4.74,3.7038,2.4753,3.5451,6.3996
1.8393,0.45155,0.044737,0.10116,0.71859,1.4381,0.030597,3.7098,4.774,3.4122
0.028454,0.045878,0.20001,2.6869,8.6173,3.9813,2.7979,0.052255,0.14393,0.30226
0.1357,0.52366,4.4794,5.2161,0.10753,0.0090183,0.11383,0.028099,0.10199,0.20538
0.083955,0.032098,0.94255,0.89494,0.8675,0.22884,12.097,3.2806,5.1291,6.1141
1.8516,0.1941,0.56483,0.81443,0.71724,1.0036,3.6559,3.4165,1.9535,1.0482
0.018449,0.021618,0.066749,0.61698,9.5364,0.019007,4.1624,0.21267,0.11981,0.29456
0.0099857,0.0109,0.038617,0.43732,1.5333,11.778,1.5291,0.22969,0.21676,0.15065
0.45053,0.040509,0.17707,6.5611,4.3329,1.4463,0.39013,1.7158,4.2638,2.182
0.030006,0.025896,0.33671,0.22566,7.6117,0.79067,7.3042,5.6831,1.3137,2.3734
1.8246,0.18533,1.0248,1.9401,1.3886,2.5335,1.6043,1.8391,0.49226,0.90151
0.28607,0.041275,4.9674,3.5624,0.84565,2.132,1.2448,1.3758,2.7203,3.0949
1.6833,1.3772,2.1673,0.79139,1.1096,1.3844,1.4233,2.1546,0.36172,0.35083
0.093205,0.31936,0.17787,1.3828,0.15133,0.37319,0.61395,15.448,2.2633,2.3228
1.4472,0.10065,1.3963,0.48708,0.081727,0.32065,3.4747,7.6125,6.632,2.0147
0.085763,0.22047,2.0775,4.2942,3.0862,5.6684,3.2864,5.6166,3.3216,5.2162
1.4523,0.064518,0.17639,0.45893,1.471,2.3095,8.9885,1.5189,2.5127,0.12915
1.7263,0.086665,0.5962,0.26795,1.1933,1.6429,3.1434,3.9429,4.1386,4.6794
1.2805,0.062382,0.1677,0.12734,3.4439,2.3221,8.9509,1.8138,2.9556,0.92981
0.012859,0.014763,0.050457,0.58226,8.5906,0.25062,3.8973,6.53,0.31539,2.4844
0.021381,0.021373,0.022393,0.037107,0.25709,0.047565,4.2478,15.116,0.42583,2.6906
0.85612,0.079978,0.15236,0.055612,4.2833,0.26934,1.9431,10.833,7.2094,0.36996
0.096694,0.058324,0.49596,0.067373,9.0897,2.6928,2.9978,2.9445,1.8828,4.1386
0.019285,0.018138,0.019407,0.021435,0.05419,0.035503,0.72386,4.6999,0.68806,19.101
0.038848,0.056085,0.56743,7.8345,0.043349,2.3036,0.58607,0.75061,0.28832,0.52883
1.0373,2.792,0.56907,1.8111,1.1521,0.81497,3.1776,3.4577,3.5994,4.3194
0.0085583,0.0089822,0.012182,0.051709,0.69875,10.565,6.584,0.0918,0.48069,0.054125
1.1095,3.2557,0.12229,0.91872,0.063237,1.5246,1.0032,0.87079,0.69715,0.2029
0.05956,0.05929,0.07096,0.18835,2.1246,0.14848,1.5601,0.21132,1.0068,19.477
0.1316,0.025329,0.036675,4.1984,1.524,0.97134,1.2209,12.306,4.8573,2.9398
0.14762,1.9824,1.4008,6.5307,0.29272,0.76795,0.86859,1.0186,1.0872,2.9707
0.18983,0.52196,5.4858,2.3014,1.8609,0.59738,0.28307,2.8649,0.44136,0.51791
0.039527,0.035967,0.62242,6.2751,4.2984,0.10086,0.053919,0.41839,6.1921,5.6446
0.51519,1.4972,0.55915,4.8862,6.0347,0.56301,1.8611,0.86376,2.8785,1.7735
0.056147,0.72531,5.8592,0.72242,0.50995,0.36267,0.61501,0.35156,1.715,0.62282
0.068796,0.10486,0.57417,0.38262,7.7794,0.36509,6.5027,5.9457,3.5722,1.7021
0.19001,3.7711,2.1214,0.41467,0.30115,0.31056,0.327,0.40875,0.74747,0.42308
0.11118,0.021682,0.030595,0.37316,8.8207,0.070212,2.0238,4.0709,4.7053,5.1084
0.27273,0.051021,4.6988,3.4475,0.87448,2.0778,5.2113,1.2727,1.5564,0.10002
0.053359,0.47162,3.5567,3.8788,6.3676,0.50727,0.76825,0.33965,1.316,0.28175
0.052445,0.73979,5.8486,1.0186,0.30685,0.31075,0.29997,0.054381,1.3411,0.022178
0.039337,0.038842,0.092999,0.61316,0.43375,0.043479,0.038988,0.051937,0.61262,19.959
0.009048,0.0097133,0.031472,0.24391,0.73243,11.933,0.575,0.90091,0.5961,0.49346
0.010553,0.010131,0.014933,0.096527,0.24055,0.038234,4.5605,1.8741,15.141,8.3418
0.019466,0.014928,0.015027,0.22375,3.376,0.79905,13.012,1.3972,1.5037,1.502
0.15319,0.018098,0.021341,0.061123,0.20463,0.10086,12.63,6.4243,2.7329,0.38157
0.063579,0.1163,0.063096,0.56473,8.7879,4.3929,1.2421,4.2862,1.2205,2.4647
0.13119,0.038546,0.67605,0.29134,9.4068,1.9094,2.1445,2.3059,2.0697,3.3772
0.032214,0.030532,0.20526,0.25876,2.7571,0.18938,0.38748,0.42463,17.235,1.7386
0.22076,0.067828,2.0093,0.24869,5.1381,1.7816,1.656,11.666,1.7747,4.0836
0.18771,3.4125,2.3089,2.917,0.58884,0.5961,0.82158,0.37891,1.2633,1.5238
0.03644,0.035953,0.046566,0.04991,0.33504,0.074147,1.3229,0.057909,17.929,1.0403
0.013755,0.013592,0.015367,0.033805,0.065866,0.02083,1.0543,0.44092,16.844,6.9249
0.054777,0.53484,0.023301,1.0547,0.079556,0.14483,0.031128,0.1635,0.68679,19.648
0.012745,0.028414,0.14724,0.24807,4.7312,0.1828,12.332,0.55566,0.03729,0.11342
0.032427,0.034076,0.086955,0.63274,2.1541,11.675,0.34341,0.30037,1.5176,0.23182
0.88536,0.03914,0.11939,0.24504,0.37052,2.4978,8.7289,9.5603,2.4157,2.1096
0.010859,0.03929,0.13299,0.21426,0.83338,0.50967,11.053,6.3355,1.8593,8.975
0.01148,0.010276,0.0234,0.24813,0.62829,0.092883,12.285,5.131,0.01936,7.0556
0.010335,0.018167,0.085278,0.13815,1.6627,0.50288,0.020323,0.039242,17.74,0.35692
0.012095,0.044975,0.33217,0.55701,7.0679,8.0083,0.4396,2.4427,2.7858,0.91728
0.026001,0.025192,0.02531,0.068197,0.71092,0.3479,0.15467,15.158,3.621,4.9244
0.057032,0.098742,0.069577,0.038966,0.057386,0.066178,2.6432,0.45721,0.79599,19.651
0.60709,1.7094,0.29841,6.5927,0.82192,0.15621,0.93504,1.6,1.8183,2.9397
0.048465,0.070418,0.25643,0.49882,0.64159,0.056666,12.766,1.4168,1.5497,7.8056
1.2611,0.08225,0.12293,0.49904,6.3502,4.4387,2.5928,2.6582,0.51382,1.6228
0.40186,0.025979,0.14279,0.067027,5.4798,1.4195,2.6156,11.021,3.7559,6.1888
1.5541,0.026251,0.062653,1.9222,2.4766,4.2126,3.964,3.7169,2.8691,1.9173
0.29877,0.074805,0.12195,0.71819,0.19653,0.11605,0.63197,14.517,6.7407,1.5421
0.017366,0.021187,0.069642,0.66417,9.1341,0.020119,0.21186,0.18664,0.18805,8.0529
0.095312,0.079358,0.023834,4.117,8.4813,0.4148,0.79662,1.072,1.2104,1.6543
1.5602,1.0469,1.3977,2.0581,4.2995,0.75124,1.4442,2.2839,0.4232,1.2141
0.088571,0.013049,0.017405,0.051369,0.53655,0.032781,0.30188,13.89,7.3019,5.6327
0.022475,0.01316,0.023882,0.041104,0.09812,0.032669,1.9481,15.341,2.4584,4.2292
0.3475,0.025916,0.06885,0.26502,5.2149,3.6888,1.7621,10.449,4.1166,6.6873
0.090457,0.29342,5.4996,0.71015,0.1368,0.28434,0.81954,0.037844,4.5611,5.9701
0.020956,0.022655,0.039442,0.042806,0.11978,0.54447,0.074208,3.183,17.644,0.28607
1.5963,0.1567,0.321,0.62264,2.0719,0.49145,3.9693,2.9005,8.4276,0.86363
0.14716,0.013188,0.031005,0.093989,0.019109,0.025098,0.27564,14.421,7.4568,2.2841
0.022738,0.014415,0.10052,0.083014,0.029479,0.034089,3.1893,5.1963,0.29264,18.376
0.31233,0.24912,0.35424,0.95993,0.98622,0.28165,13.259,1.4939,3.4708,1.8232
0.87457,3.2815,1.4931,0.036123,0.25037,1.6432,1.5175,1.9728,1.249,4.1259
1.2997,0.10867,0.057726,0.18886,1.4354,1.7417,2.3757,10.863,4.4657,0.98606
0.49587,1.3843,0.53595,1.7416,7.5977,2.8623,2.7336,3.0354,4.1638,1.7885
0.053472,0.053215,0.058088,0.11319,0.097189,1.3843,0.16108,15.817,1.4324,2.1556
0.032257,0.029958,0.083596,0.78532,0.43539,0.10486,0.070667,15.618,1.142,3.8389
0.069155,0.29178,5.3179,0.04002,4.4223,0.45678,0.75453,0.36104,0.366,2.8332
1.0779,0.72341,0.96365,5.4033,3.831,0.17619,2.4127,1.7358,2.1624,1.9526
0.25519,0.027917,0.12178,1.143,1.0674,0.98383,0.033558,0.42231,17.295,3.1394
0.061201,0.063796,0.061147,0.086504,0.31854,0.1942,4.8614,2.9939,0.11512,18.476
0.07816,0.1763,2.057,5.8672,2.629,0.75015,3.7508,0.79856,8.126,0.82029
0.17594,0.037319,5.1118,2.8645,3.6718,1.0732,1.1416,0.66606,0.64782,1.2651
1.154,3.2476,0.16215,0.92781,0.10471,0.020972,0.97516,0.98951,0.75263,0.13234
0.035771,0.036785,0.039557,0.097607,0.83461,0.10517,9.7432,5.0212,11.575,1.3963
0.023151,0.04026,0.16836,0.26567,4.9814,0.067577,0.1213,0.42309,0.16707,17.362
0.079911,0.37736,5.9629,0.15916,0.093012,0.17371,0.33291,0.63418,0.96896,1.7389
0.086139,0.19867,0.023371,0.72053,8.8406,1.8081,1.745,4.5401,5.2027,2.1232
0.0455,0.041382,0.86116,7.8407,1.1558,1.2224,0.39774,0.37227,0.67613,0.59625
0.33879,0.028746,0.066367,0.85224,0.75174,1.1401,13.537,0.53664,1.5317,1.7806
1.7141,0.76932,0.97201,1.0195,1.6546,1.7686,2.129,1.8549,2.8226,6.9726
1.1088,3.0753,0.3042,0.56313,0.40383,0.02574,1.1882,2.9052,3.1089,3.4998
1.7018,1.1258,1.3134,0.13272,0.23415,3.4047,0.60547,0.36399,4.3751,3.2306
0.02943,0.025552,0.65328,6.7318,5.2717,0.15988,0.11424,0.24765,1.3989,0.14594
1.3788,0.14465,0.77558,3.5636,0.9665,4.1273,0.95104,1.1115,2.4679,8.1846
0.0197,0.029756,0.35946,0.43307,0.036352,11.886,0.8219,1.4545,0.9939,0.60757
0.23274,0.0226,0.044494,7.5006,2.1995,1.8054,0.056014,1.953,2.4111,1.8825
0.10899,0.064583,0.72341,6.9975,1.3729,0.66388,6.233,0.82423,1.1327,1.5242
0.1515,0.040413,0.039796,0.080657,0.20185,0.11636,10.616,4.912,2.4523,11.262
0.045143,0.018484,0.64057,6.5554,0.14285,2.1747,7.5158,0.38244,0.59678,0.45691
0.19007,0.052217,1.3818,2.9025,8.7181,1.3899,1.507,0.72349,0.46532,3.8837
0.015061,0.015056,0.015694,0.021262,0.09991,0.020789,0.87834,7.096,16.116,0.2694
0.021904,0.042521,0.67867,6.8086,4.9263,0.73533,0.91623,1.584,0.53698,1.5968
0.077739,0.035964,1.7216,1.1823,0.25963,0.30777,12.862,3.2039,0.314,2.8272
0.058452,0.51166,4.4717,5.1031,1.7111,0.45876,0.44154,0.39727,0.4955,0.38217
0.05524,0.13183,0.33637,0.6134,9.9851,0.365,0.13248,0.08972,0.541,0.78038
0.16533,0.12261,0.070403,0.2227,0.12071,0.088162,0.22906,15.397,1.6523,5.1017
0.17689,3.62,2.4894,1.0245,0.3642,0.38343,1.0446,0.29577,0.80135,0.48112
0.014188,0.014934,0.025828,0.17343,2.5433,1.104,1.747,0.089471,17.119,1.9043
0.039641,0.039586,0.048536,0.19438,2.4647,0.73817,0.19218,0.21246,0.33289,19.398
1.0692,3.1681,0.18034,0.75346,1.1008,1.4791,2.9977,1.5989,0.38977,1.9538
1.4107,0.20369,0.29597,0.39677,1.2201,3.4438,3.2041,7.5755,6.5364,1.9214
0.14504,2.6767,0.44799,1.4799,6.585,1.9255,2.012,0.12495,3.5623,2.518
1.4677,0.017756,0.41332,3.9444,3.7028,0.31837,1.6943,0.32079,4.6359,1.1285
0.37352,0.25951,0.29194,0.13376,8.5717,2.5181,2.5708,1.04,6.9142,2.9671
0.28364,0.033954,0.10546,1.7499,3.0165,1.825,0.31847,0.99286,16.349,0.24586
0.036197,0.030043,0.036058,0.059907,0.28453,0.13481,1.9607,4.2674,0.64625,19.097
1.0229,2.6233,0.494,3.6298,0.44798,1.0239,2.0731,5.025,2.143,2.8149
0.066951,0.028975,0.93557,1.6397,5.0017,0.76268,0.81737,12.891,2.2537,2.5524
0.022982,0.043695,0.19223,0.30337,5.7615,0.2508,0.19839,0.55365,0.26268,16.353
0.016746,0.013624,0.070758,0.053499,0.63222,0.46843,13.064,5.6502,0.70685,0.20301
0.016115,0.031422,0.2685,0.53714,9.9549,0.37368,0.56031,0.45105,0.64554,0.23267
0.0087263,0.016512,0.0086249,0.15851,2.1815,11.365,1.2962,1.207,2.2229,3.3284
0.048502,0.075759,0.049272,0.29884,2.8984,0.28227,2.5786,2.2165,0.13124,18.634
1.4915,0.056714,1.3084,1.5094,1.7941,6.0623,0.83218,3.0042,3.3102,1.8355
0.13345,0.11446,4.4524,0.26942,4.7132,1.4194,1.9716,0.55714,5.6849,6.3201
0.010793,0.013067,0.053155,0.45969,1.3998,0.012622,0.026449,0.033493,0.021095,19.783
0.019669,0.020307,0.022037,0.055647,0.45944,0.023353,13.931,0.13747,0.083029,2.0724
0.29973,0.14556,2.6896,0.33709,4.2293,1.7628,1.6268,12.024,1.657,0.15901
0.060197,0.19414,3.1622,0.07759,8.4673,0.53732,0.62442,0.96879,1.3015,1.3686
0.068981,0.065712,0.68364,7.0049,4.4838,0.64872,0.51496,0.1431,0.30237,3.7337
0.02395,0.023484,0.032014,0.10187,0.70663,0.44804,11.967,8.1729,0.52387,1.5713
0.055098,0.11721,0.5954,0.31266,2.3416,11.437,1.6571,1.7291,1.0814,0.48146
