1.4142,2.6706,5.4517,9.7111,19.117,42.547,86.381,181.3,411.86,820.52
1.2754,2.592,5.3391,15.917,20.904,39.708,84.31,182.02,360.64,738.98
1.2662,2.5717,5.1248,10.261,22.529,43.601,125.87,183.28,333.47,725.89
1.4346,3.2429,5.6896,10.881,19.56,43.247,80.509,180.43,360.83,659.92
1.2979,2.6321,5.3857,13.044,24.991,44.334,80.894,171.42,343.82,668.06
1.233,2.5065,5.4394,11.295,24.105,48.936,91.512,179.24,345.38,659.27
1.3766,2.7887,5.7108,11.203,20.977,39.868,84.597,182.51,361.63,717.7
1.616,3.2529,6.2051,11.182,21.371,37.68,74.214,138.29,358.92,859.73
1.333,2.5587,5.7158,11.624,24.258,45.754,93.322,175.94,312.06,646.78
1.2748,2.5041,4.9412,11.343,21.464,42.922,89.171,180.04,353.24,993.59
1.5911,3.2242,6.9272,12.94,20.379,35.205,72.866,141.8,349.67,811.76
1.2859,2.7071,5.3546,11.792,21.961,44.543,85.592,179.35,335.87,739.39
1.5661,3.2508,5.7412,11.018,18.55,29.362,89.822,180.2,388.62,836.21
1.338,2.5812,7.1568,10.41,20.756,44.843,87.331,165.59,359.07,701.14
1.6041,3.081,5.8385,10.719,20.018,41.554,71.865,165.36,361.73,783.02
1.0732,2.0868,4.2983,12.001,24.798,51.412,113.07,210.12,392.27,722.78
1.1719,2.4218,4.7588,12.545,18.401,51.769,101.86,210.86,365.62,722.81
1.2181,2.4733,5.018,12.436,23.047,44.506,92.18,184.22,406.54,642.13
1.3272,2.4925,4.6655,8.7891,19.715,45.141,99.254,208.06,456.03,839.5
1.1155,2.0885,4.2937,10.455,22.935,50.544,113.55,226.28,419.37,783.68
1.1002,2.3774,5.8057,12.15,25.511,48.765,91.338,183.51,341.08,662.17
1.5284,2.9884,5.2414,8.5747,17.442,34.649,86.591,223.56,502,956.89
1.5379,3.0086,5.3041,9.4268,18.196,35.888,88.876,180.5,418.9,938.91
1.7142,3.4214,6.8658,8.6673,20.377,41.119,67.353,160.48,391.01,804.67
1.3133,2.6741,5.3844,10.186,21.622,44.385,91.692,165.51,403.12,733.76
1.616,3.2692,6.9913,13.122,21.069,36.759,76.009,148.3,359.79,628.06
1.3342,2.4062,4.7112,9.5592,18.027,42.789,98.679,214.16,455.16,958.01
1.2625,2.43,5.1943,11.256,22.032,41.343,101.76,175,403.01,724.93
1.2944,2.6126,4.786,11.541,19.245,42.501,86.717,199.48,417.18,785.69
1.1741,1.7461,4.1985,10.139,23.779,57.547,119.45,225.1,441.41,833.78
1.6311,3.1411,5.4198,10.026,19.539,38.624,62.657,181.53,454.03,944.14
1.7492,3.5081,6.7567,13.047,24.194,32.85,76.008,136.76,348.49,658.78
1.4046,2.3954,3.4322,10.066,19.439,47.059,105.51,225.59,453.55,985.31
1.4777,2.8797,4.9459,8.0089,16.948,42.903,85.833,228.63,494.5,956.7
1.4137,2.6236,5.016,7.9298,19.188,45.413,98.875,208.65,418.27,835.11
1.2398,2.8261,6.1021,14.724,29.115,42.733,85.079,154.19,313.95,608.45
1.4064,2.4514,5.7464,9.2816,19.334,45.348,87.789,181.85,411.69,820.43
1.214,2.4034,5.0266,10.682,22.593,59.149,90.608,182.13,360.51,724.71
1.2759,2.5914,5.1624,8.8875,21.976,42.504,101,181.85,411.7,820.44
0.97276,2.3183,4.9649,14.016,29.929,57.944,112.99,196.98,329.07,578.2
1.5241,2.9559,5.2136,10.193,18.028,40.479,82.845,179.87,430.33,784.24
1.4946,2.8963,5.088,12.143,18.929,34.254,88.702,180.8,434.59,734.72
1.3803,2.4048,4.7643,9.7841,21.968,41.74,89.899,202.71,438.85,783.5
1.211,2.3742,4.7947,12.222,25.351,46.403,109.81,183.88,346.05,646.51
0.85902,2.4625,5.5059,13.994,29.723,55.818,100.86,184.89,344.5,614.48
1.2639,2.824,6.2182,12.921,26.395,50.194,76.448,149.91,315.5,655.17
1.1774,2.6914,5.3457,11.313,23.892,44.992,88.809,174.8,364.94,709.07
1.2678,2.3953,5.3397,11.602,30.251,43.721,87.011,170.13,370.17,668.8
1.706,3.3632,6.5691,7.6971,17.561,26.709,93.043,250.38,463.26,874.08
1.2448,2.4221,5.0167,11.109,21.683,53.038,90.942,183.72,359.93,733.38
1.8013,2.486,5.3674,12.232,23.597,47.459,83.721,157.8,312.07,662.4
1.5197,2.9697,5.2836,9.1587,17.503,35.401,87.651,219.42,502.22,796.58
1.2918,2.8528,5.8776,11.937,24.813,47.061,82.551,176.91,315.46,608.17
1.5361,2.7414,4.8904,8.4185,21.723,34.746,87.287,226.02,419.09,930.72
1.5433,3.0875,6.5246,11.942,22.125,34.532,82.336,141.95,362.15,744.69
1.4305,2.4801,5.0402,7.6319,17.63,41.998,109.05,241.07,455.88,957.83
1.5625,3.3886,6.625,14.877,26.077,32.561,73.06,139.75,289.59,827.37
1.2581,2.9736,7.3705,12.846,30.929,45.824,81.077,171.06,211.89,741.62
1.7189,3.4268,4.9888,12.506,19.205,41.024,67.89,177.01,362.38,741.29
1.2847,2.5255,5.1941,11.4,22.288,44.678,91.169,178.52,359.74,733.4
1.1394,2.2235,5.188,12.506,24.312,52.98,103.4,182.56,345.99,653.73
1.3531,2.8415,6.3999,11.346,24.628,41.441,83.169,145.98,338.11,729.1
1.6776,3.4017,6.6195,7.886,21.556,40.054,66.78,172.16,420.22,803.03
0.75566,2.0468,5.7501,14.861,30.362,63.606,115.5,200.08,372.11,622.98
1.2586,2.4262,4.8662,10.993,22.275,42.954,88.648,188.03,500.82,724.03
1.4694,2.9213,5.8577,9.8913,18.616,40.655,82.977,175.38,349.7,961.53
1.3629,2.7528,5.1939,11.722,20.437,41.35,88.097,181.2,364.89,729.52
0.8601,2.2742,6.1356,15.435,32.033,65.277,118.98,189.94,335.51,645.03
1.4926,2.6669,4.0219,9.6773,18.221,43.111,98.392,209.52,415.76,960.62
1.3167,3.0576,6.501,12.605,21.118,47.614,81.299,143.89,314.54,720.13
0.964,1.8939,5.3437,13.795,29.247,57.487,104.7,192.47,359.55,668.8
1.2496,2.4407,3.0569,10.115,22.553,51.003,120.93,225.87,478.48,825.26
1.0452,1.8586,5.4065,10.576,29.816,61.846,123.02,234.07,303.54,730.5
1.1405,2.6267,6.1758,12.577,24.655,47.9,95.111,173.21,320.02,602.75
1.059,2.1854,4.4264,11.638,24.967,55.439,120.84,234.71,353.44,664.8
1.0274,2.2655,5.0509,12.352,25.039,52.889,108.86,180.19,347.23,713.33
1.28,2.8912,6.2042,14.797,26.981,45.113,76.407,153.06,324.81,608.44
1.066,2.059,4.1266,9.9449,22.514,50.858,108.23,255.57,477.19,938.53
1.1079,2.1814,5.4847,9.212,21.034,47.673,104.95,227.87,424.95,781.85
1.1953,2.3412,5.2828,12.351,25.504,48.726,98.824,185.2,349.81,604.26
1.1107,2.0781,4.3441,10.46,22.98,56.85,112.39,226.83,381.19,784.8
1.2999,2.2572,4.2795,8.256,19.452,50.863,121.59,225.57,443.54,963.8
1.0604,2.5091,7.1032,15.149,30.353,48.46,98.075,193.73,244,598.42
0.90248,2.5385,5.8059,15.031,30.094,59.094,94.489,173.1,325.14,604.63
1.3485,2.9562,6.6119,13.222,26.546,45.744,64.52,141.62,314.62,779.25
1.1644,2.514,4.8365,9.4444,21.423,48.299,107.28,216.72,340.97,851.45
0.93409,2.3269,6.0424,14.993,30.597,63.668,116.59,151.91,316.45,622.6
1.3134,2.9468,6.553,13.119,30.294,46.038,67.139,144.64,319.85,691.03
1.5798,3.2029,6.8977,12.877,19.772,34.085,70.721,137.36,419.24,811.79
1.5849,3.1123,5.2734,9.6328,20.784,37.436,74.613,175.96,393.47,927.2
1.4708,2.5941,5.5706,8.5674,16.297,43.288,110.17,169.51,455.92,957.89
1.319,2.4742,4.6248,8.7012,19.632,45.216,114.29,194.2,456,842.48
0.98221,1.9309,4.8145,13.744,29.189,57.341,104.18,190.63,356.48,733.15
0.89469,1.5909,4.9583,12.836,30.277,63.998,120.83,232.75,370.79,783.72
1.3114,2.6731,4.7362,9.8804,18.833,43.559,88.371,198.57,413.04,1005.1
1.5464,3.346,7.0703,15.654,31.211,40.063,87.643,171.58,177.75,655.12
1.3037,2.1419,4.7931,9.1015,20.985,40.571,109.25,226.63,435.57,959.86
1.2393,2.2957,5.8092,9.0264,20.148,45.769,100.21,209.66,429.99,732.1
1.0964,2.1525,4.3393,10.472,25.575,51.825,107.07,216.12,427.04,709.39
1.512,3.3184,6.832,14.828,26.966,35.143,74.55,143.88,309.94,652.15
1.699,3.3888,7.29,8.8221,21.065,42.302,69.491,160.58,308.92,956.46
0.78968,2.3149,5.9314,13.962,29.453,63.565,108.77,184.75,347.17,614.5
1.1417,2.3422,4.8403,10.293,24.537,52.392,105.5,186.34,364.73,729.56
1.2415,2.4545,5.1326,11.072,21.726,43.385,85.93,252.09,364.92,729.45
1.5859,2.9688,5.7984,11.417,20.315,41.423,70.723,128.8,439.58,958.24
1.4764,2.8797,5.8401,10.238,21.072,39.214,76.486,178.6,397.95,741.14
1.6965,3.377,6.3059,7.6195,16.301,39.347,121.24,182.7,418.38,665
1.1824,2.3332,4.7394,9.146,21.018,47.609,105.81,215.06,411.44,851.38
1.3942,3.1645,6.6715,13.008,21.998,44.423,73.899,144.05,314.48,720.01
1.5833,3.1702,5.6419,11.85,21.38,48.012,78.646,144.11,310.19,719.93
1.3878,2.8414,5.3549,9.8769,19.795,40.168,88.348,179.73,359.16,951.18
0.82291,2.3735,7.2225,15.148,30.412,63.841,112.51,159.78,342.24,560.37
1.4884,3.1695,5.0661,9.2655,17.576,35.183,93.775,180.8,470.18,946.19
0.84103,2.2127,4.6963,14.83,31.097,63.054,113.98,178.27,428.56,623.17
1.7792,3.5518,6.47,13.571,24.511,27.334,66.969,136.33,388.6,860.8
0.97556,1.992,4.7207,13.858,25.866,57.21,111.37,212.15,369.69,661.9
1.2056,2.3851,4.7581,11.138,26.353,34.39,106.35,216.05,426.91,711.54
1.2653,2.0392,4.3337,10.019,22.378,47.538,106.95,214.72,423.93,841.06
1.4135,2.4349,5.7969,8.1771,14.952,41.996,109.04,241.7,455.89,957.84
1.2329,2.4058,2.9617,9.9941,22.055,63.538,123.25,225.87,478.48,825.26
1.3905,2.5813,3.7928,6.6625,22.402,50.796,121.37,225.39,476.6,938.16
0.74722,1.9707,4.9682,13.556,29.932,62.807,107.71,232.93,386.74,730.09
1.307,2.6627,6.3982,12.664,25.673,42.826,75.041,137.4,359.2,779.26
1.2824,2.5033,3.2635,10.461,20.661,51.239,121.06,226.41,411.59,825.25
1.548,3.1115,6.5514,12.016,22.873,35.597,83.987,146.07,317.01,744.68
0.94486,2.291,4.8927,13.87,26.109,52.789,106.73,188.89,366.45,661.98
1.299,2.0963,5.2154,12.265,24.347,48.151,116.9,185.23,349.37,604.26
1.2249,2.8034,6.0657,14.702,26.491,41.592,96.872,149.38,319.56,608.65
1.197,2.7557,6.137,15.951,30.009,49.528,99.292,162.48,244.17,599.13
1.1205,2.6418,5.8037,14.521,28.643,39.391,93.797,185.62,324.85,608.44
0.80015,2.1165,5.8836,14.904,30.219,63.815,110.48,198.9,336.66,624.73
0.99938,1.7615,5.2857,13.14,29.931,61.677,107.44,234.06,303.53,730.48
1.5799,3.1755,6.9585,11.889,27.937,28.347,82.199,144.9,296.12,939.62
1.5786,3.3923,7.6248,15.699,31.305,43.135,92.824,182.42,220.63,428.29
1.3567,2.9555,5.1707,8.5589,21.352,35.175,93.758,180.77,470.11,947.08
1.0109,2.4533,6.1849,15.067,29.468,59.164,96.697,153.06,318.61,598.78
0.87014,2.4685,5.7287,14.996,29.36,58.907,93.215,169.95,367.86,604.64
1.0598,2.0777,4.9569,13.407,24.979,53.229,108.19,184.08,431.1,603.58
1.3187,3.0171,7.4201,13.057,30.987,47.402,83.417,162.74,222.44,642.54
1.4301,3.1378,5.9274,13.01,19.024,41.089,65.323,177.58,401.47,710.11
1.4598,2.9667,6.0894,12.66,22.862,42.827,72.632,145.07,340.72,741.87
1.365,2.9869,6.65,13.249,31.631,46.435,91.591,164.52,223.69,598.06
1.4707,2.9875,6.1302,12.729,23.049,43.26,73.76,157.47,347.73,628.34
1.0817,2.0587,3.6,10.474,29.633,61.648,122.78,227.58,431.32,729.67
1.3276,2.6206,6.2689,14.174,19.552,41.119,79.705,185.65,359.34,671.91
1.4233,2.7727,4.1515,11.426,22.138,41.694,102.06,175.93,404.26,690.54
1.3925,2.6425,6.4848,12.968,30.639,45.617,66.94,141.61,314.63,779.01
1.2749,2.3124,4.8574,6.9638,25.017,51.495,104.66,182.06,476.57,938.11
1.3774,3.1301,5.8095,12.444,24.313,55.622,74.524,143.82,308.96,655.22
1.6605,3.4702,6.3236,7.7825,18.527,40.938,75.015,179.18,413.21,826.91
1.4092,3.1534,6.6676,15.949,30.819,33.615,76.017,147.82,354.26,599.18
0.88735,2.1983,5.3135,13.847,27.788,52.756,106.83,189.03,366.19,657.85
1.6851,3.354,5.9374,6.6339,19.224,35.076,106.51,178.3,453.16,819.93
1.0512,1.6533,3.793,12.769,29.569,63.967,124.84,232.29,405.37,790.4
1.6708,3.287,6.3988,6.7151,15.851,34.507,92.227,248.4,462.9,944.86
1.1499,2.2717,5.3102,8.6426,29.217,46.365,103.34,188.31,419.67,732.95
1.0954,2.5496,6.4572,15.148,30.387,48.216,95.393,154.34,301.29,606.98
1.1873,2.4082,5.9068,9.9445,25.951,53.579,91.875,166.84,426.1,602.73
1.3246,2.9568,6.577,15.384,30.78,62.74,89.039,177.7,174.53,615.3
1.4547,2.5384,3.784,9.1862,19.676,40.175,109.07,226.35,479.52,959.85
1.0822,2.0165,4.4012,10.407,29.7,57.71,110.28,233.18,432.15,627.95
1.2747,2.6096,5.2211,11.588,21.545,43.742,89.89,178.25,331.93,832.91
1.0104,2.6878,5.7633,15.084,29.511,54.982,96.493,153.11,318.75,598.55
1.23,1.7128,4.1565,13.049,29.781,63.975,125.12,234.36,414.61,556.66
0.82549,2.3647,6.0189,13.989,29.478,63.577,100.96,185.39,343.59,598.54
1.1553,2.6741,7.282,14.557,31.091,42.736,93.577,153.59,297.39,598.16
1.5756,3.4069,7.6315,15.072,27.095,37.954,82.486,159.69,327.74,428.43
1.508,3.2012,6.7513,11.173,25.104,23.209,97.26,190.84,300.88,829.32
1.3217,2.5329,5.6924,8.8414,18.84,44.288,86.135,225.5,411.68,820.41
1.1313,2.6658,5.991,15.945,29.885,64.054,99.295,163.29,244.79,594.31
1.1127,2.4945,5.8569,14.683,29.457,47.417,93.628,147.31,372.1,590.6
1.0846,2.2177,5.7524,15.176,30.44,63.844,81.872,144.29,295.92,938.57
0.96279,2.1436,4.0149,10.102,29.57,57.329,109.32,231.94,428.43,784.02
1.1197,1.6165,3.9661,12.885,29.751,61.441,105.8,227.55,441.09,721.11
0.9861,1.9016,4.831,10.052,22.151,63.728,123.3,226.16,435.3,825.26
1.236,2.385,4.3393,11.404,30.034,63.824,123.67,155.04,427.11,557.45
1.6249,3.2639,7.0599,12.45,28.168,31.095,86.322,154.9,299.81,624.24
1.2098,2.3635,2.8634,9.8547,26.581,63.16,106.27,225.91,478.57,825.42
1.4892,2.9936,6.6862,15.548,28.171,31.077,85.102,151.86,309.75,658.55
1.19,1.793,4.2579,11.432,24.636,55.037,120.51,233.71,345.97,822.88
0.98284,2.5829,4.0324,11.764,27.706,57.129,108.22,217.88,342.46,683.67
0.63823,1.8622,5.5971,14.753,29.854,64.052,111.51,211.33,416.85,760.79
1.1655,2.7996,7.289,15.97,30.15,45.289,98.523,161.76,243.75,598.42
1.0544,2.4649,4.6686,10.888,27.777,52.738,107.91,189.23,366.15,658.2
0.9816,2.4016,6.1725,15.069,30.666,63.757,96.624,148.71,323.18,628.37
1.1166,2.2237,4.4224,14.956,29.252,58.727,91.619,166.36,445.32,606.89
1.0508,2.5103,6.297,15.108,22.006,48.68,93.743,218.27,290.56,628.35
1.8292,3.6533,7.062,14.449,26.97,35.862,82.772,168.21,159.85,860.72
1.2189,1.8683,5.2711,10.849,23.473,48.466,107.37,228.09,311.44,883.79
1.038,2.1268,5.6516,15.134,30.361,63.833,91.841,144.26,295.86,941.82
0.91265,2.5262,5.8144,15.027,29.461,53.117,93.791,171.37,347.15,604.67
0.9127,2.5262,5.8168,12.632,29.36,58.907,93.216,169.95,367.82,604.64
1.4141,2.853,5.429,12.01,17.037,40.745,87.032,179.2,412.69,729.56
1.2179,1.9127,4.0972,11.931,22.559,47.543,106.96,214.73,422.87,841.05
0.97389,2.0069,6.0128,13.989,29.54,63.577,74.757,178.64,328.08,928.65
1.5029,3.1384,5.4083,12.77,18.356,29.353,89.814,180.18,388.59,837.78
1.4067,2.7147,6.7614,13.129,27.066,44.666,102.46,153.41,339.58,754.44
1.416,2.7189,5.523,9.9469,20.226,42.204,87.135,182.05,414.02,706.63
1.5689,3.1124,6.254,15.567,28.325,30.82,83.396,151.87,309.76,658.58
1.1564,2.2602,4.6471,10.576,23.564,51.01,82.772,227.46,455.51,738.12
1.1443,2.2351,4.6015,10.907,23.887,50.973,106.92,229.13,338.79,737.75
1.7243,3.3161,6.2893,7.5382,16.149,39.108,121.15,181.99,448.97,662.2
1.1317,2.1605,4.3626,10.097,23.031,39.952,108.57,256.21,477.1,938.34
1.1725,2.4253,4.4105,11.041,25.039,53.029,101.61,213.06,372.93,625.19
1.6567,3.2956,5.7512,5.7899,22.168,34.574,121.1,178.14,462.26,819.93
1.4335,2.4952,5.8061,8.2953,15.853,50.954,124.58,232.59,311.7,921.24
1.3011,2.1168,4.1555,10.07,19.448,47.07,105.53,225.61,450.55,985.32
1.3138,2.4573,5.5876,11.369,30.234,45.992,92.145,156.19,305.66,733.32
0.94907,1.8423,5.3292,13.141,29.932,61.68,107.44,234.07,303.53,730.51
1.0203,1.9639,3.9982,9.6058,29.326,61.934,122.41,207.09,478.47,825.25
1.4381,2.6921,4.1212,7.384,19.407,51.23,121.59,184.98,476.58,936.72
1.2214,2.292,6.3237,11.762,29.472,58.738,96.767,153.07,318.62,598.81
1.5493,3.0893,5.8962,10.255,20.094,49.781,69.378,160.39,311.39,951.76
1.3192,2.5911,4.5215,9.5148,23.663,35.442,123.91,227.22,363.09,825.96
1.1616,2.6695,7.2165,15.243,23.317,48.578,98.302,194.2,239.96,598.42
1.3119,2.6828,5.3255,11.619,23.516,45.629,103.28,145.5,333.42,725.48
1.1656,2.6682,6.2534,11.835,22.128,38.976,88.742,177.3,331.93,832.45
1.1742,2.8629,6.0018,13.188,29.97,45.099,85.259,159.16,351.93,556.36
1.3806,2.7249,6.0135,13.524,29.943,56.53,108.18,173.79,182.97,619.13
1.1568,2.5694,5.9519,14.748,29.582,48.226,84.196,147.48,372.31,587.65
1.3368,2.6323,5.3571,12.08,25.455,53.873,92.679,160.84,340.02,559.27
1.2826,1.7771,4.3427,10.527,27.64,57.834,106.56,228.67,360.6,737.72
1.0209,1.9301,3.3086,12.874,29.684,61.617,122.71,227.23,480.8,729.65
1.4903,3.0026,6.4065,13.997,30.352,27.74,81.394,143.6,307.7,940.13
1.3325,2.6556,6.1256,11.853,29.84,44.849,85.027,150.19,349.14,599.94
1.3288,2.5465,4.7366,15.894,16.171,35.253,82.674,245.26,472.62,944.92
1.6021,3.3602,5.9625,10.514,21.245,34.478,46.729,223.56,502.03,961.1
1.2987,2.4102,5.4038,11.684,26.635,44.569,87.326,170.55,363.04,668.78
1.1248,2.5957,7.2239,15.184,30.465,57.134,100.87,163.81,227.27,598.29
0.95954,1.8371,4.1336,9.783,29.268,61.608,122.01,230.91,478.23,861.2
1.3027,1.9279,4.4847,13.27,13.671,63.981,127.97,255.17,403.17,916.79
1.2874,2.4602,3.7919,12.401,23.975,34.42,111.27,226.27,419.36,783.65
1.5097,3.0656,6.4521,11.743,22.247,34.477,81.478,169.15,317.04,744.75
1.2571,2.4295,4.4402,11.53,22.643,63.816,125.1,172.34,427.12,557.46
1.1448,2.4261,5.901,12.538,25.829,49.446,100.67,173.2,324.42,602.59
1.4658,3.1327,6.6441,10.763,26.751,21.764,96.172,227,300.84,830.73
1.2931,3.0442,6.3099,15.367,30.723,26.253,99.43,195.44,315.78,605.57
1.3024,1.6275,4.958,10.632,24.511,51.922,100.36,209.59,405.4,789.19
1.1615,2.7392,6.6712,8.4459,31.848,65.41,102.78,201.76,325.63,645.03
1.3178,2.0057,5.505,11.291,24.204,50.395,109.19,230.55,318.58,602.63
1.0899,2.2174,4.5744,11.771,25.183,55.702,121.06,234.7,358.25,595.46
1.0423,2.5227,7.2716,15.963,29.827,41.945,93.389,145.37,379.94,598.44
1.2715,2.8304,5.3726,13.047,26.078,48.981,89.355,150.61,317.02,639.17
1.0572,2.5783,6.4861,9.9173,32.058,65.302,107.74,190.06,335.81,641.7
0.91365,1.7036,5.6488,10.616,29.693,61.728,100.6,227.57,431.31,729.64
1.4435,2.8217,5.9285,12.351,22.079,41.204,68.022,183.36,340.76,742.25
1.1489,2.6987,6.0245,10.264,18.562,43.331,101.13,217.65,459.91,610.77
1.6669,3.313,6.6606,13.191,23.255,21.084,112.23,142.06,392.38,719.58
1.4656,2.9117,6.0869,14.406,23.6,47.149,75.406,144.52,298.73,678.41
1.461,2.8826,4.5442,11.913,17.882,35.794,92.229,181.99,470.85,828.02
