1.5739e-272,1.5129e-264,2.1682e-257,1.5432e-192,1.0977e-127,0,7.8085e-63,1.067e-70,555.58,0
1.5175e-65,1.0795,0,0,0.0052798,0,9.0223e-14,1.3838e-20,3.2246e-18,9.5579e-15
4.2138e-147,2.9974e-82,0,7.5839e-83,2.0613e-65,0,1.4663,1.5843e-18,0,0
1.8869e-29,1.1049e-09,3.4125e-11,5.0934e-11,0.9743,0.0077481,0,4.6814e-27,1.8869e-07,4.5568e-13
2.1715e-79,1.7176e-75,1.364e-65,0.97027,0.0030819,0,5.3757e-07,1.3011e-13,0,5.1415e-09
3.7543e-23,2.0385e-09,8.3227e-16,0,1.0875,1.0421e-32,1.7708e-20,3.8585e-22,6.7091e-05,0
1.8441e-67,2.7683e-58,2.5291e-61,0,2.0902e+07,0,2.0975e-19,0,0,2.0473e-09
3.8335e-89,2.7269e-24,4.1563e-11,8.1737e-12,1.1363,2.6411e-68,2.8502e-13,9.4657e-24,2.3324e-07,1.519e-08
4.0479e-278,2.8794e-213,3.3345e-198,2.3564e-193,1.6888e-128,0,1.2013e-63,1.8029e-71,85.476,0.35881
2.2117e-130,1.5733e-65,1.1191,3.6122e-10,7.4057e+09,5.505e-05,0,0,3.0405e-08,3423.8
3.8562e-82,2.7431e-17,8.9714e-10,1.6494e-10,1.1199,2.7351e-12,5.9492e-20,3.5271e-19,5.8762e-18,0
8.0358e-28,1.565e-20,5.2547e-10,0,1.0509,3.3229e-29,0,1.4077e-09,1.7949e-08,9.6583e-12
5.685e-37,1.8329e-09,5.6612e-11,9.95e-28,1.1647,7.5643e-12,0,4.4875e-34,2.5287e-10,4.5724e-13
1.1848e-26,7.8617e-11,2.0573e-12,3.5418e-21,0.9681,2.2993e-25,6.6842e-06,5.9222e-18,0.001168,1.3397e-09
4.2531e-19,1.0699e-10,4.802e-18,0,1.0399,4.2079e-13,1.1055e-14,5.9137e-18,0.00021189,6.573e-09
3.3446e-90,2.3791e-25,5.1049e-28,0,1.0535,4.1268e-15,2.8303e-17,6.5789e-12,6.2395e-07,0
4.7268e-14,9.6236e-10,4.0218e-13,3.4478e-20,1.0539,1.325e-17,1.7963e-07,1.2011e-09,6.1853e-10,2.2639e-13
5.2162e-32,8.3312e-11,1.821e-19,0,1.097,1.3637e-68,3.7242e-17,1.2315e-09,2.6996e-05,3.5638e-11
5.2621e-186,3.7432e-121,2.6627e-56,4.5224e-76,1.894e+09,0.00062222,0,0,418.52,1861.1
2.0805e-139,1.48e-74,1.0528e-09,1.7097e-32,1.1046,6.3549e-12,0,1.41e-09,1.0828e-06,1.6486e-13
2.0629e-79,2.7471e-75,1.9882e-10,0,1.0903,0,8.3576e-16,2.4245e-09,2.3019e-08,0
2.0675e-90,1.252e-62,3.658e-70,2.05e-82,890.9,3.2697e-10,7.5951e-18,5.0751e-15,0,0.00044685
2.7287e-11,8.4262e-10,2.2701e-16,9.8199e-32,1.1898,7.8001e-12,0,1.5468e-09,3.1561e-21,9.921e-14
2.314e-89,2.3781e-75,0,1.6916e-10,1.0959,0,2.589e-13,1.4249e-09,2.5505e-07,1.3255e-13
4.2827e-12,0.024432,0,1.845e-09,1.5872e+08,0,0,0.20037,36.94,0
6.2027e-80,4.4122e-15,1.7455e-09,0,1.0705,2.6145e-12,5.6868e-20,1.3295e-09,2.3215e-16,0
1.1615e-68,0.00082619,0.22969,0,6.0137e+09,0.0019351,0,0,0,3441.8
1.0183e-76,7.2439e-12,0,0,1.0697,3.4431e-20,1.2925e-06,1.6215e-09,3.8836e-11,3.711e-13
7.3372e-71,1.0932e-66,0.079041,0,1.2811e+08,0,6.8051e-12,0.28398,0,0.30934
3.5069e-80,6.6689e-75,4.7656e-10,0,1.0801,2.4784e-12,5.7373e-20,2.2117e-09,1.4744e-10,0
8.3554e-22,3.8653e-12,0,6.6026e-13,1.0479,6.1137e-12,3.5995e-07,6.3362e-18,0.00023724,7.4307e-10
2.0579e-27,8.2079e-06,1.9807e-14,1.4278e-06,65373,0,4.7746e-20,6.8079e-05,6.2639e-17,0
5.368e-74,1.3567e-65,3.984e-68,5.2366e-74,1.0727,3.7894e-15,5.0071e-14,6.6642e-12,4.2651e-07,8.966e-08
2.6247e-139,9.4349e-122,6.7114e-57,0,4.7741e+08,2.7206e-12,0,0,1.0628e+05,882.51
5.7394e-28,1.0414e-09,5.1701e-15,9.3642e-41,1.0809,4.6535e-13,6.0653e-11,6.5104e-14,2.4195e-10,1.5152e-14
3.4532e-23,1.7195e-10,2.0007e-13,5.3876e-12,1.0881,3.368e-13,6.8836e-21,9.2103e-14,0,1.8132e-09
2.4443e-19,4.3108e-15,3.3409e-12,1.3465e-22,1.0919,1.3703e-17,1.861e-07,0,6.4077e-10,1.0589e-13
5.1266e-84,1.3186e-75,9.3807e-11,0,1.0346,5.3098e-27,0,3.3125e-30,2.6324e-05,5.7181e-10
2.1403e-74,1.5225e-09,1.1095e-12,0,1.0491,3.0108e-13,5.5731e-20,1.3029e-09,0,1.8429e-09
1.2531e-130,8.914e-66,0.63409,0,4.1937e+09,0,4.9056e-13,9.3994e-15,1.7218e-08,2576.5
1.0808e-102,2.2476e-61,7.0156e-70,1.3757e-62,24880,8.96e-09,4.0136e-10,1.4173e-13,3.9971e-18,0.0023614
5.5606e-12,1.5048e-10,5.2523e-12,2.6274e-15,1.0294,6.894e-12,0,4.6086e-27,6.3618e-15,0
5.6035e-131,3.986e-66,0.28354,4.6956e-08,5.7058e+09,0.0018105,0.010881,0,0,0
1.7899e-37,2.794e-24,3.2912e-11,1.0119e-11,1.0551,4.7928e-27,2.9712e-16,5.0736e-18,1.9377e-07,1.0055e-11
1.1072e-74,7.8757e-10,0,5.343e-25,0.98539,7.1976e-12,2.599e-12,0,0.0010757,3.0025e-11
1.345e-186,9.5675e-122,6.8057e-57,0,4.8412e+08,3.8905e-13,0,1.9154e-25,0.096647,942.42
1.4451e-140,1.028e-75,7.3123e-11,1.6819e-11,1.0603,2.0216e-12,1.0227e-07,1.9399e-16,9.8852e-13,3.9579e-11
9.6067e-66,0.68336,0.0028237,0.0074951,0.010607,7.3649e-19,0,6.5325e-18,1.6186e-06,2.823e-08
2.1594e-23,4.6247e-06,3.3883e-07,6.2778e-19,1.0544,2.8581e-21,6.5559e-15,6.3766e-18,2.2458e-07,1.4659e-12
1.0783e-79,4.3235e-58,3.9497e-61,0,3.2642e+07,0,3.2756e-19,1.8492e-10,0,3.6881
2.3967e-191,1.7049e-126,1.2127e-61,1.2784e-81,8626.7,0,0.00015383,2.0877e-43,0.62716,3.9607e-10
2.1338e-74,1.5178e-09,6.2717e-12,1.5199e-22,1.0439,0,0,5.675e-18,1.4776e-06,0
7.019e-21,1.2379e-16,3.7525e-22,5.219e-27,64.082,8.0417e-16,0,0,0.0017583,6.6786e-13
7.3108e-11,1.4766e-09,4.2702e-16,8.4303e-22,1.084,4.7411e-20,7.0415e-07,4.315e-21,3.7411e-17,4.0836e-11
3.0159e-73,2.1453e-08,4.0909,0,3.9977e+09,0.01262,0,3.2731e-05,0,4.7045e-08
1.1815e-75,8.4046e-11,6.4075e-16,1.8465e-11,1.1812,8.3646e-15,1.5775e-27,0,1.7144e-19,3.4414e-09
9.6471e-38,5.6306e-10,4.1046e-17,0,1.3224,5.9931e-13,7.888e-13,0,2.5161e-12,1.7794e-09
1.1322e-65,0.80536,0.0031276,7.0415e-11,0.010323,7.1679e-19,0,2.3001e-08,1.5757e-06,2.7815e-08
9.686e-05,0.52039,0,0.091332,5.33e-05,6.3193e-12,3.7205e-07,6.6177e-19,0,7.4427e-10
4.6899e-33,4.0792e-11,0,7.1446e-30,16414,5.9619e-09,0,1.2899e-19,8.0843e-10,0
5.1383e-15,9.0419e-10,0,1.7051e-20,1.1008,1.7854e-18,1.6954e-20,1.6015e-27,2.5226e-14,0
2.4046e-36,4.4691e-18,2.6879e-29,1.7413e-10,1.08,4.6493e-13,6.0599e-11,6.5046e-14,2.4173e-10,1.5203e-14
1.2252e-33,8.2075e-22,6.4491e-11,2.1982e-12,1.0431,2.6986e-13,4.9637e-25,1.2886e-09,2.1864e-07,5.3096e-07
8.898e-30,5.2102e-10,1.2794e-11,2.7665e-11,1.049,0,0,4.6965e-27,1.7125e-07,8.9494e-08
1.2318e-84,2.3035e-75,0,1.6386e-10,1.0615,7.6066e-19,2.5078e-13,1.3802e-09,0.00010029,0
0.00012593,0.99608,0,0,0.00040297,6.7736e-12,5.072e-07,1.1867e-13,0,4.821e-09
2.0805e-22,7.4776e-11,1.3807e-16,0,1.0523,1.6787e-18,1.0611e-14,1.4186e-09,2.2295e-07,5.333e-07
5.6796e-34,6.4829e-10,5.6325e-14,1.6039e-14,1.1557,1.3684e-19,0,1.7187e-09,1.0936e-06,2.3465e-13
5.3048e-121,3.7735e-56,6.8306e-59,0,2.9175e+09,1.3538e-11,0,1.0341e-07,0.00032,574.91
7.852e-140,5.5854e-75,3.9731e-10,3.69e-12,1.0981,3.1378e-12,1.913e-08,1.1386e-09,1.0183e-13,2.0132e-09
1.7651e-139,6.345e-122,4.5135e-57,1.4606e-58,4.4696e+08,2.5471e-12,0,0,99499,853.9
1.4083e-21,1.0261e-09,2.4441e-11,2.3356e-10,1.0346,5.8759e-12,3.5541e-07,6.2562e-18,0.00033851,7.4057e-10
3.9963e-57,2.3455e-44,7.6732e-24,1.7762e-24,1.0784,7.5315e-20,7.6793e-19,5.1855e-18,2.0117e-15,1.0786e-08
5.868e-13,2.3313e-09,0,2.3706e-22,1.0072,0,0,1.4069e-09,0.00020526,1.3482e-09
1.1254e-24,2.0134e-19,6.8746e-10,5.1367e-11,1.0462,0,6.9499e-08,9.572e-25,1.7189e-07,0
8.1766e-32,3.5528e-14,1.9558e-10,3.8743e-12,1.0481,0,1.2943e-12,6.9213e-18,7.8155e-07,5.377e-07
6.4517e-05,0.66305,0.0027509,0.007472,0.012346,3.4518e-21,1.2383e-05,7.63e-18,1.6382e-06,2.9349e-08
4.5072e-76,3.2061e-11,2.3763e-08,0,6978.7,0,0.0016036,0,0.010088,2.4774e-09
3.7521e-74,6.0337e-65,2.5124e-72,0,4.294,0,2.5816e-05,1.1884e-08,0.00085014,0
8.5673e-101,1.3439e-74,9.5599e-10,3.0029e-17,1.1336,5.2443e-19,1.0648e-10,1.5601e-09,2.8855e-10,0
7.0537e-36,1.1065e-09,5.9764e-15,9.8405e-39,1.2015,5.5584e-19,1.1285e-10,1.5345e-09,5.8314e-09,0
9.6853e-30,6.5294e-10,8.7732e-15,2.2451e-11,1.0476,3.2428e-13,1.5199e-07,1.097e-13,3.9632e-14,2.0265e-09
2.254e-68,2.3944e-64,2.5459e-58,2.0615e-59,2.9929e+07,9.0756e-06,0,1.6955e-10,0.011827,4.51
2.328e-22,1.0469,0,0,1.1213e+09,0.00051964,0,1.1678,1.9951e-21,1.3998e-09
9.6665e-90,5.7469e-72,4.088e-07,0,53941,1.2377e-07,2.8652e-15,0,0.011979,0
5.65e-11,2.5011e-07,0,3.3931e-11,111.09,2.6813e-10,0,0,0.003855,5.2029e-10
2.4698e-23,1.8435e-09,2.9664e-16,1.6476e-22,1.0115,3.9096e-25,1.5051e-20,6.032e-18,7.309e-05,2.9179e-08
1.9453e-79,1.3838e-14,3.6144e-20,0,1.7444e+09,0,28.468,0,41864,1.229e-06
1.7527e-14,0.95165,0,0,1.0726e+09,1.0277e-23,0,3.8054e-13,66167,0
6.5188e-05,0.60133,0.0024975,0.0095838,0.020601,3.4687e-21,9.4621e-06,7.6608e-18,1.6448e-06,3.9772e-08
3.4712e-36,4.9987e-15,2.273e-10,8.0175e-12,1.2762,0,8.5502e-06,1.4545e-09,3.6036e-16,1.8568e-18
6.5096e-13,2.4465e-09,7.3281e-22,0,1.0569,9.5677e-33,0,0,0.00020634,0
1.787e-186,1.2712e-121,9.0425e-57,0,6.4323e+08,3.6655e-12,0,0,1.4319e+05,385.27
8.8817e-75,6.3179e-10,0,3.3868e-11,1.054,4.2698e-20,1.3879e-06,0,9.1567e-17,3.31e-12
0.0066833,0.17208,0,0,1.6278e+09,0,0,1.6329,1.1391,5.2898e-11
4.737e-29,2.5769e-09,1.9771e-20,6.7864e-20,1.1754,0,1.2816e-16,4.7607e-27,0,4.5933e-13
5.0754e-17,1.0208e-09,5.0699e-15,9.1828e-41,1.06,1.774e-20,5.5908e-11,6.3843e-14,2.3726e-10,0
9.9884e-121,7.1051e-56,2.6544e-63,2.3139e-76,5.0561e+09,0.0015653,0,1.7694e-07,88.552,2829.4
1.4913e-19,2.3993e-10,1.3375e-13,0,1.0971,0,4.5818e-17,1.1006e-09,0,2.9851e-08
1.3674e-42,9.1602e-31,5.4954e-12,1.527e-13,1.0506,3.2665e-13,4.9994e-25,3.5926e-16,1.7969e-07,4.6337e-09
7.4079e-22,9.3261e-08,1.5129e-20,1.6455e-16,98.959,0,0,0,0.0045103,2.7321e-10
1.154e-21,6.266e-08,0,0,240.08,2.3003e-30,0.0020316,0,0.01436,0
2.1333e-29,1.5136e-16,1.9936e-10,5.0411e-16,1.0831,3.0656e-12,9.4559e-20,4.5336e-10,1.2626e-08,0
9.9671e-75,1.3653e-60,3.8787e-71,2.561e-66,97389,0,9.2963e-22,5.5171e-13,5.2196e-12,0.064381
6.1184e-11,1.8599e-09,3.3597e-15,0,1.1867,5.8312e-10,0,4.8067e-27,1.9374e-07,4.6173e-13
9.8887e-14,3.7529,0.45142,0,0.35082,3.3832e-12,1.3651e-13,7.3336e-21,0.0006686,1.4558e-11
5.8089e-35,8.365e-14,7.1598e-10,2.5564e-11,1.107,1.4885e-21,1.5664e-06,1.2582e-09,1.6254e-26,1.8727e-12
3.2178e-14,7.3752e-10,1.9733e-13,1.5793e-11,1.0422,1.3103e-17,3.5956e-07,1.1882e-09,6.1188e-10,2.2517e-13
3.7478e-74,9.6704e-66,6.9472e-75,5.6283e-67,1.06,3.8174e-13,1.0253e-14,6.0384e-18,1.5508e-25,2.5116e-08
2.7281e-74,1.9406e-09,7.0418e-16,1.9208e-22,1.0363,3.9336e-40,1.9173e-20,1.4899e-09,6.7667e-05,1.3592e-09
3.5441e-36,2.1461e-08,0,3.5127e-28,242.33,8.8522e-11,2.1678e-22,0,0,0.00023306
4.5855e-77,8.4399e-73,6.0925e-08,0,1.2809e+08,0,6.1228e-09,0.28393,0,0.3093
1.4225e-31,2.0485e-10,1.8307e-15,7.2716e-12,1.0417,0,2.6284e-13,1.1893e-09,2.8461e-16,7.9303e-15
3.5375e-21,3.0035e-14,2.6479e-09,5.5881e-18,1.0596,2.7069e-12,3.0403e-13,1.1977e-09,8.4264e-12,2.2898e-13
1.6542e-79,1.1767e-14,3.0251e-10,1.8585e-15,1.0655,0,1.0433e-05,1.1924e-10,2.8646e-05,1.4036e-15
1.0654e-32,7.137e-21,8.035e-10,2.7388e-11,1.0468,2.7083e-13,8.1748e-08,1.294e-09,2.1955e-07,1.5729e-09
1.1297e-97,1.5634e-73,1.1121e-08,0,66.088,2.1817e-11,0,2.9408e-26,0.0042099,1.5251e-11
1.0946e-14,0.41542,0.049952,0,0.03883,3.4068e-13,1.1942e-05,2.1799e-16,0.0021458,0
3.7249e-18,0.62772,0.021996,7.4381e-14,0.015652,5.5381e-21,0,6.8318e-18,2.4061e-07,1.5173e-12
0.0084018,86.347,0.34026,2.0271e-06,2.3269,3.966e-19,0.0014227,8.7666e-16,0,0
4.1751e-87,1.7611e-63,5.3742e-69,5.9836e-65,176.23,5.8177e-11,0,5.3032e-19,0.010906,0
2.3841e-25,3.1814e-21,1.6532e-10,1.1167e-25,1.0701,2.7911e-12,8.785e-06,1.0561e-09,1.2596e-13,1.1044e-09
1.0679e-27,1.8942e-09,2.9819e-16,1.6929e-22,1.0393,4.0172e-25,0,3.7592e-18,7.5101e-05,2.9577e-08
1.1484e-73,8.1688e-09,0,5.5419e-24,10.221,7.4655e-11,2.5766e-11,3.2599e-20,0.037895,3.3707e-14
1.6519e-26,1.0306e-06,3.46e-26,0,13159,0,0,1.305e-05,2.0342e-08,0
2.9293e-32,4.195e-11,1.2058e-16,7.0775e-12,1.0476,2.9182e-13,2.1662e-13,7.7142e-10,1.4593e-17,2.649e-12
1.1255e-19,3.4795e-10,0,7.8207e-11,1.0521,6.1923e-12,3.6143e-07,2.0805e-21,0.0002519,7.449e-10
1.2473e-39,6.724e-20,1.5235e-38,2.2337e-21,1.0898,2.1965e-13,1.0506e-14,4.8787e-27,5.6028e-09,0
1.4126e-80,1.0048e-15,1.9153e-10,9.9108e-12,1.0673,0,2.0601e-05,1.2087e-09,6.3244e-10,3.3691e-11
1.0251e-99,6.528e-72,4.6436e-07,7.6007e-27,884.75,3.3246e-10,1.4801e-05,5.0416e-15,0,0.00043075
2.0574e-69,3.0654e-65,2.2164,1.0704e-08,3.5275e+09,0,1.8738e-10,0,0,0.00024558
1.9599e-43,3.0744e-17,3.2482e-10,4.451e-33,1.1314,0,3.3505e-17,1.4438e-09,5.3848e-09,0
1.5159e-84,3.3417e-80,2.4092e-15,8.5193e-26,276.14,9.1158e-11,0,0,0.014153,0
4.1337e-32,5.9196e-11,1.6604e-16,2.0343e-12,1.0442,3.232e-13,3.024e-14,1.3618e-14,3.848e-10,4.6556e-16
1.5629e-135,1.047e-123,7.4477e-59,2.5386e-60,7.4346e+06,1.9333e-06,1.5102e-14,0.01014,1.5584,0.0014175
3.1312e-15,5.511e-10,0,4.1373e-11,1.0899,0,7.9271e-08,1.0012e-24,3.8775e-05,0
8.3823e-154,5.9627e-89,6.905e-74,0,3.6104e-64,7.7025e-76,25.683,3.8544e-07,2.0781e-09,0.19671
6.7077e-74,4.7714e-09,9.8173e-20,0,1.3231,3.9481e-13,2.6998e-10,0,3.3668e-05,2.2312e-09
8.4288e-15,1.4014e-10,4.249e-12,0,1.0735,2.472e-12,9.4105e-20,2.3163e-09,2.0539e-14,0
4.6931e-14,9.555e-10,1.6195e-12,3.5627e-20,1.089,1.3691e-17,1.6027e-07,1.5032e-20,6.3907e-10,0
3.9619e-34,1.7215e-16,0,0,1.0395,1.3337e-68,1.2837e-12,6.8645e-18,2.6411e-05,5.3772e-07
2.729e-11,8.4272e-10,2.2703e-16,9.8211e-32,1.19,7.8011e-12,0,7.7873e-15,1.4698e-10,1.2249e-17
3.4199e-80,6.4678e-75,3.3187e-64,8.9653e-73,23.61,6.1576e-11,0.00020423,6.6022e-20,0,4.7629e-09
9.6749e-40,1.2414e-31,1.5484e-16,1.3339e-09,3.0019,2.0249e-11,4.9962e-05,0,7.2426e-05,0
1.2931e-20,0.80673,5.0293e-12,3.3694e-15,1.8268e+08,0,0,0.20015,0,0
6.2729e-72,4.4761e-66,0.31916,0,7.1777e+08,5.454e-10,1.3216e-05,1.89e-38,17177,0
5.7279e-57,3.3618e-44,1.0998e-23,2.5458e-24,1.5457,0,4.6947e-13,0,2.8834e-15,1.1184e-08
8.0142e-23,3.5983e-09,7.8653e-18,0,1.0927,0,2.9104e-10,0,3.1755e-05,8.4312e-16
1.2005e-79,2.2704e-74,1.6225e-09,0,1.0651,2.7779e-12,8.7436e-06,0,1.4006e-13,1.1018e-09
7.0974e-86,2.0625e-73,1.4671e-08,0,80.493,0,6.17e-14,3.7495e-13,1.6993e-06,0
1.9641e-24,2.7843e-19,1.1384e-09,0,1.0685,0,6.0868e-08,9.7215e-25,1.7555e-07,0
7.1761e-30,1.2673e-22,4.6322e-09,3.3753e-15,1.0535,0,1.3102e-05,1.4477e-17,1.9414e-07,1.0941e-09
2.9255e-27,1.1669e-05,2.4336e-14,4.1555e-07,65397,9.2775e-15,4.7763e-20,2.6541e-08,2.2527e-05,0
2.4616e-77,5.2442e-73,3.7817e-08,0,1.4592e+09,0.00048171,7.464e-21,0,1.0396e+05,0
7.6968e-11,2.4484e-09,6.5665e-16,2.8294e-31,3.4418,1.3173e-12,0,4.4743e-09,9.1295e-21,2.9422e-17
3.3981e-67,8.6839e-66,0.88628,0,0.042839,0,2.3517e-08,0,0,5.4029e-12
9.2425e-69,0.00065746,1.8782e-05,2.4791e-16,4.1309e+05,1.8186e-15,0,0.00040343,2.1984e-18,3.2081e-10
4.7013e-32,7.5088e-11,1.6413e-19,7.2583e-24,1.09,1.355e-68,1.1495e-05,6.885e-16,2.6985e-05,3.5638e-11
0.00023975,0.95251,0,9.6858e-14,0.00019872,6.0014e-12,0,1.4122e-09,0.00020604,1.3635e-09
2.673e-28,4.2692e-07,9.3317e-16,0,971.99,1.2083e-65,3.2998e-14,0,0.023922,1.0608e-09
2.1148e-74,1.5043e-09,6.2159e-12,1.5217e-22,1.044,6.7246e-19,0,5.6758e-18,1.4778e-06,2.8038e-13
1.8005e-21,1.3119e-09,7.914e-13,2.3523e-10,1.042,0,3.5796e-07,6.3011e-18,0.00034094,7.4323e-10
6.2131e-75,4.4196e-10,2.0805e-16,1.9231e-23,1.0275,6.618e-19,0,5.5859e-18,1.4544e-06,2.9196e-08
3.6057e-28,6.2856e-10,3.1205e-15,5.6519e-41,1.0922,4.7021e-13,6.1287e-11,6.5784e-14,2.4448e-10,1.5703e-14
3.1911e-14,7.3142e-10,1.9569e-13,1.5663e-11,1.0336,1.0042e-17,2.5065e-07,1.1781e-09,2.2678e-05,2.2526e-13
9.7422e-86,8.4736e-64,60.276,0,6.3217e+10,3.0626e-07,0,0.00039868,0.0064691,0
3.1189e-87,2.2186e-22,1.4416e-17,9.6e-19,1.0728,0,2.1212e-08,9.7585e-18,0,3.5577e-08
3.2018e-38,4.1084e-30,1.2109e-18,4.8461e-09,3.0513,2.0582e-11,1.6401e-13,0,5.871e-06,0
3.4962e-74,2.487e-09,0,1.2682e-10,1.0362,2.3568e-19,3.1035e-10,0,3.3062e-05,1.9757e-09
3.9271e-42,4.7394e-09,4.6973e-16,0,1.315,3.924e-13,2.6833e-10,0,8.1505e-05,2.2306e-09
6.135e-34,3.715e-06,1.0854e-13,3.2994e-19,1776.5,6.4267e-10,1.5147e-17,9.6646e-15,0,7.9632e-09
4.5837e-34,4.6213e-09,0,2.2667e-28,38.247,0,0.00022995,1.0586e-07,0.0089706,1.95e-12
4.0277e-31,2.6982e-19,1.1081e-09,0,1.0468,2.7085e-13,4.9818e-25,2.3481e-10,2.1943e-07,5.3191e-07
8.8654e-75,6.3063e-10,5.5603e-22,3.3806e-11,1.0521,3.8244e-13,1.3854e-06,3.9385e-17,2.1657e-08,3.3075e-12
5.0795e-30,1.2451e-22,4.5509e-09,3.316e-15,1.035,0,5.2125e-13,6.376e-18,7.4365e-05,2.8868e-08
4.8926e-31,1.402e-22,5.1228e-09,3.7327e-15,1.1651,0,1.3513e-05,1.2363e-17,2.171e-07,1.1505e-09
2.2527e-74,1.6024e-09,3.9668e-12,0,1.0846,2.8147e-24,7.6742e-13,1.4159e-09,1.6875e-06,2.6339e-08
1.009e-76,7.1771e-12,0,0,1.0599,1.8788e-18,1.2052e-06,1.6065e-09,9.4885e-10,3.6938e-13
4.7087e-130,1.2614e-128,2.5866e-145,0,1.2775e-63,0,6.2257e-65,0,0,11.637
4.2677e-69,1.0538e-65,0.78007,0.0075535,0.01069,7.4223e-19,1.2833e-05,6.6274e-18,1.6421e-06,9.6802e-12
1.2075e-134,8.5891e-70,6.1098e-05,0,1.0696e+05,3.0564e-07,0,0.00010181,0,0.20421
1.0556e-75,7.5091e-11,0,7.2579e-24,1.0907,3.1223e-13,1.1502e-05,6.8892e-16,2.7002e-05,6.3086e-12
3.3521e-74,2.3845e-09,1.2223e-14,2.3602e-22,1.0074,0,5.5922e-11,1.4071e-09,0.00020529,1.3812e-09
6.4549e-72,4.5916e-07,1.3198e-12,7.7467e-08,1.0484,2.9259e-13,8.8315e-18,7.7428e-10,2.2732e-16,0
1.165e-130,8.2868e-66,0.58948,0.025363,0.044497,0,1.6311e-06,1.3588e-09,2.0356e-26,5.3593e-12
4.1842e-23,5.572e-19,2.5763e-10,1.3121e-11,2.1227,4.6932e-12,0,0,2.9104e-08,0
5.1543e-18,3.7628e-09,1.4888e-16,0,4.333,0,2.6052e-05,9.4349e-09,0.00086664,0
2.1852e-75,6.7558e-66,1.707e-69,1.5457e-66,1.073,6.3146e-12,3.6857e-07,2.1216e-21,8.8139e-06,7.4289e-10
1.2049e-36,7.0327e-09,5.1267e-16,0,16.517,0,9.8522e-12,2.7708e-27,2.2202e-05,6.2958e-09
8.4752e-66,0.60288,0.0024911,0.0067675,0.026308,7.3851e-19,0,6.5504e-18,6.6312e-13,9.0029e-12
7.2502e-19,4.8797e-09,4.136e-20,0,1.3531,5.6353e-13,4.0255e-10,0,1.9424e-06,2.2477e-09
9.3421e-136,6.6454e-71,0,4.7271e-06,9474.7,0,0.17288,0,0,0
6.1262e-80,4.3578e-15,1.724e-09,0,1.06,2.5888e-12,5.631e-20,1.3164e-09,2.4263e-07,0
1.3094e-65,0.9314,0.0020361,1.1395e-13,2.2999e+09,1.4823e-09,0,0,1.3515e-10,0
1.0096e-75,7.1819e-11,2.9676e-13,6.1376e-19,1.0308,1.834e-26,0,5.6034e-18,7.477e-07,1.509e-08
6.7771e-74,4.8208e-09,7.8076e-20,0,1.3367,4.939e-21,2.7277e-10,0,3.2022e-05,1.4661e-08
5.4128e-20,9.9477e-15,6.1525e-10,2.7455e-11,1.0219,0,1.0302e-17,4.7784e-22,3.6187e-05,3.3564e-08
1.6992e-16,1.2959e-09,1.0663e-15,2.8667e-10,1.106,1.1422e-19,8.5573e-06,0,6.5932e-05,2.7843e-12
3.306e-74,5.3163e-65,0,0,3.7819,0,4.2452e-06,0.017536,0.00085162,0
2.4304e-36,3.4998e-15,1.5914e-10,3.4455e-11,1.3578,0,1.4691e-11,1.5395e-09,3.9084e-16,3.7413e-09
3.99e-140,2.8383e-75,2.019e-10,4.7163e-11,1.0641,2.0288e-12,1.7468e-08,1.9462e-16,1.0797e-12,3.9643e-11
4.4072e-06,0.45354,0.0010658,0.010264,0.047568,2.2428e-25,3.6343e-07,1.2038e-09,6.1994e-10,2.2949e-13
5.6403e-28,1.0235e-09,1.2691e-18,2.0303e-13,1.0876,3.3938e-21,6.1029e-11,1.0918e-09,0,1.4933e-14
7.1981e-05,0.74884,1.9553e-05,0.0082911,0.012556,3.5103e-21,0,6.0712e-14,1.6551e-06,1.2164e-11
3.3133e-96,1.5013e-74,1.068e-09,9.0164e-41,1.1061,2.7038e-12,1.5652e-06,4.8569e-14,1.624e-26,1.7422e-12
3.8689e-80,6.7901e-75,4.8532e-10,3.6262e-11,0.95528,0,6.9478e-08,8.7749e-25,3.8137e-15,0.058946
5.1936e-85,6.8099e-81,4.9291e-16,0,1.0556,2.5722e-12,1.4274e-09,1.0584e-09,2.1151e-09,0
5.5663e-75,3.9596e-10,1.6361e-12,3.965e-23,1.0282,0,0,5.5895e-18,1.4553e-06,2.9025e-08
1.2395e-11,2.5149e-06,0,1.8761e-07,8205.3,0,9.0877e-13,0,0.36274,1.1229e-06
9.7979e-34,9.8783e-09,0,4.8452e-28,81.754,0,1.3742e-08,2.2517e-07,0.017986,0
2.2013e-23,1.643e-09,6.1144e-12,1.6517e-22,1.014,3.9195e-25,1.5088e-20,6.0472e-18,7.3275e-05,2.9216e-08
2.7825e-88,1.9793e-23,7.8303e-18,0,1.0756,2.1401e-12,2.1127e-27,1.3356e-09,2.3323e-16,0
6.0896e-80,4.3318e-15,1.7293e-09,0,1.0655,0,7.5394e-13,1.3232e-09,2.3106e-16,0
6.7045e-30,1.0154e-09,4.0768e-15,2.2224e-14,1.0891,2.9577e-12,6.1112e-11,1.2702e-09,2.438e-10,2.3001e-13
6.3504e-80,4.5173e-15,1.7196e-09,0,1.0596,9.1089e-33,2.1535e-05,1.3251e-09,5.1584e-10,0
9.5953e-45,4.9602e-18,4.3096e-22,1.3218e-22,1.0878,2.8814e-12,0,1.6176e-09,3.8538e-05,2.2696e-13
2.8985e-21,5.1856e-16,1.0162e-09,0,1.0479,4.8221e-13,6.9615e-08,1.6837e-21,1.7217e-07,0
1.5494e-80,1.1021e-15,4.9224e-10,0,1.0664,2.6042e-12,1.192e-06,1.327e-09,0,0
4.0341e-34,1.7528e-16,0,0,1.0584,2.4427e-23,1.3071e-12,6.9896e-18,2.0693e-07,5.4012e-07
1.0868e-89,2.4609e-61,1.4077e-77,2.1524e-62,29391,4.5689e-17,9.9775e-13,4.7283e-05,0.70334,5.8328e-09
4.6898e-40,6.6434e-16,1.1181e-08,0,66.475,2.1945e-11,0,2.9785e-26,0.0017503,1.5253e-11
5.9949e-27,8.4982e-22,6.5784e-11,2.4341e-12,1.0649,0,6.0659e-08,9.6881e-25,1.7494e-07,0
1.0969e-20,1.8808e-09,3.0265e-16,1.6809e-22,1.0319,3.9887e-25,1.2126e-05,7.256e-20,1.9505e-07,1.2109e-09
9.2312e-27,2.9776e-15,1.0312e-09,0,1.1115,2.7169e-12,8.4457e-14,1.5e-09,1.7902e-16,1.7443e-12
1.7631e-64,12.541,8.524e+08,8.2558e+06,1.1684e+07,8.1124e-10,0,0,0,4.2337e-07
7.7461e-71,5.5101e-06,0,0,11044,0,1.2818e-05,0,0,0
2.0981e-28,3.9596e-21,1.5882e-07,2.5996e-27,36.642,1.3674e-11,6.1306e-07,2.1692e-16,0,2.1149e-08
4.8136e-20,9.4591e-11,2.1708e-12,3.7624e-12,1.0538,7.5511e-19,2.4574e-13,1.3796e-09,9.7664e-05,0
1.4777e-87,9.0662e-76,6.4492e-11,2.1983e-12,1.0424,0,4.9607e-25,1.2878e-09,2.1851e-07,5.3577e-07
3.2135e-80,2.2859e-15,6.2273e-10,3.351e-11,1.0429,4.4417e-20,1.3733e-06,0,3.1411e-07,2.9317e-08
4.9321e-26,1.1762e-09,5.839e-15,1.0576e-40,1.0814,4.6558e-13,6.0683e-11,6.5137e-14,0,3.0705e-08
1.4625e-82,1.8766e-74,1.3351e-09,0,3.0026,2.1298e-11,4.9973e-05,0,7.2442e-05,2.2277e-08
6.7965e-76,4.8346e-11,2.8083e-06,2.1905e-07,1.0348,0,5.2309e-08,3.3408e-23,1.7071e-07,0
4.1557e-34,5.9843e-13,6.9606e-10,2.5777e-11,1.1154,2.8955e-13,1.5783e-06,1.2677e-09,1.6377e-26,1.8798e-12
2.1128e-22,7.5936e-11,1.4022e-16,0,1.0627,1.6953e-18,1.0716e-14,1.4326e-09,0,5.3568e-07
6.9987e-157,1.0137e-139,7.2108e-75,5.1293e-10,1.0766,0,0,1.6625e-08,1.9016e-06,2.4996e-06
2.1669e-88,1.5414e-23,2.3494e-10,4.2806e-11,1.1363,6.9482e-19,3.0434e-13,9.4653e-24,2.3323e-07,2.9776e-08
2.3494e-128,1.6712e-63,3.4385e-74,0,118.88,3.547e-11,2.4255e-08,0,0.003025,2.1148e-08
1.4252e-133,1.0138e-68,0.00072117,0,4.6809e+06,3.3147e-08,6.2513e-21,4.3621,6.8069e-13,6.4687e-06
3.0358e-16,8.1322e-15,0,0,88.847,0,4.5945,0,2.2533e-11,0.011989
1.0083e-76,7.1725e-12,3.1371e-19,0,1.0596,3.4106e-20,6.6882e-06,2.8909e-09,3.8579e-11,3.9869e-13
3.3341e-38,3.5094e-11,4.6479e-07,1.6526e-08,1.0336,6.4383e-19,1.4649e-06,6.393e-15,1.5199e-26,2.9638e-08
6.6526e-76,4.7323e-11,1.3603e-16,7.984e-12,1.0793,3.093e-13,2.2022e-13,7.9474e-10,1.5034e-17,1.3226e-08
1.542e-18,5.4648e-10,3.8201e-14,4.1521e-11,1.0938,4.3073e-22,7.9555e-08,0,3.9038e-05,0
2.7615e-72,5.4043e-71,5.7787e-06,0,1.2972,1.5643e-17,2.3346e-08,0,0,5.3553e-12
2.4358e-36,4.5269e-18,7.4216e-25,1.7653e-10,1.0949,4.9298e-13,8.6422e-13,1.3961e-09,3.902e-16,1.5308e-14
2.9448e-12,9.6968e-11,3.3621e-20,2.3257e-11,1.0649,1.3292e-22,0,1.109e-09,1.0203e-21,0
6.7278e-05,0.59584,0.0024758,0.0095005,0.020422,0,9.3383e-06,7.5941e-18,4.3851e-10,3.9552e-08
1.8472e-21,6.9727e-10,0,3.7378e-11,1.0641,4.3108e-20,0,0,3.3481e-24,2.9895e-08
3.2192e-12,5.9347e-08,0,0,1.2662e+08,0,6.0524e-09,0.28066,4443.6,0.30934
