0,0,0,9.099e-07,0,0,0,0,9.8976e-06,20.282
0.0016267,0.13915,0.14367,0.0058217,0.13557,0.86242,0.0039587,0.13118,0.010714,17.206
0.004295,0.85041,0.14004,0.009625,0.13026,0.13956,0.0074591,0.13919,0.0049741,17.206
0.0025226,0.15119,0.1521,0.0037557,0.1575,0.16376,0.25791,0.15478,0.0055849,18.008
0.00059979,0.12942,0.11982,0.000108,0.00011786,0,8.1934e-05,0.0081111,0.017716,19.492
2.4792e-05,0.077375,0,0.00064786,1.084e-06,0.0011808,0,0.10386,1.53e-05,19.681
0.0056592,0.13636,0.1377,0.0014633,0.857,0.13326,0.0058439,0.13624,0.0044874,17.225
0.24586,0.16202,0.15552,0.0039688,0.1503,0.15977,0.0059113,0.18266,0.00015609,17.949
8.064e-06,0.18339,0.18623,0.025614,0.11476,0,0.00091074,0,0.00011072,19.019
0.00052578,0.15624,0.14953,0.26008,0.1452,0.15045,0.0060348,0.15463,0.0049849,18.059
0.07103,0.22495,0.24202,0.027376,0.00618,0,0.00018017,0,0.00015632,19.006
0.001151,0.21958,0.13865,0.059304,0.13563,0.052566,0.0039587,0,5.2372e-05,18.88
1.1092e-06,0.18806,0.11811,0,0.10253,0.0051872,0.00059939,0.17106,0.0060103,18.863
0.014394,0.2117,0.24145,0.041732,0,0.00023935,0,0.0081133,0.00015986,19.089
0.0016267,0.13915,0.14367,0.0010053,0.13979,0.13932,0.008526,0.8559,0.010598,17.178
0.0016267,0.22032,0.14402,0.0027342,0.13557,0.053295,0.0039587,0.13118,0.010714,18.686
0.0017125,0.139,0.86141,0.0035724,0.13553,0.13874,0.0069132,0.13671,0.0047514,17.211
5.848e-05,0.15446,0,0.00021716,0,0.012101,0,0.022044,0.016925,19.633
0.014266,0.14405,0.18011,0.04038,0.1353,0.20899,0.034547,0.14436,0.010425,18.28
0.0025659,0.061325,0.11206,0,0.15929,0.16531,0.041999,0.14553,0.010882,18.687
2.1184e-05,0,0,0.00064786,0,0.0015355,0,0.10034,0.017586,19.797
0.0021304,0.14075,0.16685,0,0.10446,0,0.00056764,0.018531,0.010382,19.162
0.023263,0.83974,0.086211,0.0090907,0.00072398,0.00022704,9.2496e-06,0,0.00016666,18.2
0.018378,0.15812,0.18062,5.4544e-06,0.15896,0.095846,0.0011292,0.19552,2.2608e-05,18.43
3.3828e-05,0.1988,0.20437,0.08343,0.13965,0.17709,0,0.0056456,0.00040306,18.471
0.00032019,0.069434,0,0.00056807,0,0,0,0.16964,0.00016477,19.549
0.013315,0.13076,0.023358,0,0,0.00071939,0,0,0.00015663,19.703
3.4076e-05,0.09321,2.1846e-06,0.0037961,0.0018939,0.06206,2.0734e-05,0.15265,0.0096562,19.42
2.4227e-05,0.73996,0.82689,0.0037649,0.21193,0,0,0.00043802,9.2145e-07,16.728
0,0.18464,0.19348,0.026661,0.14663,0.02382,0.0017168,0.028934,5.1631e-06,18.862
0.00051273,1.1488e-05,0,7.4873e-06,0.81844,0.80836,0.1119,0.81596,0.017948,14.942
0.00031066,0.14925,0.15913,0.0055987,0.15334,0.16038,0.0071154,0.13828,0.27353,18.056
0.004109,0.09321,2.1846e-06,0.009446,0.001335,0.14034,2.0734e-05,0.15265,0.0096562,19.23
9.0224e-05,7.8418e-05,0.0005799,0,0,0.0018052,0.035825,0.82255,0.095615,18.237
0.021039,0.16156,0.15291,0,0,0,0.00039289,0,0.00070958,19.35
0.0018147,0.13748,0.12356,0.00026691,0.11177,0.124,8.5656e-05,0.16853,0.00017362,18.708
0.024583,0,0.023358,3.7129e-05,0,0.00022704,0,0,0.00015528,19.944
0.00029927,4.7289e-05,0.17143,3.6395e-05,0.78684,0.74455,0.0070929,0.13652,0.00081719,16.74
0.00035724,0,0.016367,0.001742,0.21764,0.25398,0.13426,0.18779,0.0005458,18.512
1.9135e-05,0.065311,0.18008,0.12477,0.2176,0.17182,0.093545,0.13341,0,18.12
0,0.19137,0.19348,0.026661,0.021931,0.024445,0.0017168,0.028934,0.00014059,19.114
0,0.10892,0.11517,0.010269,0.13807,0.18597,0.0038485,0.16161,0,18.605
8.2018e-06,0.74225,0.24475,0.025658,0.11528,0.002238,0.00088804,0,0.00011235,18.099
0.024841,0.81603,0.79784,0,0.00043719,0.13841,0.002257,5.1362e-06,1.0776e-05,16.524
1.9054e-05,0,0,0.0052336,0.19323,0.25524,0.03681,0.19313,0.00022055,19.007
0.0022806,0.12791,0.17729,0.0098849,0.2135,0.22134,0.032134,0.17244,0.010608,18.169
3.3507e-05,0.22921,0.090732,8.1824e-07,0.10159,0,0.035106,0.20351,0.018646,18.784
0,0.0059643,0.14125,0.00055015,0.038855,0,0.00093169,0.22072,0.00078897,19.248
0.017431,0.00017799,0.033379,0.0013097,0,0.012765,0.00096847,0.70056,0.091272,19.676
0,0.72568,0.0087052,0,0,0.0022503,0,0.0079164,0.00015631,18.872
9.2131e-06,3.9822e-07,0.17013,0.0013978,0.77108,0.25647,0.095674,0.17282,0.00021925,17.308
8.3466e-10,0,0.0014167,0.018526,0.19848,0.78457,0.036323,0.25784,2.7499e-05,17.637
1.173e-07,0.0084456,0.16736,0.058678,0.26983,0.25056,0.03197,0.14957,2.5093e-06,18.381
9.094e-05,0.00016361,0.10857,0,0.017772,0.13441,0.007385,0.17677,0.01881,19.136
0.026524,0.15907,0.81796,0.00028933,0.0043977,0,0.00057913,0.010089,0.00025384,18.017
9.3285e-05,0.0001552,4.7863e-05,0.00023303,0,0.24906,0.16129,0.82059,0.00038154,17.616
0,0.0059643,0,1.2687e-07,0.038855,0,0.13909,0.25606,0.00078897,19.242
5.642e-05,0.1273,0,0,0,0.012129,6.2532e-07,0.18959,0.00030376,19.367
0.0015792,0.15992,0.16812,5.4544e-06,0.15896,0.095846,0.00027816,0.0035729,0.0050619,18.846
9.2425e-05,0.0001552,0.00057786,0.00023303,0.22744,0.24906,0.16129,0.82059,0.00038154,17.196
0.024583,0.22724,0.023358,3.7129e-05,0,0.00022704,0,0,0.00015631,19.525
0.0020605,0.85179,0.80956,0.15372,0.15955,0.13841,0.00098714,0.0028119,0,15.808
0.0015918,0.22495,0.24125,0.14942,0.0045427,0,0.00039139,0,0.0002368,18.856
0,0.13129,0.21724,0.043939,0.23236,0.1958,0.0023212,0.0050757,0,18.467
0.0050841,3.9822e-07,0.10051,0.0013978,0.20319,0.25647,0.095674,0.17282,0.00021947,18.479
0.029877,0.12968,0.11951,0.00060672,0.00012179,0.0012936,0.00097103,0.17677,0.091272,18.969
0,7.1003e-05,0.0025847,0.001654,0.22456,0.76505,0.089329,0.78964,0.043985,16.474
0.00029927,7.2383e-05,0.0093969,3.6395e-05,0.039705,0.74455,0.086821,0.13652,0.00081719,18.356
0.0056592,0.13616,0.17397,0.0014156,0.1889,0.12448,0.0059626,0.13746,0,18.49
3.3828e-05,0,0.20304,0.10159,0.25816,0.177,0,3.8419e-06,0.00039656,18.644
0.011956,1.2572e-05,0.00014536,0.0013097,0,0.0011403,0.00016542,0.70056,0,19.104
0,0.035486,0.18011,0.00164,0.13553,0.20899,0.032044,0.14436,0.010425,18.592
0.07103,0.22495,0.16398,0.00011234,0.011604,0,0,0,0.00015659,19.215
0.024583,0.22709,0,0,0.013107,0,0,0.17365,0.00015332,19.191
1.1334e-05,0,8.3487e-05,0,0.011186,0.12456,0.088783,0.17667,0.045605,19.177
0,0.19137,0.14104,0.0034242,0.033222,0.024445,0,0.028934,0.00076443,19.231
0.0088186,0,0.013035,0.06183,0.19201,0.75567,0.036323,0.25784,2.7499e-05,17.752
4.0201e-05,0.0016983,0.013698,0.00063887,0.71162,0.2314,0.089005,0.17151,0.044716,18.397
6.9346e-07,0,0.12253,0.00011616,0.23805,0.796,0.15939,0.17298,0.020079,17.112
0.00029618,0.065234,0.18008,0,0.21952,0.17525,0.0074202,0.1333,0.0077512,18.508
0.045531,0.086667,0.23992,0.058547,0.2875,0.2666,0.034911,0,0.00016255,18.478
0,0.73996,0.82689,0.0038649,0.0094173,0,0,0.00053884,7.4346e-07,17.227
0.00054119,0.00018623,9.1772e-05,3.8351e-10,0.096158,0.096309,0.066898,0.25407,3.8402e-06,19.253
3.3957e-05,0.18296,0.85853,0.15908,0.80974,0,0,0.0034608,4.3043e-05,16.084
5.7532e-06,0.01008,0.20163,0.00093798,0,0.039738,0.0072974,0.0005185,0.00024307,19.688
0.0017122,0.00010329,0.24508,0,0,0.1346,0.0046603,0.24584,0.057329,18.797
5.4428e-07,0,0.00011577,0.062846,0.87102,0.80609,0.032699,2.7907e-06,0.00021309,16.587
0.0017057,0,0.00048965,0.0052277,0.10105,0.81082,0.097949,0.19313,0.0042933,17.649
0.024841,0.81603,0.13056,0,0.00043719,0.13589,0.00026792,5.1362e-06,1.0776e-05,17.829
0.075207,0.22495,0.24202,0.027376,0.20796,0,0.00018017,0.0034244,0.00015632,18.919
9.1837e-05,7.3658e-05,0.00014536,2.4945e-05,0.0016722,0.012086,0.008897,0.19679,0.088426,19.439
0.00032019,0.14406,0.015841,0.00056675,0,0.023704,0,0.13057,0.0079404,19.406
0.0017057,0,0.00048965,0.0052242,0.10105,0.016552,0.0016338,0.19313,0,19.412
6.0442e-07,0,0.73999,0.00070813,0.0013448,0.022211,0.0017057,0.0028074,0.00024307,18.983
0.0050841,3.9822e-07,0.0002017,0.0013978,0.20319,0,0.092638,0.17513,0.00022949,19.167
0.026524,0.1582,0.76387,0.052107,0.0043977,0,0.00057913,0.010089,0.00025384,18.802
2.0856e-09,0,7.6931e-05,5.6503e-07,0.13476,0.26991,0.13967,0.27148,1.691e-05,18.621
5.9788e-07,0.1353,0.16506,2.8373e-05,0.18449,0.18001,0.00030005,0.021641,3.5329e-07,18.702
1.9914e-05,0.0017332,0.015254,0,0.039415,0.13352,0.033118,0.18705,0,19.254
0,0.065311,0.18008,0.0028227,0.21819,0.17222,0.10092,0.16255,6.3311e-06,18.275
0.0025787,0.0073112,0.0051591,0.0015608,0.16907,0.16003,0.10003,0.76206,0.00080347,17.788
0.0091396,3.9822e-07,0.18674,0.00077754,0.22122,0.25647,0.095674,0.17282,0.00021947,18.268
0.00027032,7.2962e-05,0,0.0023654,0.16939,0.013932,0.036287,0.79799,0.00078907,18.043
0.00029915,0.00083311,0.11708,0.0007433,0.21264,0.16302,0.032283,0.17732,7.1963e-05,18.656
0.00019976,0.2633,0.18668,0.14592,0.76329,0.74227,0.0028576,0.0001017,6.539e-07,16.331
3.7803e-05,0.011372,0.22169,0.04349,0.21038,0.18531,0.082496,0.18459,0.0024148,18.292
0.00024476,0,0,0,0.76117,0.73861,0.0010662,0.18614,0.01668,17.091
9.1837e-05,7.3658e-05,0.00011636,2.4945e-05,0.014433,0.012086,0.033202,0.23731,0.00026016,19.504
5.3986e-07,0,8.5757e-05,0.00018132,0.014049,0.26577,0.091065,0.16953,0.0015361,19.063
0,0,1.6744e-05,0.0016617,0.81864,0.17675,0.099941,0.1753,0.00032072,17.617
4.8855e-06,0.18714,8.3487e-05,0,0.012511,0.12459,0.088783,0.17667,0.045869,18.805
0.00033467,0,0.0001429,2.4627e-05,0,0.0069071,0.099255,0.85731,0.012604,18.112
0.014394,0.2117,0.16912,0.044902,0,0.010474,0,0.007961,0.00013343,19.44
1.9288e-05,0.0037252,0.00025415,0.013257,0.20664,0.16079,0.03309,0.17787,0.0012178,18.865
0,0.17731,0.18502,0.059909,0.76526,0.74173,0,0.17343,0,16.563
0.025204,0.20246,0.81034,0.1481,0.00043719,0.14556,0.0071658,0,0.008135,17.601
1.1418e-06,0.0056778,0.00011863,0.19394,0.8362,0.80211,5.7094e-05,0.006025,6.1366e-06,16.366
6.9346e-07,0,0,0.00055511,0.23698,0.796,0.15939,0.26531,0.018478,17.27
1.1447e-05,0,0.00014656,2.4876e-05,0,0.77951,0.089005,0.17151,0.043426,18.356
1.9674e-05,0.0026064,0,0.0054449,0.21521,0.18836,0.0046603,0.2394,0.0010276,19.123
0.0056035,0,0.010318,0.0065534,0.72062,0.74891,0.0055781,0.79351,0,16.147
0,0.035486,0.1791,0.00164,0.80573,0.20899,0.032044,0.14766,0.010264,17.489
0,0,0.00047003,0,0.8045,0.037644,0.032416,0.00066407,4.3676e-05,18.766
0.0015918,0.22495,0.24125,0.047018,0.78596,0,3.525e-05,0.0034301,0.0002368,17.592
6.9346e-07,0,0,0.14953,0.23698,0.796,0.15939,0.26738,0.017916,16.975
0.0016267,0.2194,0.14096,0.0027342,0.11088,0.053295,0.0040064,0.12989,0.010152,19.447
0,0.0012458,0.14286,2.3709e-05,0.010109,0,8.8321e-06,0,7.4346e-07,20.357
1.1485e-06,0.73503,0.8276,0.19394,0.82489,0.80211,5.7094e-05,0.006025,6.5253e-06,13.567
0.00052017,0.087474,0.0025847,0.0039641,0.0088752,0.76504,0.034791,0.81552,0,16.798
8.2248e-06,0,0.0080956,4.6599e-05,0.81426,0.27897,0.082834,0.0082074,0.04098,18.128
0.0016865,0.067774,0.0073628,0.0036303,0,0.038489,0.086407,0.78998,0.095225,18.007
9.6847e-05,0.08843,0.16789,3.6071e-06,0.011718,0,0,0.1956,6.1982e-06,19.114
9.0224e-05,7.3448e-05,0,0.00023303,0,0.24901,0.16129,0.16235,0.00038432,19.353
0.00030319,0.19267,0.19602,0.15644,0.20482,0.04464,0.10015,0.19313,0.00017134,18.18
0.025204,0.2862,0.81034,0.14943,0.00043719,0.0057894,0.002216,0,0.00082785,17.652
0,0,0.0018438,0.026661,0.014125,0.74082,0.097193,0.0068956,0.00015635,18.554
3.2584e-05,0.12942,0.83112,0.063754,0,0.0018736,8.1934e-05,0.005073,0,18.044
0.0017114,0.0012582,0.013606,0,0.0053831,0.1343,0.08637,0.76394,0.00023982,18.206
0.0056541,3.9822e-07,0.0002017,0.0013978,0.20319,0.0070129,0.092991,0.81906,0.00038158,17.796
0.00029927,4.7289e-05,0.18489,0,0.14103,0.74455,0.0070929,0.17994,0.00081719,17.993
0.00034648,0.136,0.84685,0.1526,0.83974,0.20731,0.0023168,0.13571,0.00022257,15.423
0.00044852,0.20232,0.78728,0.10179,0.26086,0.088223,0.0020241,0.18512,0.01946,16.95
6.9346e-07,0.16076,0.20101,0.058459,0.23698,0.30575,0.16708,0.26531,0,18.276
1.2275e-05,0.00015321,0.17291,0.0013978,0.77665,0.25652,0.042882,0.83106,0.00021286,16.603
0,0.00053284,0.0024316,0.082253,0.79587,0.79071,0.001738,0,0.00016233,16.939
0,0.0056778,0.015604,0.00010913,0.8362,0.69888,0.0045879,0.14359,0.00016582,17.108
6.7528e-06,0.85283,0.81467,0,0.83292,0.13841,0.00098714,0.0023114,0,14.799
0,0.0059643,0.24073,0.00055015,0.038918,0.00011621,2.3396e-05,0.072355,0.00078593,19.65
0,0.16227,0.0041615,0.0065534,0.81549,0.69949,0.0058336,0.17569,4.3808e-05,16.812
0.073657,0.00015321,0.17291,0.027454,0.7422,0.2557,0.042882,0.019985,0.0001565,18.309
0.00033293,0.16983,0,0.15887,0.82802,0.78494,0.0022743,0.0034617,0.00016158,16.235
0.0050498,0.26436,0.079349,0.19469,0.80737,0.25017,2.3432e-05,0.0033646,1.573e-07,17.393
0.00589,0,0.23499,0.15905,0.8045,0.25703,0.091072,0.00066407,0.00014958,17.784
0.00031016,0.19267,0.012721,0.16064,0.19302,0.04464,0.10015,0.19313,0.00017046,19.468
0.00031924,0.0065258,0.22844,0,0.8067,0.01305,0.090552,0,0.00017094,18.28
9.0889e-05,0,4.5505e-05,5.815e-07,0.0052413,0.1343,0.032498,0.18657,0.00023982,19.322
2.9466e-05,0.13655,0.16506,2.8373e-05,0.81083,0.18001,0.00030005,0.0055826,3.5329e-07,17.481
0.010193,0.18701,0.79131,0.081849,0.79558,0,0.00012668,0.0034631,0.00016011,17.379
3.9152e-05,0.0033772,0.22934,0.046481,0.79637,0.24063,0.089547,0.16658,0.00024597,17.052
1.0448e-06,1.4499e-07,0.016297,0.001742,0.21764,0.25398,0.13426,0.73878,0.0005434,17.679
0.00035451,7.3658e-05,0.016585,0.0022022,0.014433,0.012086,0.037353,0.1538,0.00026016,19.595
0,0.065311,0.18008,7.8434e-05,0.21819,0.18526,0.055011,0.18412,0.0024654,18.373
0.10777,0.0059613,0,1.2687e-07,0.038855,0,0.11254,0.25606,0.017989,19.101
0,0,0.002471,0.0052336,0.20789,0.2429,0.097949,0.19313,2.7834e-05,19.077
0.005618,0.16552,0.17984,0.0066602,0.12202,0.76433,0.0060104,0.13742,0.011091,17.438
3.5011e-05,7.0313e-07,0,0.0035862,0.010608,0.045849,0.16081,0.78998,0.00076643,18.152
0.025792,0.15731,0.81796,6.8093e-06,0.0073883,0.005563,0.041119,0.009445,0.00052741,18.232
0.00030319,0,0.18584,0.11269,0.21151,0,0.0088198,0.20174,0.0007619,18.944
9.1307e-05,2.3161e-06,0.0001429,2.4102e-05,0.00062049,0.18391,0.0046385,0.19937,0.0023516,19.751
0.01215,0.19267,0.19602,0.15644,0.20482,0.04464,0,0.19161,0.00016854,18.446
0.011934,1.2385e-05,0.00014536,0,0,0.00010141,0.033314,0.17498,0.00023276,19.596
3.5011e-05,7.0313e-07,0,0.0036303,0.010608,0.045849,0,0.18241,0.0002463,19.705
0.014266,0.19919,0.17433,0.041027,0.15845,0.17594,0.0038175,0.15776,0,18.206
0.00033314,6.7607e-05,0.8147,0.14885,0.82808,0.82078,0.0022518,0,0.00028864,14.795
1.8708e-05,0,0,0.00058613,0.040536,0.0015355,6.7323e-05,0.048063,0.017968,19.853
1.7542e-05,0.0037654,0.19886,0.046481,0.79637,0.25211,0.00073283,0.16658,0.00024653,17.297
5.0889e-06,0.1817,0.85853,0.15908,0.1834,0,0,0.0094377,4.3043e-05,17.442
0,0.00010329,0.17986,9.9205e-08,0.00096438,0.01205,0.12489,0.23409,0.056471,18.93
3.6604e-05,0.00053284,0,0.082253,0.20645,0.79071,0.001738,0,2.9709e-05,18.517
0.026524,0.1628,0.76387,0.050727,0,0,0.10288,0.15731,0.00025609,19.323
0.24316,0.86977,0.14134,0.06033,0.12774,0.00017209,0.00090779,0,0.00025387,17.338
0.00030263,0.00038819,0.00048965,0.15597,0.1943,0.80236,0.10015,0.20786,1.1462e-05,17.601
0.012312,1.2427e-05,0.00021559,0.0013097,0,0.0011403,0.00016542,0.24408,2.3943e-06,19.726
9.7054e-06,0,0,0,0.76127,0.70962,0.10979,0.18614,0.0047538,17.08
0.00051273,9.3984e-06,0,7.4873e-06,0.24056,0.79602,0.15832,0.81596,0.017963,16.075
0.0016634,0.0038745,0.22555,0,0,0.22039,0.0049496,0.2394,0.0010276,19.215
0.0017591,0.26436,0.83786,0.19469,0.80538,0.81531,0,8.9017e-05,1.573e-07,14.316
3.3247e-06,0.73996,0.82689,0.0037649,0.78083,0,0,0.00043802,0,15.781
3.7803e-05,0.011372,0.11743,0.002749,0.1917,0.17227,0.082282,0.18459,0,18.537
0,0.16456,0.80996,0.12443,0.22736,0.25354,0.090879,0.16925,0.00023813,16.562
0,0.072396,0.11858,0.00055015,0.10158,0.0048598,0.00093321,0.22041,0.00078897,19.421
9.3076e-05,7.3658e-05,0.00014536,2.4945e-05,0.0016722,0.012086,0.0072868,0,0.088426,19.826
0.014394,0.2117,0.24145,0,0,0,0,0.010046,0.00015986,19.145
4.225e-05,1.6845e-07,0.015254,0.001354,0.0052413,0.13534,0,0.71263,7.0562e-06,18.739
0,0.18028,0.83441,0.059914,0.76522,0.73979,0.0023383,0,3.4207e-08,15.702
0.0043997,0.15831,0.80472,0.15268,0.78249,0.23575,0.00301,0.0034475,0.0010204,15.914
0,0.035486,0,0,0.13553,0.20018,0.032044,0.14436,0.010425,18.96
0.0092666,0.12846,0.14491,0.00036194,0.038365,0.0018903,0.0011742,0,0.00011134,19.4
0.0020605,0.85179,0.80956,0.15442,0.76324,0.14064,0.00098714,0.0028119,0,14.79
0,0.0030401,0.81869,0.00028933,0.80966,0,2.155e-05,0.010107,0.00025087,17.27
0.0005165,0.16074,0.18756,0.27652,0.1452,0.18154,0.0059671,0,0.0049957,18.229
0.00035451,7.3658e-05,0.20914,0.057114,0.014433,0.012086,0.037353,0.26306,0.00026016,19.14
9.8555e-05,0.035871,0.18057,0.11657,0.1374,0.25677,0.033722,0.14436,0.011321,18.335
0.02948,0.00016149,0,0,0.73936,0.0012936,0.0038184,0.17677,0.0019313,18.749
0.00033297,7.0391e-05,0,0,0.8305,0.7898,0.00035126,0.84991,1.2557e-05,15.138
0.00033314,0.18711,0.79116,0.080767,0.15728,0.78494,0.0022518,0.003463,0.00015954,16.316
2.0561e-05,0,0.00014215,2.4222e-05,0.018778,0.79633,0.16539,0.85862,0.00011629,16.619
0.00034648,0.136,0.84495,0,0.84925,0.20679,0.094402,0.27546,0.00022257,15.401
1.3182e-05,0.73517,0.82824,0.19247,0,0.80366,0.0047081,0.0053507,0.057321,15.437
0,0.2117,0.20309,0,0,0,0,0.010046,0.00015986,19.195
0,0.010181,0.89784,0.063528,0.12386,0.13874,0.0068028,0.0044567,0.0048447,17.733
2.2061e-07,0,0.0080956,2.4876e-05,0,0.031717,0.089005,0.17549,0.042212,20.018
0.024841,0.95206,0.80143,0,0.00043719,0.13763,0.032646,5.1362e-06,0.000716,16.997
0.0091067,0,0.1841,0.19046,0.22122,0.25054,0.00046656,0.17282,3.864e-06,18.067
0.017431,0.00017799,0.035028,0.0013087,0,0.17945,0.0027066,0.70056,0.091272,19.335
0.00033314,6.7607e-05,0.8147,0.14885,0.82808,0.82078,0.0022518,0.19293,0.00028864,14.415
0.00029371,6.7833e-06,0.18584,0.038963,0.21151,0.0017248,0.006211,0.0085814,0.0007619,19.159
0,0.0001779,0.8147,0.21566,0.80036,0.7907,0.10365,0.14119,0.010842,14.76
0.0022806,0.12927,0.17729,0.010145,0,0.031529,0.032134,0.17542,0.0087581,19.235
0.0016606,0,0.86141,0.0035724,0.13553,0.13739,0.033292,0.13719,0.00013336,17.455
0.024576,0.26565,0.023215,0.0036891,0,0.00022704,0,0.003693,0.00015528,19.833
0.00023945,0.85041,0.82297,0.009625,0.13026,0.13956,0.007451,0.1398,0.0049741,15.842
0.010379,0.13641,0.85055,0.081849,0.83864,0.00077227,7.7903e-05,0.0017629,0.00015994,16.459
0.00033314,6.7607e-05,0.22333,0.14948,0.12534,0,0.00041806,0,0.00028864,19.047
5.4428e-07,0,0.013213,0,0.87102,0.79826,0.16587,0.16463,0.019654,16.27
0.00049599,0.0044077,0,7.4873e-06,0.81844,0.80791,0.1119,0.045067,0.018012,16.853
0.0016855,0.16348,0.21291,0.059557,0.80539,0.77435,4.9517e-05,0.00072541,0.00023448,16.299
3.2584e-05,0.12942,0.83143,0.062578,0,0.0018736,0.00012876,0.031473,0,18.027
0.00051273,0.0090192,0,0.1634,0.81841,0.019739,0.1116,0.069897,0.017948,17.749
0.0017125,0.139,0.86745,0.0033174,0.13554,0.050061,0.0069132,0.12695,0.0047514,17.436
0.00033765,6.0694e-08,0,0.15205,0.76117,0.73861,0.0010565,0.0084121,0.01668,17.148
0,0,7.6931e-05,5.6503e-07,0.13476,0.26991,0.089724,0.27148,0.012158,18.724
0.00051641,0.2633,0,0.14592,0.76329,0.74227,0.0028576,0.0001017,6.539e-07,16.701
0.0017194,0,0,0.009417,0.87102,0.80609,0.032699,2.7907e-06,0.00017139,16.886
0.00044852,0.20232,0.78728,0.10179,0.26086,0.78136,0.0020241,0.18512,0.01946,15.632
2.0506e-05,0.074564,0.8307,0.08227,0.80365,0.75833,0,6.9619e-05,0.0011911,15.237
0.0092074,0.0012391,0.21219,0.00024693,0.77552,0.77435,0.0045293,0.00072541,0.0015848,17.164
0.07103,0.15536,0.24218,0.25698,0.012216,0,0,0,0.00015632,18.718
0,0.0056778,0.00011796,0.00010913,0.85595,0.79296,0.015964,0.16916,0.00014216,16.434
6.6773e-06,0,0,0,0.87102,0.79633,0.16587,0.16348,0.00021309,16.306
0.01215,0.19267,0.19602,0.15644,0,0.13201,0,0.23787,0.00016854,18.812
0.0056436,0,0.010318,0.0065534,0.037821,0.74891,0.0055781,0.0060027,0,18.685
1.1411e-05,0.00024975,0,0.0022877,0,0.79428,0.16144,0.2596,0.017286,18.229
0.0017122,0.00010329,0,0,0.007645,0.14542,0.0046603,0.2394,0.057329,19.195
0.026524,0.1776,0.82643,0.00028933,0.74846,0,0,0.010204,4.286e-05,16.807
0.025028,0.16698,0.17872,0.14455,0.00043719,0.14556,0.0071421,0,0.008135,18.729
0.0050569,0,0.079492,0.19104,0.80737,0.25017,2.3432e-05,0,1.573e-07,17.685
9.0785e-05,7.8418e-05,0.0005799,2.53e-05,0,0.0018052,0.098913,0.82255,0.095992,18.013
0.00016099,0.18661,0.78761,0.1526,0.79668,0.20653,0.0023655,0.13571,0.00022274,16.625
3.3826e-05,0.20188,0.19277,0.1599,0.25161,0,0,0.00025259,4.3043e-05,18.483
