2.6022e-18,2.7317e-18,1.7535e-18,2.3903e-18,3.0804e-18,2.6415e-18,1.3448e-17,3.6731e-17,9.8036e-17,2.6164e-16,6.9772e-16,1.8624e-15,4.9708e-15,3.6046e-15,105.51
0.01037,0.029251,0.012576,0.01148,0.013481,0.014766,0.034377,0.15257,0.47133,1.4532,4.4807,13.808,42.581,131.3,0.0017106
0.015376,0.02431,0.012643,0.01296,0.013192,0.017315,0.083619,0.23923,0.66096,1.8161,5.0086,13.846,38.167,105.47,9.3273e-06
0.0089316,0.02377,0.0092642,0.0099024,0.017289,0.01389,0.032043,0.1438,0.45038,1.4106,4.4137,13.816,43.189,135.2,4.2877e-07
0.030748,0.052763,0.041133,0.027421,0.025266,0.034857,0.031762,0.071928,0.37754,1.2448,4.121,13.713,45.454,150.86,1.295e-05
0.021372,0.035565,0.029548,0.018458,0.019938,0.025061,0.025277,0.14286,0.46211,1.4381,4.4429,13.823,42.98,133.37,4.1798e-05
0.012652,0.02102,0.0097547,0.010035,0.011704,0.012781,0.079975,0.22786,0.64158,1.8064,5.0848,14.318,38.749,109.67,1.0174e-05
0.0076236,0.022954,0.0094177,0.0084497,0.0088862,0.012178,0.026979,0.12664,0.40911,1.3216,4.2531,13.744,44.4,143.13,1.9693e-05
0.00021326,0.00062217,0.001879,0.00068249,0.0054509,0.017388,0.055211,0.17632,0.56309,1.7737,5.6732,18.12,57.876,134.48,6.9488e-05
8.2351e-19,8.265e-19,1.1708e-18,1.6572e-18,2.3408e-18,3.2993e-18,4.6906e-18,6.6455e-18,9.4155e-18,1.334e-17,1.8898e-17,2.6776e-17,3.779e-17,5.3285e-17,1.2326
0.02023,0.051464,0.045648,0.030436,0.030559,0.032826,0.035262,0.24583,0.67321,1.8426,5.0456,13.811,37.758,103.41,0
0.012232,0.025753,0.059948,0.13203,0.080135,0.084171,0.089503,0.44117,1.0336,2.4216,5.6737,13.289,30.398,71.539,4.5204e-05
0.0016781,0.0034986,0.0072908,0.017914,0.042787,0.10029,0.24034,0.57403,1.3709,3.2744,7.8197,18.677,27.995,75.171,3.4924e-05
0.065116,0.10445,0.086116,0.064603,0.077208,0.088454,0.076065,0.096272,0.62458,1.7565,4.9563,14.041,39.105,110.97,9.6334e-06
0.007526,0.013046,0.0074726,0.00727,0.0081967,0.045646,0.1183,0.30592,0.79032,2.0427,5.2757,13.622,35.211,91.002,0
0.010165,0.021582,0.048381,0.099663,0.12538,0.08045,0.088026,0.43981,1.0334,2.4283,5.706,13.404,30.495,72.089,4.8081e-05
0.049763,0.085702,0.082245,0.048616,0.052763,0.081631,0.06408,0.1449,0.61252,1.732,4.8991,13.876,39.188,110.97,9.5949e-06
0.0051899,0.010106,0.022513,0.04929,0.058924,0.061436,0.20797,0.47397,1.0802,2.4618,5.6101,12.786,29.14,66.413,2.8966e-05
5.709e-05,0.00018797,0.00058175,0.0015337,0.0055449,0.019347,0.067732,0.23722,0.83054,2.9086,10.184,35.564,74.841,150.62,0
0.0009518,0.0024847,0.006623,0.018915,0.053927,0.15301,0.4361,1.2423,3.5293,10.057,28.65,81.088,45.643,69.278,3.1436e-05
0.018021,0.03962,0.095426,0.050184,0.061022,0.093522,0.073597,0.39183,0.9508,2.3073,5.599,13.578,32.112,78.276,4.9092e-05
0.0010827,0.002953,0.0075665,0.0036316,0.0032928,0.022705,0.06707,0.19488,0.56605,1.6444,4.777,13.871,40.227,116.88,2.0962e-05
6.6876e-05,0.00024227,0.00086058,0.0033154,0.012601,0.048077,0.18328,0.7012,2.6576,10.18,37.192,133.21,131.52,53.209,0.00050568
0.012482,0.028126,0.069565,0.17195,0.42512,1.0221,1.0188,0.88108,3.9585,9.7826,5.1348,26.819,25.54,80.73,1.4161e-05
0.0038615,0.0074405,0.015506,0.033977,0.073783,0.16022,0.34791,0.75551,1.6404,3.5612,6.8681,15.32,32.541,53.695,0.0012182
0.0297,0.051237,0.049361,0.035717,0.037349,0.048832,0.052972,0.27911,0.74193,1.9633,5.1952,13.747,36.253,95.98,0.013679
0.02419,0.037702,0.020343,0.021543,0.025292,0.031043,0.14268,0.3596,0.89666,2.221,5.5415,13.816,33.369,83.627,7.9172e-06
0.046764,0.07613,0.067904,0.04149,0.042638,0.058026,0.055041,0.1161,0.53175,1.5725,4.6665,13.907,41.305,122.83,1.0675e-05
0.011186,0.023227,0.014556,0.014596,0.016809,0.078759,0.18519,0.43541,1.0237,2.4066,5.5322,13.061,30.708,72.199,2.3956e-05
0.010816,0.025999,0.024206,0.016213,0.016763,0.018141,0.11204,0.29411,0.76743,1.9979,5.23,13.68,35.751,93.525,4.4408e-07
0.0083224,0.026022,0.00911,0.0076698,0.0079371,0.025743,0.03182,0.030191,0.22334,0.85949,3.3399,12.978,50.422,195.93,0.002449
0.01653,0.037098,0.028944,0.018804,0.019136,0.022559,0.056295,0.16449,0.51958,1.5547,4.6269,13.84,41.417,123.93,0.0023879
0.0040735,0.0081039,0.017249,0.03912,0.086625,0.054045,0.22292,0.49995,1.1212,2.5136,5.6375,12.643,28.354,63.467,9.7373e-06
0.0036327,0.0062246,0.0028764,0.020873,0.0085014,0.012338,0.072194,0.20704,0.58797,1.6894,4.8222,13.847,39.736,114.03,0.0014297
0.0082291,0.019495,0.017001,0.01095,0.011897,0.02774,0.10423,0.27861,0.74474,1.9906,5.3199,13.689,36.706,98.15,5.5753e-05
0.011495,0.033966,0.012504,0.010871,0.011308,0.034517,0.042807,0.041269,0.27977,1.0077,3.6618,13.305,48.339,175.64,0.0022213
0.010336,0.028488,0.021512,0.012969,0.013913,0.016468,0.037929,0.1626,0.49541,1.5026,4.5606,13.828,41.971,127.38,0.0025021
0.00013208,0.00042583,0.00036969,0.0018846,0.0061188,0.022294,0.080463,0.2904,1.0441,3.7691,13.245,47.905,165.22,53.766,0.00080778
0.010012,0.027214,0.025138,0.014007,0.01491,0.029185,0.04635,0.19147,0.5585,1.629,4.7512,13.85,40.397,117.83,5.9203e-05
0.0037034,0.0076261,0.01766,0.042892,0.10325,0.24854,0.59825,1.4402,3.4666,8.345,4.8139,16.214,42.133,70.478,5.6872e-07
0.021933,0.047864,0.044728,0.030865,0.032587,0.058427,0.088935,0.31703,0.81135,2.0763,5.3105,13.581,34.762,88.963,2.0133e-06
0.0054237,0.01138,0.024947,0.013635,0.01568,0.074909,0.17782,0.41266,0.98331,2.3337,5.5385,13.145,31.17,73.992,2.45e-05
0.012783,0.025578,0.066546,0.030216,0.033056,0.04415,0.082881,0.30383,0.7794,2.0282,5.2537,13.642,35.439,92.053,0.012511
0.0011593,0.0032777,0.0098887,0.030239,0.092643,0.28353,0.86854,2.6572,8.1385,24.616,10.051,80.911,90.637,57.183,2.3042e-06
0.006392,0.019858,0.0076313,0.0066598,0.0069527,0.0099279,0.0090106,0.092288,0.32078,1.1161,3.8699,13.48,46.938,163.44,0.0019892
0.0073087,0.012164,0.010105,0.0063106,0.054575,0.025231,0.025261,0.14284,0.46219,1.4388,4.4466,13.839,43.045,133.44,2.1063e-05
0.00011254,0.00033933,0.0010783,0.0034946,0.011147,0.036106,0.11466,0.37117,1.2007,3.8835,12.26,39.751,20.706,143.49,7.0555e-05
0.016492,0.03755,0.093242,0.047703,0.050242,0.057456,0.063918,0.34451,0.86195,2.1567,5.3961,13.497,33.702,84.352,5.2584e-05
0.00013665,0.00045824,0.0014587,0.0053366,0.0193,0.06925,0.25066,0.90674,3.2686,11.827,42.783,154.63,67.101,50.149,4.4087e-07
0.0065041,0.017666,0.0071713,0.0064082,0.0067851,0.018983,0.024135,0.11587,0.38323,1.2547,4.142,13.663,45.068,148.68,0
0.00060079,0.0015512,0.0041246,0.011814,0.033531,0.095161,0.27003,0.76584,2.171,6.1599,17.483,49.623,95.628,47.303,3.1691e-05
0.0064768,0.012157,0.025177,0.053995,0.11504,0.24512,0.52225,1.1128,2.371,5.0471,3.0385,12.178,25.499,54.542,9.6794e-06
0.00070583,0.0021986,0.0069816,0.024546,0.081516,0.28526,0.9709,3.3887,11.809,41.15,12.867,141.14,67.102,52.534,1.1315e-05
0.010178,0.020676,0.017063,0.012391,0.012817,0.08229,0.07647,0.28588,0.7531,1.9814,5.198,13.692,36.071,95.025,0.00028925
0.009719,0.015195,0.010204,0.040553,0.023806,0.099631,0.22433,0.49846,1.1187,2.51,5.6291,12.625,28.318,63.517,0
0.001019,0.002243,0.0050372,0.012512,0.031548,0.079149,0.19857,0.49817,1.2474,3.1305,7.854,19.704,29.997,84.898,0.0002483
0.009171,0.016043,0.031326,0.056839,0.11742,0.2369,0.47732,0.94392,1.9108,3.8445,7.7495,15.468,18.98,45.275,2.7672e-05
0.00043652,0.001259,0.0036636,0.011626,0.036568,0.11502,0.36171,1.1367,3.5699,11.147,35.087,110.36,65.767,52.821,3.8238e-05
0.011999,0.027865,0.014567,0.014278,0.034777,0.045691,0.16063,0.40894,1.0492,2.6888,4.9632,13.589,34.828,89.263,3.6031e-06
0.0047708,0.010012,0.023312,0.054156,0.13023,0.30164,0.72734,1.7424,4.1568,9.896,5.7032,26.793,18.548,75.873,2.1026e-05
0.0023761,0.0058585,0.014125,0.038604,0.10375,0.27882,0.74934,1.5203,4.2936,11.505,5.8444,34.195,91.899,40.576,0
0.0069948,0.011905,0.023691,0.04709,0.088926,0.17794,0.3542,0.70389,1.3988,2.7798,5.5242,10.978,21.686,43.162,2.4281e-10
0.0043844,0.0090201,0.021366,0.045979,0.11011,0.25867,0.60895,1.433,3.3724,7.9176,4.2905,20.761,25.068,72.383,0.0018165
0.025707,0.057817,0.054308,0.035224,0.03976,0.059547,0.067752,0.31375,0.80847,2.0758,5.3414,13.737,34.937,90.033,0
0.0052732,0.0081608,0.0083425,0.0058544,0.031324,0.069345,0.14747,0.36258,0.8975,2.2088,5.4362,13.383,32.944,81.097,1.735e-06
0.0004713,0.0012941,0.003539,0.010317,0.029861,0.087438,0.25565,0.74706,2.1791,6.3526,17.877,52.518,103.4,45.565,3.5278e-05
0.02015,0.053651,0.022246,0.020045,0.021079,0.058452,0.070771,0.071431,0.41331,1.3238,4.252,13.724,44.271,142.84,0
0.0072551,0.015997,0.038633,0.098198,0.24566,0.62102,1.5634,3.9481,9.9449,24.325,12.019,67.658,41.161,40.942,0.00034396
0.0043498,0.0083566,0.018641,0.043198,0.099302,0.22825,0.52457,1.2057,2.6931,6.2242,3.3696,15.456,27.94,67.971,1.5365e-05
0.0002139,0.00058911,0.0017492,0.0044268,0.010217,0.030976,0.089663,0.25924,0.76319,2.2381,6.6444,19.698,38.258,121.7,0
0.011045,0.019107,0.038145,0.076235,0.1497,0.30045,0.59989,1.1989,2.393,4.7756,3.1899,11.026,22.03,44.019,8.5202e-06
0.0066649,0.012373,0.026389,0.057451,0.12553,0.27446,0.60262,1.3218,2.8992,6.3594,4.0974,16.067,33.68,54.926,7.2628e-07
0.0002711,0.00079757,0.0026088,0.0084853,0.027349,0.090188,0.2968,0.97672,3.2133,10.349,33.864,105.61,97.298,47.501,8.6885e-06
0.038942,0.064391,0.056553,0.032967,0.033574,0.046277,0.040315,0.093255,0.45507,1.4149,4.4165,13.85,43.277,135.38,1.1661e-05
0.020275,0.029854,0.018377,0.020021,0.023698,0.10319,0.21997,0.50178,1.1324,2.5418,5.7403,12.953,28.479,64.597,6.2492e-06
0.0031897,0.0098536,0.0039959,0.0037476,0.0038396,0.0049381,0.036602,0.12103,0.39526,1.2908,4.1991,13.718,44.794,145.97,0.001788
0.0052777,0.014311,0.0062578,0.0059964,0.0068639,0.0079958,0.052731,0.16235,0.49355,1.5004,4.547,13.827,42.034,127.78,0.001564
0.0017616,0.004332,0.011115,0.029988,0.080347,0.21537,0.5755,1.5432,4.1307,11.042,29.608,78.774,48.591,41.721,0
0.020331,0.042663,0.10387,0.051613,0.060585,0.06818,0.075094,0.38155,0.92762,2.2553,5.483,13.326,32.337,78.646,0.0010695
0.00042377,0.0012553,0.0038318,0.012645,0.041856,0.13887,0.46051,1.5274,5.0644,16.795,55.707,125.58,57.913,47.47,3.5445e-05
9.9632e-05,0.00034276,0.0011531,0.00039445,0.0043378,0.015668,0.055347,0.20023,0.72289,2.6107,9.4285,34.051,44.224,171.83,0.0021075
0.0038905,0.0080533,0.019244,0.010523,0.053999,0.13436,0.3346,0.83245,2.0733,5.163,12.21,30.671,76.377,36.568,1.0201e-05
0.022942,0.047331,0.024254,0.026708,0.043459,0.041585,0.18969,0.4532,1.0823,2.5846,6.169,14.66,33.349,74.026,0
0.006302,0.012995,0.030404,0.016303,0.017761,0.079516,0.18881,0.44019,1.0263,2.3927,5.5787,13.004,30.284,70.625,2.2077e-06
0.0043997,0.014001,0.0052475,0.004599,0.004725,0.0063228,0.015478,0.081804,0.29299,1.0494,3.7419,13.396,47.984,171.43,0.0020817
0.011728,0.020153,0.040182,0.074211,0.15085,0.10908,0.35409,0.70566,1.3906,2.7783,5.5232,11.011,21.937,43.519,0
0.041714,0.064026,0.03328,0.046227,0.044444,0.047266,0.054612,0.30493,0.78984,2.0359,5.2748,13.662,35.366,91.502,8.1789e-06
0.011849,0.022139,0.046636,0.030257,0.11455,0.070364,0.27725,0.58486,1.2467,2.6525,5.6427,12.006,25.513,54.296,5.2654e-06
0.0010333,0.0029699,0.0063779,0.017512,0.006576,0.0089505,0.062961,0.19141,0.5824,1.7379,4.9016,15.015,41.985,127.92,0.0016452
0.00041165,0.0011092,0.0031196,0.0092672,0.027358,0.080753,0.23759,0.70107,2.0633,6.0902,17.98,53.08,104.07,49.416,0.00032466
0.01327,0.029597,0.024568,0.091035,0.22314,0.13505,0.26368,0.20485,0.97249,2.3827,5.8406,14.31,35.075,79.043,1.3888e-05
0.00074671,0.0016859,0.0039654,0.0099904,0.024914,0.062129,0.15494,0.38638,0.96353,2.4026,5.3432,13.598,33.489,83.684,2.3096e-05
0.0021681,0.0064618,0.002199,0.0023308,0.002218,0.0031188,0.024123,0.08679,0.30647,1.0743,3.8032,13.462,47.476,168.09,0.0021316
0.035164,0.059329,0.051767,0.060459,0.044941,0.048654,0.064535,0.33113,0.84746,2.0536,5.3166,13.618,34.862,89.474,8.3748e-06
0.012741,0.022942,0.048368,0.10565,0.22835,0.49446,1.0687,2.3136,5.0084,10.842,6.3672,21.335,15.868,57.187,1.062e-06
0.0031124,0.0049976,0.014837,0.0059681,0.0061517,0.05019,0.14782,0.12186,0.55013,1.6084,4.7206,13.909,40.85,120.1,2.2339e-05
0.00073114,0.0017497,0.0044782,0.012042,0.032435,0.087465,0.23568,0.63538,1.7102,4.5814,12.356,33.298,17.587,99.984,0.0012704
7.6966e-05,0.00024472,0.00073719,0.0019047,0.0066637,0.022583,0.076489,0.25925,0.87839,2.9769,10.089,34.102,70.817,142.66,8.1151e-06
0.011117,0.020106,0.042798,0.084337,0.1813,0.38281,0.80962,1.7118,3.6193,7.6378,4.6554,16.794,20.922,53.236,0.0013726
0.006473,0.014893,0.0077704,0.041643,0.10494,0.26448,0.66652,1.6799,4.2336,10.617,5.5144,29.305,73.938,47.463,7.7378e-06
0.005146,0.016585,0.0063631,0.0056131,0.0058659,0.0094415,0.019171,0.096865,0.33246,1.1451,3.9262,13.522,46.559,160.32,9.7255e-07
0.019817,0.030596,0.026731,0.021192,0.11926,0.063403,0.34512,0.1789,0.76034,2.0758,5.2761,13.83,35.587,93.096,8.1855e-06
0.0030377,0.0068195,0.016205,0.040839,0.10089,0.25781,0.65519,1.6658,4.2345,10.765,5.5141,30.218,18.16,87.567,2.0091e-05
0.00037661,0.0010999,0.00047075,0.0038296,0.012303,0.039474,0.12684,0.40694,1.3074,4.2,12.427,40.271,129.38,60.895,4.254e-05
0.013255,0.031206,0.075989,0.19675,0.090344,0.54716,0.27867,0.51155,1.9656,4.9467,12.036,31.18,17.039,89.616,0.00022863
0.0076361,0.01398,0.028165,0.05722,0.035375,0.13463,0.2837,0.59978,1.2641,2.6683,5.6308,11.882,25.073,52.91,0.016066
0.0038355,0.0085228,0.019952,0.049522,0.12182,0.29373,0.725,1.7837,4.3883,10.796,5.3099,28.153,18.371,80.982,1.8041e-05
0.0067658,0.015536,0.039352,0.022189,0.020776,0.122,0.30847,0.77259,1.9554,4.9353,12.473,31.542,79.164,37.668,1.0214
0.013384,0.013429,0.019023,0.026774,0.037927,0.053465,0.075995,0.10766,0.15252,0.21608,0.30609,0.43365,0.61206,0.86284,0
0.0060045,0.013993,0.034231,0.088878,0.22871,0.58746,1.5129,3.8949,10.026,25.294,13.599,72.852,40.269,41.322,0.00022998
0.0019986,0.0054085,0.0022318,0.0023578,0.0030851,0.020567,0.059212,0.17825,0.53404,1.5891,4.6002,13.84,41.472,124.27,7.152e-07
0.0064394,0.017209,0.0078691,0.0073553,0.0078375,0.010682,0.068164,0.19735,0.57131,1.6544,4.7905,13.872,40.167,116.1,7.9689e-07
0.045285,0.073744,0.071418,0.046768,0.044866,0.085568,0.066704,0.13465,0.59507,1.7308,5.0626,14.836,40.773,118.69,1.0573e-05
0.012907,0.021719,0.042512,0.08322,0.1629,0.31889,0.62422,1.2219,2.3896,4.678,3.2338,10.652,20.852,40.819,0.00020769
0.0023737,0.0060502,0.016917,0.047026,0.13116,0.36547,1.0192,2.839,7.9158,21.846,10.11,66.427,75.022,50.603,9.9154e-06
0.0054418,0.01114,0.0084967,0.031844,0.016598,0.082587,0.1937,0.4543,1.0655,2.4971,5.8575,13.738,32.149,70.891,0.00028663
0.0012957,0.0028036,0.0058351,0.014835,0.036121,0.087227,0.21526,0.52943,1.302,3.2022,7.8748,19.369,29.205,80.889,3.7356e-05
0.00088851,0.0020347,0.0052739,0.014476,0.039362,0.1073,0.2923,0.79654,2.1706,5.9147,16.117,31.634,18.295,102.31,1.8099e-06
0.0014608,0.0034902,0.009442,0.0038104,0.028996,0.014547,0.091325,0.25999,0.70991,2.0343,5.7994,15.818,38.564,112.49,1.0418e-05
0.018765,0.042485,0.03652,0.025402,0.026587,0.048675,0.074411,0.27738,0.73572,1.9513,5.1721,13.713,36.375,96.479,2.17e-06
0.00021306,0.00038179,0.00029121,0.001917,0.00737,0.024451,0.094976,0.36079,1.3861,5.3233,20.442,78.491,171.41,60.547,0
0.0009227,0.0021198,0.0054272,0.013806,0.036552,0.09263,0.24614,0.64974,1.7066,4.4703,11.819,31.22,19.777,95.596,2.6012e-05
0.0063167,0.012286,0.027778,0.065373,0.1485,0.34758,0.81088,1.8467,4.3202,10.079,5.4514,26.141,17.085,70.671,1.8491e-06
0.0028042,0.0058807,0.013712,0.031951,0.074324,0.17324,0.40368,0.94065,2.1872,4.846,11.403,26.568,16.039,70.514,4.3283e-07
0.029537,0.050248,0.0451,0.027978,0.025956,0.042336,0.28847,0.23721,1.1914,3.8431,12.478,40.608,19.318,145.04,1.2741e-05
0.017693,0.046355,0.037368,0.028166,0.026181,0.033884,0.030737,0.22555,0.63254,1.7601,4.9399,13.848,38.771,108.75,8.7395e-06
0.0096374,0.015624,0.032208,0.061535,0.12871,0.10359,0.30728,0.64197,1.3232,2.7272,5.621,11.577,23.866,48.949,0.00024164
0.0037657,0.0071881,0.01689,0.038529,0.090207,0.22254,0.5356,1.311,3.2025,7.8222,19.107,46.67,60.639,36.206,0
7.6827e-05,0.00028392,0.00021993,0.0012307,0.00077647,0.0053534,0.015109,0.059978,0.23133,0.87565,3.3816,13.012,50.201,193.65,0
0.00013572,0.00036298,0.0011442,0.003885,0.013164,0.044261,0.14999,0.5078,1.7142,5.8071,19.666,66.594,138.35,50.763,0
0.0096878,0.014822,0.029755,0.054336,0.10827,0.20411,0.40307,0.73944,1.4713,2.8766,5.6255,11,20.531,40.659,0.00020363
0.022639,0.04181,0.029552,0.031227,0.03444,0.13536,0.28311,0.59684,1.2623,2.665,5.6319,11.899,25.142,53.123,1.8109e-05
0.01153,0.018267,0.03441,0.064055,0.12029,0.22653,0.42607,0.80136,1.5072,2.8345,5.3231,10.011,18.38,34.813,1.0792e-05
0.0039051,0.0078698,0.018714,0.045225,0.10881,0.25988,0.6259,0.43526,1.7818,4.2841,9.4503,23.105,24.085,76.599,9.4988e-06
0.0083711,0.013478,0.028489,0.05777,0.11859,0.24399,0.24175,0.66323,1.3631,2.8015,5.7578,11.833,23.396,48.542,6.0282e-07
0.0010702,0.0026835,0.0079143,0.023828,0.071546,0.21481,0.64482,1.936,5.5433,16.734,48.065,99.9,52.333,46.473,3.8456e-05
0.0024756,0.004774,0.0021609,0.0019771,0.0023764,0.019255,0.047108,0.15042,0.46541,1.4398,4.4597,13.804,42.75,132.4,0
0.0022809,0.0061588,0.017489,0.051338,0.15011,0.43897,1.2834,3.7533,10.976,32.097,12.559,100.01,50.116,45.273,3.9665e-05
0.038026,0.063102,0.049031,0.028789,0.028438,0.033991,0.085691,0.048,0.31577,1.1514,3.9692,13.77,46.745,162.57,4.3932e-05
0.0071433,0.012064,0.0095431,0.0066214,0.0061724,0.052968,0.018594,0.18007,0.40145,1.3465,4.3013,13.744,43.913,140.31,1.1734e-05
8.3734e-05,0.00015703,0.00045783,0.0014909,0.0033416,0.011603,0.038,0.12539,0.41337,1.3577,4.4601,14.698,48.474,147.41,1.3164e-05
0.0014202,0.0042491,0.011727,0.038302,0.10387,0.33997,1.0916,3.5049,11.211,35.98,14.345,123.55,53.899,48.864,0.00065059
0.017064,0.041233,0.018778,0.020088,0.033199,0.028484,0.060943,0.23617,0.65365,1.8091,5.0031,13.835,38.234,105.78,0
0.0034053,0.0085272,0.022443,0.010284,0.069172,0.028165,0.031538,0.22401,0.62987,1.7623,4.9584,13.942,39.201,109.22,2.2398e-07
0.00033979,0.0011507,0.0039422,0.015031,0.05708,0.2167,0.82243,3.1206,11.846,44.971,12.729,165.23,74.332,55.852,1.2957e-05
0.00073223,0.0021401,0.0071618,0.023781,0.072294,0.24214,0.80403,2.6043,8.6653,28.773,9.8909,100.51,106.69,48.892,9.3202e-05
0.014978,0.035941,0.016585,0.015661,0.017231,0.13054,0.11489,0.11766,0.58219,1.6674,4.8064,13.85,39.905,114.99,0.0014906
0.011974,0.018261,0.04834,0.026839,0.026854,0.029467,0.15845,0.38152,0.92784,2.2539,5.4748,13.299,32.304,78.466,0.95309
0.0098674,0.017091,0.038401,0.087858,0.19933,0.45219,1.0257,2.3264,5.138,11.718,6.4658,23.422,16.614,65.567,1.202e-06
0.00073787,0.0018355,0.0049635,0.014271,0.040808,0.11659,0.33336,0.95306,2.7222,7.3867,3.0944,22.807,35.538,112.85,3.0332e-06
0.023031,0.035609,0.030762,0.024703,0.024425,0.15083,0.075733,0.37007,0.76243,2.0055,5.2866,13.842,35.722,93.733,8.2373e-06
0.0052734,0.010556,0.02582,0.062119,0.14522,0.35077,0.84404,2.029,4.8815,10.255,5.2897,27.819,17.625,76.46,4.9386e-05
0.0020961,0.0052499,0.012708,0.0062866,0.006078,0.033973,0.094799,0.2567,0.69484,1.8811,5.0927,13.782,37.268,100.91,3.5439e-05
0.00015129,0.00050714,0.0016139,0.0059022,0.021337,0.076533,0.27692,0.8577,3.1332,11.333,40.981,148.06,64.267,70.715,3.799e-07
0.00013674,0.0004589,0.0014323,0.0054822,0.018225,0.069,0.25874,0.69705,2.7114,10.202,36.679,129.36,127.94,52.678,0.00049246
0.0065014,0.017481,0.047216,0.13724,0.054128,0.42055,0.18819,0.36776,1.6463,4.63,12.486,36.31,17.679,115.05,0.00028825
0.001554,0.0038256,0.0096263,0.026075,0.068871,0.18517,0.49525,1.3292,3.5612,9.5279,25.571,68.108,64.997,41.764,0
0.000578,0.0014912,0.0041209,0.011329,0.0052716,0.031276,0.087635,0.24248,0.66936,1.8472,5.1131,14.147,39.121,105.35,0.00029171
0.016708,0.028407,0.023155,0.014462,0.014125,0.019342,0.016809,0.11487,0.39142,1.2838,4.1791,13.707,44.935,146.99,4.6535e-05
0.0045987,0.0094022,0.020413,0.011125,0.055817,0.13337,0.13408,0.43529,1.0464,2.4834,5.4932,13.426,31.764,76.687,4.1582e-05
0.001654,0.0042968,0.010864,0.031138,0.087859,0.24189,0.65985,1.8711,5.2799,14.899,42.025,83.398,47.472,51.52,0.00027726
0.00023705,0.0006114,0.00025774,0.0020473,0.0063517,0.019687,0.061016,0.18792,0.5729,1.7789,4.4088,14.06,42.682,132.58,0.00028847
0.0083663,0.018865,0.046523,0.023461,0.11861,0.059869,0.32341,0.80086,1.9804,4.8971,2.5694,13.432,33.15,81.999,2.969e-06
0.036801,0.061155,0.054055,0.063479,0.056249,0.054073,0.070971,0.34824,0.86751,2.1667,5.4094,13.486,33.603,83.932,0
0.0028617,0.006499,0.015528,0.039212,0.099051,0.24987,0.62965,1.5886,4.0001,10.093,24.91,63.059,36.086,52.51,1.5381e-06
0.0027387,0.0062133,0.0044388,0.018383,0.0084877,0.051637,0.1327,0.34102,0.87631,2.2501,5.3436,13.909,34.808,89.821,0.0003524
0.0042818,0.0073808,0.015725,0.032416,0.066324,0.13982,0.29325,0.60949,1.2804,2.684,5.6279,11.792,24.721,51.836,3.4003e-05
0.005486,0.01255,0.031892,0.080803,0.20417,0.51727,1.3109,2.7718,7.2574,18.232,9.0946,50.877,66.436,38.352,8.059e-06
0.0086304,0.01902,0.045699,0.11126,0.27124,0.66182,1.6192,3.9601,9.685,23.686,11.723,63.562,37.804,36.979,2.804e-05
0.00096123,0.0024322,0.0065782,0.01735,0.047576,0.12983,0.3543,0.96682,2.6302,7.1805,19.595,53.473,82.593,45.269,0.00050016
0.0012098,0.0036372,0.0013255,0.0011348,0.0011911,0.003699,0.019424,0.070032,0.26055,0.95831,3.559,13.208,49.012,181.9,4.1936e-05
0.00086616,0.0023065,0.0010182,0.007288,0.019536,0.057954,0.17001,0.49586,1.4556,4.2699,12.526,36.743,107.79,54.103,0.00032445
0.0012584,0.002667,0.0059118,0.012988,0.032076,0.07311,0.17859,0.39256,0.96533,2.3339,5.6431,13.641,32.983,77.103,1.9178e-05
0.0040876,0.0091382,0.022602,0.060027,0.158,0.41574,1.0937,2.8779,7.5707,19.912,9.3591,57.129,66.128,48.077,6.0542e-05
0.012931,0.024515,0.041832,0.028561,0.03177,0.12494,0.26739,0.57303,1.2284,2.6329,5.6435,12.097,25.918,55.558,0.00016065
0.0010545,0.0031255,0.0011568,0.001051,0.012801,0.012981,0.065205,0.23779,0.86428,3.1245,11.396,41.557,151.53,94.526,0.0022208
0.00022091,0.00073114,0.0023049,0.0083325,0.02978,0.10645,0.38048,1.36,4.844,17.319,61.904,143.74,66.189,49.795,4.3255e-07
0.00025714,0.00086315,0.00075617,0.0040125,0.014362,0.038045,0.133,0.47793,1.7097,6.1165,21.881,71.731,153.49,50.427,2.2279e-05
0.010421,0.028354,0.012256,0.01395,0.015081,0.11062,0.1119,0.4655,1.3504,4.1309,12.526,37.644,19.951,127.99,0.0015293
0.015898,0.043835,0.017478,0.01551,0.022268,0.04876,0.059532,0.058929,0.36052,1.203,4.0448,13.603,45.746,153.84,0.0019462
0.0046864,0.012996,0.035763,0.014527,0.11432,0.33899,1.0051,2.9569,8.7729,25.82,9.8345,81.386,76.237,58.587,3.3182e-05
0.00022054,0.00061123,0.0018506,0.0055667,0.016808,0.050736,0.15315,0.46178,1.3941,4.2054,12.695,38.322,114.32,55.951,2.2135e-06
2.6689e-05,8.4547e-05,0.00025928,0.0008756,0.002956,0.0099722,0.032924,0.11128,0.37536,1.2663,4.2393,14.285,45.623,154.69,5.8105e-07
0.0005389,0.0014273,0.0035642,0.010528,0.030453,0.088102,0.25498,0.73791,2.1302,6.1666,2.6764,19.269,37.452,116,3.6175e-05
0.00087733,0.0024526,0.0076207,0.023597,0.072409,0.22707,0.71054,1.7481,5.6386,11.62,38.437,114.45,58.739,45.777,7.9657e-06
0.00035551,0.0008244,0.0022193,0.0059185,0.015784,0.042062,0.11218,0.2989,0.79701,2.1247,5.6664,14.893,36.067,97.645,2.5453e-05
0.00046442,0.0012588,0.0035606,0.011062,0.034004,0.099121,0.30643,0.94098,2.8929,8.7825,26.907,82.716,89.982,57.571,3.9382e-05
0.0039592,0.0085073,0.0082489,0.027151,0.064951,0.15258,0.36617,0.87597,2.0953,5.0123,11.989,27.205,17.25,75.473,0.0002037
0.011486,0.017745,0.036137,0.019769,0.019568,0.12066,0.060669,0.29568,0.79449,1.987,5.2296,13.671,35.726,93.402,0.00025522
0.018514,0.042733,0.023339,0.02313,0.029721,0.14258,0.36195,0.94084,2.4341,6.2635,15.782,41.001,77.157,43.044,2.6354e-05
0.0030241,0.0076249,0.020784,0.056487,0.15389,0.4192,1.1427,3.1144,8.487,23.104,10.136,68.011,64.465,51.128,2.8247e-05
0.001983,0.0053445,0.013517,0.039052,0.11534,0.33872,0.99623,2.927,8.6063,25.272,10.22,79.522,76.375,56.889,0.00035299
0.0021596,0.0047598,0.010939,0.025529,0.062319,0.15089,0.36531,0.88451,2.1413,5.1183,12.382,29.964,70.541,35.3,0.001599
7.8823e-05,0.0002268,0.00071871,0.0024299,0.0082668,0.028185,0.096018,0.32734,1.1155,3.802,12.961,44.184,150.62,48.344,3.71e-05
0.0020201,0.0050497,0.013773,0.03806,0.10497,0.28953,0.78683,2.1732,5.9942,16.532,7.4841,30.95,18.456,105.02,2.8174e-06
0.0080999,0.016597,0.029223,0.018375,0.019957,0.090264,0.20584,0.47043,1.0748,2.4554,5.6093,12.808,29.264,66.856,0.058023
0.026949,0.067483,0.032719,0.028008,0.029687,0.077806,0.097374,0.098325,0.51859,1.5538,4.6875,14.138,42.634,125.5,0.0016111
0.0067004,0.014856,0.038025,0.097411,0.048526,0.054149,0.28258,0.73085,1.8696,4.7827,12.235,31.294,79.883,42.272,0.0011749
0.006456,0.011485,0.004966,0.0051497,0.0053029,0.0078774,0.051698,0.15564,0.47479,1.4638,4.4827,13.812,42.536,131.01,0.0016278
0.0014602,0.0033231,0.0081832,0.02054,0.051393,0.12864,0.32112,0.80408,2.0123,5.0237,12.438,30.551,76.341,39.176,6.1403e-07
0.00053747,0.0010919,0.0028538,0.0074231,0.019513,0.043059,0.11744,0.31065,0.79271,2.108,5.118,13.704,36.258,95.918,6.627e-06
0.0040124,0.0087051,0.020555,0.050721,0.12413,0.3065,0.75573,1.8634,4.5936,11.182,27.503,65.653,37.46,36.247,4.9809e-06
0.00021883,0.00069146,0.00061558,0.0030058,0.0099587,0.033006,0.10889,0.35467,1.1741,3.892,12.898,42.747,141.67,51.409,0
0.016202,0.02888,0.024189,0.027801,0.053036,0.02786,0.037581,0.22598,0.63129,1.7688,4.9557,13.858,38.725,108.53,1.0015e-05
0.00069194,0.0015955,0.0037288,0.0080123,0.021005,0.053182,0.13499,0.34253,0.86743,2.2016,5.4012,13.737,34.874,86.965,4.6128e-10
0.002991,0.0060214,0.013139,0.029897,0.068097,0.15486,0.35216,0.79482,1.8093,4.1148,9.3574,21.279,23.006,65.661,1.4498e-05
0.011492,0.023971,0.055256,0.13014,0.30529,0.71424,1.6766,3.9335,9.2282,21.651,11.349,56.217,34.955,34.865,1.8306e-05
0.0085177,0.020592,0.051768,0.022621,0.023187,0.044389,0.20851,0.59036,1.6715,4.7323,13.389,37.875,102.04,44.811,2.4701e-06
0.0003778,0.0011051,0.0033242,0.01094,0.034272,0.11262,0.36065,1.1824,3.8668,12.653,5.5369,42.509,139.46,47.035,0
0.0043805,0.008659,0.0085227,0.027217,0.063503,0.14715,0.34376,0.80201,1.8712,4.3629,9.3824,22.243,23.981,70.361,3.8623e-05
0.0025129,0.005589,0.015481,0.044898,0.12903,0.37114,0.34968,1.4243,4.0952,11.777,33.871,97.358,48.348,42.478,3.7902e-07
0.00033577,0.00085838,0.0016787,0.0053046,0.015092,0.03679,0.11537,0.35306,1.0618,3.2327,9.9037,30.321,31.217,129.53,6.9288e-05
0.0004646,0.0013712,0.0037744,0.012131,0.0042612,0.040444,0.12738,0.3966,1.2532,3.9644,12.54,39.641,125.39,60.013,0
0.0080013,0.012861,0.027156,0.055414,0.064507,0.16064,0.33059,0.67859,1.393,2.859,5.8695,12.041,23.303,48.295,0.00023829
0.018311,0.048259,0.12477,0.058819,0.05576,0.059623,0.063753,0.47493,1.3415,3.7308,10.557,29.804,27.02,110.36,6.2842e-06
0.00055937,0.0012198,0.0032073,0.0088356,0.024184,0.065565,0.17959,0.49136,1.3446,3.6102,9.9042,27.101,28.211,103.26,5.4732e-05
0.0044129,0.0099701,0.027336,0.073609,0.19869,0.53632,1.4476,3.9074,10.518,28.401,12.323,82.654,44.487,41.891,4.3254e-07
0.0050743,0.0097212,0.017499,0.045787,0.10899,0.06301,0.31181,0.76206,1.9201,4.8159,11.986,30.101,16.873,84.934,9.3182e-07
0.0061554,0.017033,0.040011,0.11738,0.044604,0.30875,0.26326,0.26789,1.4162,4.224,12.445,37.168,19.083,123.14,1.1813e-06
0.00070484,0.0016841,0.0045567,0.01301,0.036188,0.10389,0.28431,0.81778,2.3391,6.6904,2.6872,13.337,39.377,113.27,2.5163e-05
0.00033856,0.00081725,0.0019079,0.0052965,0.014352,0.038892,0.1034,0.28093,0.76112,2.0592,5.5813,15.124,40.148,99.797,5.4105e-10
0.0017031,0.0034079,0.0087234,0.019661,0.052662,0.13245,0.34758,0.90692,2.3672,6.1782,2.806,13.291,35.507,93.058,3.9438e-05
0.0010975,0.0032265,0.0014253,0.0013045,0.0012835,0.01269,0.040126,0.13023,0.42167,1.3546,4.219,13.714,44.399,143.76,4.5389e-05
0.0051197,0.011818,0.029729,0.075581,0.19221,0.4887,1.2426,3.1595,8.0308,20.385,10.304,55.083,63.611,37.483,2.2042e-08
0.012612,0.024804,0.055057,0.12772,0.073432,0.12092,0.41474,0.95359,2.1926,5.0397,2.7033,12.869,29.589,68.034,2.9073e-05
0.00048197,0.0010412,0.0036346,0.01333,0.048672,0.17767,0.64857,2.3663,8.6382,31.531,9.3384,112.15,131.05,54.377,1.2188e-05
0.0033081,0.0064917,0.013621,0.031307,0.035879,0.10037,0.2274,0.51424,1.1626,2.4506,5.6225,12.712,28.745,64.975,1.631e-05
0.0010261,0.00246,0.0019954,0.008109,0.022121,0.060046,0.16299,0.38763,1.0712,2.9086,7.895,21.429,32.966,101.49,0.00028499
0.0028042,0.0063532,0.015096,0.037839,0.094896,0.23767,0.59461,1.4895,3.7236,9.3287,20.841,36.492,23.76,77.916,1.5779e-06
0.00039066,0.001341,0.0044191,0.016257,0.056355,0.20641,0.73414,2.682,9.7827,35.687,10.578,127.11,114.91,54.285,1.2175e-05
0.0014198,0.0022985,0.0021433,0.0093707,0.027132,0.072988,0.21332,0.61334,1.7772,5.1459,14.9,43.135,23.141,112.51,0
0.0019138,0.0041967,0.0096635,0.023529,0.056488,0.13684,0.33101,0.80072,1.9369,4.6853,11.318,27.378,66.231,44.544,2.206e-05
0.0040702,0.0092219,0.022099,0.056313,0.14218,0.35896,0.90614,2.2865,5.7738,14.572,6.8456,40.072,73.264,39.23,1.7992e-05
0.014498,0.030141,0.025713,0.022196,0.024268,0.11122,0.25612,0.59073,0.97709,2.4464,5.6438,13.013,29.7,68.663,4.9621e-06
0.00033426,0.0009312,0.00034289,0.0031055,0.010263,0.033734,0.094076,0.31478,1.0343,3.3999,11.176,36.739,120.37,89.872,4.8297e-05
0.00010231,0.00030551,0.0010127,0.0033425,0.011176,0.037276,0.12453,0.41594,1.3889,4.5377,15.188,47.982,143.26,47.994,0.00068572
0.0058788,0.01265,0.0069443,0.0098551,0.037432,0.089788,0.18955,0.46016,1.0919,2.3446,5.6712,13.436,31.89,73.563,0.54961
0.0011969,0.0030873,0.0013019,0.0099543,0.030988,0.015253,0.031313,0.14369,0.45528,1.4423,4.5529,14.429,45.717,137.39,8.4515e-07
0.0010011,0.0023928,0.0058414,0.014193,0.037922,0.099916,0.26306,0.69316,1.8256,4.8098,12.669,33.377,87.94,38.995,0
0.0051568,0.010458,0.0086736,0.0063346,0.0065133,0.041566,0.10943,0.28796,0.75604,1.99,5.2121,13.724,36.112,94.743,0.00028713
0.00024262,0.00065304,0.0018455,0.0055312,0.016644,0.050127,0.15101,0.45439,1.3688,4.1233,12.421,37.417,19.467,125.56,2.8383e-05
0.00076597,0.002122,0.0062592,0.017449,0.052297,0.1567,0.46126,1.3836,4.1418,12.399,4.6618,39.384,23.129,122.65,4.7214e-07
0.0002079,0.00039109,0.0013463,0.00448,0.010006,0.034991,0.11535,0.38311,1.2712,4.22,1.3981,14.691,48.763,149.14,1.3309e-05
0.010126,0.02514,0.010757,0.011607,0.012456,0.016082,0.094234,0.25542,0.69221,1.8765,5.0868,13.789,37.38,101.18,7.0115e-07
0.0075216,0.016657,0.015001,0.052303,0.024883,0.14431,0.36284,0.91226,2.2934,5.7662,13.438,34.221,20.516,82.693,3.5835e-06
0.015635,0.023839,0.01386,0.015301,0.074777,0.045579,0.18847,0.44741,1.0505,2.4523,5.763,13.531,30.892,71.732,2.4714e-05
0.00011706,0.00034495,0.0010803,0.0034322,0.010928,0.034785,0.11073,0.35247,1.1217,3.5657,10.377,33.352,37.258,137.55,4.4109e-06
0.0020723,0.0054498,0.013611,0.0067427,0.0061985,0.040195,0.11502,0.32367,0.91046,2.5616,7.2071,20.237,35.56,109.5,0
0.00053028,0.0013764,0.0038283,0.010627,0.02956,0.082222,0.22792,0.62582,1.7402,4.8415,13.372,35.277,98.841,43.654,4.5593e-06
0.006401,0.014184,0.037821,0.099926,0.20075,0.10766,0.61589,1.6261,4.2813,11.308,5.1129,32.356,17.465,95.492,8.7375e-06
0.0026622,0.0066819,0.017812,0.054011,0.15526,0.46675,1.3655,4.0965,12.218,34.327,13.187,105.07,50.663,46.529,1.8936e-06
0.00037009,0.0010064,0.003105,0.010308,0.033856,0.11148,0.34231,1.1358,3.7412,12.325,5.0952,43.574,19.216,147.59,3.4795e-06
0.0012258,0.0029746,0.0092187,0.030714,0.10138,0.33464,1.0808,3.5514,11.728,38.69,12.907,126.93,62.644,50.392,0.00068556
0.0031283,0.0067511,0.017098,0.043232,0.10916,0.056029,0.30423,0.76833,1.9399,4.8975,12.366,30.572,77.288,41.503,0.0011422
0.00096496,0.0026135,0.0071303,0.020942,0.058942,0.16896,0.49656,1.455,4.2632,12.491,35.075,100.22,49.905,45.418,3.6771e-05
0.008195,0.02232,0.068862,0.025723,0.025853,0.054334,0.084036,0.39395,1.2656,4.0654,13.048,41.92,134.67,46.418,3.1064e-06
0.005645,0.013123,0.033162,0.083739,0.2113,0.09842,0.58524,1.4883,3.7843,9.6165,24.34,59.777,58.316,37.628,8.2132e-06
0.00063679,0.001816,0.004842,0.013949,0.043235,0.13134,0.4039,1.2406,3.8035,11.675,4.8694,38.548,18.757,130.33,0.00066466
0.0015118,0.0040068,0.010261,0.0049228,0.004038,0.0055951,0.042273,0.13464,0.42891,1.3553,4.3209,13.749,43.802,139.54,3.058e-06
0.014882,0.036153,0.016625,0.015492,0.016485,0.041832,0.05122,0.18709,0.5601,1.6342,4.7506,13.876,40.506,118.04,0
0.00015065,0.0004147,0.00037991,0.001635,0.0051287,0.016002,0.049928,0.15558,0.48548,1.4949,4.5721,14.297,42.843,134.25,0.00063336
0.010769,0.020948,0.044291,0.098361,0.21663,0.47703,1.0399,2.2941,5.0518,11.115,6.4107,22.042,16.132,60.245,2.0606e-05
0.012523,0.027983,0.013147,0.016819,0.034544,0.022545,0.12978,0.32708,0.83074,2.1068,5.3462,13.561,34.358,87.2,0
0.0017696,0.0045638,0.013309,0.038467,0.043354,0.16218,0.46962,1.3606,3.9412,11.418,33.025,95.667,52.503,46.806,1.1949e-06
0.0084949,0.018058,0.042476,0.10082,0.2393,0.56786,1.3474,3.1978,7.5864,17.977,9.6478,45.968,53.594,34.37,4.6175e-05
0.001276,0.0025039,0.0075265,0.023227,0.071276,0.21823,0.66956,2.0537,6.3,19.325,7.0487,37.378,121.65,47.428,9.1076e-06
0.001028,0.0028855,0.0084078,0.027045,0.08608,0.25904,0.82913,2.6393,8.4005,26.388,9.4389,88.767,96.253,59.497,4.1869e-05
0.00024454,0.00071191,0.0020599,0.0065063,0.020369,0.063767,0.19957,0.62419,1.9512,6.1089,18.585,58.356,117.33,52.609,3.7924e-05
0.020449,0.043412,0.036205,0.031046,0.03338,0.040262,0.18168,0.42741,1.0052,2.363,5.5575,13.062,30.722,72.253,0.0026712
0.00060598,0.0013424,0.0034691,0.010011,0.027397,0.075175,0.21397,0.60711,1.7228,4.8607,13.805,39.147,102.97,42.896,1.6593e-06
0.0068811,0.015484,0.040177,0.085585,0.2299,0.11677,0.12464,0.72301,1.8754,4.8583,2.2093,13.664,35.365,91.767,0.0012328
0.012197,0.022241,0.050998,0.02813,0.030115,0.1483,0.14638,0.46389,1.0829,2.5255,5.4971,13.001,30.353,70.857,0.00022285
0.0039082,0.0098466,0.025526,0.070738,0.19392,0.53269,1.4637,4.0221,11.053,29.018,12.363,86.256,46.161,42.518,3.5203e-05
0.0032024,0.0086989,0.025431,0.0086094,0.0091158,0.09379,0.082154,0.3469,1.1628,3.8073,12.57,41.455,18.562,148.7,0
0.010665,0.017156,0.032648,0.061394,0.11648,0.22077,0.42005,0.79826,1.5171,2.86,5.439,10.336,18.923,36.35,1.1223e-05
0.012923,0.038397,0.015241,0.017286,0.019328,0.1597,0.53006,1.759,5.8317,19.357,7.441,37.156,20.413,150.28,0.0017786
0.0068,0.015748,0.039666,0.093632,0.051953,0.063009,0.056956,0.33443,0.84895,2.1551,5.4708,13.883,34.257,87.284,8.0903e-07
0.0014124,0.0039785,0.011706,0.036675,0.11152,0.35276,1.1122,3.5062,11.05,34.83,14.149,117.59,57.94,45.78,3.0775e-05
0.016468,0.042026,0.020143,0.019037,0.050166,0.065489,0.20465,0.58538,1.6323,4.5468,12.666,35.276,98.269,46.014,0.0014692
0.0015976,0.0029797,0.001247,0.011183,0.024839,0.085268,0.085921,0.38517,1.2557,4.0777,13.248,43.149,22.018,144.39,1.291e-05
0.0049218,0.0094231,0.020667,0.045197,0.098837,0.062617,0.24808,0.54249,1.1846,2.5912,5.6491,12.361,27.031,58.995,0.0012375
0.0051861,0.012532,0.031141,0.082482,0.21615,0.56747,1.4903,3.9139,10.252,26.258,13.419,76.471,43.052,41.484,1.2431e-10
0.00064364,0.0020004,0.0063399,0.022239,0.073827,0.24459,0.83442,2.9058,10.103,35.126,11.013,120.25,101.5,52.446,1.2005e-05
0.0036615,0.0079936,0.020162,0.05089,0.024012,0.12356,0.29722,0.75764,1.9096,4.813,12.131,30.572,76.95,41.399,0.0011378
0.011352,0.019079,0.03807,0.078264,0.15931,0.32248,0.65748,1.3404,2.732,5.568,3.7136,10.891,23.186,47.129,8.9075e-07
0.00037639,0.00091348,0.0025052,0.0068943,0.018751,0.050342,0.13883,0.38158,1.0487,2.8821,7.8765,21.665,33.42,104.24,4.7443e-05
0.0037042,0.0074367,0.016865,0.038222,0.021167,0.094276,0.21467,0.48637,1.1019,2.4966,5.6564,12.812,28.79,65.334,1.2294e-05
0.0027285,0.0065434,0.0032754,0.0046672,0.021794,0.056637,0.12812,0.34068,0.88519,2.0429,5.4119,14.036,36.48,91.644,0.67275
0.0069134,0.018199,0.0072669,0.0077567,0.059422,0.029578,0.1874,0.53572,1.532,4.3808,12.527,35.615,19.178,113.08,1.6227e-06
0.0012413,0.0024553,0.0019068,0.0087901,0.0029218,0.0030193,0.031793,0.10901,0.37182,1.1618,3.9967,13.6,46.231,157.79,1.4226e-05
0.00036356,0.0012125,0.0041038,0.015402,0.0044408,0.059753,0.22322,0.83372,3.1152,11.641,3.3553,45.131,20.401,183.96,1.3088e-05
0.00059977,0.0015256,0.0039132,0.011027,0.022866,0.06876,0.18885,0.54128,1.5435,4.389,12.52,35.684,101.8,51.504,0.00027612
0.00036265,0.0011397,0.0034479,0.011859,0.040308,0.13705,0.46596,1.5497,5.2618,17.895,59.301,134.69,50.845,48.261,4.3807e-06
0.00051375,0.0016529,0.0051434,0.0019637,0.018564,0.06287,0.21282,0.63959,2.1877,6.9494,23.663,80.05,129.06,53.446,5.3637e-05
0.00023409,0.00070117,0.0023361,0.0077324,0.02478,0.083377,0.27935,0.93594,3.1355,10.274,34.493,109.32,100.36,48.094,1.0589e-05
0.0013545,0.002831,0.0065998,0.015375,0.034861,0.081616,0.19011,0.44255,1.0304,2.3995,5.5897,13.002,30.294,70.424,0.00018786
0.0019187,0.0060662,0.0023546,0.002086,0.022485,0.011096,0.022432,0.11167,0.37879,1.2892,4.3853,14.919,50.764,155.47,0
0.0038014,0.0075506,0.016974,0.039887,0.09291,0.2164,0.50401,1.174,2.7344,6.3588,3.8131,16.827,39.203,64.802,2.0662e-05
0.0039177,0.0084772,0.0081122,0.027123,0.06439,0.16028,0.14972,0.52071,1.2839,3.1723,7.8368,19.36,29.376,81.795,0.0014125
0.002245,0.0062368,0.017213,0.0086035,0.0073328,0.060146,0.17768,0.52506,1.5472,4.5444,12.917,38.347,112.84,46.019,3.6017e-05
0.002328,0.0048184,0.0036208,0.023227,0.088032,0.033483,0.036606,0.37539,1.4217,5.3825,20.377,76.922,167.09,60.564,1.6504e-05
0.00057858,0.0014211,0.0039693,0.011633,0.034216,0.10078,0.29658,0.87334,2.569,7.1853,21.29,62.655,98.222,47.034,0
0.0031724,0.0061674,0.012759,0.028477,0.061165,0.13524,0.29769,0.652,1.4366,3.1595,6.956,11.548,27.336,60.172,2.0283e-05
0.0024517,0.0056809,0.014779,0.0079491,0.0074879,0.046315,0.11993,0.30239,0.78614,2.0356,5.2707,13.648,35.291,91.405,0
5.1172e-05,0.00015343,5.7556e-05,0.00058793,0.0020976,0.006731,0.023267,0.083271,0.29608,1.0558,3.7502,13.382,47.745,170.34,0.00010303
0.0031556,0.0062966,0.014221,0.032011,0.072478,0.16392,0.16131,0.4945,1.1184,2.527,5.5995,12.709,28.747,65.016,2.1161e-05
0.0077041,0.01232,0.029057,0.018257,0.074526,0.15103,0.34496,0.77129,1.7246,3.8558,8.5503,19.149,23.076,62.952,2.2423e-05
0.00030794,0.00092722,0.0027998,0.0092672,0.030408,0.099777,0.32732,1.073,3.5149,11.247,36.993,121.38,70.891,51.35,4.1127e-05
0.0013004,0.0033745,0.0081578,0.022939,0.064938,0.18322,0.51684,1.4583,4.1144,11.569,32.655,92.052,47.636,43.702,3.7064e-05
0.00086047,0.0028855,0.0091916,0.033654,0.011151,0.12607,0.4569,1.266,4.6881,16.977,61.46,147.9,67.16,50.172,4.4141e-07
0.013175,0.029387,0.076353,0.034953,0.04099,0.050079,0.070309,0.31111,0.80049,2.0598,5.2998,13.632,34.999,90.081,0.0012119
0.00022769,0.00067515,0.0020321,0.0067821,0.022498,0.071972,0.23845,0.79007,2.6201,8.5671,28.451,94.331,105.11,62.83,4.4903e-05
0.00042544,0.00069423,0.00049728,0.0026464,0.0078031,0.021328,0.063476,0.18582,0.54831,1.615,4.7624,14.04,40.765,120.4,0.00045763
0.00097335,0.0022895,0.00637,0.019911,0.061283,0.18334,0.54241,1.6776,5.1572,15.877,48.849,101.01,53.511,58.468,0.00032566
0.0024402,0.0056398,0.014303,0.036198,0.09238,0.23546,0.59308,1.5143,3.8592,9.8365,24.332,60.12,58.61,37.725,5.3266e-06
0.0049762,0.010591,0.026342,0.065384,0.16239,0.40322,1.0012,2.4861,6.1714,15.3,8.5163,29.828,74.961,36.442,2.0928e-08
0.0022404,0.0049409,0.011456,0.028184,0.067117,0.1643,0.40056,0.9764,2.3804,5.8025,12.228,30.651,19.735,77.6,2.7191e-05
3.1926e-05,0.00010781,0.0003403,0.00091035,0.0033704,0.012044,0.043186,0.15492,0.55564,1.9932,7.1478,25.625,91.927,151.26,3.1578e-05
0.0038694,0.010486,0.0085826,0.040958,0.12426,0.38246,1.1712,3.6011,11.036,32.44,12.738,106.7,60.267,51.772,0.00050051
0.0013207,0.0031159,0.0082792,0.021872,0.057415,0.1532,0.4079,1.086,2.8909,7.5813,20.118,51.589,79.501,39.588,5.8704e-06
0.0068239,0.015111,0.038632,0.017924,0.021467,0.11352,0.058602,0.323,0.82531,2.1088,5.3883,13.764,34.601,88.637,0.0011569
0.00088172,0.0021421,0.0019201,0.0081703,0.0031986,0.025249,0.073218,0.21232,0.61383,1.7807,5.1638,14.975,39.703,116.47,0.00031726
0.0040948,0.0099182,0.025012,0.011707,0.067968,0.18035,0.44168,1.1659,3.0659,8.0204,21.11,55.52,67.758,47.783,4.833e-05
0.0001209,0.00036409,0.0012162,0.0041516,0.0048876,0.020583,0.070315,0.24012,0.82083,2.8062,9.5914,32.781,36.462,157.84,4.7228e-05
0.00049404,0.0011604,0.0032101,0.0093931,0.027383,0.079781,0.2218,0.64995,1.8889,5.5049,2.5369,17.477,38.845,117.53,0
0.025596,0.040963,0.033853,0.15536,0.078783,0.090304,0.077786,0.098478,0.63285,1.7826,4.9755,14.035,38.893,109.81,4.9983e-05
0.0005256,0.0015612,0.0045351,0.014236,0.042866,0.13589,0.42861,1.3519,4.2587,13.414,36.251,116.36,59.143,48.123,3.2796e-05
0.0061128,0.010166,0.010015,0.0063763,0.041694,0.099528,0.22382,0.62698,1.6984,4.6008,2.3255,13.77,37.301,101.04,2.9808e-06
0.00034982,0.00085705,0.00070373,0.0030898,0.0088573,0.024825,0.071165,0.20433,0.58621,1.6821,4.8274,13.846,39.738,114.04,2.7389e-05
0.013582,0.025813,0.024373,0.019399,0.08362,0.083603,0.24632,0.54188,1.1915,2.6206,5.7644,12.361,27.296,60.067,3.8323e-05
0.00050856,0.0015216,0.004422,0.0019484,0.0017017,0.013821,0.044278,0.13971,0.44068,1.3881,4.3796,13.793,43.432,137.04,2.433e-05
0.02789,0.044483,0.040235,0.027983,0.02666,0.035977,0.032552,0.2217,0.64526,1.8517,5.1871,14.953,39.416,114.32,0
0.0029473,0.010251,0.0036891,0.0032085,0.0042764,0.041746,0.041362,0.04217,0.26211,0.96445,3.5627,13.208,48.994,181.73,0.0022
0.0005164,0.0008735,0.002846,0.0091062,0.023187,0.076641,0.24626,0.79117,2.5419,8.1677,26.25,58.233,126.32,46.431,3.3592e-05
0.0076115,0.013731,0.031775,0.065876,0.15454,0.112,0.39443,0.91838,2.1079,4.8382,11.105,25.465,16.538,67.711,0.00032803
0.010913,0.020256,0.041705,0.088264,0.18575,0.39335,0.83177,1.7589,3.7196,7.8659,16.58,34.258,35.807,29.061,0
0.00077266,0.0019889,0.0057855,0.016712,0.048789,0.14226,0.41413,1.2077,3.5207,10.085,29.282,81.692,77.256,45.817,7.0098e-06
0.0024804,0.0059023,0.013965,0.035516,0.091081,0.23606,0.62429,1.6459,4.3392,11.435,30.144,77.495,43.226,40.607,2.9904e-05
0.0042626,0.010616,0.021092,0.0093203,0.010108,0.066373,0.06157,0.23655,0.65592,1.8115,5.0031,13.806,38.133,105.32,0.08648
0.0010746,0.0027686,0.0076936,0.02156,0.060345,0.16449,0.46197,1.2931,3.6199,10.132,4.2028,29.143,27.064,108.34,2.3404e-05
0.0097788,0.022373,0.018077,0.074364,0.036073,0.060968,0.25527,0.6776,1.7917,4.7356,2.2753,13.705,36.239,95.822,3.7167e-05
0.001144,0.0031917,0.0013463,0.0072678,0.021363,0.066197,0.20287,0.62105,1.9034,5.8332,17.876,54.783,110.6,57.071,0.00034718
0.00035599,0.001188,0.00044966,0.0045627,0.016423,0.013642,0.074166,0.26373,0.94725,3.4114,12.282,44.22,159.21,70.386,3.8457e-07
0.00066606,0.0014218,0.0036685,0.0098905,0.026496,0.070959,0.18999,0.50883,1.3627,3.6485,9.7713,26.168,27.892,98.555,5.2416e-05
0.0052775,0.0088118,0.018767,0.036037,0.076575,0.15872,0.33096,0.63541,1.35,2.8114,5.8563,12.198,24.036,50.738,2.0476e-05
0.0024979,0.0040827,0.0040367,0.0025562,0.016919,0.040583,0.1128,0.29555,0.81002,2.2071,4.9781,13.983,37.483,102.4,2.152e-06
0.0036167,0.0084253,0.023717,0.06572,0.18225,0.50541,1.4016,3.887,10.749,29.82,12.507,88.624,45.608,43.138,0.00026985
0.00081271,0.0022128,0.0067053,0.019089,0.057529,0.17583,0.53625,1.2764,4.0237,12.272,37.171,109.78,53.924,44.861,7.6103e-06
0.0054676,0.011212,0.027547,0.067048,0.16437,0.4024,0.95297,2.3464,5.7445,14.064,6.9381,27.044,16.282,80.014,1.8225e-05
0.0052846,0.012527,0.030607,0.014879,0.015285,0.0952,0.092317,0.33188,0.86213,2.2392,5.797,15.06,34.892,92.021,0
0.0095977,0.020858,0.047185,0.11534,0.27828,0.67716,1.6453,3.9975,9.7121,23.54,11.766,60.859,40.619,35.579,0.0019069
0.00029763,0.00082044,0.0025805,0.0085623,0.02859,0.095676,0.31988,1.0688,3.5749,11.958,40.007,133.74,59.6,48.191,3.6151e-05
0.0040483,0.0083141,0.018161,0.042673,0.093757,0.21985,0.51006,1.1829,2.7426,6.363,14.764,34.26,58.379,33.492,2.0555e-05
0.0076794,0.016289,0.041688,0.10512,0.049468,0.28846,0.27947,0.97345,2.4547,6.1899,2.9128,12.78,34.123,85.91,1.2527e-05
0.010076,0.018361,0.038331,0.082781,0.17495,0.37746,0.81301,1.7504,3.7622,8.1035,4.9558,19.369,20.21,56.159,0
0.0046879,0.010908,0.025907,0.019235,0.080901,0.20688,0.12047,0.56425,1.4538,3.7097,9.4888,24.223,44.525,81.434,4.7964e-06
0.003121,0.0071671,0.017944,0.045106,0.11255,0.28365,0.71381,1.7963,4.5202,11.377,28.494,69.301,39.226,37.167,2.8664e-07
0.0099973,0.017313,0.034779,0.069785,0.14003,0.28097,0.56379,1.1313,2.2699,4.5546,9.1371,18.335,14.579,44.686,0.00012132
0.00047399,0.0013997,0.0013198,0.0046233,0.014849,0.046292,0.13882,0.42762,1.3321,4.154,12.95,40.376,125.88,48.68,0
0.014252,0.029121,0.016988,0.079526,0.19023,0.1859,0.60841,1.4553,3.4808,8.2906,4.8214,16.1,41.562,69.363,5.6035e-07
7.0472e-05,0.00022275,0.00073884,0.0025027,0.0083387,0.02823,0.093584,0.31663,1.0706,3.6196,12.231,41.355,20.925,155.3,7.2077e-05
0.00017176,0.00051999,0.0015952,0.005548,0.019071,0.063186,0.21785,0.74793,2.5713,8.7086,29.807,102.46,110.41,65.36,1.1031e-06
0.0039245,0.0093642,0.0040076,0.027124,0.011204,0.014677,0.080019,0.22782,0.6364,1.769,4.9522,13.858,38.678,108.26,0.00011013
9.5119e-05,0.00028507,0.0005894,0.0023129,0.008466,0.030778,0.11286,0.41344,1.5097,5.5342,20.278,74.302,159.34,54.21,0
0.00037761,0.00067959,0.00051636,0.003445,0.013419,0.051431,0.20029,0.7706,2.9986,11.666,45.384,176.38,64.832,61.144,0
0.013361,0.023394,0.050473,0.10719,0.2237,0.47654,1.0122,2.1496,4.5647,8.7399,5.4212,21.554,15.596,53.891,3.73e-05
0.00072894,0.0022096,0.0070574,0.022983,0.0080034,0.07768,0.25276,0.82148,2.6698,8.5541,27.737,90.166,100.59,63.656,4.534e-05
0.00034649,0.001069,0.00092153,0.0043751,0.014689,0.049056,0.16383,0.54714,1.8272,5.8037,19.017,42.566,143.88,49.556,0.00071177
0.00063412,0.001838,0.0053702,0.017121,0.054106,0.17098,0.54021,1.7055,5.3815,17.009,53.751,102.91,66.235,53.068,1.1353e-06
0.0019317,0.0050167,0.002137,0.011914,0.039124,0.035509,0.045302,0.20521,0.64578,2.0187,6.3376,19.884,40.515,135.71,0
0.001731,0.0049575,0.012658,0.0052521,0.043445,0.11801,0.37478,1.1699,3.6501,11.322,35.372,110.53,61.842,52.471,1.2217e-05
0.0081903,0.012538,0.011112,0.013034,0.009549,0.046478,0.12545,0.32426,0.83623,2.0376,5.3167,13.742,35.439,90.953,1.4584e-07
0.0029556,0.0077064,0.021239,0.059913,0.16988,0.48137,1.3637,3.8641,10.796,30.644,12.476,92.917,48.095,43.891,0.00043549
0.0005467,0.001403,0.0038967,0.010002,0.027743,0.077132,0.21346,0.58488,1.6264,4.5147,12.53,34.783,17.316,106.46,3.602e-05
0.0048906,0.012794,0.0061932,0.0066351,0.045258,0.12678,0.1298,0.517,1.4484,4.2671,12.463,36.096,19.685,118.91,7.8109e-05
