2.9218e-05,6.4446e-05,0.00016986,0.00031067,0.00079249,0.0021025,0.005367,0.0057666,0.015885,0.043158,0.11278,0.2947,0.77009,0.34527,0.43147
2.7952e-06,5.4833e-06,1.3426e-05,3.5588e-05,8.9782e-05,0.00022274,0.00055946,0.0013359,0.003362,0.00756,0.020166,0.052743,0.13782,0.35241,0.92446
7.672e-06,1.8114e-05,4.7222e-05,0.00012049,0.00031111,0.00081486,0.0021293,0.0020821,0.006847,0.018017,0.047132,0.12316,0.32184,0.841,0.41405
0.011136,0.026798,0.070058,0.058423,0.064834,0.089235,0.06781,0.071309,0.082028,0.085408,0.088157,0.10156,0.1216,0.27342,0.92223
0.002826,0.0064114,0.016697,0.013756,0.012295,0.0205,0.018765,0.016445,0.018579,0.018783,0.020564,0.023137,0.14009,0.35596,0.92357
0.00065564,0.0015794,0.0040721,0.010662,0.025369,0.019713,0.017082,0.020809,0.018228,0.021636,0.021486,0.023299,0.14548,0.35427,0.9229
0.00032984,0.000779,0.0019219,0.0049924,0.0032153,0.0041559,0.018147,0.034178,0.019217,0.018427,0.019773,0.099068,0.25496,0.66032,0.6979
1.546e-05,3.4099e-05,6.6916e-05,0.00017548,0.00042031,0.0011151,0.0028465,0.0048591,0.011093,0.030175,0.078851,0.20605,0.53843,0.68176,0.44296
0.0019964,0.0045129,0.01176,0.0099408,0.010263,0.01507,0.010094,0.012122,0.012024,0.013015,0.014181,0.084817,0.22326,0.48226,0.84376
0.004673,0.011263,0.02933,0.024891,0.021804,0.035777,0.024095,0.026159,0.028242,0.030617,0.033475,0.049399,0.10729,0.35363,0.9243
1.5496e-05,3.4188e-05,8.8969e-05,0.00023273,0.00059125,0.0015119,0.0039661,0.0072478,0.020337,0.052573,0.1376,0.32311,0.41748,0.56088,0.62074
0.00013591,0.00032681,0.0008042,0.0020835,0.0019734,0.0068919,0.01712,0.034233,0.035568,0.063599,0.043008,0.044086,0.24885,0.65027,0.71118
5.7243e-06,1.382e-05,3.4983e-05,8.7113e-05,0.00020918,0.00053879,0.0014141,0.0028916,0.0072985,0.019167,0.05014,0.13092,0.2873,0.7731,0.54831
0.0026956,0.0064942,0.016975,0.013422,0.011945,0.050328,0.025108,0.028176,0.028557,0.030535,0.036461,0.050494,0.10784,0.35707,0.92275
0.00016902,0.00040205,0.00099915,0.0025904,0.0067828,0.015534,0.041087,0.073452,0.08085,0.053307,0.061718,0.05951,0.24137,0.69287,0.66191
0.0017119,0.0038352,0.010012,0.0082479,0.0073719,0.012291,0.011251,0.0098598,0.024218,0.014359,0.01572,0.041986,0.14114,0.35861,0.92239
7.4329e-06,1.7553e-05,4.5899e-05,0.00010862,0.00028554,0.00027247,0.00091001,0.0016755,0.0044765,0.011785,0.02899,0.075787,0.19607,0.51201,0.83467
4.0821e-06,9.7138e-06,2.5313e-05,6.5642e-05,0.00016899,0.00037317,0.0009646,0.0021005,0.0052481,0.013881,0.036272,0.094784,0.24768,0.64722,0.71387
0.001335,0.0030118,0.0078919,0.0064968,0.0058045,0.0096589,0.0064481,0.0076366,0.0083087,0.0084001,0.0091526,0.052931,0.14009,0.35596,0.92361
1.1082e-05,2.6599e-05,6.9541e-05,0.00018014,0.00039743,0.0010646,0.00088519,0.00086432,0.0040828,0.0093963,0.025068,0.065364,0.1694,0.44321,0.87754
3.7712e-05,6.9113e-05,0.00018256,0.00047996,0.0012542,0.0027783,0.0069332,0.014208,0.038889,0.10162,0.26555,0.69393,0.31112,0.33675,0.47514
4.7762e-05,0.00011012,0.00027463,0.00064979,0.0017225,0.004171,0.009447,0.025289,0.012943,0.035886,0.034163,0.13667,0.21767,0.61097,0.74742
0.001679,0.0037213,0.0098541,0.025548,0.060574,0.15138,0.13196,0.096236,0.096277,0.13259,0.11795,0.13758,0.14203,0.51048,0.77925
0.00037446,0.00090106,0.0020652,0.0054925,0.0035628,0.015681,0.037803,0.017245,0.018925,0.020566,0.022434,0.11798,0.22597,0.63087,0.73276
0.00021281,0.00049688,0.0012942,0.0032144,0.0079532,0.01773,0.047282,0.068682,0.20443,0.53515,0.23993,0.2597,0.2811,0.3206,0.5991
0.0038283,0.0086239,0.022662,0.018052,0.014134,0.023492,0.02553,0.021908,0.026148,0.027057,0.031478,0.032234,0.12598,0.35768,0.92305
0.0024525,0.0059055,0.01538,0.038595,0.022712,0.037267,0.025099,0.027249,0.029418,0.031892,0.03487,0.051457,0.10327,0.35363,0.9264
0.0061984,0.01494,0.038255,0.032,0.032177,0.047495,0.036085,0.037936,0.043649,0.045447,0.046852,0.054041,0.064609,0.35382,0.92483
0.0015903,0.0035837,0.0094163,0.0077291,0.0059576,0.0098727,0.010716,0.0084033,0.010821,0.014164,0.014435,0.076659,0.13163,0.35504,0.92238
0.0022866,0.0051509,0.013535,0.010782,0.0084421,0.016705,0.027215,0.015621,0.020123,0.020827,0.024231,0.024406,0.14303,0.37363,0.91653
0.00076587,0.0018177,0.0047412,0.012395,0.032391,0.024707,0.027241,0.023065,0.02357,0.031804,0.029019,0.07202,0.16798,0.47631,0.85823
0.00086905,0.002062,0.0054012,0.013991,0.036608,0.093321,0.062655,0.049959,0.053529,0.063468,0.064384,0.087526,0.17331,0.61758,0.74688
0.00068677,0.001658,0.0040431,0.010589,0.021367,0.018099,0.070182,0.031658,0.038869,0.11187,0.16248,0.1028,0.34795,0.46266,0.78019
0.0020085,0.0045244,0.011889,0.0095961,0.029827,0.023692,0.025758,0.022097,0.026374,0.027084,0.031753,0.031404,0.12625,0.35755,0.92373
5.6528e-05,0.00012066,0.00031698,0.00080028,0.0019138,0.0048791,0.012721,0.027482,0.069687,0.043899,0.18487,0.26845,0.66987,0.37863,0.54308
0.00026773,0.00064635,0.001689,0.003706,0.009404,0.023255,0.061375,0.11445,0.24599,0.11717,0.13808,0.13846,0.18368,0.55058,0.73241
0.0040791,0.0098477,0.025727,0.066639,0.15685,0.3941,0.27154,0.23208,0.23685,0.2547,0.27695,0.29592,0.3237,0.35074,0.41822
0.00015084,0.00033771,0.00088753,0.0022978,0.0056919,0.0122,0.025947,0.027387,0.041572,0.063723,0.17547,0.082778,0.21337,0.66734,0.68244
0.0024112,0.0046925,0.012543,0.032234,0.084367,0.17386,0.17491,0.11867,0.16099,0.14006,0.1513,0.16131,0.17461,0.18899,0.87302
0.00023538,0.00056516,0.001478,0.0038462,0.0082749,0.021027,0.043675,0.02203,0.059916,0.046908,0.044674,0.043368,0.24228,0.64145,0.72199
0.0037952,0.0090082,0.023472,0.060652,0.052331,0.073472,0.051841,0.052484,0.055424,0.065257,0.065799,0.074782,0.080579,0.4927,0.8493
0.00058281,0.001407,0.0036576,0.0030022,0.009214,0.0073221,0.0080244,0.0062492,0.0080429,0.022203,0.01542,0.07868,0.1351,0.35572,0.92162
0.00027092,0.00059914,0.0014814,0.0037031,0.0089588,0.0073342,0.029607,0.053427,0.029272,0.16071,0.19651,0.12437,0.42094,0.55963,0.6532
1.5909e-05,2.9155e-05,7.7037e-05,0.00020248,0.00052911,0.0011721,0.0029391,0.0017937,0.0088893,0.023229,0.0607,0.15862,0.071114,0.44172,0.87789
0.00042919,0.00083527,0.0022326,0.0058475,0.015262,0.031666,0.03181,0.023745,0.034651,0.026985,0.028746,0.031015,0.18711,0.4498,0.87315
0.00018664,0.00045052,0.001169,0.0030576,0.0071419,0.018965,0.030995,0.055872,0.16202,0.42338,0.2114,0.20994,0.58111,0.33047,0.50482
3.1163e-05,7.4839e-05,0.00018775,0.00049373,0.0012893,0.0028564,0.0071032,0.014525,0.039199,0.098268,0.22994,0.61236,0.27476,0.36216,0.59607
0.00018609,0.00044647,0.0011615,0.0030376,0.0069809,0.018039,0.043734,0.026722,0.12818,0.33625,0.15078,0.1639,0.43607,0.61231,0.50462
0.0074252,0.01771,0.045463,0.03709,0.14891,0.12383,0.094833,0.092909,0.10056,0.10885,0.11918,0.12774,0.13844,0.81595,0.45262
0.0011117,0.0026768,0.0069606,0.017471,0.010281,0.01667,0.011311,0.012243,0.077236,0.034682,0.037921,0.040683,0.10852,0.36663,0.91854
0.00013143,0.00029672,0.00077311,0.0018377,0.0009365,0.0018088,0.0065354,0.0035201,0.0039232,0.020888,0.010002,0.055432,0.14306,0.37362,0.9163
0.00033393,0.00061019,0.00166,0.0039358,0.010424,0.0096748,0.035889,0.021714,0.10744,0.2777,0.65375,0.30154,0.32323,0.35054,0.40712
8.9077e-05,0.00017221,0.00044464,0.0011665,0.0029843,0.006368,0.012487,0.024191,0.059488,0.15888,0.13058,0.26941,0.34112,0.57972,0.65538
0.00036551,0.0008748,0.002278,0.0059561,0.015382,0.037914,0.086418,0.23136,0.26136,0.45344,0.42769,0.30245,0.33131,0.35173,0.39591
0.0001973,0.00043715,0.0011508,0.0029858,0.0078115,0.017814,0.047138,0.069821,0.1815,0.28248,0.14362,0.15645,0.16842,0.60988,0.66334
0.0052448,0.012626,0.032836,0.026157,0.02048,0.040526,0.065206,0.037652,0.048505,0.050202,0.050511,0.054238,0.066819,0.37631,0.91642
0.0083455,0.020144,0.05262,0.12041,0.27437,0.2495,0.22262,0.22845,0.21375,0.23056,0.25075,0.26821,0.32941,0.32544,0.54511
0.0038562,0.0092942,0.023158,0.056685,0.13506,0.12048,0.089228,0.093493,0.11834,0.11995,0.1184,0.1327,0.13951,0.17485,0.91595
0.00024617,0.0004752,0.0012749,0.0030289,0.0015437,0.0029815,0.010792,0.0094211,0.007437,0.01869,0.011082,0.061416,0.1585,0.3528,0.9296
0.00013042,0.00028774,0.00073901,0.0019279,0.0045874,0.012169,0.031064,0.033259,0.091781,0.24936,0.11348,0.70685,0.34239,0.35271,0.41636
2.0449e-05,4.549e-05,0.00012,0.00031374,0.00074535,0.0019774,0.0051665,0.0087888,0.020053,0.051929,0.13672,0.17572,0.55462,0.70226,0.3835
0.0018403,0.0044356,0.011358,0.021087,0.014991,0.022134,0.079687,0.038751,0.042379,0.047485,0.048616,0.055168,0.065957,0.3612,0.92161
0.0020596,0.0049561,0.012791,0.033193,0.082867,0.070443,0.053865,0.11905,0.077028,0.087544,0.090035,0.096077,0.12972,0.27332,0.92252
0.0017616,0.0042162,0.010977,0.018951,0.051673,0.128,0.32544,0.14943,0.36295,0.22051,0.42276,0.29874,0.33173,0.34823,0.4169
0.00026144,0.00063094,0.0015715,0.004125,0.010762,0.024369,0.065152,0.11064,0.076754,0.35941,0.17333,0.20171,0.49679,0.29557,0.6672
0.0021413,0.0051055,0.01314,0.033778,0.083145,0.18174,0.18693,0.17803,0.18614,0.1564,0.17037,0.18897,0.19941,0.23324,0.82274
0.0014414,0.0032455,0.0085247,0.022293,0.057722,0.048301,0.036698,0.03858,0.039475,0.045349,0.046751,0.053852,0.064455,0.35286,0.92536
0.0010235,0.002461,0.0064348,0.015832,0.041276,0.090996,0.088446,0.055954,0.061333,0.065818,0.072494,0.077405,0.093719,0.31814,0.9236
0.0010106,0.0024378,0.00623,0.015562,0.036004,0.03191,0.071314,0.038628,0.040221,0.044827,0.047193,0.053868,0.32333,0.73158,0.58547
0.0014271,0.0031821,0.007486,0.019938,0.044857,0.10194,0.25782,0.21869,0.16012,0.16807,0.19544,0.19772,0.21757,0.2567,0.79465
0.0010501,0.0023498,0.0062136,0.016081,0.041524,0.10159,0.2456,0.45717,0.22337,0.25045,0.28307,0.3204,0.31544,0.34071,0.45589
0.00025335,0.00058057,0.001421,0.0035648,0.0086631,0.012381,0.035395,0.031598,0.11429,0.13863,0.077243,0.086829,0.18691,0.68838,0.66792
3.998e-05,7.3269e-05,0.00019352,0.00050877,0.0013295,0.0029451,0.0073494,0.015039,0.041178,0.1074,0.27848,0.72855,0.32664,0.35355,0.38279
1.5963e-05,3.5326e-05,9.3053e-05,0.00023065,0.00052191,0.0013188,0.0033029,0.0046777,0.013257,0.0065104,0.036431,0.090058,0.22629,0.29248,0.92428
0.0016308,0.0038935,0.0084549,0.022599,0.053857,0.13221,0.092867,0.28045,0.13736,0.14805,0.17384,0.1754,0.19121,0.57494,0.65289
0.0015173,0.003386,0.0089576,0.023386,0.061067,0.13537,0.3272,0.39954,0.22283,0.26967,0.2888,0.32653,0.32213,0.34827,0.41736
0.00010564,0.00025355,0.00065047,0.00054806,0.0021579,0.0055979,0.013402,0.015268,0.049501,0.12926,0.33807,0.48784,0.41237,0.35841,0.57747
0.0038138,0.0074136,0.020044,0.05236,0.034756,0.051862,0.036138,0.043656,0.1051,0.060549,0.065724,0.073487,0.07722,0.35021,0.91632
0.00065529,0.0015754,0.0040679,0.010177,0.026511,0.064398,0.16988,0.18384,0.26685,0.15434,0.41909,0.25671,0.26913,0.28598,0.66609
0.0023856,0.0053776,0.014126,0.032478,0.075897,0.2027,0.19359,0.29116,0.19506,0.1907,0.20922,0.22261,0.24086,0.27352,0.72799
0.0021037,0.0047235,0.0081282,0.023066,0.056627,0.062017,0.042663,0.067371,0.063211,0.055622,0.060898,0.074456,0.079319,0.46231,0.86687
0.00016875,0.00040656,0.0010202,0.0017923,0.0046303,0.011535,0.027995,0.021461,0.017108,0.099421,0.2598,0.67889,0.36582,0.34001,0.45982
0.00022304,0.00053258,0.0013882,0.0035994,0.0090955,0.022498,0.051265,0.12608,0.3339,0.45055,0.42985,0.30089,0.33218,0.35129,0.3981
0.00021326,0.0005135,0.00094473,0.002305,0.006155,0.015975,0.038797,0.042031,0.14428,0.065267,0.4054,0.19248,0.20101,0.4608,0.71964
0.0022025,0.0053171,0.013875,0.027289,0.067278,0.17431,0.081306,0.085586,0.1207,0.10578,0.11611,0.12421,0.13392,0.15501,0.93047
0.00032457,0.0007261,0.0019052,0.0049642,0.0032739,0.0049343,0.0067075,0.0044525,0.0054694,0.0073252,0.016897,0.052351,0.13572,0.35325,0.92731
0.00069731,0.0015742,0.0041556,0.0098841,0.0050347,0.009791,0.035231,0.018982,0.021288,0.11275,0.053993,0.05658,0.34238,0.15937,0.91652
1.5385e-05,3.3938e-05,8.9474e-05,0.00022188,0.00053032,0.0013844,0.0035427,0.0036467,0.011601,0.030431,0.070543,0.18802,0.49131,0.59374,0.60417
0.0027936,0.0067431,0.017505,0.04541,0.10351,0.092268,0.14979,0.095591,0.097713,0.10378,0.11379,0.12223,0.1667,0.15331,0.92175
0.002041,0.0048445,0.012623,0.032618,0.076895,0.07399,0.052207,0.052854,0.055815,0.065828,0.066282,0.073138,0.080478,0.49252,0.84943
0.00030617,0.0006095,0.0016386,0.0042569,0.0094309,0.024943,0.06117,0.027706,0.066862,0.22349,0.19527,0.12961,0.14919,0.67085,0.64364
0.00018659,0.00044769,0.0011709,0.002881,0.0059754,0.01361,0.029727,0.018012,0.091579,0.045718,0.047757,0.28765,0.31734,0.64086,0.62713
0.00033557,0.00074968,0.0019599,0.0050875,0.013311,0.032598,0.08545,0.15755,0.088701,0.49041,0.23014,0.24012,0.26635,0.35004,0.64535
0.0012425,0.0029993,0.0077994,0.016862,0.039574,0.055766,0.16657,0.35601,0.40597,0.24924,0.26019,0.28019,0.30962,0.35479,0.49636
0.0054063,0.013009,0.033673,0.083551,0.066037,0.087785,0.067651,0.065713,0.075843,0.079464,0.087478,0.11107,0.12894,0.27332,0.92253
0.00015437,0.00034048,0.00066641,0.0017484,0.0041878,0.01111,0.0092093,0.0082308,0.0080649,0.045947,0.12007,0.074546,0.3617,0.45766,0.79955
0.00091462,0.0022044,0.0042668,0.011196,0.029462,0.072515,0.067585,0.043831,0.07096,0.16217,0.11941,0.32494,0.17239,0.52322,0.73714
5.7222e-05,0.00012624,0.00027346,0.00073891,0.0015648,0.0038609,0.010241,0.0049206,0.028825,0.014055,0.082774,0.19437,0.5167,0.55015,0.62117
0.00032929,0.00078344,0.002043,0.0052972,0.013472,0.033277,0.075831,0.19544,0.51366,0.33643,0.29525,0.29829,0.32931,0.36875,0.39735
0.011802,0.027999,0.073331,0.077604,0.268,0.28899,0.17692,0.20338,0.20529,0.22074,0.23913,0.27458,0.50596,0.36577,0.38339
0.0040107,0.0092008,0.023686,0.060808,0.1407,0.15536,0.11959,0.1142,0.11675,0.13792,0.13653,0.15359,0.17667,0.17658,0.88883
0.0004841,0.0010042,0.0026914,0.0066645,0.017174,0.035873,0.030994,0.027399,0.13598,0.086559,0.077204,0.10011,0.088173,0.55625,0.79899
0.0039089,0.0094353,0.024495,0.063548,0.1449,0.12915,0.20481,0.13224,0.13957,0.14786,0.15881,0.18518,0.19926,0.68016,0.54357
0.00063346,0.0015271,0.0039765,0.010186,0.0267,0.06934,0.1764,0.37702,0.44072,0.25302,0.27463,0.30494,0.33014,0.36405,0.39166
0.0040776,0.0090399,0.023706,0.06146,0.16058,0.17323,0.11939,0.17906,0.15265,0.16305,0.17023,0.17848,0.19358,0.21428,0.83759
0.00054882,0.0013196,0.0030342,0.0080651,0.0052332,0.023503,0.012371,0.011782,0.020071,0.021104,0.017703,0.11089,0.22773,0.62148,0.74263
0.003368,0.0075285,0.019693,0.040954,0.028881,0.047951,0.033508,0.047392,0.038491,0.04286,0.046853,0.051501,0.13945,0.45964,0.86873
0.00027668,0.00065426,0.0016011,0.0041693,0.0081302,0.02105,0.05556,0.08669,0.24107,0.25086,0.15813,0.49891,0.27967,0.30982,0.65055
0.00035287,0.00077939,0.0018723,0.0041446,0.0097253,0.0073673,0.014253,0.024736,0.064162,0.029961,0.059703,0.040671,0.24161,0.31021,0.91457
0.00029488,0.00057021,0.0014396,0.0037724,0.0089958,0.022469,0.057883,0.028102,0.16585,0.2001,0.64452,0.31413,0.32723,0.34976,0.43099
0.00017197,0.00038028,0.00074595,0.0019562,0.0011775,0.0058859,0.0036087,0.011096,0.0060403,0.031155,0.014439,0.090083,0.2354,0.29806,0.92163
0.0043952,0.010593,0.026372,0.068457,0.04553,0.067937,0.051861,0.055134,0.058552,0.062051,0.066423,0.073682,0.077636,0.34965,0.91641
9.4977e-05,0.00022429,0.00058377,0.0013824,0.0036339,0.0034676,0.011395,0.02104,0.010147,0.063991,0.028691,0.031392,0.19597,0.51219,0.83702
1.6698e-05,3.7686e-05,9.9393e-05,0.00023392,0.00060118,0.00096771,0.0026005,0.0012742,0.0075386,0.017999,0.047709,0.1202,0.3134,0.65899,0.67766
0.00011678,0.00026192,0.00061618,0.001623,0.0039252,0.0088201,0.022435,0.018981,0.074799,0.034963,0.041789,0.13698,0.40603,0.6164,0.65406
0.015035,0.036157,0.093325,0.076886,0.06872,0.1187,0.10648,0.093229,0.10513,0.10645,0.11655,0.13113,0.1364,0.14956,0.92415
0.00022276,0.00048976,0.0012915,0.0033503,0.0023873,0.0086717,0.023417,0.057028,0.13021,0.34849,0.15626,0.18204,0.30513,0.28904,0.79321
0.0034311,0.0082835,0.021406,0.050625,0.13255,0.12324,0.45716,0.26564,0.23263,0.25789,0.28676,0.30114,0.32323,0.35054,0.40747
3.7002e-05,8.9331e-05,0.00023009,0.00060203,0.0015394,0.0037073,0.0091523,0.0094464,0.0057026,0.030387,0.080118,0.048308,0.22558,0.57811,0.77838
0.00083013,0.0020041,0.0051948,0.011601,0.029213,0.065713,0.17617,0.086872,0.50246,0.2255,0.24672,0.26547,0.28659,0.31017,0.58657
0.00089968,0.0021526,0.0055081,0.013758,0.031831,0.028212,0.06337,0.034266,0.035926,0.039806,0.041893,0.046834,0.27806,0.71162,0.63539
0.0021833,0.0052481,0.013648,0.034257,0.090077,0.07515,0.050989,0.055191,0.060096,0.064996,0.072471,0.076318,0.082544,0.41633,0.88529
0.00011079,0.00025573,0.00064548,0.0016848,0.0044074,0.010133,0.010194,0.035035,0.090793,0.043657,0.22966,0.61242,0.27477,0.35996,0.59758
0.00057828,0.0013252,0.0034694,0.0089795,0.017979,0.014211,0.054419,0.024808,0.027094,0.029249,0.035973,0.040176,0.22111,0.57883,0.78011
0.0020675,0.0049914,0.012779,0.024767,0.066929,0.055922,0.037992,0.053323,0.052237,0.05229,0.064239,0.077956,0.070085,0.37069,0.91193
0.00075907,0.0016913,0.0044756,0.011492,0.030109,0.072388,0.14514,0.097407,0.085312,0.095907,0.18384,0.35697,0.47389,0.33497,0.67103
0.00081805,0.0018692,0.004332,0.011467,0.0074451,0.012647,0.0092087,0.021126,0.020838,0.020982,0.017601,0.11024,0.22641,0.61788,0.7451
0.0024728,0.0059457,0.015415,0.040226,0.10391,0.13931,0.39886,0.2217,0.20635,0.23038,0.24535,0.26183,0.28238,0.30565,0.60238
0.0015954,0.0038499,0.010061,0.023812,0.063174,0.058454,0.18796,0.091587,0.10978,0.11304,0.12135,0.14023,0.13804,0.15027,0.92652
9.848e-05,0.00023566,0.00060845,0.0014268,0.0036178,0.0092526,0.023693,0.01276,0.012636,0.013249,0.015085,0.05023,0.14644,0.37225,0.91634
0.0071555,0.017148,0.044714,0.11593,0.079075,0.11324,0.080046,0.092066,0.10475,0.10206,0.11477,0.12027,0.16214,0.15257,0.92316
0.0021985,0.0042986,0.011656,0.028851,0.058326,0.086535,0.081371,0.099095,0.1527,0.14396,0.11143,0.14119,0.15425,0.68239,0.64042
0.00019187,0.00046321,0.0012074,0.0029758,0.0077251,0.019701,0.021384,0.013671,0.080163,0.036112,0.21599,0.55761,0.2546,0.2826,0.70138
0.0070543,0.015657,0.041458,0.10247,0.070411,0.10083,0.071275,0.080803,0.10708,0.14278,0.11475,0.12223,0.16518,0.15316,0.92346
0.0007558,0.001793,0.0046976,0.012174,0.029888,0.07139,0.038227,0.060496,0.056641,0.049997,0.054608,0.058542,0.11519,0.46231,0.86666
0.002094,0.0050553,0.013207,0.034209,0.080517,0.20231,0.42807,0.28065,0.23585,0.25369,0.27812,0.29526,0.32298,0.34996,0.42257
0.00052665,0.0012636,0.002393,0.0066001,0.017003,0.044534,0.10487,0.098231,0.079534,0.075028,0.083104,0.084941,0.18334,0.64414,0.70964
0.002811,0.0054312,0.014601,0.031857,0.02319,0.037381,0.026018,0.026216,0.16214,0.074849,0.080138,0.089654,0.24335,0.80119,0.49874
0.00010895,0.00024,0.00060614,0.0015852,0.0041463,0.010611,0.024253,0.0362,0.042753,0.14351,0.065297,0.32811,0.15308,0.6533,0.64427
0.0030956,0.0074617,0.019107,0.050028,0.030445,0.047966,0.036443,0.038421,0.045773,0.046235,0.048549,0.05166,0.06525,0.35733,0.9234
0.00026259,0.00058264,0.0015426,0.0038122,0.0097653,0.024745,0.020403,0.056137,0.15817,0.10846,0.08667,0.092017,0.18076,0.72317,0.62447
0.00020974,0.00050323,0.001309,0.0033006,0.0083478,0.020427,0.04983,0.027491,0.13857,0.088553,0.073506,0.24857,0.52462,0.61158,0.50499
0.00096933,0.002302,0.0059568,0.01557,0.04061,0.089585,0.23555,0.19085,0.14519,0.25573,0.1823,0.19577,0.21919,0.5137,0.6555
0.0004346,0.00084971,0.0015603,0.0041579,0.010027,0.02251,0.060493,0.13117,0.078048,0.20294,0.14066,0.12654,0.78067,0.37355,0.38348
0.00020612,0.0004746,0.0012308,0.0031957,0.0082458,0.020854,0.050694,0.036862,0.043099,0.08314,0.04971,0.24184,0.40918,0.48389,0.72536
0.00068668,0.0015547,0.0040715,0.0034006,0.010325,0.0092821,0.0064839,0.0073907,0.0080401,0.0081291,0.0088468,0.051212,0.13554,0.35344,0.92471
0.00017553,0.00041774,0.0010902,0.0026672,0.0063883,0.016676,0.043288,0.021122,0.10543,0.082294,0.30863,0.2062,0.17114,0.42466,0.79603
6.7594e-05,0.00014909,0.00029257,0.00076725,0.0018432,0.0020958,0.0068721,0.011731,0.026781,0.072849,0.19036,0.49745,0.22303,0.68176,0.44324
0.00085971,0.0019176,0.0050727,0.013144,0.03268,0.036867,0.11101,0.053074,0.22959,0.58317,0.29211,0.29706,0.34155,0.35112,0.42039
0.0011086,0.0025897,0.006746,0.0149,0.036991,0.082341,0.098028,0.19205,0.22845,0.13705,0.37925,0.22965,0.27017,0.26048,0.73379
0.0014982,0.0036164,0.0093978,0.024578,0.063698,0.076817,0.11936,0.075254,0.072705,0.080254,0.08825,0.093362,0.58545,0.32771,0.70338
6.7124e-05,0.00016005,0.00040695,0.0010587,0.0025272,0.00553,0.014938,0.032429,0.084549,0.19413,0.42963,0.61173,0.35104,0.35409,0.38341
0.0038597,0.0093166,0.024336,0.055689,0.12689,0.11539,0.084755,0.10058,0.094759,0.10217,0.11115,0.11882,0.14601,0.76006,0.55402
0.00025621,0.00049912,0.00091719,0.0024545,0.0059115,0.013525,0.036218,0.089412,0.22816,0.59914,0.28592,0.30138,0.3476,0.37354,0.38401
7.1439e-05,0.00017166,0.00044692,0.00083379,0.0019397,0.0043071,0.011254,0.027153,0.070941,0.18193,0.087741,0.40131,0.35585,0.48317,0.65843
5.3089e-05,0.00012763,0.00033372,0.00083313,0.00051212,0.00077728,0.0030364,0.007424,0.018874,0.046599,0.021804,0.11009,0.29754,0.77556,0.54423
0.00086177,0.0020348,0.0053348,0.013893,0.031965,0.08402,0.19863,0.32971,0.18627,0.49736,0.28046,0.29802,0.32245,0.34902,0.41154
0.00032337,0.000724,0.0019143,0.0049704,0.011787,0.025328,0.020512,0.019348,0.076989,0.20952,0.10268,0.10548,0.12061,0.53371,0.79303
0.0002288,0.00055229,0.0013838,0.0036392,0.00827,0.018747,0.04662,0.022055,0.13275,0.05962,0.33741,0.15394,0.16675,0.67555,0.59789
0.010998,0.026093,0.068303,0.072289,0.24964,0.2692,0.16481,0.18945,0.24895,0.2237,0.23638,0.27032,0.31407,0.3306,0.58718
0.0024101,0.0053674,0.014199,0.037072,0.096677,0.21445,0.26861,0.14883,0.16109,0.17436,0.51833,0.32058,0.35455,0.34773,0.41822
0.00083766,0.0020139,0.0052001,0.01301,0.033889,0.08232,0.21716,0.10642,0.26483,0.15993,0.41866,0.25769,0.26948,0.28598,0.66781
0.0027136,0.0065293,0.016844,0.043716,0.11209,0.15592,0.16183,0.11527,0.12718,0.13095,0.13907,0.1502,0.38862,0.27148,0.78911
0.00040183,0.00088592,0.0023324,0.0060793,0.015894,0.022142,0.013675,0.019982,0.035356,0.12363,0.055969,0.34248,0.65819,0.31315,0.5764
0.0053301,0.012868,0.033613,0.087758,0.22891,0.23962,0.31392,0.21222,0.21219,0.23127,0.25957,0.27113,0.31776,0.32971,0.53944
0.0020413,0.0047461,0.012365,0.032353,0.075611,0.053065,0.11071,0.081922,0.16804,0.10816,0.1193,0.11982,0.13343,0.17718,0.92611
0.00044813,0.00087479,0.0023726,0.0061242,0.01561,0.017437,0.05868,0.11352,0.063178,0.062065,0.076685,0.073232,0.30104,0.15308,0.92252
0.0015495,0.0037254,0.0096192,0.024066,0.062689,0.15186,0.10778,0.19728,0.25397,0.15648,0.42491,0.26027,0.27287,0.28995,0.65455
0.00065608,0.0013996,0.0036705,0.0094994,0.0081223,0.031669,0.076886,0.083534,0.26204,0.34769,0.20036,0.20484,0.22659,0.27091,0.76996
0.00065051,0.0015705,0.0041038,0.010366,0.027208,0.025175,0.08095,0.039445,0.047281,0.25258,0.12028,0.13926,0.14347,0.15027,0.93388
0.00094102,0.0022403,0.0058013,0.01372,0.035267,0.077232,0.20819,0.513,0.23209,0.25729,0.28609,0.2975,0.33026,0.35054,0.4063
0.00044739,0.00095497,0.0025305,0.0065561,0.015609,0.028955,0.063792,0.067329,0.1022,0.15666,0.43133,0.20348,0.42602,0.27899,0.68567
0.00041463,0.00085328,0.0022764,0.0058376,0.012704,0.009187,0.03654,0.016688,0.018228,0.097237,0.04829,0.053472,0.20864,0.57785,0.77931
0.0014741,0.0035154,0.0090476,0.023257,0.060754,0.13158,0.13534,0.26075,0.18616,0.15642,0.17016,0.18896,0.19951,0.23324,0.82259
7.2219e-05,0.00015958,0.00040975,0.00097775,0.00236,0.0062602,0.016359,0.017453,0.048166,0.13086,0.26228,0.7169,0.34745,0.35792,0.38566
0.0015059,0.0036355,0.0094422,0.024237,0.014168,0.020769,0.078628,0.035888,0.039221,0.042338,0.045726,0.053842,0.20889,0.58709,0.77251
0.00043193,0.0010393,0.0027172,0.0068112,0.0040596,0.019126,0.046108,0.021033,0.023082,0.025084,0.027362,0.14377,0.27541,0.7689,0.55586
0.00014469,0.00026896,0.00070819,0.0018618,0.0048652,0.011144,0.027617,0.056599,0.15492,0.20765,0.64436,0.29675,0.38112,0.35141,0.39619
3.4e-05,7.5093e-05,0.00019797,0.00033739,0.00093808,0.0023165,0.0061104,0.011166,0.031332,0.080997,0.21199,0.4978,0.63414,0.35092,0.41788
0.00014843,0.00035723,0.00093343,0.0024178,0.0056592,0.012948,0.0067599,0.0065785,0.037986,0.046354,0.14438,0.072658,0.41824,0.44145,0.78172
0.0003397,0.00081985,0.0020489,0.0053634,0.014017,0.031623,0.038614,0.023374,0.03344,0.13678,0.068688,0.092893,0.20082,0.27061,0.92494
2.0996e-05,4.9965e-05,0.00012706,0.0003335,0.00085633,0.0018916,0.0050881,0.011013,0.02873,0.071985,0.18946,0.26866,0.72706,0.35551,0.48298
0.0016931,0.0040181,0.010525,0.02726,0.069754,0.17754,0.14632,0.12485,0.12422,0.18714,0.15976,0.16179,0.17873,0.6375,0.62156
0.00085807,0.0020427,0.005349,0.013735,0.034982,0.086521,0.19751,0.12892,0.11291,0.1268,0.24328,0.47237,0.25389,0.33537,0.66959
0.00047273,0.0011162,0.0029264,0.0072539,0.016817,0.044603,0.10577,0.18122,0.10114,0.52233,0.24298,0.25828,0.29675,0.30529,0.60365
0.0002011,0.00047728,0.0011863,0.0031147,0.0077592,0.0095729,0.006231,0.0085962,0.039751,0.050306,0.1599,0.075275,0.081125,0.49596,0.85363
0.0039122,0.0094449,0.02455,0.056373,0.12662,0.11545,0.32975,0.19019,0.17796,0.19758,0.20969,0.22955,0.27642,0.27574,0.71111
0.00050711,0.0011184,0.0021994,0.0060568,0.0039944,0.0060204,0.023559,0.010877,0.013361,0.016797,0.040661,0.024059,0.14031,0.35114,0.92486
0.00088663,0.0021101,0.0035978,0.01021,0.025065,0.053947,0.02946,0.047466,0.087569,0.049923,0.053916,0.05963,0.11446,0.46128,0.86747
0.00050519,0.0012128,0.0030826,0.0051986,0.013539,0.010232,0.0075289,0.0087038,0.022998,0.066831,0.035021,0.034728,0.2137,0.32,0.92311
0.00030599,0.00070466,0.0018547,0.0048,0.012394,0.029641,0.071933,0.1339,0.067833,0.072618,0.083169,0.41445,0.69566,0.34573,0.42977
0.0010494,0.0023562,0.0040545,0.011506,0.028247,0.030935,0.018104,0.032705,0.030685,0.1319,0.061645,0.07537,0.07461,0.46247,0.86951
0.00048057,0.0011554,0.0029828,0.0074489,0.019409,0.047364,0.12512,0.13535,0.46226,0.20725,0.22433,0.24281,0.26859,0.2893,0.66622
0.0042822,0.010214,0.026738,0.02175,0.087401,0.07267,0.060976,0.055703,0.060099,0.06737,0.082846,0.078663,0.29809,0.81718,0.44984
0.00011299,0.00025826,0.00066883,0.0017382,0.0045046,0.011788,0.030802,0.0325,0.11241,0.29354,0.64333,0.30062,0.35119,0.35355,0.38394
0.0010041,0.0022236,0.0058597,0.015309,0.040009,0.097852,0.052264,0.18076,0.10895,0.11125,0.11211,0.11986,0.55478,0.27677,0.72094
0.0016733,0.0040381,0.010552,0.027331,0.071222,0.17604,0.46402,0.23016,0.2326,0.2514,0.29552,0.29914,0.32352,0.34755,0.42
0.0041566,0.010033,0.026073,0.068187,0.15301,0.18905,0.27673,0.17914,0.18665,0.1961,0.20872,0.22462,0.24429,0.32969,0.70488
0.00017249,0.00040394,0.00098531,0.0025818,0.0061567,0.015378,0.04045,0.019577,0.11554,0.13908,0.44908,0.21883,0.24582,0.2467,0.77461
0.0062781,0.015095,0.039136,0.10198,0.22649,0.31156,0.23034,0.23434,0.21812,0.23574,0.258,0.27538,0.29699,0.32146,0.54507
0.00057195,0.0010998,0.0029923,0.0076481,0.0045471,0.022677,0.018589,0.074389,0.19416,0.50746,0.41923,0.28695,0.31823,0.3963,0.42997
0.016239,0.038733,0.099427,0.081117,0.32566,0.27081,0.25187,0.21371,0.22941,0.24841,0.27189,0.29163,0.31585,0.35356,0.44315
0.00048333,0.0011054,0.0028775,0.0075322,0.019641,0.043328,0.11393,0.09212,0.070169,0.39958,0.18231,0.19579,0.21908,0.5137,0.65623
0.00045553,0.0010961,0.0025426,0.0067146,0.016242,0.013831,0.050837,0.052297,0.033838,0.038458,0.039552,0.042206,0.2608,0.27655,0.92036
0.00088229,0.0020699,0.0054055,0.014044,0.031113,0.043231,0.12771,0.065772,0.14311,0.087068,0.1819,0.12066,0.13896,0.68423,0.64364
0.0020386,0.0048361,0.012608,0.032681,0.083625,0.19327,0.16356,0.13643,0.13748,0.13884,0.16237,0.16364,0.17685,0.65062,0.60371
0.0002047,0.00046102,0.0010345,0.0027691,0.0071075,0.017262,0.041,0.018725,0.034499,0.069244,0.21273,0.096036,0.10385,0.26983,0.92561
0.00013403,0.00032207,0.00082632,0.0015296,0.0010726,0.0049276,0.01172,0.030967,0.080972,0.2089,0.10277,0.46188,0.40956,0.34308,0.66466
0.00094862,0.0022041,0.0057892,0.015114,0.0395,0.096606,0.25286,0.17638,0.30368,0.19713,0.23165,0.22343,0.24441,0.26217,0.73395
2.9808e-05,7.1568e-05,0.00018376,0.00048068,0.0012564,0.0022809,0.0059899,0.010942,0.02996,0.013488,0.085088,0.1998,0.25816,0.7074,0.62139
0.0079075,0.019059,0.048806,0.040825,0.041051,0.060593,0.085539,0.057975,0.060187,0.06471,0.071228,0.080743,0.09305,0.31454,0.92429
8.9115e-05,0.00020043,0.00050956,0.0013393,0.0030933,0.0077966,0.018787,0.02075,0.070633,0.18457,0.091429,0.096514,0.15862,0.69446,0.65984
0.0006787,0.0015603,0.0040931,0.010623,0.027739,0.069782,0.075243,0.19995,0.50777,0.25326,0.257,0.27458,0.29817,0.34821,0.52534
0.00056818,0.0013717,0.0035838,0.0093652,0.024242,0.062397,0.15878,0.11039,0.19362,0.59543,0.28428,0.30067,0.35119,0.35355,0.38328
0.003224,0.0077821,0.020329,0.053075,0.12068,0.30524,0.31819,0.23203,0.24415,0.25923,0.26355,0.28185,0.34471,0.35048,0.46694
0.00043462,0.001047,0.002733,0.0070857,0.018538,0.047651,0.12482,0.17242,0.52882,0.30549,0.30635,0.30067,0.35119,0.35355,0.3831
5.8366e-05,0.00013889,0.00036193,0.00094379,0.0021697,0.0048798,0.012576,0.027399,0.018303,0.085806,0.22344,0.57889,0.28261,0.28505,0.66763
0.0050542,0.0122,0.031874,0.083215,0.18898,0.26074,0.37619,0.22959,0.23431,0.26026,0.27529,0.29545,0.322,0.35061,0.42669
0.00024814,0.00059251,0.0015444,0.0040033,0.0103,0.025407,0.057893,0.14238,0.37707,0.52189,0.28185,0.30089,0.33218,0.35129,0.39808
0.00021619,0.00047923,0.0012625,0.0031306,0.0074826,0.0080985,0.0052387,0.012013,0.038218,0.018113,0.097827,0.25888,0.6772,0.31311,0.60423
0.000562,0.0013262,0.0034773,0.0090791,0.023708,0.052554,0.1412,0.17596,0.097117,0.11705,0.31136,0.19321,0.19107,0.24848,0.83263
4.8186e-05,0.00011466,0.0002988,0.00077486,0.00047692,0.0021411,0.0054327,0.011836,0.029572,0.015762,0.086626,0.2265,0.11043,0.64892,0.71253
0.0016384,0.0035973,0.009543,0.022526,0.05902,0.14344,0.086506,0.074284,0.081843,0.094221,0.10412,0.11199,0.11467,0.29513,0.91198
0.00011512,0.00026486,0.00057844,0.001527,0.0039775,0.0095892,0.02538,0.044612,0.12543,0.325,0.18597,0.50987,0.27511,0.29878,0.64921
0.0016455,0.0037093,0.0093774,0.021686,0.050678,0.11719,0.14717,0.40722,0.21513,0.20913,0.22474,0.24337,0.26331,0.29902,0.66414
0.00011584,0.00024725,0.00064956,0.00164,0.0039218,0.0099984,0.026069,0.012001,0.06957,0.032174,0.17363,0.24961,0.1345,0.76384,0.54946
0.00022873,0.00053225,0.0012558,0.0033175,0.0078941,0.02094,0.025058,0.033305,0.091908,0.2497,0.11363,0.70783,0.33953,0.35317,0.41671
0.00011937,0.00026355,0.0006959,0.0018031,0.0038341,0.0094542,0.02482,0.011944,0.013028,0.014468,0.085206,0.20008,0.51405,0.55015,0.62102
0.0016361,0.0036457,0.0096473,0.02521,0.065876,0.14521,0.35667,0.22283,0.2052,0.20599,0.4269,0.28514,0.31481,0.40761,0.42894
0.0020619,0.004962,0.012973,0.030685,0.080248,0.19508,0.099184,0.3659,0.18331,0.2407,0.22096,0.25378,0.2927,0.30217,0.65604
0.0016234,0.003635,0.009611,0.024874,0.064229,0.15713,0.37988,0.25087,0.26396,0.24078,0.27214,0.30872,0.31075,0.40286,0.4558
2.6659e-05,5.8808e-05,0.00015504,0.00040392,0.00095812,0.0025012,0.006371,0.0065627,0.021256,0.027127,0.07645,0.20376,0.53245,0.64346,0.50403
0.0054872,0.013129,0.034168,0.074397,0.1979,0.27327,0.14639,0.20527,0.1812,0.20338,0.2106,0.22887,0.27681,0.30172,0.69156
0.0035649,0.0083271,0.021428,0.053401,0.13729,0.19109,0.203,0.14972,0.16902,0.16093,0.17419,0.19697,0.20557,0.30411,0.78762
0.00078488,0.0015181,0.0041054,0.010721,0.027403,0.067651,0.172,0.078446,0.49003,0.22122,0.42412,0.29589,0.33231,0.34918,0.41346
5.9531e-05,0.00014196,0.00035652,0.00093752,0.0024483,0.0055515,0.014821,0.029952,0.08083,0.20263,0.18327,0.69275,0.31083,0.4097,0.41858
0.0014653,0.0033007,0.0086745,0.0061835,0.02089,0.018332,0.018682,0.016027,0.016068,0.01907,0.022357,0.10021,0.17843,0.50344,0.83854
0.0031823,0.0067905,0.017231,0.043678,0.10294,0.082384,0.060392,0.067637,0.15892,0.10241,0.60873,0.2731,0.29545,0.32481,0.5482
0.0057169,0.013779,0.035284,0.032003,0.11452,0.12132,0.080999,0.085028,0.087395,0.10019,0.10711,0.11957,0.14303,0.78326,0.52923
6.0911e-05,0.00013431,0.00035004,0.00091554,0.0023259,0.0059475,0.0072969,0.017519,0.0484,0.12513,0.059754,0.32067,0.41453,0.55693,0.62763
0.0014196,0.0031522,0.0083053,0.021708,0.052022,0.04506,0.031335,0.16669,0.17544,0.11313,0.594,0.27177,0.30129,0.46782,0.4322
0.0027562,0.0061201,0.016204,0.042324,0.11061,0.094504,0.06572,0.068814,0.17091,0.1101,0.65518,0.29374,0.32121,0.34814,0.43326
0.00075035,0.0017801,0.0046428,0.012073,0.031574,0.080605,0.18752,0.087272,0.22475,0.13488,0.14631,0.16896,0.18205,0.61426,0.65089
0.0045408,0.01092,0.028185,0.073447,0.043012,0.16274,0.10602,0.088746,0.10471,0.1054,0.11525,0.1298,0.1376,0.15539,0.92518
0.0011192,0.0025001,0.0066129,0.017115,0.044193,0.10483,0.25482,0.47432,0.23175,0.25986,0.28406,0.29588,0.31968,0.34528,0.43416
0.0003934,0.0009458,0.0024421,0.0060994,0.016053,0.041026,0.048322,0.086313,0.11422,0.065253,0.17719,0.10853,0.11379,0.68791,0.66691
0.00087456,0.0019517,0.0051321,0.012612,0.030267,0.068095,0.15951,0.19588,0.52307,0.27442,0.29115,0.29384,0.34075,0.3483,0.41688
0.0036088,0.0081352,0.021475,0.049137,0.11491,0.3069,0.29311,0.22692,0.23492,0.2299,0.25223,0.28589,0.29323,0.33299,0.55154
0.0013281,0.0031666,0.0081308,0.021231,0.052254,0.11459,0.30907,0.20947,0.42522,0.24269,0.29361,0.29604,0.31254,0.34318,0.46524
0.001915,0.0046225,0.012001,0.031133,0.070988,0.18975,0.20425,0.13581,0.13902,0.14806,0.15903,0.18543,0.1868,0.67417,0.55671
0.0014187,0.0034244,0.0089451,0.020495,0.054344,0.048168,0.16604,0.091784,0.47827,0.22465,0.2382,0.25474,0.31075,0.30637,0.60865
0.00087169,0.0016758,0.0045604,0.011656,0.030162,0.078471,0.20506,0.37648,0.18394,0.20625,0.45576,0.32063,0.31581,0.34098,0.45552
0.0019402,0.0046841,0.012238,0.027297,0.016574,0.071148,0.19074,0.094056,0.54401,0.24415,0.26712,0.28743,0.31029,0.39348,0.43509
0.0013743,0.0033179,0.0086286,0.0076112,0.0062292,0.026612,0.066973,0.03045,0.035052,0.035952,0.21212,0.54447,0.61397,0.35542,0.38308
0.001414,0.0031045,0.0082356,0.019373,0.050789,0.13112,0.078323,0.067251,0.11204,0.094873,0.10332,0.11091,0.12114,0.29461,0.91251
0.00051833,0.0011488,0.0030282,0.0079177,0.020448,0.050402,0.12665,0.33342,0.37665,0.23103,0.41905,0.29703,0.3311,0.34629,0.42723
0.00021379,0.00051614,0.0012943,0.0011488,0.0043904,0.011417,0.027727,0.012607,0.014,0.083732,0.21802,0.5704,0.58939,0.35355,0.38439
0.0014772,0.0033323,0.0062383,0.017266,0.044211,0.1159,0.30287,0.14313,0.18307,0.1757,0.31465,0.23757,0.24427,0.30214,0.71804
0.0013972,0.003373,0.0088095,0.022832,0.013647,0.063216,0.073942,0.14551,0.073747,0.12505,0.095996,0.10592,0.1493,0.74504,0.59401
0.001817,0.0043858,0.010988,0.0099008,0.0343,0.085992,0.10488,0.088152,0.089543,0.078167,0.085794,0.53481,0.62727,0.35355,0.38452
0.00016157,0.0003815,0.00099298,0.002352,0.0061789,0.0059004,0.021401,0.038872,0.044081,0.15253,0.068387,0.074825,0.087606,0.51332,0.83485
6.9956e-05,0.00016784,0.00043591,0.0011369,0.002614,0.0051016,0.013688,0.023369,0.066628,0.17092,0.4479,0.20081,0.41038,0.56192,0.49117
0.00085747,0.0018914,0.0049165,0.012841,0.031604,0.069304,0.037857,0.0357,0.10303,0.15067,0.093052,0.10409,0.57863,0.6105,0.4825
0.00039737,0.00095932,0.002471,0.0061414,0.014925,0.02133,0.063128,0.056048,0.087076,0.13807,0.077753,0.086604,0.18755,0.68838,0.66753
0.0069754,0.015489,0.040179,0.098782,0.078262,0.10296,0.14495,0.098398,0.10068,0.10959,0.12261,0.13709,0.14313,0.15323,0.91802
0.00013771,0.00031652,0.00069067,0.0018236,0.0047502,0.0042116,0.016055,0.02822,0.079345,0.20558,0.11813,0.10582,0.11629,0.70376,0.64909
0.011864,0.026368,0.066484,0.1734,0.10927,0.16957,0.12929,0.13901,0.15652,0.15674,0.16784,0.18042,0.19532,0.21555,0.83433
0.00049262,0.0011844,0.0030583,0.0076491,0.0177,0.04652,0.12158,0.05958,0.14826,0.089533,0.53795,0.25872,0.26432,0.28611,0.66542
0.00153,0.0036335,0.0094748,0.020637,0.055525,0.075623,0.22803,0.18476,0.13035,0.24359,0.17313,0.1868,0.20916,0.49019,0.69389
0.00074652,0.0016576,0.0040031,0.010609,0.024863,0.021619,0.015738,0.089606,0.094115,0.06019,0.35788,0.1608,0.26043,0.75427,0.43428
0.0054155,0.013053,0.024605,0.067484,0.044889,0.066981,0.051131,0.05472,0.057793,0.061362,0.065581,0.070683,0.084891,0.34965,0.9163
0.00017177,0.00040129,0.0010536,0.0027023,0.0070812,0.018199,0.043304,0.076765,0.1929,0.43313,0.20435,0.22704,0.25526,0.26269,0.73613
0.00031543,0.00076152,0.0019779,0.0038827,0.0095738,0.022231,0.058823,0.088194,0.2283,0.10816,0.11614,0.12447,0.13399,0.15444,0.93024
0.00017985,0.00042885,0.0010904,0.0028367,0.0067773,0.014828,0.040053,0.075464,0.20307,0.1013,0.10067,0.33503,0.17722,0.19144,0.86781
0.00077699,0.0018758,0.0048372,0.012553,0.0066321,0.012615,0.038187,0.021203,0.020272,0.022678,0.024051,0.1359,0.06181,0.36548,0.91785
0.00057286,0.0013828,0.0033526,0.0083969,0.018874,0.02764,0.079003,0.07045,0.052645,0.13961,0.078287,0.086897,0.18385,0.69197,0.66481
0.00039382,0.00087981,0.0023001,0.0059705,0.014662,0.033059,0.088083,0.16241,0.45478,0.2039,0.22315,0.23975,0.26594,0.34863,0.6479
0.0018737,0.0045227,0.011598,0.026883,0.067369,0.15473,0.41364,0.28623,0.22027,0.24063,0.28243,0.2837,0.34897,0.34381,0.46062
0.0028178,0.0060564,0.014279,0.037885,0.096889,0.20536,0.17689,0.15929,0.13843,0.15658,0.19842,0.2432,0.23388,0.236,0.80766
0.00032496,0.00075907,0.0019933,0.0049526,0.011304,0.025361,0.023689,0.081868,0.043386,0.23673,0.62017,0.29047,0.30317,0.44325,0.42474
0.0012266,0.0027431,0.0052822,0.014532,0.032858,0.081228,0.21493,0.37923,0.18428,0.21855,0.25287,0.24382,0.27172,0.31684,0.65497
0.00042937,0.0010366,0.0025258,0.0049337,0.010221,0.0089852,0.03425,0.020027,0.090025,0.094421,0.059783,0.076878,0.069676,0.37086,0.91206
0.00050804,0.0012263,0.0031815,0.0083216,0.019437,0.051617,0.084355,0.14891,0.43464,0.35069,0.27068,0.26882,0.31579,0.31806,0.55696
0.00063773,0.0015391,0.0038573,0.0067776,0.01751,0.043618,0.051837,0.048675,0.039058,0.22718,0.59364,0.29213,0.35267,0.40843,0.46019
0.0087467,0.018945,0.049376,0.12305,0.073302,0.19595,0.20816,0.13429,0.17149,0.16179,0.17512,0.19801,0.20667,0.29902,0.78749
0.00054823,0.0013119,0.0028436,0.0076681,0.019818,0.027514,0.082953,0.15877,0.075929,0.38252,0.18093,0.20225,0.21107,0.24557,0.79983
0.0021714,0.0051513,0.013429,0.035112,0.027397,0.097439,0.23158,0.10777,0.14146,0.13217,0.15283,0.16728,0.18363,0.61554,0.65041
0.00027044,0.00050186,0.0013519,0.003521,0.0090689,0.023562,0.019539,0.077621,0.2026,0.52951,0.37552,0.28455,0.38412,0.34667,0.42977
0.0021048,0.005073,0.0098193,0.026944,0.070417,0.17332,0.16275,0.10509,0.11565,0.35802,0.26292,0.22077,0.24561,0.26048,0.74123
0.00045822,0.0010967,0.0028133,0.0073563,0.019201,0.047236,0.12102,0.058861,0.13447,0.11947,0.16755,0.34033,0.19043,0.77389,0.41179
0.0012646,0.0028978,0.0075831,0.019645,0.039328,0.031087,0.11904,0.077293,0.06358,0.068506,0.084283,0.094172,0.51855,0.27553,0.78051
0.0046498,0.011124,0.024222,0.059508,0.15634,0.40862,0.18323,0.2629,0.24505,0.25203,0.28329,0.29803,0.32868,0.34733,0.42569
0.00041179,0.000919,0.0023099,0.0057789,0.01522,0.033742,0.042265,0.076106,0.22888,0.5981,0.26817,0.29069,0.35427,0.36104,0.41119
0.0014253,0.0034093,0.0088092,0.021972,0.050834,0.044954,0.10111,0.06418,0.059057,0.065437,0.17645,0.10725,0.10954,0.69102,0.66419
0.00044578,0.001076,0.0028109,0.0072916,0.017922,0.039417,0.10613,0.17294,0.50125,0.22473,0.24402,0.26429,0.29405,0.31017,0.58875
0.00050364,0.0012108,0.0031261,0.0081348,0.019067,0.047097,0.12423,0.13259,0.19318,0.29715,0.41733,0.26766,0.26429,0.28606,0.66612
0.00055058,0.0010647,0.0026879,0.0070435,0.016796,0.041953,0.10123,0.19631,0.093439,0.10299,0.63525,0.30961,0.32253,0.34473,0.45618
0.0032015,0.0074475,0.018637,0.014932,0.060871,0.045071,0.17394,0.12253,0.094129,0.10188,0.20521,0.13924,0.17851,0.81516,0.41714
0.0009215,0.0021576,0.005578,0.014609,0.038129,0.076633,0.077521,0.057866,0.084445,0.065762,0.070055,0.075584,0.099919,0.44257,0.87119
0.0017562,0.0040113,0.010569,0.027456,0.065678,0.16466,0.42473,0.28883,0.29339,0.25608,0.2811,0.30064,0.32885,0.35809,0.38451
1.9884e-05,4.3869e-05,0.00011406,0.00029839,0.00075613,0.0019342,0.0050741,0.0097473,0.027011,0.069826,0.18276,0.42915,0.55448,0.30176,0.61541
0.00052254,0.0010076,0.0026876,0.0070245,0.018243,0.047427,0.023456,0.03438,0.15947,0.19703,0.63243,0.29771,0.31903,0.40999,0.41926
0.0004708,0.0011263,0.0028821,0.0075029,0.017249,0.015288,0.056327,0.02778,0.062863,0.038269,0.041599,0.051353,0.2808,0.70981,0.63594
0.0031933,0.0073158,0.019019,0.048755,0.1263,0.17476,0.12311,0.11589,0.11846,0.13995,0.13855,0.15585,0.16355,0.17658,0.88884
0.0009532,0.0021581,0.0056518,0.0044378,0.0060099,0.023322,0.010456,0.012492,0.013494,0.013643,0.014847,0.085949,0.22748,0.58364,0.77443
7.4501e-05,0.00016945,0.00044688,0.0011667,0.0026501,0.00605,0.015134,0.038146,0.09829,0.24965,0.65547,0.29498,0.31826,0.34989,0.43264
0.0031203,0.0074275,0.019408,0.050702,0.13217,0.34551,0.34054,0.23022,0.23019,0.24915,0.28863,0.29504,0.32817,0.36831,0.40516
0.00010286,0.00024552,0.00064018,0.0013109,0.0013194,0.004792,0.012522,0.0060418,0.028751,0.078111,0.19207,0.50417,0.61419,0.34043,0.46289
0.0014543,0.0032761,0.0086088,0.0068577,0.027078,0.05597,0.065929,0.037847,0.04875,0.050455,0.050675,0.0578,0.059465,0.37363,0.91603
0.00034593,0.00082124,0.0021243,0.0055528,0.014377,0.037584,0.061414,0.071223,0.24528,0.11011,0.57721,0.26829,0.31973,0.31823,0.55821
5.1412e-05,0.00011642,0.00030578,0.00072004,0.0018902,0.0046607,0.011336,0.0055543,0.032862,0.045318,0.13908,0.3504,0.1732,0.8189,0.39716
0.0054591,0.012122,0.031512,0.026072,0.031149,0.043347,0.16394,0.077134,0.18219,0.11026,0.124,0.12983,0.14073,0.1541,0.91824
1.8094e-05,3.9908e-05,7.7591e-05,0.00020393,0.00053682,0.0013832,0.0035384,0.0061937,0.014158,0.038445,0.090431,0.20426,0.54857,0.6946,0.40703
0.0013741,0.0030566,0.0080675,0.02109,0.03863,0.035278,0.034424,0.028038,0.033477,0.086225,0.053464,0.053436,0.059351,0.3627,0.92235
0.00068535,0.0016358,0.0031176,0.0085773,0.019393,0.051922,0.13568,0.27248,0.12821,0.15205,0.42851,0.23502,0.28205,0.31326,0.67417
0.001546,0.0037322,0.0097393,0.019072,0.047066,0.12194,0.058512,0.060145,0.079192,0.073699,0.080478,0.086087,0.09282,0.29604,0.93019
0.0028683,0.0069234,0.017997,0.041373,0.094205,0.23402,0.15563,0.29492,0.17543,0.18878,0.20507,0.22128,0.27239,0.26484,0.7262
0.0027398,0.0066128,0.017277,0.045106,0.10782,0.27031,0.3297,0.28434,0.32244,0.25921,0.2811,0.30064,0.32886,0.35807,0.38444
0.0028872,0.0068706,0.0179,0.046425,0.027748,0.045012,0.078535,0.13914,0.09567,0.13162,0.10031,0.11062,0.12493,0.74504,0.59243
0.0014502,0.0032365,0.0081348,0.021425,0.055985,0.12411,0.15546,0.086567,0.097953,0.593,0.26589,0.29769,0.35742,0.36053,0.41405
0.0002448,0.0004707,0.0012706,0.0032514,0.0080201,0.020986,0.017203,0.068843,0.17969,0.46963,0.38797,0.26555,0.2945,0.31316,0.5852
0.00087676,0.0020703,0.0054279,0.013975,0.032101,0.079552,0.18985,0.32908,0.16471,0.45727,0.26375,0.28923,0.30477,0.33239,0.50587
0.0010639,0.0025634,0.0064072,0.014762,0.0082424,0.038447,0.046911,0.027715,0.028642,0.17155,0.085533,0.11804,0.25059,0.16543,0.92866
0.00078495,0.0015124,0.0041137,0.010514,0.0058642,0.025149,0.068137,0.17705,0.46305,0.21388,0.41591,0.28468,0.34256,0.39847,0.41785
0.0030223,0.0072964,0.01906,0.049761,0.11024,0.28025,0.30462,0.19536,0.23452,0.29628,0.25468,0.27243,0.29703,0.33235,0.54449
0.0021256,0.004739,0.012539,0.027968,0.075034,0.16719,0.40838,0.20337,0.22704,0.22468,0.24582,0.26451,0.28555,0.31184,0.58926
0.0010922,0.0026299,0.006567,0.014981,0.034152,0.091043,0.22111,0.23443,0.16247,0.15637,0.16796,0.19225,0.20374,0.46009,0.72158
0.004047,0.00963,0.025093,0.057448,0.13091,0.34309,0.22816,0.20056,0.26069,0.22962,0.24661,0.28309,0.33012,0.32143,0.54666
0.0019316,0.0046633,0.012186,0.031165,0.019042,0.076162,0.19967,0.092928,0.10429,0.10849,0.67081,0.30111,0.32592,0.35808,0.38302
0.00075837,0.0018175,0.0046823,0.012227,0.028113,0.054619,0.055567,0.038151,0.22248,0.57038,0.30424,0.28574,0.30928,0.33477,0.48529
0.00010546,0.00023338,0.00061398,0.0015221,0.0040104,0.0098364,0.025313,0.035701,0.094348,0.24688,0.12617,0.13668,0.73922,0.41317,0.42013
0.00044454,0.00097922,0.0025939,0.006735,0.017616,0.045083,0.11353,0.16894,0.19858,0.1235,0.13013,0.14479,0.15298,0.6533,0.64448
0.0012754,0.0030765,0.0080381,0.021005,0.049091,0.037392,0.12864,0.084153,0.16577,0.1067,0.11829,0.11775,0.13165,0.18558,0.92642
0.0068747,0.01632,0.041876,0.078502,0.056547,0.081909,0.10387,0.087677,0.084655,0.09491,0.1037,0.11125,0.1172,0.71357,0.63453
0.0043558,0.010514,0.027262,0.06244,0.14228,0.35558,0.23604,0.22974,0.21453,0.22912,0.2489,0.26904,0.33012,0.32143,0.54928
0.0019015,0.0045287,0.011642,0.01021,0.0099632,0.034043,0.093666,0.042029,0.10563,0.063182,0.069828,0.074198,0.090456,0.31831,0.92608
0.0033773,0.0080808,0.020885,0.054565,0.1407,0.31557,0.14768,0.20707,0.19709,0.20877,0.24993,0.2398,0.29002,0.31612,0.65315
0.0061046,0.014722,0.038242,0.083511,0.058675,0.094848,0.064919,0.071116,0.09424,0.12566,0.17086,0.12223,0.16518,0.15316,0.92351
0.0013932,0.0030684,0.008124,0.021128,0.055251,0.1406,0.065584,0.069036,0.09736,0.28206,0.14441,0.15701,0.16929,0.61503,0.65735
0.0017927,0.0039999,0.010077,0.0081386,0.033006,0.024439,0.047532,0.040015,0.074596,0.044029,0.088681,0.06017,0.077141,0.35227,0.92177
0.00031241,0.00074827,0.0019471,0.0050921,0.011703,0.030241,0.076102,0.054354,0.23154,0.57656,0.26061,0.28226,0.31879,0.35811,0.47818
0.0016479,0.0032079,0.008706,0.022549,0.058761,0.15255,0.39906,0.19794,0.20003,0.21621,0.42665,0.32374,0.32352,0.34755,0.41991
0.00018668,0.00036331,0.00097113,0.0025435,0.0060965,0.012821,0.012879,0.011081,0.014478,0.05217,0.12108,0.055712,0.35146,0.83917,0.39036
2.5531e-05,5.7118e-05,0.0001503,0.00039189,0.001009,0.0022279,0.0057589,0.013108,0.03246,0.08586,0.041599,0.24581,0.11485,0.6418,0.71077
0.0093091,0.022386,0.058497,0.048105,0.042996,0.074205,0.066597,0.05831,0.065752,0.066581,0.072894,0.082013,0.085392,0.31548,0.92416
0.00013708,0.00031921,0.00083864,0.0021915,0.0056726,0.014241,0.037448,0.0661,0.071472,0.25459,0.12438,0.70839,0.34769,0.37342,0.38339
0.0020338,0.0045498,0.011914,0.031118,0.020422,0.031173,0.12129,0.055997,0.070887,0.11024,0.23104,0.12532,0.13526,0.14668,0.93297
0.016317,0.038918,0.099903,0.081504,0.32706,0.27199,0.20733,0.21799,0.22301,0.25286,0.26593,0.28525,0.34807,0.34076,0.45711
0.00099614,0.0023754,0.0051591,0.01379,0.032864,0.087161,0.060487,0.20791,0.098604,0.10628,0.30818,0.1717,0.18717,0.56866,0.66598
0.00020873,0.00050387,0.0013103,0.0028323,0.0066474,0.0092481,0.02776,0.059331,0.066282,0.22598,0.10243,0.64049,0.29419,0.31204,0.58185
0.00011961,0.000284,0.00073872,0.0019294,0.0045108,0.011977,0.019574,0.023146,0.079596,0.20667,0.44919,0.20879,0.58441,0.33062,0.50468
0.00011116,0.0002667,0.00069264,0.0018065,0.0038518,0.0075933,0.019635,0.032812,0.09431,0.24193,0.634,0.28432,0.30773,0.33305,0.49351
0.0010654,0.0025654,0.0066797,0.016762,0.042497,0.036077,0.024297,0.030233,0.029128,0.03366,0.03487,0.051457,0.10327,0.35363,0.92652
0.00017541,0.00040097,0.0010566,0.0027005,0.0016138,0.0080813,0.020789,0.021939,0.032066,0.10839,0.28326,0.69931,0.327,0.40438,0.38426
0.00085805,0.0020715,0.0054119,0.013404,0.031769,0.079823,0.16738,0.10995,0.13618,0.11499,0.11984,0.44271,0.22535,0.69743,0.41683
0.00012503,0.0002411,0.00065567,0.0016758,0.0043648,0.011348,0.029667,0.077088,0.20135,0.52624,0.42936,0.29621,0.32851,0.34906,0.41992
0.0020212,0.004869,0.012647,0.033015,0.028427,0.035087,0.028114,0.027737,0.032633,0.035405,0.035515,0.10795,0.06518,0.37679,0.91399
0.00048299,0.0010653,0.0020906,0.0057825,0.014834,0.038869,0.040043,0.077853,0.21429,0.10798,0.28322,0.15893,0.17304,0.52708,0.72229
0.00074847,0.001676,0.0044314,0.011459,0.029593,0.072397,0.17503,0.08151,0.1132,0.10345,0.1169,0.13255,0.13335,0.82255,0.45842
0.0026399,0.0063608,0.016307,0.042136,0.10387,0.087328,0.33372,0.16366,0.42911,0.24491,0.2963,0.29865,0.31539,0.34631,0.44941
0.00018413,0.00037083,0.00099585,0.0025803,0.0054427,0.013449,0.035365,0.079349,0.038997,0.044273,0.25602,0.60119,0.29513,0.30022,0.62179
0.00010388,0.00022949,0.00057716,0.0014397,0.0033261,0.0085381,0.021938,0.021258,0.015482,0.085673,0.19825,0.093338,0.55538,0.6746,0.4246
0.00023952,0.0005343,0.001405,0.0036747,0.0084452,0.021072,0.051992,0.085463,0.24783,0.58253,0.29697,0.29407,0.34642,0.34934,0.4158
0.0003115,0.0007273,0.0018944,0.0049529,0.012159,0.027105,0.072283,0.032447,0.20228,0.52951,0.2374,0.26542,0.27949,0.31878,0.605
0.00011928,0.00023001,0.00062068,0.0015882,0.0041366,0.01082,0.028262,0.073438,0.19184,0.50139,0.38668,0.27672,0.36687,0.39454,0.43643
0.0017353,0.0041756,0.010917,0.025822,0.067752,0.16464,0.083707,0.3088,0.15471,0.50725,0.26738,0.30861,0.37291,0.35197,0.39315
0.0007879,0.0017607,0.0046569,0.012158,0.031747,0.070375,0.085166,0.1292,0.17285,0.11389,0.12154,0.13742,0.13557,0.14657,0.92663
5.3005e-05,0.00012639,0.00032485,0.00084976,0.0022211,0.0048592,0.013088,0.023659,0.06478,0.029163,0.18398,0.083788,0.26102,0.70666,0.62234
0.0013418,0.0032393,0.0071742,0.019108,0.044863,0.11056,0.23469,0.11109,0.12121,0.38661,0.21028,0.22324,0.24168,0.64371,0.43314
0.00029174,0.00056255,0.0015005,0.0038462,0.010018,0.026045,0.068055,0.17685,0.46253,0.20737,0.41359,0.31712,0.32129,0.39824,0.41646
0.00024424,0.00054015,0.0013315,0.0033294,0.0080772,0.0066094,0.026681,0.03235,0.020375,0.11186,0.13677,0.086565,0.30367,0.40337,0.84058
1.2039e-05,2.86e-05,7.4604e-05,0.00019344,0.00044982,0.0010303,0.002761,0.0032988,0.0098357,0.025266,0.058976,0.098634,0.24978,0.6671,0.69277
0.00095776,0.0021199,0.0055354,0.014496,0.037485,0.053068,0.067812,0.11894,0.063108,0.069214,0.37729,0.19099,0.22352,0.61507,0.60168
0.0010318,0.0024867,0.0063676,0.011822,0.0084046,0.012651,0.045004,0.051363,0.03156,0.035417,0.09048,0.05507,0.065524,0.36138,0.92114
0.0011559,0.00277,0.0059517,0.015261,0.035508,0.039248,0.13101,0.08056,0.068027,0.077569,0.080409,0.087019,0.10309,0.54941,0.80035
