1.0167,1.0147,1.0384,1.0348,1.0324,1.1009,1.2829,1.2926,1.1124,1.0369,1.0088,1.0082,1.0072,1.0029,1.3703e-07
3.508,3.5073,1.2045,1.2006,1.0675,1.1339,1.4432,1.4541,1.1635,1.0874,1.0255,1.0252,1.0071,1.0034,2.4842e-07
2.0276,2.0326,2.1562,2.1535,1.0793,1.1394,1.2224,1.2333,1.1695,1.093,1.0092,1.0086,1.007,1.0031,2.9185e-07
1.1109,1.1084,5.5539,5.5505,8.5955,8.6631,1.6382,1.6495,1.1776,1.0998,1.0082,1.0087,1.0073,1.0032,1.1421e-07
1.0168,1.0137,1.0338,1.0389,1.5566,1.6174,1.1881,1.1978,1.1618,1.0847,1.0085,1.009,1.0041,1.0028,1.1853e-05
1.8377,1.8369,5.2161,5.2118,1.1496,1.2167,1.1476,1.1576,1.1588,1.0838,1.0095,1.0087,1.007,1.0097,3.5773e-07
1.239,1.2549,1.108,1.0967,1.0941,1.1523,1.1454,1.1553,1.1541,1.0784,1.0115,1.0111,1.0071,1.0031,4.0123e-07
2.3857,2.4039,1.4881,1.4707,1.1335,1.1947,1.2067,1.2171,1.1741,1.0968,1.0081,1.0092,1.0074,1.0049,1.4272e-07
1.3451,1.3435,1.9751,1.9705,1.1503,1.2185,1.2063,1.2174,1.107,1.0372,1.0183,1.0116,1.0073,1.0031,2.6835e-07
1.6335,1.6184,1.0493,1.0313,1.1366,1.2038,1.2685,1.2786,1.1577,1.0807,1.0085,1.0093,1.0039,1.0033,1.1936e-05
1.015,1.0136,3.9739,3.9722,12.371,12.436,8.3385,8.3491,1.1249,1.0482,1.0091,1.0093,1.007,1.0038,3.1636e-07
1.0148,1.013,5.6471,5.6473,12.613,12.676,18.87,18.881,1.2802,1.2031,1.0102,1.0106,1.007,1.003,3.1575e-07
1.8764,1.7535,1.0449,1.0497,1.1344,1.193,1.4288,1.4393,1.1444,1.0721,1.015,1.0112,1.0081,1.0032,1.0887e-07
1.0177,1.0134,1.0354,1.0397,1.0854,1.146,1.1585,1.1685,1.1663,1.0908,1.0103,1.0093,1.0039,1.0034,1.1853e-05
1.1572,1.0293,1.0285,1.0308,1.0653,1.1252,1.1303,1.1419,1.1025,1.0254,1.0088,1.0093,1.0065,1.0034,8.6233e-07
1.0351,1.033,1.032,1.0339,1.1041,1.1668,17.331,17.341,13.675,13.629,1.0415,1.0113,1.008,1.0049,9.7193e-08
1.0565,1.0549,2.2805,2.2865,2.4651,2.5231,3.1228,3.1339,1.1698,1.0947,1.0101,1.0082,1.0071,1.003,2.222e-07
1.1667,1.1647,1.722,1.7818,3.5346,3.5392,1.1621,1.1715,1.2146,1.1418,1.0134,1.0105,1.0071,1.0033,3.343e-07
1.018,1.0263,1.3409,1.3359,1.8432,1.9024,1.1662,1.1759,4.0859,4.0161,1.0149,1.0084,1.0072,1.0032,1.3269e-07
1.4073,1.4084,1.0562,1.0392,1.0821,1.1493,1.229,1.2396,1.1193,1.0799,1.0463,1.0095,1.004,1.0036,1.2132e-05
1.0833,1.0526,2.826,2.8266,1.1395,1.2018,1.1795,1.1889,1.1061,1.0288,1.0072,1.0086,1.0062,1.0029,1.3692e-06
1.9168,1.915,5.7661,5.767,4.2208,4.2846,1.1823,1.193,1.1155,1.0416,1.012,1.0091,1.0075,1.0032,6.4091e-08
1.0142,1.0139,1.0342,1.0356,12.533,12.595,27.609,27.619,1.3341,1.2583,1.0147,1.0133,1.0073,1.0035,1.1676e-07
2.264,2.2729,1.1238,1.114,1.046,1.1064,1.1122,1.1229,1.1519,1.0775,1.0111,1.0088,1.0074,1.004,1.328e-07
1.899,1.8993,5.8975,5.8978,5.5231,5.5852,1.1967,1.207,1.1691,1.159,1.0751,1.0087,1.0065,1.0037,8.5087e-07
1.0283,1.0655,1.0815,1.0406,1.1142,1.1786,2.7715,2.7821,1.1568,1.1307,1.0772,1.0267,1.0073,1.0052,8.9933e-08
1.0416,1.0453,4.0195,4.1288,1.3231,1.2723,1.1847,1.1955,1.2424,1.167,1.0148,1.0135,1.0073,1.0078,1.1636e-07
1.0152,1.0185,1.7945,1.7924,12.117,12.178,27.61,27.62,1.221,1.145,1.0141,1.0132,1.0073,1.0035,1.1676e-07
1.0652,1.1214,1.839,1.7828,1.567,1.6291,1.1852,1.1959,1.1402,1.0653,1.0118,1.0104,1.0074,1.0036,9.5567e-08
1.0133,1.0122,1.4643,1.6234,1.328,1.2326,10.569,10.58,1.218,1.1776,1.0447,1.0087,1.0075,1.0063,8.018e-08
1.0317,1.0293,4.5416,4.6805,2.9714,2.8971,1.4548,1.4653,1.1484,1.0763,1.0653,1.061,1.0078,1.0032,8.4569e-08
1.0279,1.0389,1.2625,1.2464,1.0996,1.1646,2.221,2.2305,1.1479,1.1241,1.0893,1.0371,1.007,1.003,3.2122e-07
1.1235,1.093,1.0405,1.0401,2.1138,2.1774,2.8218,2.8327,1.4169,1.4046,1.0979,1.0331,1.0074,1.0047,6.6947e-08
1.0668,1.0408,3.6339,3.6324,5.4483,5.51,1.2279,1.2381,1.2722,1.208,1.021,1.0087,1.0074,1.0038,7.56e-08
1.0562,1.0724,1.0664,1.0453,2.0709,2.1369,8.1961,8.2069,13.025,13.057,1.118,1.009,1.0074,1.0035,5.7124e-08
1.0197,1.0187,1.0418,1.0449,3.3964,3.4556,1.2164,1.2262,1.1062,1.0328,1.0138,1.0113,1.0074,1.0052,1.1708e-07
1.0601,1.0596,2.4897,2.4886,1.1115,1.1755,1.3547,1.3645,1.1096,1.033,1.008,1.0107,1.0091,1.0031,1.1015e-07
1.2121,1.21,1.1782,1.1907,2.7415,2.7931,26.646,26.656,11.89,11.818,1.0142,1.0094,1.0074,1.0032,5.6441e-08
1.8666,1.8665,4.666,4.6636,2.564,2.6282,1.1965,1.2073,1.1276,1.0878,1.0456,1.0088,1.0057,1.0029,2.5498e-06
1.9071,1.9057,1.292,1.2904,2.5542,2.6193,1.1885,1.199,1.1481,1.0745,1.0118,1.0089,1.0057,1.0032,2.5504e-06
1.09,1.1175,1.0708,1.042,6.0726,6.1356,1.6159,1.626,1.1272,1.0536,1.061,1.0581,1.0073,1.0032,1.2763e-07
1.9861,1.9843,6.6051,6.6066,5.5445,5.6077,1.2237,1.234,1.1709,1.0957,1.0099,1.0086,1.0065,1.004,8.5115e-07
2.0487,2.0646,1.3993,1.3773,1.0875,1.1546,3.5788,3.5896,1.2425,1.164,1.0099,1.0118,1.0074,1.0034,8.9552e-08
1.0549,1.0366,1.0457,1.0324,4.0927,4.1614,1.3927,1.4028,1.2096,1.1463,1.0209,1.0088,1.0081,1.0165,9.1665e-08
1.8209,1.8379,3.3754,3.358,1.103,1.166,1.6893,1.7001,1.1847,1.1665,1.1206,1.0628,1.0082,1.003,1.3187e-07
1.0362,1.0426,1.1764,1.1716,1.067,1.1277,2.2317,2.2425,1.1151,1.0444,1.0154,1.0094,1.0072,1.0044,1.3808e-07
1.2441,1.2566,1.0576,1.0572,1.1341,1.1844,3.5395,3.5505,1.1588,1.0819,1.0105,1.0108,1.0067,1.0086,8.4779e-07
1.0174,1.017,1.0416,1.0362,1.0853,1.1538,1.1314,1.1406,4.1733,4.1308,1.46,1.4268,1.0074,1.0034,5.9398e-08
1.021,1.0194,2.3134,2.3144,1.0967,1.1599,3.1818,3.1923,1.1762,1.1404,1.0492,1.0082,1.0072,1.0031,1.6832e-07
2.0355,2.0341,5.0265,5.0293,4.218,4.2795,1.1916,1.2023,1.1155,1.0413,1.0138,1.0113,1.007,1.003,3.977e-07
2.1256,2.1338,1.6648,1.6457,1.0702,1.1371,1.4521,1.4626,1.192,1.1149,1.0235,1.0241,1.0071,1.0035,2.4847e-07
1.8497,1.85,3.434,3.4343,1.1096,1.1718,1.1965,1.2066,1.1162,1.0518,1.0203,1.0085,1.0068,1.0028,8.501e-07
1.9175,1.9325,3.7214,3.7058,4.2242,4.2868,1.2164,1.2269,1.1774,1.1029,1.033,1.0314,1.0065,1.0043,8.2389e-07
1.9942,1.9948,4.4428,4.4401,1.0971,1.1613,1.3423,1.3541,1.1715,1.131,1.0499,1.0129,1.0057,1.0029,2.5497e-06
1.0154,1.0956,1.1263,1.1595,2.6154,2.5644,1.2892,1.2996,1.1139,1.0388,1.0099,1.0084,1.0075,1.0147,1.2024e-07
1.0266,1.0236,1.0491,1.0574,1.0896,1.1455,1.1612,1.1714,3.154,3.1067,1.4834,1.4547,1.0074,1.0034,5.3544e-08
1.0262,1.0245,5.8284,5.8248,2.3971,2.4642,1.1952,1.2063,1.14,1.0997,1.0455,1.0089,1.0057,1.0029,2.5498e-06
1.2489,1.219,2.8533,2.8572,1.1585,1.217,4.6764,4.6858,1.1869,1.1094,1.0069,1.0086,1.0063,1.0028,1.3098e-06
1.0616,1.0575,3.8903,3.8925,6.0725,6.1345,1.1056,1.1169,1.1815,1.1072,1.0165,1.0134,1.0078,1.0056,1.4337e-08
1.9029,1.9195,2.8174,2.8025,4.2676,4.3288,1.1758,1.1862,1.1185,1.0849,1.0518,1.0085,1.0072,1.0049,1.3053e-07
1.018,1.0166,1.0434,1.0438,1.116,1.1792,1.3421,1.3526,1.2892,1.2555,1.5453,1.5021,1.0072,1.0031,1.6831e-07
1.1635,1.1618,1.0409,1.1019,1.1337,1.1364,1.3823,1.3924,1.1613,1.0884,1.014,1.0107,1.0074,1.0047,7.2788e-08
1.041,1.0404,3.7454,3.7447,11.685,11.748,1.4125,1.4238,1.3757,1.2987,1.0094,1.0095,1.007,1.0031,3.2758e-07
1.1053,1.1042,5.0927,5.1602,10.455,10.451,8.3228,8.3335,1.1293,1.0552,1.0121,1.0105,1.0082,1.0041,3.4608e-09
1.0297,1.0135,1.1388,1.242,1.2002,1.1607,1.1291,1.1395,1.1821,1.2031,1.1052,1.0083,1.0372,1.033,1.2378e-07
1.0257,1.0337,1.1256,1.1142,1.0893,1.1549,1.1215,1.1309,3.243,3.2188,1.2565,1.2048,1.0075,1.0034,5.3303e-08
1.0141,1.0131,1.0319,1.0353,1.0886,1.1481,1.0964,1.1077,1.1424,1.1547,1.0994,1.0103,1.035,1.0309,1.2381e-07
1.8695,1.8627,2.2556,2.253,1.5627,1.6236,1.3059,1.3162,1.1118,1.0472,1.0236,1.0115,1.0074,1.0077,7.3856e-08
1.0185,1.0329,3.088,3.0661,1.9738,2.042,1.1496,1.1609,1.1841,1.1092,1.0145,1.0128,1.0072,1.0035,2.2384e-07
1.0263,1.0268,1.3463,1.4551,1.2027,1.1548,1.7603,1.7701,5.8432,5.7686,1.0112,1.0093,1.0073,1.0033,8.1036e-08
1.947,1.9421,3.915,3.9171,1.2291,1.2915,1.2328,1.2433,1.18,1.1587,1.0645,1.0091,1.0065,1.0182,8.6317e-07
2.9928,3.0018,1.086,1.0759,1.0449,1.1054,1.221,1.2323,1.1505,1.0732,1.0083,1.0087,1.0074,1.004,1.2593e-07
1.0282,1.0339,2.9469,2.9373,1.0925,1.1555,1.1099,1.1207,1.567,1.4911,1.2049,1.2043,1.0074,1.0035,8.2163e-08
1.124,1.1222,1.8221,1.8334,1.1058,1.1591,10.847,10.857,4.5197,4.5055,1.0715,1.009,1.007,1.0044,3.1153e-07
1.2082,1.231,5.7243,5.7006,11.083,11.146,1.3979,1.4093,1.4302,1.4172,1.1504,1.0861,1.007,1.0099,3.2088e-07
1.1367,1.131,1.2882,1.2978,2.1131,2.168,16.108,16.119,5.4844,5.4079,1.0095,1.0097,1.0074,1.0032,5.7579e-08
1.2235,1.226,3.8264,3.8182,7.613,7.6799,1.3054,1.3161,1.1557,1.0804,1.0106,1.01,1.0074,1.0041,7.8037e-08
1.9951,2.0108,1.0745,1.0528,1.0798,1.147,3.5815,3.5922,1.252,1.1739,1.167,1.1687,1.0074,1.0036,8.9561e-08
1.9923,1.995,3.7832,3.7826,10.927,10.984,3.2328,3.2441,1.1299,1.1156,1.0703,1.0082,1.0074,1.0034,5.2041e-08
1.0268,1.0445,1.0583,1.0424,1.1416,1.2016,1.4183,1.4304,1.1995,1.1572,1.1013,1.067,1.0082,1.0031,1.3315e-07
1.4667,1.5357,5.0381,4.9548,8.5545,8.6193,1.6372,1.6491,1.1404,1.0626,1.008,1.0085,1.0072,1.0033,1.387e-07
1.0782,1.0759,5.6642,5.6612,12.75,12.816,11.622,11.634,1.1673,1.0893,1.01,1.0105,1.0073,1.0032,1.1421e-07
1.9845,1.9824,5.9348,5.9321,2.4014,2.4693,10.943,10.953,1.124,1.0479,1.009,1.0086,1.0065,1.0041,8.5104e-07
1.0225,1.0198,1.0309,1.0369,1.095,1.1538,1.1967,1.2069,1.2571,1.2078,1.1978,1.1752,1.0117,1.0036,1.1356e-07
1.0196,1.047,1.2141,1.1927,1.2471,1.3037,1.5682,1.5779,10.044,9.98,1.1971,1.1853,1.0073,1.0031,9.2678e-08
2.1553,2.14,3.2376,3.2195,1.1153,1.1826,1.2877,1.298,1.1201,1.0579,1.0238,1.0095,1.0038,1.0033,1.223e-05
1.105,1.1034,5.2398,5.3105,5.8177,5.8108,8.3579,8.3686,1.2967,1.2224,1.0118,1.0103,1.0082,1.004,3.4606e-09
1.0142,1.0121,1.0929,1.0938,1.1328,1.1963,13.071,13.081,5.6464,5.6112,1.5355,1.4944,1.0072,1.0032,1.6834e-07
1.016,1.0147,1.7068,1.7023,1.0841,1.1516,1.3588,1.3691,1.2895,1.3027,1.2736,1.1842,1.0074,1.0032,5.9516e-08
1.1751,1.1568,2.4448,2.4395,5.4134,5.4798,1.12,1.1307,1.353,1.2772,1.0098,1.0092,1.0074,1.0058,2.5124e-07
1.0532,1.0124,1.0492,1.0523,7.0897,7.1512,19.744,19.753,9.2928,9.2506,1.2258,1.193,1.0081,1.0035,5.8463e-08
1.0134,1.0121,4.559,4.5601,11.983,12.046,22.332,22.342,4.9177,4.843,1.0124,1.0106,1.007,1.003,3.0679e-07
1.0166,1.0245,1.0441,1.0313,1.2211,1.2885,1.3694,1.3795,3.3535,3.2779,1.009,1.0081,1.0072,1.0031,1.3705e-07
1.0199,1.0212,3.0411,3.0963,3.9774,3.9836,1.2062,1.2159,3.6208,3.6279,1.3422,1.2593,1.0074,1.0036,5.6972e-08
1.016,1.0262,1.4486,1.5926,4.8972,4.8046,1.1833,1.1938,1.1465,1.1088,1.0472,1.0087,1.0075,1.0042,8.0007e-08
1.0198,1.02,1.0675,1.0674,1.0705,1.1326,1.5101,1.521,15.403,15.335,1.5765,1.5679,1.0073,1.0031,8.245e-08
1.0219,1.0409,1.0673,1.1764,1.3475,1.2821,9.331,9.3418,4.9776,4.9021,1.0101,1.0086,1.0073,1.0035,1.3038e-07
1.1189,1.1329,3.5854,3.5679,6.1424,6.2085,11.118,11.129,1.1849,1.1375,1.0428,1.0182,1.0133,1.0033,1.4305e-08
1.15,1.1484,1.0337,1.0306,1.1231,1.1902,20.507,20.517,9.0746,9.0389,1.2156,1.1747,1.0073,1.0032,9.3891e-08
1.0179,1.0307,1.7171,1.7093,1.9121,1.9671,1.458,1.4679,1.1288,1.0618,1.1857,1.1766,1.0071,1.0036,2.4606e-07
1.0863,1.0547,2.0834,2.0841,1.2104,1.2727,1.1873,1.1969,11.433,11.354,1.17,1.1723,1.0062,1.0029,1.3692e-06
1.0366,1.0346,1.0325,1.0276,1.0925,1.1617,1.3329,1.3421,5.6302,5.6179,1.2364,1.1731,1.0072,1.0042,1.4006e-07
1.0259,1.0323,1.1032,1.0837,1.0585,1.1248,1.1781,1.1895,1.2587,1.181,1.0098,1.0107,1.0069,1.003,4.0579e-07
1.0174,1.0164,1.0863,1.0867,1.0962,1.1588,1.3641,1.3746,2.2756,2.2898,1.4232,1.3325,1.0074,1.0032,5.8517e-08
1.0142,1.0123,1.3671,1.3636,1.1189,1.1868,1.5267,1.5366,1.2306,1.1624,1.0162,1.0085,1.0073,1.0035,1.1965e-07
1.015,1.023,1.0521,1.0719,7.2083,7.2425,22.347,22.357,12.085,12.029,1.0305,1.01,1.0074,1.0033,5.9323e-08
1.0234,1.0221,3.5196,3.5211,1.0982,1.1607,1.1994,1.2083,3.9506,3.8825,1.2314,1.2239,1.007,1.0034,2.9495e-07
1.8803,1.8803,1.2719,1.2694,3.3662,3.4309,1.2729,1.2834,1.148,1.0751,1.1716,1.1679,1.0057,1.0032,2.5504e-06
1.0235,1.0232,1.0401,1.0348,11.207,11.273,21.565,21.576,1.2336,1.1578,1.0149,1.0136,1.0073,1.0036,1.1765e-07
1.018,1.017,1.0273,1.0405,1.1238,1.1734,5.1067,5.117,8.9438,8.8966,1.3356,1.3069,1.0076,1.0032,5.7744e-08
1.5145,1.5022,1.8261,1.827,6.1866,6.2491,1.6402,1.6513,1.2662,1.1877,1.0082,1.0102,1.0039,1.0034,1.212e-05
1.0374,1.0375,1.0339,1.0282,3.2363,3.3035,1.3562,1.3663,7.4985,7.538,1.422,1.3066,1.0073,1.0031,9.2561e-08
1.0336,1.0263,1.0409,1.3322,1.3815,1.1455,1.299,1.3095,4.6284,4.5957,1.0599,1.0161,1.0071,1.003,2.4841e-07
1.0204,1.0186,3.5852,3.5858,7.4239,7.4877,3.5134,3.5241,1.1189,1.0456,1.19,1.186,1.0073,1.0031,8.9523e-08
1.0164,1.0119,1.0796,1.2238,11.147,11.067,12.525,12.535,5.5289,5.508,1.0823,1.0268,1.0073,1.0033,1.1871e-07
1.0346,1.0249,1.1217,1.1258,1.0651,1.1229,1.1393,1.1502,2.4937,2.4178,1.0084,1.0089,1.008,1.004,2.4994e-07
1.0977,1.1162,2.8672,2.8652,2.9936,3.0397,1.8199,1.831,1.1071,1.119,1.1023,1.0137,1.0078,1.0047,1.197e-07
1.0239,1.0219,1.0458,1.0578,1.1711,1.2231,15.502,15.513,12.15,12.184,1.8717,1.7608,1.0073,1.0032,1.1475e-07
1.0198,1.0159,1.1052,1.1127,1.7986,1.8551,3.6104,3.6211,5.7069,5.6881,1.2261,1.1682,1.0075,1.0033,4.9222e-08
1.0332,1.0348,2.1105,2.2456,2.9445,2.87,1.2546,1.2654,4.7073,4.6333,1.0648,1.0935,1.0391,1.0032,8.4568e-08
1.0145,1.0133,1.0464,1.1755,1.3452,1.2802,24.536,24.547,8.0957,8.0848,1.0752,1.0087,1.0074,1.0031,7.7329e-08
1.5609,1.5864,1.7802,1.7779,6.0144,6.0537,10.604,10.615,1.1507,1.1101,1.0469,1.0107,1.0073,1.0054,1.1517e-07
1.0358,1.0337,1.4935,1.49,1.0814,1.1493,26.742,26.752,13.44,13.395,1.0705,1.0395,1.0073,1.0051,9.7208e-08
1.0529,1.0678,1.0437,1.028,1.0528,1.1158,9.149,9.1595,2.9505,2.9279,1.0649,1.0113,1.0066,1.0034,1.3163e-06
1.0543,1.0534,2.0531,2.0553,1.2095,1.2714,1.1521,1.1615,5.2471,5.1697,1.0071,1.0084,1.0062,1.0028,1.3691e-06
1.4282,1.4273,3.0708,3.0751,2.5838,2.642,2.1916,2.2029,3.9318,3.8591,1.0201,1.0161,1.0074,1.0032,5.4517e-08
1.015,1.0131,1.0281,1.0349,1.1014,1.1592,1.1576,1.1679,8.7126,8.7479,2.0087,1.8964,1.0073,1.003,1.1679e-07
1.1343,1.1307,1.063,1.211,2.0501,1.9514,9.8262,9.8366,4.683,4.615,1.0173,1.0091,1.007,1.0031,2.5294e-07
1.1918,1.1948,3.0318,3.033,11.563,11.62,8.3331,8.3443,1.1298,1.0589,1.0155,1.0103,1.0075,1.0038,5.1067e-08
1.0179,1.0269,1.8357,1.8303,1.0822,1.1407,18.385,18.396,1.6279,1.6673,1.3847,1.269,1.0074,1.0032,7.3045e-08
1.0142,1.0252,2.7145,2.7098,11.515,11.57,27.348,27.359,1.1585,1.0833,1.0141,1.0126,1.0072,1.0036,1.3031e-07
1.067,1.0757,1.0604,1.0403,2.869,2.933,1.4065,1.4168,1.1691,1.1377,1.055,1.0098,1.0073,1.0033,9.4863e-08
1.0371,1.0353,1.0293,1.0372,1.0778,1.1341,16.092,16.101,13.847,13.827,1.3618,1.308,1.0084,1.0035,2.2423e-07
1.0155,1.014,2.9775,2.9894,8.5842,8.6354,1.7926,1.8039,1.2474,1.1795,1.0208,1.0116,1.0073,1.0037,1.1957e-07
1.8173,1.8379,3.4964,3.4767,1.721,1.782,1.3438,1.3545,1.1729,1.1431,1.0562,1.0095,1.0071,1.0031,2.597e-07
1.0254,1.0233,1.9599,1.9684,7.1223,7.1789,1.5173,1.5268,4.9568,4.998,1.1335,1.016,1.0077,1.0031,7.3377e-08
1.0237,1.024,1.058,1.0564,1.0907,1.1516,1.1744,1.1847,1.2295,1.1854,2.0474,2.0149,1.0074,1.0037,5.2845e-08
1.0947,1.0113,1.0436,1.0412,1.0846,1.1507,1.0927,1.1038,1.2486,1.1739,1.0104,1.0083,1.0345,1.0305,1.2381e-07
1.0516,1.0535,1.0352,1.0344,10.866,10.928,18.645,18.655,1.149,1.0732,1.0136,1.0132,1.0073,1.0035,1.0089e-07
1.0222,1.0399,1.0766,1.0602,1.1447,1.2059,1.1268,1.1366,13.425,13.401,2.0101,1.9574,1.0073,1.003,1.1684e-07
1.0194,1.0201,1.0737,1.2093,2.197,2.1229,3.5797,3.5897,1.2815,1.2127,1.0168,1.0097,1.0075,1.0042,8.1557e-08
1.0145,1.0122,1.0588,1.3164,6.3617,6.1684,9.9309,9.9418,1.2938,1.2233,1.2367,1.2303,1.0073,1.0032,1.1952e-07
1.1334,1.1318,1.5358,1.5362,1.186,1.2497,1.4118,1.4215,3.6714,3.6033,1.1855,1.1773,1.0069,1.0033,3.353e-07
1.0151,1.0137,1.871,1.8724,6.1894,6.2521,8.3219,8.3322,1.1452,1.1591,1.1002,1.0094,1.0073,1.0038,1.2152e-07
1.0349,1.027,3.3183,3.4795,2.397,2.2999,1.3368,1.3461,1.2062,1.1635,1.0427,1.009,1.0074,1.0062,6.2691e-08
1.0156,1.0135,4.5736,4.5744,11.084,11.147,23.593,23.603,1.2742,1.2049,1.0172,1.0104,1.0073,1.0035,9.3894e-08
1.0348,1.0272,1.0495,1.0383,1.1297,1.1931,1.3315,1.3432,4.667,4.5905,1.1713,1.1703,1.0071,1.0038,2.5137e-07
1.0189,1.0163,1.0644,1.2219,5.9473,5.8553,17.22,17.229,1.1317,1.0897,1.1733,1.1399,1.0073,1.003,1.1681e-07
1.9164,1.9144,3.0724,3.0898,5.4741,5.5216,4.0275,4.0381,1.3306,1.2577,1.0398,1.0357,1.0074,1.0066,5.4397e-08
1.0155,1.0134,1.0922,1.137,1.1416,1.1609,11.333,11.343,2.2039,2.2181,1.099,1.0083,1.0074,1.0031,5.8508e-08
1.5958,1.439,1.0864,1.0774,1.19,1.254,1.3546,1.3651,1.1485,1.0754,1.0125,1.0085,1.0073,1.0047,9.5765e-08
1.0151,1.0133,5.2125,5.2079,12.94,13.008,18.928,18.939,1.2851,1.209,1.1856,1.1851,1.007,1.003,3.1575e-07
1.0354,1.0379,1.0482,1.0437,6.371,6.435,27.846,27.857,1.1393,1.063,1.0114,1.0115,1.0071,1.0032,3.2228e-07
1.235,1.2583,1.0939,1.0776,1.0971,1.1523,3.5499,3.5602,1.1506,1.0747,1.0112,1.0113,1.0042,1.0084,1.1586e-05
1.9642,1.9674,5.0711,5.0577,2.74,2.8023,1.1882,1.1986,1.1683,1.0919,1.0114,1.011,1.0065,1.0084,8.4524e-07
1.0124,1.0105,1.0589,1.0558,1.0683,1.1353,3.417,3.4279,2.8414,2.8126,1.0563,1.0087,1.0073,1.0052,1.3737e-07
1.0229,1.041,1.0571,1.1672,1.3489,1.2832,1.351,1.3622,4.8875,4.8115,1.5314,1.5302,1.0073,1.0035,1.1294e-07
1.0149,1.0132,5.5131,5.5168,12.709,12.769,1.129,1.1402,1.2983,1.2222,1.2731,1.2726,1.007,1.003,3.1575e-07
1.0337,1.0252,1.0704,1.0688,1.0451,1.1104,1.1774,1.1885,1.2375,1.189,1.8061,1.7778,1.0074,1.0034,5.2678e-08
1.0147,1.0133,1.0305,1.0319,1.0935,1.1554,1.0963,1.1081,1.2015,1.2142,1.2801,1.1901,1.0072,1.0031,2.2895e-07
1.0179,1.0291,3.0259,3.0142,10.145,10.208,10.888,10.897,2.196,2.1538,1.0426,1.009,1.0073,1.0047,1.1133e-07
1.2012,1.1888,1.0868,1.0912,6.2696,6.3284,8.0959,8.1068,5.4924,5.4147,1.0079,1.0096,1.0084,1.007,0
1.0144,1.0118,1.2904,1.4096,1.322,1.2671,2.5557,2.5659,2.0438,1.9695,1.0122,1.0104,1.007,1.003,3.5629e-07
1.3351,1.3505,4.154,4.3933,3.0524,2.8598,1.2707,1.2816,1.1621,1.0895,1.0701,1.066,1.0076,1.0032,7.9793e-08
1.0181,1.0159,1.0671,1.069,2.8168,2.8793,1.1805,1.1906,1.1534,1.1826,1.2493,1.1441,1.0077,1.0031,9.2648e-08
1.0162,1.0136,1.0324,1.0399,1.0935,1.1512,1.2261,1.2364,6.1995,6.2344,1.8509,1.739,1.0073,1.003,1.1679e-07
1.2494,1.311,1.1844,1.0868,2.9105,2.968,1.2938,1.3035,1.2318,1.1622,1.0179,1.0116,1.0077,1.0032,6.6086e-08
1.0354,1.051,3.5712,3.551,1.0681,1.1345,1.634,1.644,1.178,1.1598,1.1197,1.062,1.0082,1.003,1.3187e-07
1.0154,1.013,1.0298,1.0405,1.8717,1.9253,1.3003,1.3117,1.1863,1.1711,1.6594,1.5972,1.0071,1.0036,2.4606e-07
1.0416,1.0581,1.8997,1.9053,1.0878,1.1279,1.1376,1.1477,1.2276,1.1854,1.0427,1.0087,1.0075,1.0061,8.0164e-08
1.0182,1.017,1.0456,1.0468,1.814,1.8754,1.1102,1.1207,6.1054,6.0624,1.4538,1.4207,1.0074,1.0033,6.3488e-08
1.0178,1.0187,1.1011,1.0999,2.7901,2.8528,13.524,13.535,1.3259,1.2489,1.0145,1.014,1.0074,1.0041,5.1114e-08
1.1041,1.1019,1.0918,1.0865,1.0917,1.1589,1.2071,1.2179,5.4667,5.4522,1.2423,1.1804,1.0074,1.0095,1.0412e-07
1.0256,1.0243,1.0337,1.0482,6.1611,6.2112,1.2682,1.2785,5.7002,5.6308,1.0459,1.0384,1.0074,1.0032,6.1247e-08
1.5666,1.5807,1.0813,1.0629,6.7924,6.8591,3.3041,3.3145,1.2614,1.217,1.0416,1.0092,1.0073,1.0045,1.1692e-07
1.0151,1.0204,1.0441,1.0318,11.764,11.832,27.144,27.155,5.2942,5.218,1.0119,1.011,1.0073,1.0035,1.1676e-07
1.1662,1.1646,1.7224,1.7817,1.1543,1.1588,1.1386,1.1482,1.3203,1.2468,1.2535,1.2512,1.0071,1.0033,3.3431e-07
1.0302,1.0324,2.9375,2.9223,1.2307,1.295,1.2472,1.2572,2.2723,2.2258,1.0394,1.0088,1.0069,1.0034,4.0384e-07
1.0158,1.0315,1.1693,1.149,1.2383,1.3058,1.7267,1.7368,3.3568,3.2815,1.0097,1.0083,1.0072,1.0031,1.3796e-07
1.0172,1.0975,1.1672,1.3239,2.7219,2.5471,1.3442,1.3549,1.1346,1.0584,1.0095,1.009,1.0075,1.0145,1.2021e-07
1.0151,1.0163,1.0378,1.0927,1.1464,1.153,1.1434,1.1538,4.0393,4.0751,1.9525,1.8396,1.0073,1.003,1.1678e-07
1.0681,1.0692,1.0428,1.0361,1.0877,1.1554,1.3253,1.3361,4.3934,4.3272,1.6942,1.6837,1.0071,1.0032,2.2542e-07
1.0177,1.0328,1.1198,1.1002,1.064,1.1304,5.8041,5.8149,1.2598,1.1827,1.0165,1.0171,1.0068,1.0031,4.3941e-07
1.0721,1.0698,1.0312,1.0335,12.178,12.241,20.626,20.637,5.3347,5.2593,1.0151,1.0137,1.0073,1.0035,1.1693e-07
1.3716,1.372,2.0706,2.0699,1.1148,1.178,1.9395,1.9495,1.4028,1.3279,1.2083,1.207,1.0033,1.0088,2.0608e-05
1.1069,1.1056,1.1059,1.0917,1.2547,1.3222,11.178,11.189,1.2298,1.1534,1.0088,1.0087,1.01,1.0062,4.0424e-07
1.0244,1.0333,1.8302,1.8192,11.966,12.031,1.4898,1.4998,1.1484,1.0748,1.0159,1.0133,1.0079,1.0033,2.5524e-08
1.1348,1.1078,1.0784,1.1806,7.6519,7.6106,1.3789,1.3896,3.6262,3.5492,1.1726,1.1732,1.0073,1.0032,9.1022e-08
1.029,1.0247,1.1292,1.1313,1.1523,1.2146,1.5124,1.5228,3.4859,3.4709,1.239,1.1774,1.007,1.0044,3.2264e-07
1.0886,1.1159,1.0796,1.1478,6.0686,6.0343,1.6209,1.6314,2.1443,2.0712,1.0616,1.0583,1.0073,1.0031,1.269e-07
1.1392,1.1947,3.8444,3.7888,2.3231,2.386,10.942,10.952,1.1302,1.0543,1.0085,1.0083,1.0066,1.004,8.5099e-07
1.0654,1.0676,1.0356,1.035,5.8313,5.8925,18.704,18.713,6.1859,6.118,1.128,1.1203,1.0073,1.0034,1.0088e-07
1.9477,1.9457,4.6759,4.677,5.5521,5.6153,1.223,1.2337,2.3073,2.2397,1.0178,1.0087,1.0074,1.0042,6.3137e-08
1.5484,1.6176,5.0323,4.9483,8.5508,8.6167,1.6404,1.6514,2.5363,2.459,1.2571,1.2576,1.0072,1.0032,1.387e-07
1.0256,1.0318,1.1208,1.1012,1.0665,1.1334,1.1664,1.1775,1.2311,1.1532,1.1896,1.1904,1.0069,1.003,4.0581e-07
1.0147,1.0299,3.2605,3.2451,1.0731,1.136,1.464,1.4747,1.2128,1.1386,1.0636,1.0617,1.0082,1.003,1.3188e-07
1.0842,1.0752,1.0847,1.0818,1.191,1.2582,1.179,1.1898,1.2997,1.224,1.7786,1.7778,1.0101,1.006,4.7282e-08
1.0237,1.0227,1.0511,1.05,1.2119,1.276,1.2823,1.2935,11.706,11.656,1.3594,1.3327,1.0074,1.0033,5.9521e-08
1.0144,1.0208,1.4775,1.4727,12.447,12.508,16.108,16.118,5.7374,5.6618,1.0097,1.0086,1.0073,1.0036,1.1389e-07
1.0596,1.0249,1.1243,1.1244,1.0867,1.1508,17.56,17.57,3.3602,3.3501,1.0953,1.0295,1.007,1.003,3.1575e-07
1.0161,1.0347,1.0532,1.0396,1.4108,1.4678,1.2398,1.2512,6.2097,6.2413,1.5876,1.4786,1.0073,1.0031,1.1679e-07
1.0626,1.0777,2.7252,2.7101,2.7864,2.8492,13.519,13.53,1.3258,1.25,1.0153,1.0139,1.0074,1.0041,5.1114e-08
1.7471,1.7472,2.8998,2.8946,1.0623,1.13,1.2067,1.2173,1.1403,1.0649,1.0096,1.0083,1.0065,1.0029,8.5014e-07
1.0949,1.0929,3.5278,3.6384,3.9991,3.9527,3.6896,3.6998,2.9004,2.8298,1.0153,1.0096,1.0074,1.0033,8.1968e-08
1.8261,1.8201,3.6451,3.6472,1.1065,1.1691,2.0463,2.0563,1.1602,1.1425,1.0699,1.012,1.0084,1.003,8.2605e-08
1.0195,1.0177,1.0596,1.0613,1.076,1.1377,1.6166,1.6281,9.9259,9.8574,1.4697,1.4614,1.0073,1.0031,8.8318e-08
1.0267,1.0296,1.0935,1.0959,1.1691,1.2265,18.769,18.78,3.4654,3.3963,1.1892,1.1813,1.0073,1.0047,9.7131e-08
1.0307,1.029,1.0739,1.2063,1.4427,1.3747,6.4756,6.4856,1.2394,1.1642,1.7122,1.7108,1.0073,1.0132,9.269e-08
1.0176,1.0414,1.0822,1.0619,1.1205,1.1792,1.2322,1.2423,4.137,4.0631,1.0108,1.0084,1.0072,1.0032,1.3269e-07
1.0247,1.0427,1.0573,1.0442,1.0426,1.1,11.318,11.329,4.8874,4.8113,1.5314,1.5301,1.0073,1.0031,1.129e-07
1.0526,1.0504,1.0384,1.0344,1.3441,1.4124,11.309,11.32,13.355,13.282,1.0165,1.012,1.0073,1.0032,8.0975e-08
1.4399,1.2763,1.0704,1.0684,1.1045,1.1711,1.346,1.3561,1.1546,1.131,1.0615,1.0085,1.0074,1.0032,5.1376e-08
1.014,1.0128,1.0362,1.0446,12.076,12.131,21.259,21.269,9.0686,8.9907,1.0093,1.0107,1.007,1.003,3.0678e-07
1.0253,1.0231,1.0832,1.0967,1.3016,1.3528,15.713,15.724,1.2312,1.1562,1.1841,1.1825,1.0074,1.0035,7.4821e-08
1.0251,1.0232,1.1171,1.2525,1.4531,1.3826,16.492,16.502,1.1907,1.1163,1.5389,1.5398,1.0107,1.0031,1.1277e-07
1.0138,1.0256,2.6743,2.6697,7.288,7.3436,18.819,18.829,1.1895,1.1136,1.0111,1.0103,1.007,1.0036,3.3423e-07
1.0235,1.0232,1.0483,1.0431,1.1654,1.2331,1.2938,1.3048,14.007,13.965,1.2317,1.1971,1.0074,1.0033,5.9549e-08
1.1017,1.1097,1.0583,1.0451,1.1137,1.181,1.3761,1.3862,3.3653,3.2902,1.0096,1.0081,1.0073,1.0033,8.1759e-08
1.0142,1.0148,2.8361,2.8298,2.8425,2.9107,18.346,18.356,1.3039,1.2921,1.0827,1.0172,1.0074,1.0032,4.9371e-08
1.0131,1.0117,5.2884,5.2895,11.983,12.046,22.106,22.116,4.9179,4.8426,1.0118,1.0106,1.007,1.003,3.152e-07
1.0212,1.0206,4.5841,4.5791,7.4383,7.5063,1.2878,1.2983,1.1141,1.0433,1.0264,1.0248,1.0117,1.0032,8.1953e-08
1.0277,1.0262,1.0995,1.0954,1.0552,1.1229,1.631,1.6413,1.2671,1.1912,1.2729,1.2726,1.0074,1.0034,8.4986e-08
1.2566,1.2276,2.8541,2.8489,1.2693,1.3363,6.7855,6.7943,1.1923,1.1166,1.0086,1.0086,1.0063,1.0028,1.3098e-06
1.0299,1.0198,1.038,1.0349,1.041,1.1074,1.1786,1.1892,1.2437,1.1677,1.0112,1.011,1.0069,1.003,4.0412e-07
1.0234,1.0213,3.5229,3.5252,1.1357,1.1978,1.2066,1.2158,2.9004,2.831,1.2256,1.2195,1.0073,1.0033,1.1891e-07
1.0426,1.0436,1.0347,1.3201,4.255,4.0306,11.106,11.116,1.1817,1.1098,1.0139,1.01,1.0072,1.0034,1.322e-07
1.0308,1.0342,1.1262,1.1261,1.0996,1.1582,1.1366,1.1473,1.2091,1.2398,1.1193,1.0117,1.0071,1.0032,3.2271e-07
1.017,1.025,3.0755,3.0627,1.1269,1.1943,1.2828,1.2925,3.3552,3.2917,1.0316,1.0189,1.0072,1.0032,1.3706e-07
1.0796,1.0981,2.0902,2.0758,7.121,7.1787,1.1753,1.1862,1.1587,1.0844,1.0112,1.0086,1.0069,1.0029,4.2182e-07
1.0219,1.0412,1.0716,1.1805,7.2149,7.1493,8.2965,8.3073,5.075,4.9986,1.0101,1.0096,1.0073,1.0365,9.5862e-08
1.0436,1.0867,3.5243,3.4808,2.9086,2.9717,1.3961,1.4057,1.1596,1.1295,1.3211,1.2749,1.0073,1.0033,9.4863e-08
1.3445,1.3607,1.6451,1.6389,1.1427,1.1958,1.1335,1.143,1.1289,1.0634,1.0215,1.0113,1.0073,1.0031,4.0122e-07
1.0141,1.0117,1.0328,1.0403,6.3073,6.3651,7.9498,7.9598,7.5912,7.6273,2.0207,1.9082,1.0076,1.003,1.1679e-07
1.0253,1.0257,1.1075,1.1071,1.1032,1.166,1.1863,1.1958,2.1986,2.1295,1.2374,1.2301,1.007,1.0034,2.9495e-07
3.5283,3.5283,1.3931,1.3891,1.0747,1.141,1.2329,1.2436,1.1695,1.0927,1.0251,1.0253,1.0071,1.003,2.4833e-07
1.0262,1.0455,1.061,1.1496,1.1986,1.1516,1.4088,1.4193,5.8709,5.7957,1.0584,1.057,1.0072,1.0032,1.2989e-07
1.0239,1.0267,3.3174,3.4286,1.4008,1.3492,6.2079,6.2192,1.1371,1.0643,1.5403,1.5357,1.0074,1.0032,7.4804e-08
1.1675,1.1839,1.098,1.0802,1.273,1.3363,1.5451,1.5556,1.4028,1.417,1.4192,1.3286,1.0074,1.0031,5.8512e-08
1.0196,1.0125,1.4535,1.7096,10.398,10.206,16.145,16.156,5.7584,5.7139,1.1976,1.1652,1.0076,1.0038,5.9467e-08
1.0911,1.0637,1.4182,1.4173,2.3798,2.4447,7.8217,7.8317,1.1401,1.1219,1.0872,1.0285,1.0073,1.0038,1.1641e-07
1.0143,1.0168,2.9189,2.9164,1.8081,1.8701,3.6398,3.651,5.6912,5.6774,1.0765,1.0136,1.007,1.0033,3.1584e-07
1.0312,1.0477,1.2799,1.2637,1.3096,1.372,6.1351,6.1452,1.398,1.3247,1.2173,1.2142,1.0075,1.0122,1.905e-08
1.0144,1.0122,1.2799,1.2749,1.0924,1.1608,4.5479,4.559,1.1607,1.0838,1.0083,1.0087,1.042,1.0375,1.238e-07
1.1422,1.1536,1.0856,1.0702,5.3115,5.3777,1.3834,1.3931,1.2167,1.1422,1.0652,1.064,1.0074,1.0043,5.6072e-08
1.0243,1.0614,1.0785,1.0441,1.2153,1.2745,10.582,10.593,11.659,11.591,1.1742,1.1651,1.0074,1.0033,5.9522e-08
1.0148,1.0238,1.0436,1.0629,7.2305,7.2647,22.347,22.357,9.4176,9.3645,1.0333,1.0097,1.0074,1.0036,5.9343e-08
1.1028,1.1058,3.0404,3.0355,7.3334,7.3963,7.9946,8.0059,1.1272,1.0556,1.0131,1.0084,1.0074,1.003,9.0614e-08
1.0168,1.0149,4.5681,4.666,11.167,11.133,15.886,15.895,1.2746,1.2009,1.012,1.0104,1.0073,1.0035,9.39e-08
1.0165,1.035,1.2096,1.2499,1.775,1.7788,1.1324,1.1427,1.5221,1.4528,1.0195,1.0131,1.0079,1.0031,3.4924e-07
1.0248,1.0229,1.0329,1.046,6.053,6.1037,10.651,10.661,1.2469,1.1726,1.0136,1.0125,1.0074,1.0032,5.6431e-08
1.016,1.0138,1.0833,1.0851,1.0928,1.1549,1.3761,1.3868,1.351,1.3361,1.3964,1.3349,1.0075,1.0033,5.8521e-08
1.2493,1.22,2.936,2.9393,1.1709,1.2297,1.2232,1.2321,1.1797,1.1049,1.009,1.0085,1.0071,1.0028,2.4625e-07
1.0147,1.0285,2.643,2.6329,2.9985,3.0566,19.768,19.779,2.6478,2.5999,1.0379,1.0088,1.0071,1.0039,2.3859e-07
1.1403,1.1397,1.3021,1.4661,6.0241,5.9228,4.6058,4.6163,8.651,8.5735,1.0105,1.0114,1.0063,1.0028,1.3016e-06
1.0362,1.0357,1.1114,1.2205,4.1383,4.0924,3.8362,3.8469,1.1069,1.0366,1.023,1.0161,1.0072,1.0032,1.3732e-07
1.017,1.0185,1.4608,1.4622,13.097,13.156,6.122,6.1319,1.3002,1.2253,1.1765,1.175,1.0073,1.0034,1.1278e-07
1.0485,1.02,2.9385,2.9389,2.3393,2.4014,5.8658,5.8749,9.7166,9.675,1.2181,1.184,1.0065,1.0031,8.3751e-07
1.0233,1.0219,2.6513,2.6505,5.7115,5.7762,1.2804,1.2912,1.1662,1.1548,1.2392,1.1739,1.0074,1.0034,8.1523e-08
1.2202,1.2233,1.0402,1.0369,5.3539,5.416,8.7602,8.7712,1.1241,1.0499,1.0129,1.0108,1.0075,1.0038,5.0264e-08
1.5604,1.5739,1.0815,1.0708,6.6825,6.7418,1.1755,1.1865,1.2579,1.2123,1.0406,1.0093,1.0073,1.0045,1.1691e-07
1.0473,1.0608,1.3083,1.288,1.1014,1.1709,1.9168,1.9268,8.4801,8.4661,1.2343,1.1718,1.0074,1.0036,5.467e-08
1.6134,1.6127,1.7714,1.7684,7.2984,7.3641,1.5785,1.5893,1.2879,1.2667,1.0649,1.0095,1.007,1.0032,3.2739e-07
1.0364,1.0124,1.04,1.0455,6.0571,6.1152,20.031,20.043,1.4295,1.3562,1.0754,1.0738,1.0093,1.0063,1.1711e-07
1.0205,1.019,1.0376,1.0375,11.252,11.317,1.2996,1.3098,1.1394,1.0635,1.1426,1.1421,1.0079,1.0034,2.5524e-08
1.8526,1.8528,1.5152,1.5156,1.2174,1.2796,1.2679,1.279,1.1147,1.0385,1.0097,1.0087,1.0068,1.0028,8.5007e-07
1.1028,1.1011,3.9323,3.9989,5.8118,5.8091,8.3598,8.3703,1.296,1.2211,1.0158,1.0143,1.0077,1.004,2.2279e-09
1.0181,1.0215,1.0371,1.051,1.1158,1.1614,3.1113,3.1212,11.959,11.908,1.2085,1.1826,1.0074,1.0033,5.9666e-08
1.0478,1.0144,1.0329,1.0393,1.0996,1.1578,1.2179,1.2279,11.443,11.42,1.9456,1.8911,1.0062,1.0028,1.4522e-06
2.1558,2.1567,1.0756,1.0593,1.0437,1.1102,1.1497,1.1606,1.1302,1.0539,1.01,1.0101,1.0039,1.0044,1.2142e-05
1.0567,1.0564,1.0247,1.0201,6.0352,6.1033,1.1584,1.1679,5.2722,5.197,1.0096,1.0087,1.0062,1.003,1.369e-06
1.1051,1.1041,5.104,5.1717,10.475,10.47,8.3481,8.3588,1.1151,1.0404,1.0445,1.0432,1.0079,1.0032,4.9089e-09
1.0199,1.0139,1.8576,1.8589,1.2248,1.2877,1.3458,1.3559,1.1473,1.1352,1.074,1.0102,1.0082,1.0164,9.2442e-08
1.0473,1.0458,1.033,1.0311,1.1496,1.216,1.2838,1.294,8.3558,8.3836,1.4784,1.3737,1.0074,1.0033,5.2209e-08
1.0204,1.0207,1.0965,1.1034,2.256,2.3112,1.6287,1.6392,6.8333,6.7671,1.607,1.5968,1.0074,1.0032,8.2363e-08
1.0877,1.0859,1.0384,1.0389,1.191,1.2542,1.1,1.1119,1.2275,1.1835,1.2303,1.1971,1.0041,1.0035,1.2509e-05
1.0165,1.0162,1.0634,1.0582,1.1875,1.2556,8.42,8.4304,14.024,13.999,1.2483,1.1982,1.0087,1.0033,5.9545e-08
1.0932,1.1108,1.0963,1.0879,1.1552,1.2079,22.865,22.877,8.3226,8.2766,1.0674,1.0364,1.0075,1.0038,7.2491e-08
1.0238,1.0218,3.4554,3.452,1.067,1.134,1.3306,1.3423,9.4906,9.4466,1.8341,1.8008,1.0074,1.0034,5.8739e-08
1.808,1.8059,1.1601,1.1677,1.1306,1.1873,15.904,15.914,14.072,14.05,1.3607,1.306,1.0071,1.0047,2.2451e-07
1.0907,1.1105,1.0594,1.0374,1.4049,1.4692,12.878,12.889,1.1695,1.1255,1.0424,1.0211,1.0186,1.0033,9.7075e-08
1.0512,1.0235,1.0916,1.0895,7.4598,7.5249,11.336,11.344,1.2022,1.1295,1.5332,1.5303,1.0073,1.0041,8.8414e-08
1.0178,1.0156,1.0624,1.0633,1.119,1.1818,13.065,13.075,1.2523,1.2171,1.0545,1.0135,1.0072,1.0032,1.6835e-07
1.2579,1.2575,1.0975,1.097,1.1346,1.1851,3.5764,3.587,1.1482,1.1598,1.0991,1.011,1.0067,1.0087,8.479e-07
1.0248,1.0434,1.2547,1.2432,1.05,1.1051,15.121,15.132,4.89,4.8168,1.5337,1.5295,1.0076,1.0086,1.8008e-08
1.0143,1.0144,1.0993,1.0937,6.9066,6.9741,20.132,20.144,7.3185,7.3048,1.5793,1.516,1.0076,1.003,1.1678e-07
1.2368,1.2266,1.3514,1.3392,1.13,1.1971,6.0615,6.0724,4.7519,4.6765,1.0114,1.0097,1.0072,1.0032,1.3334e-07
1.015,1.014,1.0326,1.0386,1.115,1.173,3.9082,3.9179,6.2004,6.1785,1.9401,1.8854,1.0073,1.003,1.1697e-07
1.0375,1.0581,1.1223,1.0859,1.2642,1.3318,1.5589,1.5703,1.2497,1.1739,1.2131,1.2121,1.0069,1.0031,4.0583e-07
1.0578,1.057,2.7807,2.778,1.165,1.2304,1.5742,1.5857,1.2214,1.1435,1.0085,1.0108,1.0091,1.0031,1.1015e-07
1.1733,1.172,1.3195,1.3054,1.2471,1.315,4.7328,4.7428,1.273,1.1973,1.0139,1.0134,1.0074,1.0031,5.9604e-08
1.014,1.013,5.2976,5.2985,12.088,12.151,22.294,22.305,1.306,1.2309,1.0227,1.0211,1.007,1.003,3.068e-07
1.0234,1.0203,1.0324,1.0328,6.066,6.1299,7.7729,7.7829,8.3224,8.2525,1.0178,1.0112,1.0073,1.0031,1.1022e-07
1.0237,1.0221,2.955,2.9562,6.0896,6.1529,10.732,10.741,2.5721,2.529,1.0437,1.011,1.0077,1.0036,6.0677e-09
1.0185,1.0195,1.037,1.044,6.6395,6.6939,8.8919,8.9018,4.8436,4.822,1.0664,1.0158,1.0115,1.0032,9.7635e-08
1.0199,1.0299,1.0433,1.0415,6.0387,6.0932,11.567,11.578,9.1016,9.0871,1.0973,1.0348,1.0074,1.003,7.3034e-08
1.1314,1.1298,1.4618,1.4643,2.1045,2.1655,14.253,14.264,5.4649,5.3871,1.0089,1.0099,1.0072,1.0031,1.665e-07
1.1099,1.1071,1.0642,1.0595,6.2648,6.3239,25.175,25.186,5.4201,5.3447,1.0104,1.0136,1.0124,1.0071,0
1.0297,1.0421,1.8865,1.8687,2.0637,2.1292,1.4318,1.4424,4.724,4.6538,1.1963,1.1898,1.0075,1.0086,2.2514e-08
1.016,1.0339,1.0559,1.0479,1.0518,1.1042,11.309,11.32,7.0701,7.0217,1.5582,1.5299,1.0074,1.0031,5.9794e-08
1.0746,1.0732,1.0484,1.0485,1.2318,1.2953,1.2841,1.2953,11.596,11.546,1.3604,1.3331,1.0074,1.0031,5.951e-08
1.2116,1.1663,2.324,2.5083,6.0004,5.8795,2.0203,2.0317,3.324,3.2474,1.1763,1.176,1.0072,1.0032,1.3126e-07
1.1238,1.122,1.0352,1.0368,2.4114,2.4746,1.3824,1.3921,2.2693,2.3043,1.544,1.4324,1.0073,1.0034,1.1683e-07
1.2074,1.1945,1.0925,1.2208,2.4884,2.4236,25.718,25.728,9.5704,9.4943,1.0082,1.0086,1.0078,1.0033,0
1.0641,1.0618,1.0383,1.2137,5.1285,5.0174,18.643,18.654,1.1506,1.0736,1.0112,1.0116,1.0075,1.0031,5.4702e-08
1.2472,1.2356,1.0403,1.0393,1.0818,1.1466,1.3394,1.3502,1.1571,1.0815,1.0095,1.0088,1.0071,1.0031,4.0123e-07
1.0216,1.0192,1.0826,1.2403,5.9444,5.8519,17.217,17.226,5.3787,5.3359,1.1618,1.1288,1.0075,1.065,6.1611e-08
1.0448,1.1442,1.3909,1.4006,1.5702,1.5227,1.624,1.6334,5.8426,5.7683,1.0107,1.0089,1.0073,1.0031,8.1242e-08
1.188,1.156,1.4166,1.5372,1.2864,1.2297,1.4926,1.502,1.1319,1.0601,1.0189,1.015,1.007,1.0048,2.9816e-07
1.0184,1.0164,1.4501,1.5849,1.2657,1.1951,5.615,5.6241,1.1281,1.0555,1.0165,1.0136,1.007,1.0033,2.9775e-07
1.038,1.0637,1.0895,1.0569,1.0822,1.1511,1.8589,1.8696,1.2692,1.1931,1.009,1.0085,1.0073,1.0035,1.237e-07
1.0172,1.0313,2.6429,2.6327,7.2246,7.2826,20.292,20.303,2.6462,2.5986,1.0644,1.035,1.0071,1.0044,2.4675e-07
2.0265,2.0346,1.1017,1.0918,1.1131,1.1774,1.1012,1.1119,1.1205,1.0452,1.0341,1.0325,1.0072,1.0048,2.2798e-07
1.0305,1.0291,1.3475,1.4792,1.4409,1.3738,6.4775,6.4871,1.366,1.2919,1.6392,1.6441,1.0148,1.0031,1.415e-08
1.0247,1.0141,1.0525,1.0497,1.0778,1.1449,19.172,19.183,4.968,4.8902,1.19,1.1914,1.0077,1.0029,4.0579e-07
1.035,1.0351,1.0364,1.036,2.3967,2.4593,12.554,12.564,9.779,9.7339,1.0413,1.0101,1.0073,1.0158,9.8242e-08
1.1118,1.1074,2.6598,2.6477,7.6894,7.7515,1.3541,1.3642,1.1751,1.0994,1.0119,1.0114,1.008,1.0032,1.1672e-07
1.0348,1.0325,1.4142,1.5534,1.2469,1.1721,1.254,1.2644,5.1166,5.0796,1.5778,1.57,1.039,1.0032,8.4105e-08
1.0141,1.0121,1.0287,1.0264,1.0893,1.1555,1.1852,1.1957,1.2819,1.2383,1.3793,1.3509,1.0118,1.0036,1.1355e-07
1.0514,1.0361,1.0508,1.0375,8.9285,8.997,8.4889,8.4993,1.2151,1.1739,1.0431,1.0081,1.0073,1.0031,1.2055e-07
1.0186,1.0192,1.9366,1.9478,2.3828,2.4328,6.193,6.2032,8.1134,8.0378,1.0109,1.0107,1.3139,1.3098,9.6863e-08
1.2161,1.2144,1.038,1.0462,1.1341,1.1898,8.1096,8.1209,5.6724,5.5983,1.0139,1.0111,1.007,1.0032,3.9553e-07
1.0154,1.0132,1.0313,1.0324,6.9899,7.0529,20.565,20.576,9.1523,9.074,1.0308,1.0372,1.0121,1.005,1.1826e-07
1.044,1.0469,1.0553,1.0481,7.041,7.1074,17.716,17.727,1.1386,1.0616,1.0094,1.0103,1.0074,1.0388,8.8436e-08
1.0207,1.0193,2.8054,2.8032,11.465,11.532,2.8859,2.8965,1.1166,1.0452,1.0261,1.0244,1.0115,1.0032,8.1953e-08
1.1242,1.1235,2.9433,2.9502,2.2624,2.3187,1.2446,1.255,8.9283,8.8887,1.2192,1.1822,1.0066,1.0032,7.4182e-07
1.0179,1.0271,1.7873,1.7702,2.8922,2.9589,1.6644,1.6748,3.5921,3.5167,1.0116,1.0102,1.007,1.0031,3.1366e-07
1.0223,1.0198,1.0342,1.0395,1.0937,1.1532,11.138,11.148,5.7794,5.7291,1.1968,1.176,1.0123,1.0036,1.1356e-07
1.0296,1.0489,1.0543,1.0464,1.1079,1.1592,11.323,11.333,1.1343,1.1718,1.1261,1.0116,1.0074,1.0031,1.061e-07
1.0183,1.0313,1.1794,1.1605,1.2367,1.3049,1.6317,1.6413,5.4704,5.3957,1.01,1.0084,1.0073,1.0033,1.2517e-07
1.0589,1.0569,1.443,1.4564,6.0491,6.1001,11.067,11.077,1.2235,1.1475,1.0095,1.009,1.0074,1.0035,7.4821e-08
1.0143,1.0125,1.1014,1.2159,1.2556,1.2051,3.0957,3.1055,5.6383,5.6009,1.0494,1.0107,1.0074,1.0032,1.7204e-07
1.3185,1.3181,1.8174,1.8172,11.93,11.994,1.6241,1.6345,6.2075,6.1342,1.5265,1.5231,1.0069,1.0031,3.2738e-07
1.0242,1.0221,1.4676,1.4627,1.209,1.2783,1.2691,1.2803,1.2552,1.1793,1.013,1.0115,1.0073,1.0033,1.2507e-07
2.294,2.3032,1.3362,1.3337,6.0556,6.1085,1.123,1.1339,4.8673,4.7936,1.0131,1.01,1.0074,1.003,1.3267e-07
1.8503,1.8488,3.403,3.5143,1.2375,1.1906,3.6079,3.6174,1.124,1.103,1.066,1.012,1.0084,1.003,8.2606e-08
1.1946,1.1925,1.2696,1.4337,5.9949,5.896,1.4278,1.4381,4.5425,4.4643,1.0104,1.0115,1.0073,1.0031,1.2792e-07
1.0314,1.0494,4.1607,4.2741,2.935,2.8659,1.2372,1.2475,1.1444,1.0722,1.0723,1.0678,1.0075,1.0031,8.0643e-08
1.0201,1.0362,1.2763,1.2617,1.2657,1.3272,5.6531,5.663,1.4215,1.3478,1.0139,1.0112,1.0075,1.0563,1.988e-08
1.1943,1.1819,1.1199,1.12,7.166,7.2297,15.475,15.484,9.0935,9.0213,1.0121,1.0085,1.0073,1.0068,1.2121e-07
1.0157,1.0124,1.0419,1.0521,7.4634,7.5188,1.1772,1.1874,1.1961,1.1201,1.0115,1.0106,1.007,1.0036,3.3423e-07
1.0578,1.0557,1.0375,1.0334,1.3544,1.4229,19.074,19.085,13.422,13.35,1.0142,1.0094,1.0077,1.0032,8.0979e-08
1.0141,1.012,4.4877,4.4833,12.826,12.894,18.925,18.936,4.7136,4.6379,1.159,1.1584,1.007,1.003,3.1574e-07
1.0143,1.0127,3.9578,3.9607,7.2568,7.3169,13.647,13.658,1.3114,1.2347,1.0117,1.0119,1.0074,1.0031,8.8554e-08
1.2088,1.208,1.0337,1.0344,1.1064,1.1688,16.48,16.49,6.3149,6.301,1.0707,1.009,1.0176,1.0209,9.7814e-08
1.0284,1.0262,1.105,1.1041,1.1691,1.234,14.775,14.785,8.78,8.7623,1.8194,1.7608,1.0073,1.0031,1.1473e-07
1.0225,1.0212,1.514,1.6337,1.2408,1.1845,1.2749,1.2846,1.1329,1.0617,1.0171,1.0124,1.007,1.0029,2.9764e-07
1.0139,1.0692,3.0501,2.9947,6.9935,7.0565,22.339,22.348,4.6935,4.6192,1.0122,1.0119,1.0084,1.003,3.0679e-07
1.2277,1.1551,1.0636,1.0539,1.0979,1.1581,20.549,20.559,4.5986,4.5227,1.0115,1.011,1.0074,1.0032,4.9995e-08
1.0526,1.0525,1.0367,1.0308,1.2476,1.3159,11.067,11.078,9.2137,9.1369,1.012,1.012,1.0073,1.0035,8.0303e-08
1.1094,1.1166,1.046,1.0495,7.2977,7.3497,20.386,20.395,5.1341,5.0598,1.013,1.0112,1.0074,1.0032,5.7577e-08
1.1128,1.1107,1.1362,1.1418,1.1682,1.2264,3.5594,3.5703,1.2143,1.1906,1.0618,1.0197,1.0179,1.004,7.2167e-08
1.0201,1.0388,1.0749,1.0582,1.1162,1.1771,6.1374,6.1467,1.2402,1.1683,1.1784,1.1744,1.0071,1.0071,2.3488e-07
1.0231,1.0306,1.0705,1.2177,11.11,11.019,3.7047,3.7135,1.1302,1.1161,1.07,1.0085,1.0073,1.003,1.138e-07
1.1766,1.1578,3.296,3.2909,6.3337,6.3995,1.1241,1.1356,3.7031,3.6268,1.1734,1.1725,1.0073,1.0061,1.3164e-07
1.0146,1.0155,1.0408,1.0418,5.8594,5.92,27.301,27.312,5.1976,5.1216,1.0119,1.0109,1.0066,1.0035,8.4477e-07
1.0225,1.0215,1.0212,1.0252,1.3051,1.3648,10.732,10.742,5.184,5.1088,1.0107,1.0093,1.0074,1.0035,6.9046e-08
1.0197,1.018,1.0393,1.0419,3.4204,3.481,8.7602,8.7698,1.1446,1.0716,1.014,1.012,1.0082,1.0053,1.1709e-07
1.0141,1.0268,2.7008,2.7004,6.3769,6.4275,10.849,10.859,8.0074,7.9315,1.4769,1.4762,1.0073,1.0032,1.1689e-07
1.1343,1.1337,2.4713,2.4703,1.1493,1.2131,1.2718,1.2822,5.5849,5.5357,1.0376,1.0122,1.0091,1.0031,1.1015e-07
1.02,1.0436,1.0787,1.0585,1.137,1.1961,1.2468,1.2562,7.6195,7.5439,1.0095,1.009,1.0072,1.0032,1.3269e-07
1.0925,1.1185,1.2008,1.1766,1.3854,1.4459,4.5907,4.6005,5.1606,5.0849,1.0122,1.0119,1.0074,1.0031,5.9604e-08
1.4136,1.4012,2.0115,2.0126,6.0657,6.1282,1.8308,1.8425,1.168,1.152,1.0712,1.01,1.0041,1.0032,1.0748e-05
1.3749,1.3741,1.0331,1.0304,1.1187,1.1852,20.38,20.391,9.0847,9.0079,1.0107,1.0107,1.0074,1.0095,9.4479e-08
1.026,1.018,1.0325,1.0336,1.0486,1.1127,1.2376,1.247,5.4768,5.5129,1.588,1.4758,1.0073,1.0031,1.1679e-07
1.0844,1.0532,2.0784,2.0728,1.1977,1.2659,1.2002,1.2096,5.0148,4.9677,1.2139,1.1851,1.0074,1.0032,7.3527e-08
1.0162,1.0839,1.1008,1.0353,3.0595,3.1195,20.356,20.365,4.6328,4.5576,1.0095,1.0086,1.1092,1.1053,5.5572e-08
1.0152,1.03,1.1023,1.0946,12.064,12.119,4.2793,4.2893,5.4238,5.3459,1.0089,1.0106,1.007,1.003,3.068e-07
1.0146,1.0128,1.0495,1.0538,6.2471,6.3069,10.489,10.499,5.8944,5.847,1.0384,1.0107,1.0081,1.0032,5.8443e-08
1.1264,1.1323,3.8778,3.8691,10.907,10.969,12.612,12.623,1.2738,1.2011,1.0119,1.0082,1.0073,1.0031,1.1345e-07
1.075,1.092,2.0867,2.0743,5.853,5.9103,5.8284,5.8392,5.343,5.268,1.0109,1.0098,1.0076,1.0029,4.2181e-07
1.1204,1.1075,1.0814,1.0869,6.2774,6.3361,15.406,15.417,5.4918,5.4143,1.0086,1.009,1.0077,1.007,0
1.0289,1.0371,1.8609,1.843,2.9316,2.9936,1.2451,1.255,1.1104,1.0791,1.0539,1.0093,1.0077,1.0033,1.1861e-07
1.0542,1.0427,3.253,3.2473,13.355,13.423,11.114,11.125,1.2832,1.207,1.1813,1.1811,1.0038,1.0032,1.2305e-05
1.0231,1.021,1.0322,1.042,1.1,1.1545,1.1075,1.119,1.1803,1.1874,1.0931,1.0086,1.0071,1.0031,2.2896e-07
1.2445,1.3146,1.1876,1.087,2.9374,2.9897,1.5007,1.5102,5.266,5.1934,1.0407,1.037,1.0074,1.0031,6.6085e-08
