0.07789,0.60041,0.98627,0.21653,0.001626
0.99647,0.13942,0.031749,0.13439,0.29293
0.00091057,0.00091057,0.00091057,8.0009,0.00091057
0.38269,0.55527,0.16501,0.23503,0.0016406
0.097268,0.74889,0.90896,0.089735,0.0020197
0.13847,0.20798,0.60957,0.96206,0.52105
0.49429,0.091903,0.060066,0.43973,2.0137
0.041302,0.32805,1.2739,0.74751,0.02071
0.49342,0.021827,0.051097,0.0097862,4.0138
0.49058,0.2648,0.040851,0.083161,1.989
0.27977,0.04743,0.07252,0.19026,4.1102
0.013438,0.010354,0.054087,1.8121,4.3181
0.92852,0.44667,0.030967,0.0010947,0.0010361
0.00083196,0.00083196,0.00083196,0.00083196,10.001
0.064017,0.082532,0.1472,1.7973,2.0969
0.36708,0.84752,0.25514,0.14303,0.049911
0.21884,1.5621,0.098591,0.010526,0.0039678
0.00092812,0.00092812,6.0009,0.00092812,0.00092813
0.01071,0.076726,1.3402,1.6655,0.0065793
0.0011021,0.0011021,2.4463,1.5564,0.0011021
0.0014354,1.9408,0.45968,0.10074,0.0013258
0.0015033,1.3463,1.385,0.0053528,0.0014273
0.26438,0.27507,0.040045,0.48285,2.0295
0.16134,0.8969,0.51909,0.1129,0.013503
0.24419,0.33592,0.89715,0.23873,0.023828
0.18526,0.034066,0.12806,2.7649,0.31454
0.04805,1.5895,0.16425,0.24275,0.0017103
0.066082,0.54199,0.86788,0.42212,0.0013909
0.0012539,1.2117,1.1764,0.10044,0.0012544
0.15628,1.2468,0.30464,0.035206,0.0066721
0.1903,0.18137,0.93245,0.50405,0.0028511
0.18071,0.21597,0.31882,0.33719,1.9995
0.20162,0.39784,0.30298,0.68446,0.77685
0.0011562,0.0017558,0.62167,2.5642,1.9888
0.47236,1.3605,0.0099442,0.010118,0.0089867
0.15718,0.22584,0.52322,1.0077,0.00095028
0.0034401,0.0035077,0.0099141,2.6384,4.0675
0.19494,0.30126,0.44548,0.76644,0.0020605
0.30439,0.053953,0.080997,2.1512,0.24945
2.0009,0.00093315,0.00093315,0.00093315,0.00093316
0.31261,0.10666,0.068325,0.79314,2.1461
0.01883,0.12099,2.0803,0.65942,0.0091887
0.29506,0.45626,0.39542,0.2318,0.26946
0.84409,0.75881,0.040508,0.041104,0.039554
0.15652,0.084994,0.014043,1.8053,1.989
0.20628,0.31875,0.2763,0.16974,1.9928
0.15147,0.23258,0.69963,0.083891,1.995
1.0078,0.043476,0.0015616,0.025023,2.0039
0.0011497,0.001139,3.0122,1.0176,0.0010622
0.64733,0.10869,0.23517,0.30544,0.40996
0.056412,0.079489,1.0003,1.5447,0.0013037
0.18462,0.29781,0.41688,0.80305,0.52597
0.0030546,0.8165,1.6176,0.13829,0.060793
0.026279,0.52645,1.3503,0.42646,0.01234
0.15457,0.06428,0.25561,1.0952,2.324
0.3482,0.50598,0.75217,0.02557,0.017832
0.0085883,0.0085883,0.0085883,7.6908,1.721
0.61268,0.04365,0.08166,0.18092,2.0776
0.04181,0.054411,0.38021,2.511,2.0213
0.0010124,3.9491,0.0011593,0.0011556,0.0010714
0.16301,1.1481,0.11867,0.25911,0.040157
0.054587,0.069167,0.16899,0.4401,6.8613
0.11803,0.16913,0.63754,1.2611,0.0033409
0.068427,0.070209,0.27288,0.51055,4.1664
0.70651,0.92728,0.020514,0.020688,0.019557
0.072078,0.12384,0.57879,1.8338,0.19733
0.025445,0.03763,0.033381,1.4693,4.9184
0.18711,0.25775,0.41319,1.0135,0.0068105
0.49893,0.67925,0.10931,0.080526,0.014981
0.35345,0.34652,1.0373,0.15084,0.066784
0.0061085,0.0061392,1.5115,2.6778,0.0061024
0.0012174,1.9411,0.7867,0.0013574,0.60691
0.0015924,0.043759,0.78419,3.1822,0.0011614
0.070688,0.1621,3.9125,0.054163,0.052285
0.64566,0.12645,0.52149,0.10912,0.013908
0.020093,0.46764,0.24531,2.1236,1.7122
0.18224,0.1529,1.6241,0.13994,0.0047432
0.0020915,0.0020915,0.6972,0.82719,5.555
0.1013,0.092723,0.92536,1.2613,0.003564
0.090979,0.21181,2.2073,0.11457,0.034588
0.44288,1.3707,0.071324,0.12674,0.069836
0.10088,0.83327,0.35965,0.42086,0.0013236
0.011917,0.44331,2.183,0.098156,0.0011634
0.812,0.15573,0.12017,0.27828,0.39523
0.23583,0.69427,0.80031,0.0016793,0.26957
0.0807,0.45246,0.57154,0.7783,1.7065
0.3342,0.42746,0.11723,0.17334,2.1192
0.018123,0.018164,0.052109,4.5499,2.0045
0.60054,0.52547,0.076113,0.2543,0.036956
0.076483,0.92395,0.47304,0.88299,0.58596
0.4154,0.15723,0.57442,0.40129,0.3388
0.27335,0.26726,1.3664,0.0094492,0.001547
0.061067,0.076975,0.1117,3.8515,0.21027
0.08728,0.041643,2.2724,0.76469,0.39629
0.23606,0.28295,0.056736,0.024385,3.9944
0.0062866,0.0062862,1.761,1.0971,2.2601
0.89144,0.12493,0.10387,0.13434,0.31522
0.0011258,0.68294,2.5178,0.005214,0.0011258
0.015099,0.67888,0.17158,1.0293,2.1211
0.094227,0.12961,0.50515,0.66191,1.9892
0.11481,0.29451,0.047056,0.25389,4.0352
0.62678,0.10971,0.20248,0.7758,0.40658
0.17781,0.12448,0.59904,1.2882,0.014593
0.032059,0.20848,1.5075,0.7353,0.0036014
0.47269,0.37948,0.30171,0.15376,1.0546
0.1116,0.039077,1.046,0.33382,1.9992
0.093902,0.22865,0.46974,1.7419,0.019047
0.053429,0.047112,1.2133,1.5326,0.52995
0.0093133,0.010367,1.2137,1.5717,1.9969
0.49729,0.022117,0.0013303,0.0014202,9.702
0.039797,0.23277,0.21293,2.6726,0.0009468
0.088404,0.31055,0.12401,0.5528,4.2087
0.34636,0.32638,0.23094,0.46592,1.0668
0.051488,0.026948,0.080145,2.7353,2.7242
0.039691,0.057743,0.37981,2.5113,2.0206
0.0012942,0.57805,0.54139,1.6063,0.0078475
0.18608,0.06763,1.6917,0.26557,0.3209
0.51054,0.12764,0.5873,0.18811,0.0046837
0.099695,0.14072,0.0030545,3.8459,0.20472
0.047354,0.063601,0.45177,3.4697,0.024921
0.27427,0.32456,0.48085,0.36878,0.31527
0.23074,0.038692,0.1774,2.2295,0.37131
0.030187,1.3003,0.68893,0.071385,0.0010586
0.11335,0.17021,0.14227,0.17341,4.9253
0.11909,0.41455,0.0017333,1.0585,2.1023
