0.0077353,0.0077434,0.0079102,0.0084764,0.019285,0.0092941,0.66286,13.362,9.8791,0.40237
0.0060659,0.0061466,0.0072725,0.012546,0.0098055,0.0087141,0.0089144,0.0060916,18.006,0.094066
0.22389,2.3296,0.65554,0.33152,0.25021,0.20517,0.25716,0.45052,0.33195,16.74
0.0064774,0.0066049,0.010264,0.030495,0.03856,0.046432,14.006,0.011305,0.071667,0.020042
0.0062166,0.0062358,0.0065665,0.0086905,0.046508,12.005,0.034458,0.21826,0.097882,0.12241
0.19406,3.0711,0.50524,0.28702,1.6647,0.15442,0.2847,0.15976,0.36732,12.753
0.25865,3.9023,0.94112,0.30537,0.17384,0.38598,0.44997,0.41156,0.22104,5.547
0.0062366,0.0062398,0.006295,0.0066497,0.012965,11.071,5.4135,0.38794,0.040581,0.047426
0.16767,1.009,0.45228,0.273,0.20584,0.15164,0.1851,0.31035,0.44961,19.552
0.0066634,0.0066967,0.0074419,0.010973,0.077634,0.0087442,0.0070066,16.006,0.038636,0.028394
0.049972,0.35401,6.006,0.35402,0.2779,0.34933,0.10475,0.3665,0.23843,0.50299
0.0057958,0.006393,0.019155,0.0064272,0.21271,0.015023,3.7126,15.431,0.056458,0.015726
0.0054055,0.0054068,0.0054412,0.0054142,0.0059446,0.0054577,0.010794,0.012405,0.0057141,20.005
0.0056251,0.0056305,0.0057255,0.0063645,0.017646,8.4292,9.9734,0.26009,0.1373,0.068018
0.0063858,0.0064485,0.008958,0.019861,0.0076485,0.081109,0.44411,0.027851,17.539,4.4885
0.0068379,0.0076077,0.020824,0.10974,1.6801,10.885,5.4173,0.38834,0.024941,0.076265
0.24922,3.8768,0.33096,0.15877,0.26823,0.79092,1.2904,0.13656,0.7381,6.0875
0.045884,0.61903,5.5974,0.65083,0.23955,0.052186,0.13947,0.46458,0.58399,6.3246
0.023254,0.047206,0.48745,7.9927,0.058542,0.13686,0.23189,0.019395,0.11062,0.052082
0.018261,0.27908,5.1901,3.5909,2.0733,0.77229,0.47747,0.022373,0.14119,0.4641
0.0056745,0.005736,0.0067615,0.01371,0.071804,0.0059182,0.0059927,0.0078758,9.8132,16.776
0.0067819,0.0070551,0.011622,0.033139,0.44079,0.02953,13.664,3.3276,0.82455,0.74009
0.014098,0.018944,0.085041,0.28245,0.10673,0.045654,6.4775,14.167,0.72592,0.61559
0.19456,3.0124,0.71983,0.56151,0.47346,0.46099,0.43736,0.73189,0.9877,13.256
0.0068514,0.033432,0.34433,0.81405,0.21079,0.093502,12.155,0.008975,8.69,0.046036
0.018388,0.018392,0.018429,0.018749,0.024065,0.07531,0.19765,2.7967,14.714,11.03
0.017726,0.2095,3.2678,0.50069,0.30685,5.821,4.3953,9.4343,1.6957,1.8247
0.075239,0.27684,2.5721,7.2522,1.194,0.3702,0.070849,0.076709,0.1118,0.58407
0.026127,0.31378,2.8139,1.9569,0.062189,0.07178,0.12353,0.24617,0.10959,16.95
0.038137,0.40909,1.2018,0.27055,0.30655,8.7405,1.596,1.9792,0.54342,12.578
0.013109,0.12147,1.9874,0.49839,1.4569,0.49344,1.1014,14.457,3.3204,1.8166
0.011016,0.014029,0.081572,0.36343,5.0528,0.11583,0.48405,0.52936,0.86694,17.205
1.9567,0.38669,0.58482,0.92923,1.1898,2.0339,1.3278,2.4285,0.86215,2.4792
0.010933,0.027749,0.17253,0.52544,0.22165,0.5322,0.083449,10.862,13.098,1.2831
0.010865,0.037878,0.23287,0.76105,5.5229,0.47929,0.26346,0.54622,14.871,0.68581
0.019958,0.071171,0.70382,5.1632,7.5576,0.10775,0.17262,0.090952,0.035072,0.043701
0.0044409,0.0045866,0.0063373,0.018937,0.0071189,0.073489,9.6954,11.55,0.21049,0.014241
0.027036,0.027523,0.044476,0.31869,0.16176,1.5943,1.05,0.036844,17.75,1.6478
0.0078974,0.02089,0.16068,0.034327,3.3092,11.175,0.69021,1.4493,1.3374,1.8207
0.0099364,0.0099381,0.0099578,0.010105,0.011399,0.022765,0.16433,1.6999,9.8405,16.629
0.055856,0.35239,5.9831,0.38858,0.35168,0.36519,0.13248,0.41902,0.30086,1.751
0.012704,0.073372,0.47838,2.2902,0.47439,0.08061,9.5611,0.89456,0.30776,13.3
0.055596,0.13266,0.91978,0.2267,0.42415,0.36613,0.27724,0.42616,0.49066,19.753
0.014345,0.01513,0.033852,0.16279,2.4203,8.6544,8.9119,0.043897,1.339,2.3669
0.011962,0.016562,0.12063,0.60903,9.8533,1.2061,1.5713,0.76317,0.066728,0.10564
0.158,3.4822,2.009,0.31543,0.8777,0.80208,1.1656,2.9278,2.6757,4.8334
0.0084728,0.013217,0.11776,0.61346,9.9737,0.024451,0.021249,0.0081891,0.049529,0.043663
0.014068,0.053211,0.41994,0.054421,8.9441,0.4301,2.5871,4.794,4.8146,0.096633
0.0339,0.43745,5.4873,0.019294,0.16845,0.30958,0.054145,1.5255,1.1531,7.6012
0.01345,0.018112,0.12242,0.61513,9.9292,1.2017,0.04375,0.033863,0.07002,0.065899
0.0083129,0.0112,0.062116,0.38804,6.1923,9.4158,0.043519,0.031816,0.081797,0.098388
0.014874,0.015073,0.018403,0.040914,0.38181,1.1749,13.938,0.21707,0.15649,0.089787
0.031352,0.32093,2.7419,2.1787,0.54517,0.93254,0.28593,3.8133,0.57224,16.138
0.23066,3.9541,0.62307,0.35098,2.1079,0.17582,0.34392,0.18845,0.25354,0.31095
0.02745,0.080163,0.78039,0.03191,0.059951,0.034781,0.031855,15.042,2.0124,6.0496
0.038506,0.060145,0.46217,0.060567,0.055227,0.060379,0.043041,0.061719,0.052713,19.987
0.0066337,0.026945,0.41423,1.7722,0.56319,2.3566,0.39628,1.3137,1.6175,18.869
0.15869,0.41547,0.48164,0.9675,0.74712,8.567,1.1995,1.2369,11.847,1.3245
0.028423,0.098456,0.74341,3.1151,1.2026,0.78191,0.30567,2.7212,0.27356,17.794
0.0060772,0.030493,0.20317,3.1097,0.91645,0.18191,12.802,0.92453,0.39388,0.37547
0.02893,0.16964,2.7214,0.031945,0.10938,0.78155,0.15183,0.050943,0.29007,17.82
0.0076029,0.0086385,0.037284,0.15781,2.4991,0.34048,0.55304,0.73048,0.76462,19.308
0.015636,0.018977,0.10577,0.092623,1.3469,0.097855,13.884,0.14223,0.15086,0.022024
0.029735,0.030327,0.041187,0.11623,0.10909,0.036717,0.80956,0.030225,0.033525,19.997
0.031617,0.5113,3.9471,0.98756,0.89902,1.291,1.1978,1.1587,12.695,2.14
0.017062,0.020977,0.088464,0.52161,8.235,6.801,0.06234,0.051641,0.1021,0.12585
0.47342,3.6039,1.8423,0.60623,0.070864,0.28338,1.5616,2.8759,2.0069,2.8731
0.24703,4.0496,0.39728,0.25973,0.22905,0.80066,0.75887,0.79049,0.89365,0.93356
0.012458,0.015993,0.11342,0.73696,5.9438,9.5191,1.4113,0.31978,0.55141,0.080715
0.023175,0.031623,0.16098,0.60617,0.25873,0.045291,13.967,0.10685,0.51585,0.26557
0.0233,0.02333,0.024589,0.041651,0.31643,4.1694,2.9528,0.89026,0.92895,18.25
0.017004,0.031274,0.03092,0.015135,0.78615,0.098683,13.945,0.47637,0.59399,0.68288
0.017579,0.031953,0.3556,2.0528,0.25089,11.397,0.28714,0.35026,2.9219,0.92384
0.66113,1.2297,1.1421,0.61219,0.17755,0.58179,0.57759,12.08,5.5725,5.9436
0.017984,0.019476,0.075418,0.44907,2.5315,0.14251,0.16518,0.12826,0.070696,19.34
0.24451,0.52978,5.5634,0.063059,0.91372,0.78672,0.75431,3.1701,3.0818,3.333
0.32771,2.0747,1.6135,3.077,1.7079,0.77578,0.79548,0.39533,12.415,2.086
0.037025,0.15504,1.0598,7.8186,0.85227,1.0623,0.17782,1.3791,0.12374,0.34145
0.025022,0.1548,1.4193,0.29042,0.79784,10.098,6.6933,0.45591,0.88587,0.58743
0.027539,0.045352,0.16516,0.69474,0.53242,0.068043,3.1095,0.33972,12.625,13.459
0.033144,0.06475,1.4813,7.7371,0.026861,0.77111,0.42062,0.055878,0.17734,0.50272
0.024287,0.034611,0.48682,3.3139,0.18681,0.72342,0.37394,0.56841,0.60381,18.094
0.24711,0.53657,5.6372,0.56308,0.9707,0.84777,0.66704,0.55803,3.328,3.5264
0.026616,0.029302,0.091502,0.50446,7.7863,3.823,4.5158,0.027104,0.16341,8.7554
0.024857,0.096936,1.3119,0.44757,0.35245,0.46248,0.38771,0.38813,5.6982,18.432
0.033516,0.32109,5.6147,0.82109,3.1696,1.4074,0.055782,0.82383,0.26702,0.38836
0.022556,0.26948,1.9224,0.084262,0.83169,0.42724,8.5723,1.7658,1.1241,14.108
0.059762,0.12892,1.5562,0.6077,2.6455,4.3926,0.8978,2.0615,0.23321,16.777
0.25418,0.52036,5.6081,1.0129,1.0559,1.9074,1.0489,1.4861,2.5569,2.7019
0.072855,0.18225,0.24932,0.44451,0.32763,0.30949,9.9014,0.99996,12.383,2.4896
0.025781,0.047191,0.45403,0.33926,0.089279,0.24417,2.9901,0.22189,0.44503,19.491
0.095227,0.98619,0.35087,0.4177,1.0052,0.24147,0.25957,0.56421,0.1204,19.356
0.10658,0.4322,0.12452,0.095592,7.394,3.3789,2.2565,1.9564,1.755,11.731
0.009787,0.011108,0.057982,0.30338,4.2715,8.8945,6.8951,0.98598,1.902,2.1867
0.0061403,0.0075243,0.031899,0.18803,2.9681,11.463,0.029193,0.016259,0.065702,0.080599
0.019246,0.021189,0.058432,0.31589,4.8403,0.021476,2.8196,0.043789,0.027082,17.057
0.12154,1.6331,0.8866,0.70026,0.62323,1.0372,1.2533,0.81822,1.1669,17.654
0.0685,0.13208,0.98656,0.10797,0.14266,0.23318,0.096006,15.1,2.384,5.5888
0.0060407,0.016192,0.21025,0.48885,0.48184,0.83204,11.065,0.38313,0.4035,12.055
0.037072,0.051321,0.20201,1.1111,0.45064,5.7629,0.60182,3.334,4.7164,16.037
0.022293,0.033572,0.13969,0.98733,0.57502,0.11798,13.874,0.30538,0.042244,0.75605
0.011901,0.0169,0.085894,0.56474,0.73323,0.025765,0.032829,0.025402,0.012713,19.909
0.0084045,0.010572,0.061202,0.28898,4.6428,7.6183,8.647,0.14681,0.26316,0.27497
0.013582,0.026101,0.22244,1.6609,1.2527,0.56143,13.552,0.67291,0.67465,0.28007
0.010079,0.0136,0.082163,0.019728,0.8983,0.037195,9.6931,11.469,0.10538,0.077458
0.039103,0.33645,5.9823,0.41897,0.41599,0.40944,0.18249,0.47826,0.41434,0.043768
0.016628,0.025514,0.38418,2.5153,9.4855,0.12865,0.077514,0.01648,0.085879,0.13012
0.023726,0.064246,0.47158,7.8217,0.23486,0.9994,0.76122,0.60067,0.73598,3.4446
0.059355,0.059981,0.0598,0.076182,0.24441,0.13295,1.271,0.25449,0.35686,19.976
0.0098739,0.033986,0.4754,2.3737,0.6588,0.05807,0.7173,0.34069,0.34856,18.97
0.01996,0.029121,0.02901,0.043475,0.62672,0.059544,8.9463,0.037353,0.09121,15.368
0.025671,0.028564,0.086616,0.50332,0.49678,0.18971,13.907,0.60819,0.66101,1.8226
0.10082,0.32019,3.4141,1.4554,3.2467,7.912,4.1508,1.3971,0.30298,2.2722
0.061146,0.061916,0.095015,0.072855,0.81978,10.862,6.0365,0.49307,0.4315,0.53245
0.0064418,0.0077218,0.030275,0.1747,2.7465,11.513,0.035072,0.022681,0.071883,1.379
0.021397,0.040302,0.26203,0.61193,0.10276,0.51789,9.9026,0.57113,0.40127,14.037
0.077127,0.10022,0.28072,1.8831,1.3232,0.31464,0.79812,15.487,0.51612,0.68291
0.018751,0.28937,5.3974,3.4249,0.025143,0.74049,0.47226,0.053462,0.17471,0.49989
0.027536,0.02767,0.02972,0.060888,0.34965,0.080239,4.8339,13.884,5.0678,4.6159
0.031527,0.033736,0.08742,0.23401,2.6267,0.97186,7.9398,0.55521,14,1.1465
0.0096423,0.010839,0.037068,0.20908,3.2508,0.52632,13.222,0.57965,0.21998,0.24962
0.031978,0.55398,4.8221,0.71812,0.56675,1.5641,0.86042,8.7486,1.2531,1.2739
0.033978,0.4482,5.4345,0.12723,0.18909,1.3411,0.19786,1.4367,1.058,7.7284
0.011841,0.11295,0.67367,2.9526,9.1814,0.96604,0.51088,0.62348,0.043331,0.32935
0.0089453,0.013181,0.078639,0.3003,0.17469,0.010986,7.2689,0.08849,0.52195,17.075
0.11187,0.28755,0.28521,0.093886,9.5157,1.1356,2.8716,1.907,2.1426,2.344
0.061227,0.3275,0.18464,6.033,0.41463,0.32936,0.25945,0.91433,0.7785,13.117
0.027565,0.028705,0.036692,0.14382,1.1652,0.26255,0.035128,15.91,0.55155,0.36955
0.010328,0.010329,0.010334,0.010357,0.010807,0.014724,0.035697,0.35203,3.7423,19.571
0.0069867,0.0075178,0.02276,0.10703,0.14061,0.1734,13.829,2.5188,0.044821,0.10845
0.022821,0.29036,5.3279,3.5373,0.82799,0.69632,0.46295,0.037112,1.1963,0.42236
0.025246,0.20469,1.8275,4.8625,7.2421,1.4904,0.72271,0.024802,0.13498,0.43554
0.062426,0.31835,5.4642,1.1237,3.2525,1.553,0.9312,1.7255,0.060169,2.5793
0.011845,0.01185,0.011902,0.012341,0.019654,0.090361,0.28748,4.2325,16.738,5.1718
0.16786,0.76491,5.9483,0.13882,0.21776,0.38477,0.1152,0.291,0.36818,0.99649
0.033162,0.044125,0.2545,2.8909,0.78258,0.16106,0.059678,3.0491,0.1678,18.249
0.067804,0.075961,0.35514,0.15396,6.3314,0.43585,1.1352,11.186,5.6379,2.3241
0.0132,0.064493,0.45531,0.048965,0.61509,0.097682,10.455,10.552,0.14616,0.069814
0.045876,0.067961,0.93665,0.84167,0.74698,0.33887,13.712,0.51811,0.53531,0.37346
0.014433,0.021469,0.15101,0.62828,9.5691,1.1643,3.668,0.35344,0.19414,0.64189
0.13149,0.2776,4.0372,3.4577,1.1562,1.4768,2.2758,8.1938,3.6096,1.4419
0.027049,0.036803,0.3957,0.17514,8.0571,1.2306,2.5668,7.9954,1.7354,4.2586
0.04856,0.3266,2.8541,2.3625,0.37898,1.101,0.30547,1.119,0.54126,16.395
0.079404,0.10456,0.5578,5.1558,7.6613,0.64933,0.85032,0.67361,0.65087,0.60186
0.0080726,0.0096762,0.040655,0.012453,0.43145,0.022242,4.6179,5.4678,0.78411,17.572
0.024607,0.089865,0.50828,0.064657,0.067252,0.050238,12.513,4.4813,4.3233,5.0024
0.0097319,0.024084,0.14747,0.3506,0.13903,0.40872,10.831,0.37033,0.40065,12.617
0.1553,1.4133,5.6864,0.88095,0.69835,0.76542,0.81214,1.1185,1.0409,0.77862
0.0991,0.42089,3.1264,0.19965,0.089421,0.33085,0.47551,0.43117,0.97354,17.151
0.021792,0.041144,0.48283,1.1999,0.085559,0.17087,13.107,1.7716,0.26359,5.8045
0.017655,0.028932,0.24424,0.072071,3.04,0.13218,1.343,3.9263,0.32772,18.306
0.10024,0.6229,5.2609,3.6126,0.035308,0.73324,0.50706,0.29649,0.26984,1.6267
0.0075832,0.0076165,0.0082597,0.016346,0.060954,0.37627,2.061,6.2984,1.5858,18.066
0.025494,0.30738,0.16477,6.4952,5.6428,0.44584,0.77495,1.4211,1.2299,0.75441
0.014391,0.023452,0.19845,0.039171,4.1434,0.36038,0.49254,0.33429,3.4048,17.78
0.064381,0.064539,0.065787,0.069043,0.14449,0.077346,1.1153,15.378,3.66,3.9813
0.010465,0.015442,0.081083,0.011161,0.012673,0.013042,0.63348,5.5443,0.70168,18.737
0.13428,0.65963,5.9113,0.60385,0.7782,0.95225,0.83375,0.65605,0.56423,0.3757
0.0068158,0.0088465,0.091271,0.64654,0.10123,3.0797,0.38932,15.397,0.59609,0.39384
0.0054815,0.010496,0.11739,0.57844,9.4285,0.75095,4.3221,0.13214,1.1214,1.1911
0.033956,0.040454,0.44291,0.058851,9.301,1.4097,1.4919,1.3595,1.8297,6.0029
0.3049,4.0389,1.3353,0.25646,0.74093,0.54183,0.45626,1.2444,0.45156,0.73187
0.0075758,0.0079413,0.017938,0.082087,1.2169,0.059185,3.7222,0.031607,0.2202,19.135
0.037431,0.20605,3.3115,0.55882,1.9533,0.93046,0.19824,1.0121,14.419,1.9531
0.039718,0.091265,1.3013,3.964,0.75883,0.38606,11.482,0.40153,1.8565,2.7622
0.0080624,0.011985,0.10781,0.61619,9.9522,0.62747,0.15343,0.33576,0.46611,0.48519
0.011044,0.015239,0.096067,0.59799,9.5114,2.6533,1.5254,1.1265,2.1286,2.2824
0.010524,0.015156,0.1235,0.61082,9.9259,1.1971,0.019132,0.067876,0.17806,0.10853
0.0090037,0.0099004,0.051058,0.58801,9.2622,1.4941,3.8606,3.482,0.2274,0.029428
0.012031,0.012238,0.021861,0.062728,0.8474,0.078571,0.0252,0.024257,17.943,0.51253
0.0065671,0.013753,0.062713,0.41291,5.5183,0.52534,5.4936,11.718,0.62455,0.63889
0.037284,0.13193,0.11408,1.1385,6.2981,0.095618,0.18104,0.066108,0.18076,15.363
0.11901,0.74461,0.2131,0.1744,0.17786,0.14672,0.14376,0.20216,0.22425,19.816
0.0077214,0.008011,0.013474,0.048503,0.04627,0.22975,1.8587,9.7508,13.126,5.6711
0.089245,0.11409,0.56909,7.6485,0.87944,1.2463,0.72985,0.20737,1.1954,5.662
0.039609,0.064865,0.41941,1.1277,0.43627,0.17823,13.838,0.28785,0.4505,0.32203
0.061044,0.62539,5.5769,0.75854,0.67813,0.66216,0.22906,0.56049,0.68593,6.4287
0.005127,0.0054021,0.010668,0.040775,0.48246,0.064476,3.0275,2.9017,1.7837,19.069
0.013989,0.014565,0.034281,0.015294,0.4576,0.015474,7.9384,9.8651,1.1651,10.865
0.091506,0.17874,1.2611,3.9963,2.4945,0.60592,5.6454,1.2337,1.4185,13.691
0.037346,0.074632,0.78665,0.17777,9.7929,0.3142,1.5032,0.74454,0.53024,1.9706
0.0057252,0.012667,0.060753,0.0096301,1.1928,0.042104,13.542,1.013,3.8925,0.34443
0.010202,0.010249,0.010634,0.015541,0.070054,0.015156,1.0842,15.639,2.5633,2.8289
0.25201,0.44647,5.2868,2.2801,1.1035,2.9617,0.16232,3.7764,2.7722,4.005
0.015288,0.019151,0.087452,0.52395,8.2997,0.47447,0.075889,0.067607,0.11186,11.101
0.032165,0.12196,0.93472,0.36551,0.75544,0.31918,13.575,0.69438,0.031976,3.5481
0.1563,0.57595,5.6899,1.1003,2.9381,1.2429,0.36396,0.82301,0.67418,0.97303
0.0081898,0.012382,0.091974,0.23486,0.22887,0.020283,3.8859,0.55786,1.1738,19.154
0.2385,0.47916,4.4263,3.5774,0.051562,1.8924,3.0498,2.0939,6.9187,2.3272
0.25564,0.54307,5.46,0.41451,0.96659,2.2643,0.55668,3.1958,3.0843,3.3363
0.04697,0.062259,0.63662,6.8371,2.7179,2.7576,5.034,1.0076,1.7592,1.0533
0.010991,0.016389,0.11287,0.56427,9.1568,1.7209,5.1633,0.55579,0.22017,0.24022
0.031795,0.051502,0.49962,1.231,0.088475,0.23475,13.377,1.7915,0.28382,4.3819
0.017351,0.025366,0.16685,1.0758,9.8797,0.015587,0.57006,0.014278,0.057453,1.5707
0.28157,3.9313,1.7242,0.59673,0.38994,0.1401,0.36538,0.34983,0.34103,0.81662
0.17878,0.33541,4.7342,4.3175,0.13379,0.058333,3.2161,2.1736,1.6066,2.5646
0.067219,0.14257,0.75519,6.317,4.7145,0.20409,5.625,0.44538,0.38893,0.44418
0.11131,0.84425,0.58558,0.32732,9.6001,0.35813,0.50708,0.35185,0.1362,4.4427
0.11887,0.23006,5.1568,1.4338,3.5637,2.0335,1.845,2.5096,1.4774,3.4718
0.043526,0.075481,0.76937,7.7329,0.83279,1.1998,1.4706,1.3607,2.0155,1.3194
0.020077,0.039037,0.46209,0.079139,9.8719,0.9013,1.2188,0.84879,1.2079,0.039525
0.013152,0.013158,0.013305,0.015495,0.035865,0.10022,1.3667,7.3524,14.766,6.5988
0.012091,0.012994,0.028541,0.12807,1.0538,0.3758,0.60814,1.3906,0.10012,19.797
0.057287,0.10149,1.0783,7.1095,0.98639,0.68017,2.5943,1.5454,6.3158,1.6281
0.027704,0.042045,0.17743,0.053106,3.2784,11.316,0.85874,0.73154,0.55895,0.97995
0.019898,0.023428,0.16734,0.63951,0.089005,3.1361,0.4573,13.073,0.69522,10.164
0.045573,0.10785,1.3297,7.5628,0.95469,1.1125,1.753,1.3708,1.7105,3.0563
0.46867,3.544,1.9141,0.78451,1.1821,0.36462,1.6521,2.9775,1.5809,3.0202
0.0093471,0.0095692,0.013102,0.0098741,0.093279,0.017083,0.019192,0.020792,8.3464,17.734
0.039158,0.078796,0.78108,5.7453,1.8624,7.889,0.33298,0.40965,0.41222,0.41969
0.0091509,0.015669,0.084922,0.55011,8.8,0.23004,5.7187,0.058763,0.44331,4.6793
0.05922,0.1026,0.49203,0.10704,9.4074,0.33231,1.109,0.090529,2.4963,6.2485
0.013207,0.15675,1.4416,6.325,5.643,0.012792,0.14199,0.13484,0.0095153,0.12999
0.15321,3.3367,1.9676,1.0667,0.60332,2.8863,1.2418,3.1032,2.7616,4.6786
0.0081062,0.0083181,0.012342,0.039226,0.28667,0.0097359,1.0264,15.866,1.0753,1.7986
0.13029,0.35971,0.16947,0.14498,7.8232,1.4555,1.5707,1.185,1.2129,12.315
0.049506,0.10142,1.2691,7.3946,1.2652,0.76526,1.3515,1.461,4.0705,2.3212
0.02758,0.21663,1.8951,4.9232,7.1747,0.33143,1.1637,0.5551,0.65743,0.99372
0.17595,1.4843,5.6857,0.59309,1.387,0.37183,0.37296,0.98952,0.50135,0.20185
0.0067156,0.0077092,0.024768,0.13953,2.1665,11.673,1.2184,0.20816,0.11348,0.074913
0.036905,0.3935,5.832,0.35644,1.1363,1.0909,0.13773,1.5378,0.71451,2.9301
0.11191,0.16275,1.2964,0.34391,9.6212,0.51346,0.68118,0.68453,0.33266,4.0309
0.018734,0.16687,2.1233,0.049593,0.04701,0.063393,0.017342,0.71769,0.55314,18.684
0.10852,0.089085,0.084834,1.1547,9.7164,1.5298,0.88609,1.7456,1.6441,2.2219
0.01013,0.010134,0.010238,0.010951,0.018234,0.086636,0.88313,4.9247,11.502,14.069
0.015919,0.023944,0.17979,0.038252,0.024096,0.05715,0.038905,4.1871,0.99475,19.276
0.041619,0.073519,0.69935,6.9938,0.78485,1.0702,1.2778,1.6451,1.7824,8.5595
0.012918,0.051109,0.58531,0.16399,0.70257,0.15091,0.13816,15.844,1.2475,0.70115
0.041601,0.068606,1.3305,7.7712,0.27442,0.32985,0.033084,0.92089,0.27502,1.7423
0.040576,0.70748,4.9778,0.92045,0.35277,1.2775,0.55068,5.9038,6.1056,1.7802
0.07786,0.083614,0.15793,0.66439,9.6035,3.0537,0.15315,0.46378,2.8773,0.10914
0.17458,0.36949,4.9498,3.8596,0.17318,1.2313,2.1446,1.0839,2.4227,2.6402
0.0099299,0.078517,1.3721,7.5428,1.8738,0.88505,1.4681,0.74163,1.5219,0.39149
0.017406,0.039667,0.33391,0.10346,0.041911,0.30041,0.3587,4.5091,0.94012,19.141
0.028381,0.043141,0.14985,0.04911,2.6862,9.347,0.59493,4.617,0.60847,9.8403
0.050553,0.096037,0.91502,2.9628,0.36261,0.20625,8.2656,1.2931,0.81329,13.912
0.26237,3.8203,1.1645,0.60173,0.5244,0.30879,0.30944,0.55544,4.4445,4.2392
0.46506,3.5634,1.8485,0.69425,1.0603,1.8236,1.413,2.7184,1.1959,2.7112
0.097466,0.27964,0.21917,0.14201,2.4288,11.018,0.78316,0.73583,1.7241,6.4445
0.09256,0.20395,2.8322,6.8993,1.2108,0.75189,0.82546,0.44047,1.3174,2.0789
0.012189,0.10974,1.5518,0.14055,1.0577,10.21,3.0566,4.6081,4.5591,1.4238
0.053794,0.072204,0.21611,1.1573,3.4572,0.25614,0.84414,0.085302,16.742,0.73937
0.030244,0.095877,0.95579,7.0532,1.3425,2.4075,1.9941,0.86932,6.069,1.1578
0.017921,0.022168,0.071776,0.1464,1.3764,0.10301,13.49,2.3731,2.4254,2.5055
0.03251,0.033874,0.096187,0.88928,9.9052,0.38703,0.79738,0.34778,0.22358,1.9364
0.030647,0.51329,3.6172,0.406,0.7398,0.87861,1.6815,12.189,2.2207,0.6089
0.012168,0.028171,0.1524,0.020068,0.031413,0.026888,4.371,15.055,1.7731,1.853
0.054861,0.083739,0.73148,5.7366,0.44974,0.055777,0.66384,10.942,1.0363,1.25
0.0072765,0.017949,0.21924,1.1818,0.29201,0.049304,13.426,0.77834,3.9296,1.7743
0.024069,0.10713,0.064514,2.1102,0.026368,0.25226,0.35306,0.36934,0.50773,19.295
