0,0,0,0,0,0,9.7927,0,0,0
0,14703,0,0,0,0,0,0,0,0
0,0,13.919,0,0,0,0,0,0,0
0,0,0,0,0,19.509,0,0,0,0
0,0,0,0,0,0,0,0,18.112,0
0,0,0,7645.2,0,0,0,0,0,0
0,0,0,0,0,0,0,0,0,39724
17.199,0,0,0,0,0,0,0,0,0
0,0,0,0,1.6736,0,0,0,0,0
0,0,0,0,0,0,0,1.4675,0,0
0,1.5145,1.5768e-06,0,0,4.191e-05,4.8661e-09,7.1757e-06,0,5.8546
0,0.81976,0,0.0018471,0.00027323,0,5.1987e-09,1.5698e-05,0,0.75022
2.5724e-11,0.81793,0.0048052,5.4664e-05,0.00018239,0,4.448e-05,5.4933e-06,1.5471e-08,7.8998
6.9208e-12,0.82138,5.4787e-09,2.2159,0,0,2.8223e-07,0.00012996,5.788e-07,3.3059
2.142e-11,0.81796,0.0053944,0,0.00087713,7.0007e-05,4.0962e-05,1.085e-05,1.5054e-08,0.72669
3.8598e-17,1.6072,0,0.0021137,0.00012859,0.00032506,0,6.832e-06,0,1.7856
0,1.0293,9.2085e-11,1.7448,0.0002764,2.2821e-05,0,6.6363e-06,0,3.7828
1.3253e-10,0.81606,0,1.3469,0,4.4609e-05,1.3065e-07,0.00038974,2.7171e-06,1.8259
6.1137e-11,0.81144,0.004952,5.9296,0.041863,0,0,8.9269e-06,0,6.5918
4.9985e-10,6.5661,0.00459,0.0029112,0,1.3766e-06,0,2.6234e-06,3.2945e-06,0.72371
1.8488e-07,0.81872,9.2309e-09,0.10743,1.0121e-07,1.6225e-05,3.1797e-06,0.00016986,7.7419e-06,3.8422
2.8597e-12,0.81841,7.4896e-08,1.0432,2.0394e-06,0.0010839,0.00027925,0,0,0.80382
7.5124e-05,3.0106,0.0046779,0,2.5341e-07,1.3157e-05,0,1.4404e-09,0,1.2228
1.964e-14,0.81545,0,3.1203,0.0027645,0.00043247,0,2.0597e-08,0,1.1003
1.4763e-10,0.81771,0,0.010137,2.1782e-06,0.033967,0.012921,6.0597e-06,0,0.71745
2.425e-12,1.7098,8.2843e-10,0.012172,7.3562e-06,0.0037214,4.3335e-05,1.8363e-05,1.0935e-14,0.7182
5.0227e-10,0.84134,0.0045454,0,0,1.3947e-06,0,5.0549e-07,0,0.82882
0,0.82139,4.5962e-06,0.061894,0.00017462,7.2518e-05,0,3.9777e-05,0,0.73351
2.6676e-14,0.88237,0.004438,5.4407,0,3.7316e-05,0,0.00059804,0,0.7159
2.1997e-11,1.5067,1.0575e-07,0,0,3.1823e-09,7.3429e-07,6.3262e-07,0,10.369
1.0519e-12,0.81545,6.8566e-07,9.2331e-05,3.8596e-05,0.0072216,0.0016538,0.00022337,0,0.85997
2.3769e-10,0.82799,4.5389e-11,0.0048686,1.3979e-11,6.2561e-07,0.0031859,0.00016659,0.021767,0.74184
2.8561e-12,18.949,0.0049448,4.9446e-05,7.0387e-05,1.3437e-06,0,0,8.4099e-07,0.74446
3.8509e-12,1.05,1.2177e-09,0.005516,0,1.6013e-05,0,0,0.00042743,0.72288
0.0022957,2.2256,8.3045e-07,0,0,1.6324e-06,0,0,0,1.5257
9.0314e-11,0.81676,3.6535e-06,0.14206,2.7474e-05,0,0,0.00018117,1.6727e-07,0.74566
0,1.2786,0,0,0.00028023,4.0302e-05,0,3.7594e-06,0,3.7797
0,3.0143,2.1865e-07,0,3.9142e-05,9.2231e-07,1.1112e-05,1.3233e-05,5.558e-07,0.72487
6.8681e-10,20.444,0,0.70364,2.4342e-05,6.6619e-08,0.011319,1.6755e-06,4.7724e-08,0.71536
0.11498,0.80554,2.2273e-08,4.2981e-05,4.0942e-06,9.0326e-05,0.0011155,0.00026269,5.1207e-05,187.86
0,0.81702,0,4.9766,0.00072792,0.00024168,8.9272e-05,2.8316e-06,0,8.2167
1.8949e-13,0.83065,8.4922e-10,0.062301,2.3322e-06,4.2025e-05,4.5369e-05,0,0,3.218
8.1518e-15,0.82425,3.7993e-06,1.2894,0,0.00019494,0,4.1755e-06,1.325e-07,0.79132
0,0.82586,1.7933e-09,3.8664,1.1624e-08,0,0.013677,7.0502e-06,0.00048296,0.7352
0,0.82917,0.018072,15.438,0,0.00014642,0,1.7069e-07,0,1.683
2.9722e-09,0.81488,0,1.0141,0.00010914,8.7012e-05,0.00029227,0.00041424,5.7478e-07,1.3682
4.1072e-13,1.0697,0,0,0.0020614,0.011758,0.012579,0.0012355,0,0.71582
3.7707e-13,1.693,0,0.013844,7.4838e-06,0,4.5851e-05,3.0289e-09,0.00070181,0.72086
3.0573e-18,0.82352,4.9257e-08,0,6.3719e-09,0,1.3526e-05,0.00039301,0.00046194,0.92075
5.3819e-18,1.8923,3.1391e-07,0,7.4162e-06,0,9.0341e-05,0,0,4.8947
8.5741e-12,0.81922,0.0044781,3.0816,8.9822e-06,4.5291e-05,9.2128e-05,9.0797e-08,0.00016473,8.4932
3.452e-05,83.453,0.00038318,0.013851,0,0.012496,0,1.3114e-06,0,1.4541
5.418e-10,1.1827,0.0041708,1.1438,0,0.0013104,0,0,3.1491e-06,0.7344
0,0.79621,0.57404,22.027,0.0041576,0.00014757,0,1.2216e-07,0,0.72397
1.7546e-11,6.9154,0,0.0056489,0,2.3656e-05,2.0792e-05,0,3.252e-06,3.5931
0,0.81831,0.0045862,1.1817,5.2004e-05,0,0,2.443e-06,6.8843e-07,2.2862
3.556e-17,0.81754,0,2.3654e-07,0.0001503,5.2135e-05,0,3.7535e-05,0,3.9772
1.3083e-18,1.7852,2.0973e-05,4.1779e-06,0.00018489,0,0,0,7.0515e-09,0.7233
3.6679e-08,0.82159,3.6862e-06,0.0080281,0,0.0010593,0,0,0,11.629
2.3554e-11,0.8247,0.0051502,0,0,3.2563e-07,7.4938e-07,7.5363e-07,8.243e-10,133.23
2.7874e-12,4.6999,0.004785,0.0085111,0,0.0001846,0,4.1096e-05,0,0.71894
0,0.82516,1.2273e-05,1.249,4.2982e-14,0,2.3318e-12,0.00028424,9.1681e-11,17.49
3.8521e-11,0.81794,1.501e-05,0,0,0.00034894,0.0011091,0,0.0011808,0.83983
3.1841e-13,0.82118,2.6325e-08,0,0,0.043494,0.0023018,0.00033979,9.0603e-09,0.73271
3.9498e-05,0.8156,8.7715e-09,0.0051688,0,0.0084237,9.1064e-07,7.1783e-06,0,4.8787
3.7206e-17,1.6287,0.0038901,7.4747e-05,0.00010265,0.00024564,0,2.9169e-05,1.2867e-10,0.72747
0,0.81849,0,0.0016384,1.4905e-05,1.1127e-05,4.9091e-12,0,0.02387,171.36
0,0.81876,0.0052445,0.22471,0.00021391,1.5578e-06,0.0014878,0.00031739,9.7333e-05,2.4141
0,0.83205,0,3.1843,0,0.0001746,7.0738e-05,2.8539e-06,0,9.1104
1.0841e-11,0.81891,0.0040053,3.3065,1.2246e-05,4.3319e-05,9.2178e-05,3.5765e-06,8.3156e-11,1.4833
5.2802e-10,1.0711,9.7433e-11,0.01351,1.1503e-05,1.8732e-09,3.9966e-05,1.4567e-07,0.00071241,0.71917
1.0252e-11,1.1579,4.5529e-06,5.0604e-09,0.00035413,0.00097274,4.1943e-07,6.4815e-08,0,0.74445
1.485e-11,0.90968,5.8584e-05,22.133,0.0017761,0.00013672,9.4207e-11,3.3852e-05,3.2286e-06,0.71818
4.3023e-10,23.195,0,0,0.00086185,0,0,0,1.6928e-12,28.901
1.2346e-13,1.6979,0,0.2132,0.00023856,0.00091386,1.4048e-06,0.0019883,1.5869e-07,0.72781
1.0635e-14,0.81779,2.1332e-08,8.7456e-05,0.0024271,0.038756,0,4.0596e-07,5.572e-07,0.71245
4.8686e-10,0.83187,0,0,1.7621e-05,1.4618e-06,9.9305e-08,5.1279e-07,0,0.82456
2.6979e-09,0.8175,7.0219e-08,0,0,0.00035579,0.00047368,0.00017616,0.00030323,0.91028
3.4123e-17,1.6544,3.7675e-08,14.567,9.5307e-06,0.003901,0,0,8.7736e-05,0.72182
0,0.96686,6.6601e-10,0,0.0001182,0.011618,0.00023101,4.8923e-05,8.2458e-09,0.7227
0,0.81996,2.8777e-08,0,0,0.044867,0.0022856,1.4753e-05,0,0.73352
2.4706e-14,0.98958,0,0.038556,0.0033224,3.1837e-05,0,0.0024165,0,1.1229
0,0.81929,0.0045071,1.1658,4.531e-05,0,2.1997e-12,2.2729e-06,1.8815e-08,0.74189
2.382e-13,0.82662,1.1899e-05,1.3373,0,0,0,0.00021942,1.1388e-05,4.2886
8.3652e-13,0.84132,0,0,0,0.012964,0,0.0023052,1.016e-05,1.7349
0,2.0741,1.6668e-09,0,0.0003208,2.9784e-05,0,4.7283e-06,0,3.7805
1.1236e-12,28.397,5.8493e-07,8.2452e-06,2.4818e-07,0.0011416,0,9.2271e-05,1.1978e-06,0.76532
3.5144e-13,0.93329,0,1.0982e-05,0.0017608,0.037803,0.011192,0,0,0.7278
0,1.1903,9.4707e-07,0,1.3307e-07,0.00054591,1.5634e-05,2.6981e-07,3.3226e-06,9.6786
1.0065e-13,0.81581,7.5562e-05,0,9.3697e-07,7.8901e-05,0,4.9061e-05,0,8.6351
0,1.0512,0,0.86644,0,0.000167,1.3198e-07,4.4113e-06,0,4.1015
2.2657e-07,0.81697,2.3557e-08,0,0.0001362,0.0056136,3.5921e-06,8.6037e-06,8.5762e-05,0.73671
0.0017012,0.81897,0.004976,1.2141,4.8504e-05,0.00010822,0,2.3333e-05,6.7541e-07,3.9543
4.3398e-15,30.452,0,0.043565,7.5717e-05,5.9415e-07,4.6738e-12,0.0020593,5.9779e-15,5.4697
0.12991,0.80721,2.906e-08,0,0,0.0032845,0.0010726,0.00043611,0.00031321,2.5571
7.8233e-11,0.89126,3.3858e-07,1.133,0,0.00019748,3.8069e-12,0.0004648,2.3314e-06,0.79715
3.6189e-12,0.82683,0,0,0,8.7307e-05,0.0011381,4.5661e-05,0,84.42
0,0.88287,0.026893,0.52876,3.7435e-07,1.0637e-07,0,0.0001817,0,1.5828
1.2102e-10,0.95327,8.2796e-07,1.1828,0,4.2237e-05,1.3788e-07,0.00024086,2.5204e-06,1.9807
1.6434e-10,1.0725,0,0.0099974,2.7748e-08,0.0019232,0.013669,1.8582e-05,8.9496e-09,0.72379
2.7757e-08,0.83338,2.242e-06,0,0,0.00017682,2.3263e-05,8.8257e-05,0,1.215
2.9649e-11,0.81742,0,0,4.0473e-07,0,1.4518e-07,0.00019503,2.7124e-06,1.7824
1.1367e-12,28.335,5.9495e-07,7.7865e-06,0.0032312,0.0011356,0,1.0239e-05,1.123e-06,0.74751
0,4.1201,6.8856e-06,1.0398,0.00013028,0.00032876,0,3.2652e-05,0,1.6178
2.7542e-12,0.81428,5.2065e-07,1.5013,0.0016201,0.033956,1.5866e-09,0.0001631,0.00027044,3.6567
0,1.5678,3.4387e-06,0,0,3.7827e-05,0.001638,0.00056584,0,5.1136
0,1.9414,0,0.87815,1.3896e-05,0.00017515,0,4.6182e-07,0,10.376
1.8564e-11,1.0454,2.715e-07,0,7.0217e-06,5.268e-06,3.8061e-05,1.0552e-05,2.9488e-05,4.0133
5.4243e-10,0.81705,2.1627e-06,0,0,0.0069068,9.4445e-07,0,0.00023363,0.83485
0.79069,0.74699,4.1624e-06,0.035259,0.0033057,7.1904e-05,0,3.4243e-06,0,0.72777
3.5905e-17,1.6581,3.6536e-08,0,2.445e-05,0.00091927,0,1.4137e-05,0.00010038,0.73208
5.8166e-13,0.81857,7.9838e-05,0,8.7424e-07,0.00028368,0,0.00025542,0,8.4319
7.3897e-13,0.86934,2.7419e-07,0,0,0.00017489,7.2633e-05,2.8332e-05,0.023731,8.7557
0,0.82565,0,1.5428,1.504e-08,0.012582,0.012642,1.7779e-05,0,0.74174
4.3822e-12,0.81759,0,0,0.0018627,0.03703,0,1.5921e-06,0,0.72178
4.4145e-12,3.0379,0,0.002762,0.0022021,0,0,2.1576e-06,0,0.71556
2.9871e-12,9.165,4.1132e-06,0,5.2924e-07,0.0017898,2.2279e-05,0,0.019241,0.71833
2.6488e-13,0.86904,4.7307e-06,5.8682e-09,0,0.00097219,4.1855e-07,6.2805e-08,0,0.74815
1.9011e-11,0.8236,0,0,0,0.00025341,0,6.2616e-07,2.4404e-11,8.3308
1.0811e-10,0.81764,0.0046476,0,4.9481e-05,0,0,2.1623e-06,4.6542e-07,2.3823
4.6913e-12,4.0232,7.1234e-06,1.7398,0.0001661,0.00031619,0,4.0409e-06,1.3954e-07,0.87069
0,6.4158,0.027109,0.58625,3.9988e-07,1.1172e-07,0,4.617e-06,0,2.4517
3.5175e-13,0.81837,0.00014399,2.5046e-06,0.00019575,0.0002756,4.4286e-05,2.0307e-05,1.4348e-08,7.9023
1.3409e-10,0.81793,1.6092e-07,0,0,0.00092623,3.6764e-05,8.8286e-05,0,2.8039
2.8674e-11,2.645,0,0,0,4.7626e-05,4.6713e-05,8.1818e-06,0,1.4589
1.387e-12,4.9146,3.7742e-07,0.0053401,1.7044e-05,2.3773e-05,0.001655,1.6435e-05,0,0.71937
7.0734e-10,1.2777,6.5891e-05,0,0.00022823,6.6645e-07,3.6656e-05,0.00038295,0,3.9743
1.0542e-10,0.81783,0,2.0904e-07,0.00015288,1.5206e-05,0,8.0102e-06,0,3.9875
6.9694e-07,0.87865,0,0,1.5442e-06,6.2942e-07,0,8.0521e-06,0,0.73361
3.7195e-15,0.83582,0,0.93397,1.7758e-07,2.2018e-05,0.0024904,0.00032995,0,0.71727
1.718e-13,0.82194,4.9077e-09,0.96797,0,0.00096183,1.7107e-07,0.00023864,0.018898,2.2738
9.1681e-14,0.82356,0,0,0,3.2242e-07,7.5658e-07,0.0019262,0,122.77
8.6438e-16,0.81619,0,5.0376,0.00074428,0.00024132,0,2.2418e-06,0,5.9796
7.9452e-13,0.81676,0,0.012948,0,0.0090216,0.002066,0.0021433,0.024917,0.73371
0,0.81791,0.005335,0.20055,0.00019538,4.588e-06,0.011956,0.00038949,9.5428e-05,2.5084
7.8766e-13,75.583,0.00023485,0,6.7704e-08,0.010311,0.012521,1.1523e-07,0.023107,0.73328
0,0.86007,0,0.0008724,2.5086e-07,0.010755,0.015357,1.453e-05,0,0.74436
0.13449,0.81856,3.8271e-07,0,2.3549e-05,2.228e-06,7.3614e-07,2.1638e-07,0,129.71
0,0.8169,3.5603e-06,0.00030501,0,0.0030038,1.4887e-05,0.0021661,1.36e-05,0.72277
8.1345e-13,0.81757,0,0.69206,0,0.0083708,0.0026231,4.0525e-05,0,0.74556
6.5345e-12,0.82031,7.7025e-08,0.25412,0.00013665,0.0018211,1.1796e-08,6.4099e-05,0,0.731
2.0565e-07,0.89743,0,0.05019,4.167e-07,5.3165e-07,0.0026643,2.7234e-05,1.8586e-07,0.73933
0,1.5148,0,0.80538,0,4.1698e-05,5.2036e-12,5.9013e-06,0,4.7726
0,0.81953,5.3127e-08,0.086228,0,3.2612e-06,0.0014842,0.00027949,0.00010116,2.0739
1.5316e-12,4.9166,3.5149e-07,0.005765,1.6343e-05,2.3862e-05,0.0018048,0.00026014,1.6675e-10,0.7186
0,0.82632,2.0191e-07,0.012606,0,0.0020416,3.7382e-05,1.4203e-05,0,1.1757
0,1.8961,0,0.0041817,0.00021286,0.0012432,1.3857e-06,0.0026646,1.6241e-07,4.8602
3.4436e-13,0.81587,0,0.78939,0.0017888,0.033356,0.012279,0.0012324,8.883e-05,0.71813
1.5572e-10,0.81922,0,0.011847,2.416e-06,0.012266,0.0017424,4.5687e-06,4.7044e-07,0.72141
6.394e-06,0.81857,3.8919e-07,0,0,0.00010442,0.00061953,1.0983e-05,8.4275e-09,0.83174
8.8034e-12,1.6568,7.8649e-11,4.5977e-08,2.3689e-07,9.9818e-07,0.0007152,4.2584e-05,0.00024837,1.697
5.1568e-12,0.86605,0,0,0.0030249,0.0075903,0,4.8759e-08,0,9.5198
1.3647e-11,0.81453,0.0051099,0,3.0774e-06,8.6495e-05,0,8.3415e-07,0.00094987,6.0775
0,2.6083,9.9303e-14,0,2.7436e-06,0,0.01216,1.5261e-05,0,13.565
0,0.83267,0,3.1635,0,5.8906e-05,6.8395e-05,6.2384e-06,0,39.805
7.8797e-11,0.81831,0,0,0,8.5316e-05,0.012313,0.0023008,1.2592e-05,0.93024
0,0.83294,3.3983e-09,0.0071062,0,1.7206e-05,6.9489e-10,0.0017699,0.022023,0.97846
3.1929e-19,1.0544,0.0001003,0,5.2819e-06,0.00021621,0,4.8876e-06,0.02224,30.26
3.1077e-11,1.3425,0,0,3.6654e-07,0,1.5177e-07,0.00020643,2.9715e-06,1.2184
4.1447e-12,1.4544,3.9917e-06,0,0,0.00017585,0,0.00035328,0,12.958
0,0.81973,4.6116e-08,4.5758e-06,0,3.5411e-06,0,2.2363e-08,0,2.051
7.7746e-16,0.81825,4.6374e-10,0.005,0,3.437e-06,0.0017167,6.8759e-07,0,2.0836
0,0.90924,0,0.70279,2.5151e-07,0.0018573,0.014465,1.3285e-05,0,1.5439
2.9595e-11,0.81703,3.2152e-06,0,3.3242e-07,2.3277e-05,1.5156e-05,0.00029609,1.264e-05,1.7284
3.4391e-13,0.8258,0.00026439,0.22258,1.1641e-05,4.4205e-06,0.0024317,0,8.5349e-06,1.4558
1.9368e-18,2.3206,0,5.8611,1.4803e-08,0.00034352,0.012532,1.7777e-05,0,0.72435
0,0.81691,0.005841,0,0.00023766,0.0031042,0.012636,0.00028132,0.00010443,314.38
1.3525e-10,0.81834,0,0,3.8722e-08,0.011476,0.0020947,0.00044968,9.4317e-09,0.72799
5.9708e-10,1.1514,0,0.0025668,1.5404e-08,3.8391e-05,1.3553e-05,0,0,2.1984
1.6569e-10,1.7535,2.0281e-07,0.013244,0.00093878,0.0009994,3.7985e-05,0,8.6925e-11,1.0977
8.3687e-14,1.1376,0,0.083604,1.1176e-08,0,0.01386,4.1132e-10,0,52.212
0,0.81764,0,0,0.0011169,0.00018846,8.8281e-05,1.9324e-06,0,8.1769
1.0166e-14,0.81602,0,9.6234e-05,7.8723e-05,0.038059,0,1.7091e-08,5.4756e-07,0.71493
8.4557e-16,0.81787,0,5.5445,0.00074439,3.6418e-05,0,4.2417e-06,0,2.8469
3.8151e-17,1.6495,0.0047908,20.525,1.701e-05,0.0038154,0,0,8.0274e-05,0.73645
0,0.81623,3.6705e-06,0.00045533,0,0.00039002,1.5297e-05,1.6294e-05,4.8477e-05,0.72953
7.1356e-14,17.566,0,1.5253e-07,0.00012554,0.032262,0.00024584,4.8531e-05,9.0396e-07,0.72681
0,2.2291,9.5784e-14,0,1.7655e-06,0,0.00068673,7.5343e-05,0,3.2449
6.5586e-05,0.84197,0.016573,9.1361,0,1.8612e-05,0,0,0,0.7293
3.4188e-13,0.83392,0,0.97512,1.475e-05,0.00048399,0.0024148,0,1.0125e-05,1.2257
6.7207e-12,0.8205,6.2929e-08,0.2615,0.00012716,0.00028276,1.6604e-05,0.00015952,0,1.6165
0,0.82009,0.016452,22.073,0,0.0030253,0,0,0,18.041
2.3838e-10,0.82689,0,0.65879,1.4323e-11,7.1023e-07,0.0032457,0.0001665,0.020073,0.7358
1.0669e-14,1.7971,2.3413e-08,0.01225,0.0022438,0.037663,0,5.0444e-06,5.3938e-07,0.71352
3.0955e-13,0.8196,1.917e-14,0.79496,1.9524e-07,4.8256e-05,4.3717e-05,8.4812e-06,0,1.9649
8.686e-16,0.81508,0,0.62768,0.00090102,0.011252,0,2.1513e-08,0,0.73735
7.511e-17,0.81669,0,2.4649,0.00085395,9.3378e-05,3.1095e-06,1.9781e-08,0,0.72617
6.8144e-13,0.81781,0,0.64857,3.9959e-05,0.0084,0.0022535,0.0015549,9.7138e-05,0.72334
1.9187e-07,0.8238,1.0361e-08,0.14168,0,1.5479e-05,0.000952,3.0101e-05,7.986e-06,3.8543
6.2751e-12,0.90421,7.7613e-08,0.22813,0.00010094,0.00049714,8.1045e-05,6.906e-05,0,0.74133
4.1222e-12,3.0312,3.0845e-14,1.4902,0.00042975,0.00012623,0,2.196e-06,0,0.72036
0,0.81609,1.3296e-08,1.1259,0,0.00030836,0.01149,0.00024788,1.1268e-05,1.1849
1.9135e-13,0.82363,0.0049742,1.0116,5.4227e-06,1.4485e-06,0.0016487,0.0002509,9.3063e-05,4.1618
0,0.84803,2.8147e-08,0.00084222,4.4315e-07,0,0.015089,0.0017498,6.0731e-06,0.76688
5.714e-10,0.81728,2.4382e-06,0,0,4.2522e-05,9.0227e-07,0,8.6405e-06,0.87234
1.2425e-18,1.8671,1.8507e-05,0.85911,0.00014903,0,0,0,7.1093e-09,1.2293
0.0012358,0.81733,0,0,0.00075025,0.00023388,1.7282e-06,3.1123e-06,0,7.8593
8.4372e-16,0.81689,0,2.7234,0.00074769,0.00017037,0.00018308,2.9771e-06,0,3.4363
7.8039e-08,0.92954,0,0.00016545,2.958e-07,3.3081e-05,0.0011697,0,0.02228,96.41
2.5567e-13,0.81225,7.0752e-05,5.8556,0.040776,0,5.317e-12,6.1148e-05,0.022044,0.71667
3.0831e-13,1.4262,0.00017206,0.31846,0,3.4032e-09,8.1257e-07,7.0592e-06,0,0.82538
8.1864e-11,2.3743,0,0,0,0.00019498,0.01247,0,0.026279,0.94
3.0018e-07,0.81815,4.3034e-06,0.00078383,5.7574e-06,0.00016946,5.0694e-13,4.3972e-06,0.021123,31.507
0.0015288,0.81931,0,0,0,0.00020729,0,0.0024078,1.1329e-05,11.94
7.8389e-15,2.2279,3.7342e-06,2.2351,0,0,0.00076775,9.6186e-06,1.5172e-07,3.3426
0,0.81769,2.7684e-10,0,0.00061575,0,1.114e-06,0.00024254,1.0003e-08,3.9566
5.0709e-10,0.8467,1.3727e-06,0.0001749,0,0,0.00018727,2.5664e-05,0.00023536,1.5659
9.1572e-16,0.81582,0,0,0.00066343,0.0045775,0.00018754,0.00012526,1.3463e-05,3.9187
3.6754e-17,20.986,0,0.76038,2.9335e-05,0.0088683,0.012469,9.9906e-07,4.9534e-08,0.72982
1.2207e-15,1.033,9.3112e-11,0.041417,0.00036636,2.5102e-05,4.0922e-06,7.7877e-06,0,0.74265
9.3671e-11,0.81666,2.8694e-10,3.6385e-07,0.0026602,0,0,0,5.996e-07,4.2044
1.6783e-11,0.81757,3.8691e-06,25.756,0.0013712,0.00019812,1.2506e-07,1.3101e-05,9.5567e-09,1.7111
3.1503e-09,1.0608,7.0537e-08,0,0,0.0019301,0.00046296,0.00017663,0,0.92097
2.0456e-11,1.6675,0,0.018722,0,3.8532e-05,8.7208e-07,1.7316e-05,0,5.1105
4.0229e-15,30.946,0,0.043179,8.126e-05,5.7288e-07,4.8051e-12,0.0018035,0.00034285,4.6682
5.3495e-12,0.8187,3.2329e-06,0,0,0.00014349,0.013271,0.00032804,0.00048265,0.78526
4.1917e-12,0.87715,3.5509e-14,1.4806,0.00044561,0.00012279,0,2.2562e-06,0,0.72358
0,0.89538,0,0.016538,0,0.00091282,2.8549e-11,0.00023307,0,42.821
1.6684e-13,2.3205,9.2681e-10,0.062799,1.8159e-06,4.6648e-05,0.011021,0,0,3.1688
1.0534e-15,0.82128,4.693e-06,0.057001,0.00017092,0,0.0028003,2.8029e-05,1.1827e-08,0.731
0,0.81863,0,0.20942,0.00015528,4.3272e-07,0.012211,0.00038503,0.00010231,2.572
0,0.8259,4.054e-05,14.739,1.1258e-06,0,0.013262,4.4217e-06,0,1.6319
5.1301e-10,0.82737,5.3977e-05,0,0,0.00064586,0,0.0004541,0.019369,0.72589
2.9393e-11,2.6441,0,0,4.0408e-06,0.00014965,4.9602e-05,5.9037e-06,2.8881e-07,0.72045
0,0.84509,0.00015682,0.000809,4.5543e-07,7.1258e-05,0.015958,0.001685,6.2151e-06,0.74089
0,0.8176,0,0.16962,0.00017767,1.7257e-06,0.001756,3.4181e-06,0.00010811,3.0484
0,0.82586,0.00017267,0.27225,0,0.0036553,0,0,8.574e-05,68.147
0,1.0516,0,0.46882,0,0.00015253,1.3773e-07,4.4613e-06,0,4.1795
4.2698e-12,0.81494,0,0.0010658,0.0027773,0.010002,0,1.2541e-07,5.6061e-07,1.0964
5.8291e-10,0.81686,3.4537e-06,0.00065612,0,0,1.5723e-05,1.1208e-05,0.00069679,0.72636
5.9576e-10,1.4476,3.622e-06,0,0,0.00019049,3.4751e-07,0.00038662,0,2.0697
1.0119e-18,0.81858,5.0087e-07,0.15109,0.00011689,0.0006734,0.0014401,4.9725e-05,0.00039575,0.7396
4.5358e-12,1.4834,3.2095e-06,0,0,0.00017739,1.2313e-11,0.0027691,0.022247,0.95693
1.3971e-08,0.81732,3.6874e-07,0.0053349,0,5.6888e-05,0.00064961,1.4404e-05,0.019615,1.9838
0,26.478,0,0.00017732,0.0011413,0.00023473,1.7849e-06,2.6231e-06,0,7.8642
0,0.81677,1.7696e-07,0.89308,0,0.0029766,0.0012431,0.0021528,1.4697e-05,0.72697
7.4374e-15,1.711,9.1541e-05,0,5.1449e-06,0.00018171,0,0,0.021775,1.5039
0,1.934,0,18.767,0.0033292,0.00086498,0,9.2141e-06,0,1.1303
0,0.83629,2.1112e-07,0.012104,0,0.0020115,1.2943e-07,1.0243e-05,0.019236,1.1694
3.1955e-12,0.81769,0,1.2258,0,4.3535e-05,1.3069e-07,0.00038617,2.8474e-06,0.827
1.0525e-14,0.83813,2.2549e-08,0.00010994,0.00085862,0.014747,0,0.0017009,2.7897e-08,0.71346
9.2932e-16,1.7742,8.1671e-09,0.013818,0.00097384,0.0023475,3.5001e-05,5.8689e-09,0,1.1003
1.0552e-10,0.82145,0,0,2.1871e-10,7.7425e-05,4.4716e-05,0.0026705,0.00015364,4.7519
1.553e-13,0.93377,8.177e-08,4.4946,1.5892e-06,1.9509e-05,0,7.4813e-07,6.6955e-06,1.4658
4.2738e-12,0.81716,3.8042e-06,0,0.001182,7.9825e-06,0,0.00030459,0,0.77907
0,1.2676,0,0.013155,1.001e-07,2.27e-05,0.0026782,0.0003727,0,0.72052
0,1.1011,0,0,3.2546e-06,0,0.00085523,1.6777e-05,0,13.741
3.9692e-12,1.8228,5.2015e-06,0,0,0.00017334,0,0.0004029,0,1.2727
3.7489e-13,0.82069,1.3936e-08,0,0.00080622,0,0.00017011,0.00026839,1.0168e-08,3.4886
0,1.0426,6.25e-11,2.2821,0.00024376,3.2548e-05,0,7.0681e-06,0,6.367
