0.01692,0.060733,0.16178,0.1568,0.39149,0.2016,0.28807,0.26534,0.39258,0.0028692
0.030846,0.055459,0.12024,0.18946,0.31906,0.20139,0.19978,0.31596,0.45308,0.0024219
0.14528,0.21633,0.17149,0.017714,0.07344,0.041562,0.075681,0.13289,0.75958,0.0029415
0.038429,0.078186,0.28529,0.15694,0.33913,0.13176,0.24988,0.18556,0.13872,0.0025565
0.0010041,0.0010041,0.0010041,0.0010041,0.0010041,12.001,0.0010041,0.0010041,0.0010041,0.0010041
1.4383,0.0016665,0.018029,0.0497,0.0040737,0.0016665,0.0016665,0.057088,0.0025129,0.0016713
0.24372,0.02222,0.15666,0.025154,0.038555,0.063446,0.086539,0.11097,0.52091,4.0639
0.0045441,2.2992,0.0061888,0.02368,0.036817,0.0050167,0.041879,0.017326,0.066483,0.0090848
0.03249,0.13326,1.9508,0.19329,0.0047895,0.0095152,0.0033156,0.051973,0.0049802,0.0017071
0.031263,0.067687,0.37326,0.34441,0.24226,0.14008,0.23456,0.14337,0.037876,0.0021729
0.065043,0.54103,0.61308,0.18792,0.0073764,0.011116,0.0109,0.060866,0.076949,0.005798
0.047628,0.083509,0.30999,0.14578,0.076213,0.45929,0.143,0.25603,0.09689,0.11996
0.43818,0.51739,0.014349,0.027581,0.038387,0.013813,0.048011,0.01976,0.071204,0.0042706
0.04645,0.062396,0.26903,0.12608,0.16943,0.12974,0.11578,0.19869,0.65833,0.49566
0.0011377,0.0011387,5.7611,0.0015083,0.0011313,0.0014949,0.0012545,0.002815,0.0011313,0.0011313
0.022819,0.018487,0.026474,0.0052169,0.031421,0.0086152,0.022177,0.46322,3.9416,3.9973
0.0011446,0.0011446,0.0011446,0.0011446,0.0011446,0.0011446,14,0.0011446,0.0011446,0.0011446
0.18754,0.19192,0.012486,0.081928,0.076515,0.025525,0.058658,0.095624,0.09841,3.9919
0.23849,0.26367,0.18005,0.081845,0.020755,0.0015809,0.15674,0.037266,0.25115,0.49933
0.23952,0.28279,0.0025875,0.035037,0.037684,0.058503,0.09532,0.030125,1.0337,1.1692
0.0029224,0.0050559,0.088594,0.48289,2.1622,0.18479,0.086783,0.058253,0.034554,0.002815
0.45652,0.49427,0.010808,0.026755,0.037987,0.013818,0.046483,0.020248,0.073052,0.0035698
0.26352,0.31435,0.022326,0.012006,0.025116,0.14679,0.036454,0.015382,0.97344,0.0051505
0.00084415,0.00084415,0.00084415,0.00084415,0.00084415,0.00084415,0.00084415,0.00084415,0.00084415,20.001
0.077894,0.089613,0.18733,0.13711,0.098043,0.10873,0.11278,0.15039,0.7535,0.47288
0.55106,0.0059024,0.018044,0.017233,0.0161,0.058519,0.034601,0.20113,0.10857,4.3544
0.06531,0.14215,0.28688,0.2602,0.082753,0.10643,0.077351,0.15782,0.24444,0.0022281
0.001456,0.0014605,0.0017648,0.0018632,0.0083952,0.012885,0.046524,0.091652,8.6092,4.054
0.04301,0.038722,0.049525,0.039797,0.10172,0.29016,0.12998,0.96977,1.1799,0.0024839
0.0047768,0.038168,0.19694,0.44075,0.36506,0.66602,0.47375,0.06861,0.0018084,0.0026332
0.14627,0.20018,0.52151,0.081526,0.033544,0.0027835,0.10802,0.037288,0.24534,0.0089447
0.0011713,0.0011727,0.0011724,0.0011724,0.0011732,0.0011714,0.0011712,0.84895,0.0011741,15.904
0.0017461,0.0020693,0.13223,0.24181,0.26697,0.75103,0.43064,0.71008,0.11628,0.0012599
0.0019824,0.0029569,0.0062432,0.017965,0.018919,0.10522,0.74104,1.9937,2.5341,0.0013258
0.084043,0.076618,0.029631,0.062248,0.0079047,0.025849,0.18062,0.42184,2.5009,0.54064
0.50851,0.015507,0.007387,0.0059188,0.071464,0.036987,0.058323,0.032312,0.077391,6.7145
0.045338,0.14552,0.31632,0.37001,0.28907,0.15705,0.14404,0.051911,0.0012442,0.0012255
0.0009919,0.0010097,0.0010712,7.5957,0.0010174,0.0013442,0.00097426,0.0026188,0.0026336,0.00097426
0.099525,0.27543,0.85493,0.090858,0.083573,0.050854,0.0016288,0.051995,0.0018924,0.0013789
0.00078907,0.00078907,0.00078907,0.00078907,0.00078907,0.00078907,0.00078907,15.908,0.0010895,0.00078907
0.13565,0.11459,0.13657,0.15595,0.082537,0.034678,0.064421,0.044643,1.1307,0.49066
0.0028713,0.0050661,0.011708,0.032911,1.345,2.3874,0.18323,0.049075,0.023804,0.0013768
0.0048561,0.0087505,0.041933,0.31191,0.20219,0.33842,0.70095,0.65259,0.43771,0.0023312
0.014694,0.012759,0.070659,0.14252,0.23908,1.0121,0.15737,0.85524,0.18328,0.0033012
0.081569,0.10838,0.17283,0.22523,0.30925,0.043359,0.27383,0.031939,0.24044,0.024277
0.0035335,0.0063276,0.056517,0.33144,0.39987,0.95729,0.79894,0.04643,0.1507,0.0017832
0.76829,0.0078349,0.025739,0.020694,0.0081855,0.1926,0.028336,0.34195,0.20305,0.0076699
0.0023158,0.003671,0.052615,0.428,1.1688,1.7684,0.03511,0.0014022,0.034794,0.0014022
0.013997,0.011887,0.016494,0.012675,0.030521,0.12946,0.42995,1.0863,2.9077,1.1626
0.010029,0.01571,0.12272,0.31652,0.42213,0.60362,0.35502,0.064972,0.30174,0.002136
0.0034111,0.0070638,0.069228,0.42651,0.507,0.50699,0.80845,0.033161,0.20236,0.0012956
0.01866,0.044462,0.33179,0.85345,0.2019,0.13812,0.045448,0.010372,0.3094,0.0009735
0.11065,0.063759,0.091156,0.13953,0.094737,0.074848,0.21924,0.23932,0.77393,0.0017568
0.074384,0.061851,0.026234,0.0082097,0.024146,0.01494,0.95616,1.2848,0.60909,1.1157
0.0087054,0.025378,0.38558,2.1543,0.015996,0.14683,0.013374,0.056907,0.01321,0.0013839
0.039037,0.030766,0.11144,0.047274,0.033815,0.27842,0.54732,0.62497,0.79477,0.96405
0.0022099,0.0022315,0.0032132,0.010797,0.044661,1.3326,1.0773,2.2529,0.069818,0.0050675
0.0018986,0.0023534,0.22764,0.29655,0.35528,1.1091,0.0012436,0.75421,0.11623,0.0012144
0.050472,0.088482,0.1994,0.37113,0.069381,0.089351,0.064804,0.55161,0.24315,0.019479
0.060382,0.067443,0.097864,0.0052108,0.015889,0.022626,0.039159,0.056921,2.384,4.2605
0.0062416,0.012241,0.013766,0.24233,0.25763,0.51511,0.73759,0.68641,0.28895,0.0021845
0.015253,0.053533,0.23303,0.17547,0.43841,0.22566,0.32254,0.29707,0.11513,0.0029148
0.0014199,0.0014282,0.001643,0.0026185,0.0026658,0.0091777,1.7272,2.0818,2.5514,0.040156
0.13253,0.07166,0.14174,0.047484,0.037516,0.022528,0.21892,0.083369,1.5612,1.3487
0.033559,0.036623,0.2022,0.057792,0.023067,0.24249,0.35544,0.17517,1.5583,0.50395
0.0036498,0.0034623,0.020783,1.5744,2.2007,0.071625,0.0013222,0.0013225,0.032974,0.0013222
0.016629,0.083415,0.30761,0.52505,0.12663,0.49345,0.048556,0.12145,0.11329,0.0045685
0.34782,1.0062,0.019738,0.051339,0.0058137,0.0034162,0.0034118,0.060448,0.0042582,0.0034166
0.0085882,0.079578,0.35827,0.42643,0.156,0.070171,0.0016383,1.3066,0.067041,0.0016375
0.037356,0.15462,0.4304,0.063662,0.075488,0.028242,0.06303,0.1233,1.1397,0.0061085
0.020582,0.063404,0.98669,0.89699,0.014083,0.046353,0.031207,0.052781,0.013466,0.0018544
0.0010152,0.0010152,0.0010152,0.0010152,9.7717,0.0015107,0.0020081,0.0010152,0.0010514,0.0010152
0.017451,0.11952,0.56225,0.66041,0.24502,0.10944,0.0047842,0.060843,0.070113,0.0047831
0.0026593,0.002765,0.0087303,0.015688,0.013498,0.034115,0.14948,0.32423,1.8911,8.0397
0.0013034,0.0012435,0.0026345,0.0052826,0.06136,2.6394,2.0171,0.18467,0.11283,0.0012136
0.0016011,0.0016035,0.0024571,0.0046329,0.0052792,0.025716,7.2111,0.8953,0.049255,0.0029136
0.0010203,0.0010214,0.0011323,3.249,1.7454,0.0013881,0.0010181,0.0026627,0.0026775,0.0010181
0.1078,0.025889,0.060573,0.086493,0.051787,0.22278,1.5266,0.066099,1.2553,0.02461
0.080677,0.12745,0.15719,0.070429,0.044317,0.061508,0.10914,0.091003,0.1545,3.9939
0.12366,0.090665,0.14325,0.24201,0.0055446,0.10643,0.1144,0.13145,0.73307,0.49555
0.060925,0.064673,0.31842,0.82023,0.20112,0.088174,0.053001,0.0057315,0.069882,0.002518
0.10165,0.151,0.15577,0.17608,0.073322,0.041453,0.075563,0.13316,0.75948,0.0028417
0.097208,0.070284,0.11518,0.12198,0.088793,0.080046,0.06767,0.49371,0.73333,0.46977
0.060711,0.044644,0.070253,0.076489,0.37737,0.37684,0.14758,0.12418,0.74289,0.0019993
0.0020816,0.0092766,0.05868,0.77759,0.69959,0.39698,0.082558,0.069815,0.4527,0.0027659
0.010176,0.059541,0.14741,0.23974,0.1352,0.36096,0.10484,0.45306,0.65095,0.0013296
0.083008,0.027421,0.062286,0.026581,0.031752,0.91739,0.22821,0.083211,1.1122,4.1508
0.098851,0.08325,0.10043,0.043892,0.051901,0.020329,0.039965,0.1516,0.86946,5.9691
0.04845,0.12379,0.31192,0.19878,0.054014,0.069235,0.2869,0.051779,0.98908,0.25723
0.019912,0.036621,0.27234,0.2999,1.0079,0.25519,0.18585,0.07266,0.026488,0.0099847
0.05798,0.0042689,0.039856,0.0035298,0.010662,0.014979,0.8982,0.063473,1.9319,3.9872
0.038519,0.21112,0.94307,0.36878,0.042413,0.11274,0.0012927,0.035425,0.0014026,0.0012037
0.0055654,0.0044625,0.2074,1.3097,1.0199,0.10448,0.0022927,0.13949,0.0021017,0.0013335
0.097471,0.082207,0.099071,0.043371,0.051194,0.077541,0.043664,0.033428,0.79605,3.9796
0.024033,0.044774,0.039734,0.0065192,0.053498,0.012523,0.034044,0.75865,5.0709,0.021691
0.15846,0.17139,0.065586,0.012616,0.018543,0.0079171,0.25399,1.7416,0.076458,0.0034206
0.016036,0.029447,0.03745,0.47167,0.16584,0.78372,0.29457,1.3247,0.03968,0.018449
0.072307,0.077908,0.058926,0.1081,0.027527,0.042402,0.17046,1.3561,1.6986,0.54012
0.16088,0.40217,0.55379,0.033134,0.10169,0.036702,0.001411,0.0014137,0.067955,0.001411
0.034247,0.081574,0.2456,0.10498,0.27153,0.21473,0.3313,0.30894,0.96577,0.69439
0.00088008,0.00088008,0.00088008,0.00088008,0.00088008,0.00088008,0.00088008,0.00088008,18.001,0.00088008
0.075114,0.059582,0.32929,0.20945,0.046563,1.1105,0.012839,0.043966,0.067102,0.0015551
0.010136,0.041561,0.052949,0.67923,0.32981,0.25285,0.78774,0.047572,0.18646,0.65372
0.013064,0.013443,0.030666,0.03113,0.088116,0.20371,0.81768,1.7055,0.89408,0.0086558
0.10779,0.073681,0.93537,0.36705,0.042263,0.11693,0.001343,0.025878,0.0014507,0.4304
0.095447,0.089605,0.48113,0.32183,0.060526,0.034322,0.055543,0.13033,0.15504,0.0056604
0.17493,0.186,0.19019,0.2025,0.05799,0.087115,0.082039,0.20037,0.030366,0.44834
0.009479,0.010074,0.094546,0.34894,0.55155,0.16009,0.35946,0.70119,0.11459,0.0015977
0.17363,0.43418,0.46547,0.033065,0.10145,0.036326,0.0014196,0.0015039,0.067964,0.0014196
0.018097,0.054542,0.8087,0.78976,0.31936,0.05116,0.0043273,0.013667,0.014864,0.0021642
0.0056545,0.0047479,0.22407,1.4047,0.88906,0.09443,0.0022412,0.13935,0.0019679,0.0011997
0.0062095,0.013456,0.0060864,0.067576,0.0099692,0.28602,0.093076,1.9937,2.5341,0.0013638
0.032423,0.011873,0.095744,0.6163,0.98603,0.32111,0.073311,0.058273,0.020774,0.0015938
0.052324,0.032982,0.048548,0.0060395,0.083008,0.16677,0.11932,2.0869,0.74378,1.0551
0.26231,0.059759,0.1378,0.12039,0.093751,0.022669,0.070633,0.046545,0.71605,0.041555
0.0054199,0.0067528,0.039124,0.049274,0.011268,4.5744,0.16975,0.26112,0.033872,0.0015065
0.006166,0.020862,0.083141,0.63069,1.92,0.10097,0.088414,0.033016,0.06984,0.0044374
0.0029789,0.0031435,0.015872,0.019361,0.066918,3.2838,0.99028,0.10451,0.12848,0.0013954
0.078104,0.072929,0.040174,0.062913,0.18177,0.0467,0.16638,1.5923,0.91417,0.55012
0.080941,0.1701,1.0477,0.15912,0.02094,0.1187,0.064507,0.063251,0.015436,0.011912
0.039625,0.040582,0.077989,0.058779,0.12268,0.036135,1.7162,0.59958,1.7503,0.032029
0.0089133,0.0065581,0.12377,0.11669,0.10651,0.39112,0.48282,0.58133,0.87705,0.48063
0.043075,0.10152,0.13523,0.19919,0.18929,0.3682,0.13486,0.058179,0.97939,0.24956
0.041721,0.10018,0.27839,0.014558,0.042016,2.1912,0.029693,0.050189,0.067944,0.0018939
0.02234,0.013298,0.40285,0.55556,0.71808,0.060286,0.06083,0.17316,0.01098,1.0654
0.0023674,0.0031929,0.026095,0.13499,0.097871,0.49437,2.6892,0.027324,0.73232,0.013961
0.0038655,0.0070463,0.0079715,0.12762,0.13656,0.27248,3.241,0.82505,0.0017144,0.0017144
0.0055712,0.01862,0.07197,0.54052,1.2499,0.52907,0.075372,0.061634,0.070377,0.2518
0.052196,0.055976,0.040856,0.081341,0.038422,1.1617,0.44281,0.73515,0.089103,0.010785
0.003169,0.003238,0.071959,0.40606,1.7978,0.15377,0.43771,0.058094,0.034406,0.0091531
0.064066,0.020722,0.041845,0.053779,0.035135,0.12838,0.841,0.073806,4.1025,0.020616
0.015339,0.0015533,0.0084256,0.015054,0.0021984,0.073369,0.33067,2.5294,2.682,0.0038732
0.031673,0.028746,0.036245,0.029843,0.087031,0.22981,0.39696,0.96344,1.1635,0.50197
0.046961,0.080069,0.14988,0.31312,0.33081,0.29629,1.0135,0.22409,0.23253,0.047736
0.018784,0.018717,0.025706,0.074439,0.018111,0.65117,1.0118,1.4563,0.96096,0.016645
0.018643,0.019625,0.20172,0.049924,0.49575,0.14396,0.33084,1.0523,0.11452,0.0014937
0.014006,0.020381,0.35571,0.49049,0.63395,0.35263,0.064915,0.06637,0.022548,0.0021261
0.060488,0.10658,0.39754,0.17957,0.096504,0.58499,0.030915,0.037757,0.096781,0.1122
0.0039799,0.0041257,0.025598,0.04465,0.50608,0.24603,2.5989,0.2203,0.19557,0.0020465
0.058751,0.016187,0.22295,0.019256,0.24339,0.04813,0.52512,0.10939,0.51463,4.3515
0.022809,0.17104,0.56945,0.41754,0.13378,0.18006,0.052717,0.015798,0.031426,0.001744
0.041314,0.063308,0.13953,0.072288,0.1505,1.188,0.34094,0.31857,0.97544,0.69983
0.031284,0.03658,0.0061789,0.004974,0.19634,0.91449,1.407,0.01569,0.91234,0.0042481
0.024863,0.027948,0.007149,0.0019934,0.16285,0.875,0.88901,1.7277,0.0026702,0.0013928
0.015697,0.014074,0.10767,0.034665,1.0721,0.018555,2.4072,0.063933,0.055455,0.26307
0.0026119,0.011255,0.021408,0.14324,0.15503,1.0923,2.4513,0.086838,0.012062,0.0013182
0.0053469,0.0047826,0.095696,0.022862,0.19351,0.19744,0.32616,0.72936,2.2921,0.0016407
0.0050936,0.005602,0.18422,0.00233,0.4553,1.9571,0.89121,0.066941,0.0012812,0.0024602
0.0083847,0.0093984,0.010516,0.0042485,0.12098,0.013284,1.7062,0.62046,2.7928,0.00389
0.12845,0.10865,0.4951,0.22759,0.11577,0.0016895,0.11047,0.021709,0.19341,0.0087753
0.031841,0.078487,0.33671,2.0015,0.026087,0.16951,0.023226,0.010126,0.021952,0.010126
0.009725,0.073402,0.31606,0.713,0.95511,0.021368,0.041945,0.046688,0.012583,0.0015183
0.0049622,0.031545,0.20643,0.35801,0.36686,0.33232,0.33755,0.17948,0.19132,0.0020037
0.054088,0.12202,0.3345,0.060222,0.1457,0.14289,0.14785,0.30591,0.4414,0.010056
0.0019379,0.0019908,0.0056018,0.012354,0.0014855,0.0014699,3.5011,4.1937,0.0058819,0.0015523
0.0062013,0.0063765,0.1189,0.093641,0.32252,1.3778,0.78208,0.050368,0.19578,0.0030507
0.043455,0.16798,1.4409,0.17996,0.0038543,0.0052842,0.015096,0.17786,0.0069602,0.0019789
0.1361,0.12766,0.22488,0.12993,0.0934,0.47082,0.93568,1.286,0.18025,0.48453
0.12627,0.13122,0.24,0.14565,0.40537,0.28297,0.28129,0.30711,0.52666,0.075998
0.0013353,0.0013353,0.0013374,0.0013353,0.0013353,0.0013451,6.3799,2.5405,0.0014305,0.0013353
0.0029887,0.0034537,0.019473,0.066384,0.0089307,3.1867,0.35947,0.70121,0.11461,0.001601
0.0053129,0.0086121,0.047152,0.01795,0.32074,0.28581,0.76014,0.94521,0.74854,0.38535
0.035421,0.38743,1.1544,0.2083,0.0031248,0.0044981,0.025159,0.042272,0.0024689,0.0078305
0.085067,0.086953,0.15418,0.40133,1.0309,0.13515,0.25826,0.10915,1.7519,0.081868
0.011253,0.011779,0.013802,0.010138,0.45362,1.1964,1.5859,0.05108,0.2197,0.0032173
0.10003,0.24222,0.62578,0.03296,0.097613,0.068995,0.075135,0.051511,0.063656,0.0030511
0.022393,0.068294,0.092206,0.14142,0.037047,0.2467,0.20717,0.5575,1.1385,0.23693
0.023788,0.024082,0.07846,0.43281,0.51377,0.1596,0.34801,1.0695,0.13169,0.018667
0.0053251,0.016198,0.06065,0.45106,1.0421,0.75237,0.17538,0.0621,0.070701,0.0064041
0.13078,0.097322,0.15274,0.066573,0.064588,0.034934,0.072956,0.46555,1.1249,0.48112
0.13447,0.17893,0.44713,0.081272,0.040797,0.018288,0.48471,0.039901,0.25891,0.022511
0.0426,0.036007,0.041683,0.049596,0.022005,0.010133,0.11961,1.0971,0.80544,4.1411
0.01906,0.11478,0.25981,0.08086,0.16021,0.40086,0.13559,0.19266,0.65615,0.014176
0.0034493,0.0061604,0.015002,0.045675,0.050246,0.26603,1.7085,2.2252,0.15034,0.0017403
0.041912,0.043587,0.11913,0.13395,0.49237,2.0058,0.9203,0.10645,0.040789,0.041956
0.17898,0.15081,0.17758,0.18906,0.05441,0.081547,0.076818,0.37594,0.0274,0.44829
0.040175,0.04087,0.59362,0.074696,0.78271,0.24653,0.030866,1.1726,0.036534,0.030131
0.051392,0.16712,0.37598,0.3882,0.12135,0.16586,0.034048,0.040939,0.079687,0.0013509
0.0099968,0.099553,0.52539,0.059917,0.44461,0.8867,0.055063,0.06873,0.0017544,0.002693
0.013342,0.046404,0.18732,0.12301,0.13124,0.28945,0.0094935,0.94261,0.94617,0.23751
0.026351,0.050597,0.13857,1.1087,1.2007,0.0013842,0.001272,0.086795,0.012019,0.001275
0.057191,0.045404,0.17478,0.10162,0.14173,0.20852,0.26359,0.29327,0.95387,0.64499
0.0095569,0.24222,0.63554,1.253,0.040474,0.051403,0.0013399,0.002819,0.0016631,0.0013083
0.031202,0.030554,0.068389,0.040424,0.029772,1.5838,0.037803,1.4548,0.98286,0.022565
0.12517,0.1474,0.0064791,0.043046,0.01445,0.019021,0.01926,1.68,0.048602,4.637
0.021647,0.036431,0.20619,0.061271,1.4558,0.77678,0.17973,0.10131,0.079,0.019665
0.039648,0.0023912,0.012854,0.027936,0.013368,0.39427,0.12804,1.2381,2.539,0.0014803
0.066146,0.063255,0.053758,0.0034502,0.020799,1.7528,0.062441,0.040684,1.1406,0.0028319
0.11207,0.10464,0.31071,0.2487,0.18988,0.064351,0.047005,0.24387,0.2635,0.017833
0.0087874,0.017473,0.015693,0.0021839,0.22181,0.020803,0.92105,0.61763,2.7902,0.0013294
0.0026366,0.0020374,0.0039187,0.028276,0.10987,0.041347,0.29198,0.80609,5.1989,4.5095
0.016947,0.024531,0.055538,0.3249,0.85101,0.34151,0.060268,0.05245,1.7755,0.26374
0.022459,0.023648,0.24232,0.060086,0.60197,0.15301,0.075564,1.1193,0.11472,0.0017015
0.0098143,0.022297,0.19018,1.0558,0.083962,0.11343,0.92564,0.044052,0.081924,0.0047662
0.0064669,0.0066915,0.018049,0.067696,0.11626,0.74307,3.7522,0.055645,0.052622,0.0031994
0.088518,0.014549,0.3577,0.13444,0.021517,0.19899,0.3232,0.29401,0.95084,0.67946
0.019867,0.014527,0.051778,0.26136,1.1684,0.4936,0.36352,0.06098,0.1217,0.26817
0.21831,0.23016,0.0090061,0.15703,0.021634,0.0097508,0.079384,1.1555,0.071198,0.0042642
0.0118,0.012142,0.055152,0.065096,0.23311,0.29088,2.6295,0.22501,0.20029,0.0067581
0.070564,0.12163,0.88835,0.1286,0.0093656,0.093717,0.046957,0.035087,0.095406,7.8289
0.0097446,0.0040047,0.074566,0.21779,0.82662,2.8654,0.0014117,0.0014017,0.033031,0.0014004
0.064792,0.080118,0.45007,0.14467,0.062182,0.32497,0.062535,0.075935,4.2334,0.058171
0.041538,0.060437,0.084127,0.54862,0.21193,0.29758,0.19817,0.16591,1.7989,0.28524
0.034064,0.016818,0.07872,0.44896,0.56486,0.28871,0.96314,0.054234,0.0070523,0.65442
0.0514,0.037679,0.043444,0.1061,0.15496,0.82957,1.4959,0.079961,1.2691,0.038473
0.017089,0.029259,0.22981,0.057182,0.58697,0.16707,0.10793,1.0392,0.094926,1.2765
0.0064746,0.0028142,0.029332,0.10957,0.52052,1.2803,1.0365,0.13717,0.034948,0.0054893
0.031529,0.03423,0.070552,0.25784,0.047572,0.82372,3.2079,0.069909,0.10778,0.030622
0.023955,0.034905,0.27101,0.24807,0.022293,0.030545,1.9782,1.2021,0.030808,0.019156
0.0033381,0.0062431,0.03391,0.071061,0.072076,0.41133,0.27467,1.3497,1.6901,0.0015343
0.031605,0.044556,0.21874,1.1169,0.10854,0.21518,1.0407,0.069654,0.026124,0.026121
0.019221,0.0063899,0.11104,0.21786,1.2826,1.8285,0.0013461,0.0021503,0.0016691,0.0057231
0.013374,0.063198,1.0115,1.1727,0.010254,0.10773,0.0020717,0.0013542,0.034909,0.001319
0.0051902,0.041756,0.71677,1.0969,0.15796,0.14404,0.025614,0.044859,0.0020529,0.0017913
0.0070926,0.0078006,0.013966,0.033088,0.072309,0.20971,1.4454,1.826,0.759,0.005865
0.011233,0.0098851,0.038067,0.023796,0.012656,0.061659,0.45985,1.1656,3.6128,0.005514
0.44872,0.36862,0.32322,0.016108,0.0048352,0.0016305,0.0032366,0.051819,0.0054014,0.0031133
0.0010265,0.0010265,0.0010265,0.0010265,5.2045,1.0014,0.001931,0.0010265,0.07555,0.0010265
0.021752,0.0018661,0.013665,0.0095609,0.0079577,0.047648,0.24202,0.6478,5.9809,0.0024802
0.0094025,0.13491,1.2647,0.41823,0.035379,0.045928,0.03081,0.052345,0.0143,0.0015059
0.04633,0.04624,0.055522,0.12329,0.045288,0.92921,1.6145,2.1592,0.04324,0.04324
0.11181,0.11954,0.57819,0.07885,1.0898,0.32318,0.11332,0.084903,0.18302,0.070001
0.14895,0.21612,0.12031,0.076163,0.034285,0.013797,0.0671,0.053438,0.78232,15.178
0.070829,0.14693,0.90491,0.33051,0.020938,0.11855,0.066004,0.063249,0.015435,0.01191
0.005015,0.010194,0.027202,0.15472,0.12093,0.70614,0.014413,3.8394,0.033008,0.001691
0.14855,0.0042956,0.080146,0.0089848,0.010364,0.026403,0.01566,0.086085,6.1145,0.037026
0.034571,0.028798,0.38474,0.98977,0.22661,0.15936,0.052386,0.011897,0.031811,0.0010482
0.010463,0.0097745,0.019123,0.15484,0.41062,1.0995,1.3443,0.19674,0.12059,0.008921
0.038026,0.030376,0.09453,0.031662,0.0015232,0.30275,0.67375,0.95335,0.717,0.39268
0.010514,0.010607,0.068864,0.065803,0.69782,0.0051318,1.327,1.3305,0.079673,0.0044108
0.055751,0.050437,0.072203,0.056706,0.037022,0.23151,0.071329,1.1477,2.2708,1.0834
0.094825,0.094386,0.095546,0.25609,0.1398,0.22312,1.6447,1.1735,0.824,0.11299
0.24557,0.68545,0.028959,0.049916,0.018131,0.018134,0.4653,0.069285,0.13103,0.018136
0.0072325,0.0075148,0.10589,0.34059,0.42292,2.2711,0.087742,0.026961,0.052824,0.0046448
0.0042978,0.0045805,0.015416,0.01594,0.034806,0.20607,0.94083,2.8915,0.63347,0.0016405
0.036228,0.029716,0.27077,0.46173,0.078608,0.41596,0.30706,0.12151,0.11335,0.0046714
0.016731,0.0017275,0.0090867,0.012043,0.0061861,0.029226,0.66495,0.84496,4.5801,0.0024283
0.026001,0.038819,1.1836,0.06125,0.024514,0.00096286,0.053743,0.78946,0.25585,0.0023418
0.005148,0.0048921,0.0095359,0.0053545,0.057466,1.2748,1.0327,2.3846,0.074014,0.26573
0.0074016,0.0077862,0.63471,0.41142,0.36165,0.33644,0.17781,0.065133,0.022905,0.0027491
0.00158,0.0022399,0.028655,0.037001,0.039046,0.22413,1.2212,3.7363,0.065239,0.0013169
0.011755,0.011523,0.034848,0.19723,0.014652,0.019094,0.033812,2.2243,0.68223,3.9904
0.0099823,0.0071909,0.090081,0.35725,0.5745,0.84905,0.50691,0.064143,0.022145,0.0032227
0.0088427,0.009881,0.0037776,0.36369,0.75941,2.3939,0.033327,0.0012221,0.1086,0.0024278
0.17587,0.43291,0.28324,0.031184,0.0081392,0.80427,0.0059865,0.0059894,0.0096802,0.0059865
0.1498,0.38201,0.23086,0.022209,0.098344,0.063896,0.0050462,0.16089,0.1521,0.0019372
0.016831,0.014359,0.078195,0.26425,0.38459,0.61002,0.36244,0.72066,0.12212,0.011911
0.11013,0.090067,0.12687,0.065554,0.07003,0.58124,0.099576,0.49217,1.1515,0.50774
0.010531,0.028246,0.10067,0.79169,1.7779,0.0087292,0.17986,0.066733,0.075196,0.010899
0.0048749,0.0053469,0.044051,0.10088,0.43795,1.8725,0.86827,0.064521,0.0013357,3.1397
