2.068e-07,2.2497e-05,0,0,3.142e-05,0,0,3.0713e-06,0,0,7.633e-07,4.4195e-07,0,1.0914e-05,30.012
1.7674e-05,0.030773,0.041165,0.16085,0,0.12168,0.00012803,0,0,3.8606e-06,2.2466e-05,0.00028645,6.6557e-07,1.027e-05,29.356
7.5934e-06,0.17368,2.1804e-05,0.16171,0.0027543,0.14688,0.14679,3.9489e-05,0.16319,0.010576,0.0066117,0.01029,4.3692e-05,3.4316e-06,28.393
2.9323e-06,0.0013743,0.0043348,0.16707,6.557e-07,0.14877,0.16289,0.00026123,0.15406,0.004096,0.0033336,0.24041,0.0043908,0.00022454,28.298
0.0038479,0.00016667,0.00031017,0.11381,0.0012954,0,0.00084956,0.00028293,0.11822,0.0035477,0.0088294,0.0056199,0.013061,0.0025272,29.524
3.2297e-07,0.00017573,0.005723,0.14564,0,0.00033045,0.032202,3.862e-06,0,0.0042995,0,0.00026566,0.0030414,5.457e-05,29.658
3.7551e-07,0.00013064,0.028365,0.18648,0.0076569,0.16805,0.21229,0,0,0.00022348,0.0003087,0.00052153,7.1113e-05,5.7855e-06,28.858
7.8613e-07,0.00050961,0.021698,0.15864,0,0.13115,0.16001,0.00030986,0,0,7.366e-05,0.00042825,0.0001348,9.6905e-05,29.086
9.9721e-05,0,0.049035,0.0067634,7.463e-05,0,3.5394e-05,0.00016909,0,0,0,0.00026989,9.6098e-06,0,29.923
0.0056937,0.0034022,0.014301,0.15198,0.0029304,0.17146,0.16705,0.012844,0.16858,0.0043761,0.24065,0,0.003252,0,28.21
4.4738e-07,0.093705,0.13461,0.82163,0.040243,0.78174,0,2.2276e-05,0.0019084,0.0004711,0.0023045,0,0,0.00054539,26.403
3.282e-07,0.00019262,0,0.13364,0.00020262,0.213,0.20832,0,0.20949,0.023302,0.025856,7.1595e-05,2.2485e-06,3.0255e-06,28.474
0.0039851,0.0017941,0.0058008,0.15204,0.042804,0.12881,0.12701,0.00030535,0.0028733,0.0066005,0.0015001,0.005471,0.00010421,1.4579e-06,29.116
5.1871e-06,0.001838,0.0063156,0.15204,9.9419e-05,0.12571,0.13069,0.00038529,0.85625,0.0066005,0.0088178,0.0055842,0.00014894,0,27.481
0,0,0.0015731,0.14638,0,0.16858,0.15709,0.00080483,0.17594,0.0039848,0.0036063,0.00016772,0.21861,0.00043434,28.29
1.4194e-05,0.030773,0.041165,0.16085,0,0.0077353,0.007586,0,0,0,2.2466e-05,0.00028645,6.6557e-07,1.027e-05,29.573
2.3624e-05,3.0564e-05,5.8931e-05,0.00037341,1.3778e-05,0,0,6.3993e-06,0.20014,0.0054806,0.04685,0.20999,0.035836,0,29.091
0.23311,9.2248e-05,0.0073859,0.15082,0.0029386,0.14989,0.16665,0.00029055,0.15412,0.004096,0.0093078,0.00020378,0.0032919,0.0046211,28.308
0.0035872,0.00019893,0.053581,0.23651,0,0.12784,0.0032468,5.2866e-06,3.607e-06,0.0011527,3.5489e-06,0,0,0.00012878,29.245
0.0425,0.0004974,0.02129,0.16261,0.00021483,0,0,3.4581e-05,0.001543,0.00034971,0.00043513,0.00043334,0,2.3403e-05,29.591
1.834e-05,0,2.6562e-05,0.11344,0,0,0.0092231,0.00043498,0.098481,0.0002949,0.0045443,0.00095023,0.010535,0.00058817,29.585
7.4859e-06,0.0027263,0.12907,0.82231,0.07657,0.23907,0,2.2276e-05,0.0001559,0.00046574,0.0023385,0,0,9.6151e-07,27.557
4.2088e-07,0.046054,0.13461,0.82163,0.041016,0,0.0030187,2.2983e-05,0.0020532,0.00056078,0.0023085,0,0,0.0005052,27.974
0,0.0017773,0.029117,0.19062,0.015806,0.00057646,0.14344,0.0011151,0.13903,0.0032061,0,0.00095593,0.00044847,0,29.006
0.0031324,0.0025849,3.2126e-05,0.18684,0,0.00075717,3.9907e-05,0.00043498,0.098481,0,0.0022447,0.0051018,0,4.8037e-05,29.442
1.7546e-05,0.030773,0.0028912,0.16085,0,0.12168,6.6719e-05,0,0,3.8606e-06,2.2466e-05,0.00028645,6.6557e-07,9.4949e-06,29.411
3.6592e-07,0.00019091,0.031302,0.15139,0.0067745,0.18607,0.21336,0.0041906,0.16115,0.00022295,0.00028328,0.031281,0.00063945,2.6737e-08,28.51
0.0040693,0.0014046,0.0057704,0.85206,0,0.12936,0.15229,0.00021371,0.15372,0.00034843,0.008351,0,7.8062e-05,2.212e-05,27.429
1.4991e-05,3.9945e-05,1.6535e-05,0,0.0016237,0.059442,0.12667,0.0032298,0.16291,0.024735,0.01666,2.4061e-05,0.01423,0.00010749,29.274
1.5991e-07,0.00039551,0,0.0030015,1.1627e-07,1.312e-09,0.00083273,0.0002649,0.044333,0,0.17482,0.030448,0.12341,0,29.635
0.00021031,0.00034148,6.2417e-07,0.016667,7.8131e-07,3.006e-08,0.12115,0.00025653,0.19566,0.024085,0.031561,0.079563,0.013985,0.0053927,29.141
2.4393e-06,6.6797e-05,0.00026333,0.15732,0.0024264,0.15716,0.197,0.055174,0.18644,0.0055842,0.00011308,0.010214,7.2143e-05,9.1444e-05,28.522
9.0381e-05,0.00027764,9.8205e-05,0.23761,0.080835,0.19757,0.21513,0.057047,0.0022199,0,0,7.1002e-05,0,0.00029991,28.56
2.3981e-05,0.00016903,0.00077928,0.14559,0.0016593,0.1331,0.14726,0.24594,0.161,0.0048877,0.0085838,5.684e-06,0.011074,3.3839e-07,28.385
0.0036377,0.0018413,0.00026245,0.00010177,0,0.23065,0,0.0001188,0.099574,9.016e-06,0.00016117,0.0010325,1.7003e-07,0.00012571,29.403
2.068e-07,3.0042e-05,0.00579,0.0021919,3.142e-05,0,0.032227,3.0628e-06,0,0,6.793e-10,0.00025493,0,5.5022e-05,29.961
0.00014489,1.9226e-05,0.0039298,0.16864,2.2403e-07,0.1635,0.1526,0.0002139,0.15435,0.0061472,0.004036,0.0011723,0,0.18909,28.337
1.7297e-05,0.00034538,0.057565,0.23478,0.018326,0.14048,0.16833,0.00087895,0.0024145,0.001334,5.586e-07,7.9753e-06,0.00018165,4.4517e-05,28.852
0,3.2226e-06,0.0099535,0.15073,0.23811,0.15945,0.15953,0.0024357,0.15037,0.0040672,0.0090424,0.0046863,0.0034181,4.6734e-06,28.307
9.1112e-08,6.0464e-05,0.0047607,0.14805,0.0076023,0.85774,0.13395,0.0016768,0.15355,0.0013914,0.0019967,0.0034349,0.0030787,0,27.424
1.25e-07,6.6668e-06,0,0.00016408,1.6653e-05,0.00038471,0.0018176,0.000266,0.0019099,0.0014005,0.00068814,0.0055756,0.012203,0.00058091,29.976
0.00016035,3.9192e-06,0.13833,0.22203,0.071924,0.16331,0.0020063,0,0,0,0.0022865,0.0001938,7.9997e-05,0.00023704,28.891
0.00015221,9.4048e-05,0.003953,0.148,0.0074844,0.15821,0.14301,0.0036016,0.15872,0.24775,0.011497,9.3343e-05,0.0033134,0.004683,28.328
2.2897e-07,0.0018717,0.049837,0.76404,0.080834,0.1982,0.19035,0.0051347,0,0.00010501,1.3059e-05,0.0031001,4.0254e-05,5.6508e-05,27.65
0.0036981,0.00019893,0.054126,0.23651,0.035948,0.12784,0.0016885,5.2866e-06,3.607e-06,0.0011527,3.5489e-06,0,0.00099753,4.1687e-05,29.196
0.00010046,0.0018588,0.032266,0.14755,1.3235e-05,0.13493,0,0.0043062,0,0,0,3.4893e-07,1.0246e-05,0.0072159,29.395
5.9449e-06,0.00051364,0.13058,0.76564,0.011728,0.17373,0.017659,5.2256e-05,0.0041079,0.0014169,0,0,0.00101,0.00021248,27.986
7.3907e-07,5.3724e-05,1.0564e-05,0.0031182,0.0010317,0,0.78898,0.11024,0.83759,0.15406,0.19107,0.072467,0.0034788,0.00016592,25.803
7.2278e-07,0.0019162,0,0.14415,0.0020643,0,0.0011498,0.00014607,8.5282e-05,0,0,0.0065713,0,0.00020497,29.72
7.805e-06,5.0566e-05,0,0.0011464,0,0,0,0,0.094543,0.019262,0.0013819,0.030887,0.012239,0.00039997,29.756
7.6162e-06,0.00026477,1.6602e-05,0.009969,6.1621e-10,0.0076743,0.24706,0.0019734,0.19139,0.00044241,0.049901,0.028072,0,0,29.075
3.8445e-06,9.3707e-05,0.04629,0.7627,0.024493,0.0088142,0.0048543,1.3801e-06,0,0.00099252,0,4.9801e-08,3.6905e-06,3.1541e-06,28.533
5.1338e-06,0.0043866,0.0056959,0.15005,1.4703e-06,0.12837,0.00056048,0.0092097,0.034676,0.00023377,0.00029758,7.1322e-05,0.014005,5.6244e-07,29.373
0.003419,0.003421,0.069881,0.15204,0.0009392,0.12881,0.12701,0.00030535,0.16837,0.0066005,0.0015001,0.005471,4.816e-05,1.4145e-06,28.734
4.4925e-07,0.032374,0.1382,0.82163,0,0.81303,0,0.003483,0.0019147,0.00047391,0.0023045,0,0,0.00016516,26.433
8.5479e-06,0,0.00017527,0.031969,2.1995e-05,0.14046,0.012914,0.0024592,0.062437,0.014384,0.00017337,4.5056e-05,0,3.4545e-06,29.557
3.1176e-05,4.0214e-05,5.0134e-06,0.012028,0.0010094,0.21738,0.76064,0.058313,0.19564,0.003722,0.019974,0.00036032,6.6592e-06,8.8218e-05,27.728
2.9445e-07,0,1.369e-05,0.031969,3.9215e-06,0.14093,0.00030497,0.0058205,0.19712,0.0010969,0,0.031058,0,9.1964e-05,29.25
0.0031379,0.0025579,3.2158e-05,0.045181,0,0,0,0.000194,0.14562,0.0013427,0.002905,0.022134,0,1.4064e-05,29.612
9.2148e-07,0.00015472,1.06e-05,0.00044565,8.3829e-05,0,0.0020839,0.00028754,0.11841,0.0036394,0.049694,0.0013288,0.0089362,0,29.692
8.4657e-05,5.009e-05,0,0.0014505,0,0,0.009977,0.0029904,0.0020873,0.00053728,0.025914,0.0011871,0.01138,0,30.011
7.7396e-07,6.5323e-05,1.2892e-06,0.0023968,0,6.7082e-07,0,0.00065676,0.014139,0,0,0.070832,0.061901,1.0536e-06,29.773
4.7166e-07,0.0020654,0.035115,0.20177,7.6303e-05,0,0,0.0030373,0.094134,0,7.1468e-05,5.3298e-05,6.8094e-05,0.0018108,29.392
1.6416e-05,0.014874,0,0.75512,0.036482,0.78791,0.2442,0.092313,0.14953,0.00025816,0.00026836,6.3875e-05,1.2738e-05,0.00023634,26.254
0.0056349,2.9459e-05,0.24753,0.15124,0.0046857,0.15539,0.16576,0.0054151,0.15276,0.0040221,0.0093531,0.0046919,0.0010071,0,28.292
6.1396e-06,3.9997e-05,1.0626e-05,0.16715,5.2326e-07,0.20584,0.2328,0.053895,0.11925,0.0018182,0.007609,8.2953e-05,0,4.2561e-05,28.531
0.0036542,0.0017223,0.00041249,0.1896,0.0082156,0.17126,0.1737,0.0085562,0.12323,0.0041979,0.00017318,3.3103e-05,0.00066171,2.2677e-06,28.673
0,0.0027205,1.0666e-05,0.00044565,8.3523e-05,0.0082162,0.0020528,0.00030834,0.12058,0.0036394,0.049892,0.028398,0.0089362,0,29.639
9.7574e-07,0.00035692,0.0016358,0,0.00094171,0.15124,0.24276,0.032733,0.20292,0.077373,0.097206,0.02989,2.3379e-07,4.6586e-08,28.893
8.0462e-06,6.5364e-05,1.2455e-06,0,4.2107e-07,3.2036e-05,0.018977,8.8584e-05,0.0083119,0.0040161,0,0.0030023,0.058242,1.0536e-06,29.989
1.6138e-05,0,0.058375,0.17934,0,0.016589,6.1766e-05,0.0027694,7.1536e-06,0,0,0.00018435,0.034589,2.0437e-05,29.49
0.00020365,0.0022697,0.054126,0.23651,0.067706,0.20083,0.20728,5.9107e-06,0.012037,0.00048398,1.8251e-07,0.00078459,0,0.00023301,28.585
1.9113e-05,0.00011892,0.0055789,0.0069174,0.0028779,0.15565,0.16576,0.012159,0.75455,0.0041119,0.043024,0.0047305,0.0032513,4.142e-05,27.949
2.9228e-07,4.6643e-07,1.8033e-06,0.013502,0,0.21551,0.24435,0.13799,0.26146,0.031972,0.00064282,0.0058471,5.4212e-05,1.3823e-05,28.889
0.0020389,3.8502e-05,3.0738e-05,0.15632,0.03455,0.22737,0.78541,0.0004071,0.14546,0,0,0,0.00012708,0.0025583,27.441
0.00016035,4.1933e-06,0.13833,0.22203,0.071924,0.16331,0.0020063,0,0.095239,0,0.00010701,4.5481e-05,7.9958e-05,0.00023704,28.703
4.8264e-05,3.7897e-05,0.00011281,0.024618,0.0011187,0.19542,0.18771,0.022752,0.19092,0.022722,0.033838,0.032818,0.0009533,5.6477e-07,28.696
0.00020235,0.00012999,0,0.023167,0,0.13902,0.16082,0.00044162,0.20917,0.024739,0.047848,0.023386,0.01161,0.000192,28.837
7.59e-05,0.0025579,3.2126e-05,0.1006,0.0020746,0,0,0.00014594,0,0,0.0022095,0.031657,0,0.00020583,29.773
0.0034252,0.00025751,1.4173e-06,0.12312,0,0.18276,0.18667,0.00095783,0.19928,0.015993,0.038349,0.0017284,0.00016008,7.3117e-07,28.567
2.4411e-05,5.5107e-05,0.00011137,0,0,7.7058e-05,0.0023024,0.002138,0.041244,0.020061,0.00086282,0.0023182,0.0006141,1.4281e-08,30.265
4.0156e-07,0.00039106,0,0.15409,0.00027442,0.00022776,0.00022857,0.0002825,0.073616,0.01799,0.045634,0.025563,0.012318,0,29.444
3.8442e-06,0.0003374,0.045997,0.14896,0.00039295,0.0031042,0.00010009,2.7043e-06,0.0053575,1.5312e-06,4.1662e-05,0,0.0029236,3.6901e-07,29.991
0,0.00016068,0,1.3301e-05,1.0475e-07,1.5464e-08,0.0027118,9.356e-07,0.18928,0.044011,0.054865,0.083325,0.025775,1.0482e-06,29.33
7.6485e-07,0.00011281,2.1447e-06,0.0031213,0,0,0.0038966,1.8559e-05,0.20082,0.002651,0.17142,0.20001,0.064647,1.7234e-08,28.782
8.5479e-06,0,0.00017878,0.045156,0,0.14046,0.0016256,0.0024592,0.00044786,0.014384,0.00017337,0.030902,0,3.4623e-06,29.604
0,1.4399e-06,0.058375,0.78042,0.010785,0.12806,0.0057033,0.021632,7.1721e-06,0.00057415,3.5489e-06,7.0589e-05,7.7791e-06,3.2964e-06,28.159
2.038e-05,0.00026477,1.7408e-05,0.00072112,0,0.0076772,0.012208,0.0019734,0.19139,0.00044241,0.049901,0.028072,0,9.2929e-06,29.499
0.0020389,3.8502e-05,0.0002637,0.15632,0.03455,0.014367,0,0.0004135,0.14968,0,0,0,0.00012279,0.0027033,29.326
0.00020346,0.00034148,0,0.013838,6.9268e-10,0,0.12126,0.00025653,0.14658,8.7631e-05,0.027867,0.022122,0.01378,0.0053414,29.382
1.7628e-05,0.00022638,1.1632e-05,0.15602,0.0015326,0.19877,0.21768,0.10683,0.19846,0.055647,0.00015248,0.00025303,0.00056376,9.9924e-06,28.225
0.0037996,9.3206e-05,4.9604e-05,0.15082,0,0.15166,0.85783,0.0001244,0.12121,0.004096,0.0094731,0.00020378,0.0033728,0.0046211,27.45
3.282e-07,0.00019262,0,0.13364,0.00020262,0.213,0.20832,3.8997e-06,0.1847,0.0051179,0.025856,2.4898e-05,2.2485e-06,3.0255e-06,28.532
3.282e-07,0.00019262,0,0.01621,1.4898e-06,0.213,0.20993,0.00023617,0.2104,0.02332,0.025856,7.1595e-05,0.013834,3.0255e-06,28.697
0,5.7151e-05,0.00011137,0.18266,0,7.7058e-05,0.0023024,3.1416e-05,0.020744,0.020061,0.00086282,0.096298,0.010952,0,29.47
2.0402e-07,0,0.041831,0.23546,0,0.22138,0.0085336,3.1774e-06,0,0,6.5823e-06,2.4778e-06,2.2817e-05,1.1151e-05,29.1
0.0015178,1.8167e-05,0,0.0067634,0,0,0,2.7111e-05,0,0.020979,7.4611e-10,0,0,0.00020006,29.988
0,0,0.0058813,0.0061502,0.039975,0.21406,0.19764,0.055002,0.26923,0.076977,0.0022408,0.00011908,4.9557e-05,9.4407e-07,28.507
0.0015338,0,1.0787e-05,6.4716e-05,0,0.77965,0.79513,0.095943,0.15734,0.00025816,0.03616,0,0.00096884,2.9324e-07,26.486
0.0015316,1.3307e-05,1.0425e-05,0.15786,0.03212,0.28303,0.767,0,0.15757,0.023746,0.048312,8.8591e-07,0.003252,4.4684e-05,27.468
9.7823e-07,0.00034606,1.7486e-05,0.00061106,1.3778e-05,0.00022826,0,0,0.20355,0.0004029,0.085219,0.0023349,0.014697,0,29.44
8.1772e-05,0.00015973,9.6902e-05,0.15055,0.036384,0.19967,0.23034,0.051832,0.21958,0,0,0.030069,0.00056047,0.00023608,28.319
9.6232e-06,0.00028801,0.041165,0.22215,0.072308,0.8124,0,0.010714,0,0.00096861,0.0018947,0,6.3896e-07,0.00023744,27.794
3.1764e-05,2.6216e-07,0.00011393,0.0011264,1.3982e-05,0,8.0937e-05,0.0028448,0,0.072611,0.046934,0.03313,0.0034194,2.1324e-05,29.769
0,0.00028663,0,0,0.00028144,0.80571,0.79565,0.13641,0.76075,0.0010113,0.001921,7.0157e-07,4.7522e-06,0,25.256
0.0036377,0.0018413,0,0.01815,2.6376e-11,0,0,3.1525e-05,0.124,0.0026809,0.00017686,0,0,0.0051002,29.732
0,0.00044429,5.3323e-05,0.1896,0.040393,0,0.084339,0.0085428,0.17095,0.0042157,0.0023617,0.00035545,3.4646e-05,2.5622e-05,29.07
0.00022128,0.00016112,0,9.8545e-05,1.1463e-05,0,0.0027391,0.0002649,0.044333,0,0.0010673,0.073815,0.11871,0.02147,29.564
0.0030458,1.2653e-05,0.0006444,0.76304,0.075749,0.83042,0.24655,9.1732e-08,0.16063,0.023679,0,6.4053e-05,0.0032832,5.0815e-05,26.094
0,0.00024994,0,0.15139,0.0067745,0.18607,0.21347,0.0041906,0.16115,0.00022295,0.00017144,0.031281,0.00066161,2.6737e-08,28.551
1.7584e-05,1.0826e-06,0.0028912,7.8006e-05,0,0.11879,0.14819,1.5053e-06,0.15173,0.0021015,3.8479e-05,0.0011103,0.00046909,0.0017762,29.177
0,0.0030375,0.0058335,0.16088,0.00017361,0.7786,0.046566,0,8.6864e-06,3.9153e-06,2.25e-05,0,0,9.4821e-06,28.2
3.8445e-06,9.3707e-05,0.04629,0.76264,0.0797,0.19988,0.0048543,0,0,8.5976e-05,0,0,4.036e-05,3.1541e-06,28.403
7.369e-07,0.00015249,0.0021615,0.060653,0,0,0.003166,2.7096e-05,0.0045904,0,0.0035096,0.030633,0,4.7937e-05,29.857
0.0037812,0.00016667,0.00031017,0.025137,0.0012954,0,0.00081569,0,0.11756,0.0035844,0.0085237,0.0056199,0.0094263,2.9427e-05,29.788
2.6714e-06,9.2885e-05,0.00021507,0.14967,0.070938,0.14607,0.21606,0.098958,0.18645,0.0056805,0.00013156,0.010302,4.5234e-05,0.00024554,28.33
0.00022838,0,0,9.8545e-05,1.1322e-05,0.0087204,0.051711,0.0002649,0.1557,0,0.0010673,0.0055631,0,0.00041517,29.623
2.3576e-05,3.2955e-05,6.1577e-05,0.002397,0.00053724,0,0,1.4218e-05,0.15838,0.0056097,0,0.20999,0.035836,0,30.012
0,0.00016136,0,0.0012792,0.036334,0.22118,0.20449,0.051441,0.23278,0,8.4576e-05,0.033207,1.6067e-07,1.0602e-05,28.602
0.00021031,0.00034148,6.2417e-07,0.016667,7.8131e-07,0.0047659,0.12115,0.00025653,0.19566,0.0012076,0,0.077606,0.00037242,0.0055527,29.311
3.0656e-07,0.00018422,0.00024895,2.0941e-05,0.00036713,0.16066,0.77524,0.049241,0.76215,0.085704,0.0018921,0.00076277,0.00014456,1.1842e-05,26.785
0.0015316,1.3307e-05,7.919e-06,0.12595,0.030451,0.28303,0.767,0,0.1609,0.049245,0.052474,8.8591e-07,0,4.3691e-05,27.489
1.5664e-05,6.8344e-05,0.0061224,0,0.00031941,0,0,0.00042292,0.20316,0.0077137,0.091226,0.032022,0,3.3222e-06,29.391
1.0098e-07,0.00025114,0.055076,0.19094,0.0017842,0.70899,0.80555,0,0.20065,0.00057108,0,0.00072379,4.9362e-06,6.3073e-06,26.585
7.5094e-07,0.0001471,5.3032e-06,0.00040546,0.00028144,0.80571,0.79717,0.11367,0.76075,0.15012,0.0018523,7.0157e-07,9.8344e-07,4.3983e-05,25.006
0,0.00016433,4.1835e-07,0.00051664,7.9624e-07,0,0.002779,9.356e-07,0.86685,0.14847,0.060386,0.082656,0.00058628,0,27.781
0,0.0014163,0.00092365,0.79826,0.1587,0.78343,0.0011751,0,0,0.00058497,0,9.1704e-07,0.0033084,4.4663e-05,26.643
3.1764e-05,2.6216e-07,0.00011393,0,8.7174e-07,0,8.0937e-05,0.00012476,0.0020654,0.04611,0.048856,0.033362,0.0033378,2.1324e-05,29.822
1.9027e-06,1.1116e-05,0.00010474,0.013101,9.6858e-06,0.75921,0.7903,0,0.78867,0.080288,0,0.0018687,0.00081887,1.5775e-05,25.487
2.789e-08,1.0944e-05,0.00020081,0.0026778,0.00064684,0,0.033297,0.037472,0.15764,0.080403,0.045168,0.047789,0.00092314,0.00020657,29.321
0,0,0.00011459,0.84022,0.035226,0.85174,0.7953,0.092313,0.15208,0.00027982,0.00028166,0,1.2738e-05,0.00023634,24.581
1.8674e-05,0.00026923,0.00024905,0.18727,0.078988,0.15952,0.80099,5.8085e-05,0.16115,0.084284,0.0019194,0.0007617,4.917e-07,1.5439e-05,27.146
1.591e-05,0,4.9185e-05,0.0030002,9.5316e-06,0.0013545,0.10063,0.13122,0.84572,0.19782,0.19081,0.030334,0.00012684,0,27.072
7.5392e-07,0.0019141,0.0010266,0.22487,0.072865,0.73828,0.24599,0.0017469,0,0.00084673,0.0020367,7.1637e-05,0.00015173,5.4484e-05,27.832
1.0615e-05,0.00055613,0.041165,0.22215,0.072308,0.16391,0,0,0,0.00083435,5.2436e-07,0,5.6572e-05,0.00023582,29.085
0.0031347,0.0026674,0.00019127,0.0044556,2.3587e-06,6.286e-05,0,0.000194,0.23354,0.00030586,0.039236,0.01796,0,1.3289e-06,30.472
0,0.00028663,6.2629e-07,0.042851,0.03242,0.75501,0.82014,0.036337,0.15311,0.0013294,0.00029065,0,0,0,26.656
2.3576e-05,0.00017007,5.8931e-05,0.00037341,1.3778e-05,0,0,6.3993e-06,0.81507,0.0056097,0.1732,0.20999,0.035264,2.3294e-07,27.593
1.7472e-05,0.047353,0.12009,0.15638,1.311e-05,0,0.0030671,0.002743,0,5.7838e-05,0.00035499,0,8.1536e-05,5.1287e-05,29.97
1.8668e-05,0.00012039,0.0099765,0.0069174,0.072344,0,0.16576,0.0072645,0,0.0040938,0.043024,0.0047305,0.0032513,4.142e-05,29.456
9.6232e-06,0.00029487,0.041165,0.22215,0.072308,0.81278,0.81291,0.010393,0,0.00096861,0.0018947,0.0010945,6.3896e-07,0.00022492,26.177
9.6527e-06,0.061903,0.031772,0.23632,0.077378,0.087867,0.0003965,0,0,4.4809e-07,0.00023979,0,6.0599e-06,0,29.162
0.0030691,7.4194e-06,0.00064668,0.15449,0.0047289,0.20324,0.77016,0.10683,0.16291,0.0047347,0.035594,0.00025303,0,9.9512e-07,27.312
8.8443e-07,0.00026742,6.4778e-06,0.1247,7.7302e-07,0.00015045,0.11878,0.0032298,0.22109,0.04903,0.0082626,2.3477e-05,4.3632e-05,0.00010715,29.042
1.9441e-08,5.8488e-05,1.1131e-05,0.14078,0.0015558,0.78325,0.30427,0.061023,0.81061,0,0.0012405,0,0.00044768,7.9793e-05,26.167
7.4859e-06,0.00090163,0.12907,0.81352,0.07657,0.23756,0,0.035116,0.0001559,0,0.00052577,7.572e-07,9.4858e-06,9.6151e-07,27.543
1.1815e-06,3.8072e-05,0.00044067,0.012264,0,0,0.19983,0.044394,0.19547,0.15009,0.049007,0.0090217,0.00020048,0,28.774
5.4272e-05,0,0,0.0067634,0.00027277,0,0,2.7111e-05,0,0.00016958,1.1727e-05,0.0014975,0.065165,0,29.891
7.2278e-07,0.0019162,0,0.14415,0.072436,0,0.0011498,0.00013783,8.5282e-05,0,0,0.0063459,0,0.00020497,29.597
7.2991e-07,0.00015752,9.1232e-05,0.0012792,0,0.22118,0.20449,0.051535,0.23278,0,8.4576e-05,0.033207,1.6067e-07,1.0602e-05,28.65
1.7142e-05,0.054122,0.13461,0.15481,0.010833,0,0.0017626,2.2818e-05,0.0020532,2.5981e-05,0.0022158,0,0,7.6485e-05,29.335
1.5873e-05,0.059866,0.24757,0.074589,1.5121e-06,0.12179,0.00012872,1.3766e-06,0.0015337,0.0051519,0,2.5022e-05,5.2689e-06,8.8455e-07,29.122
1.7281e-08,0.00055765,2.5311e-06,0.15419,0.031206,0.23151,0.87248,0.060356,0.2254,0.00094977,0.0012405,7.5535e-05,0.00064747,0.0028853,27.038
1.7297e-05,0.00034538,0.057565,0.23078,0.018326,0.14048,0.16978,0.00087895,0.0024145,0.001334,5.586e-07,0.032215,0.00018165,4.4517e-05,28.81
0.0031515,0.10469,0.00019569,0.82844,0.00016864,0,0,0.00019379,0.0017643,0.00029697,0.0023045,0.00037706,0,0.00052756,28.146
1.866e-05,0.00026834,4.638e-05,0.055856,0,0,0.10655,0.13919,0.81979,0.01766,0.0039083,1.3095e-05,0.0005334,1.078e-05,27.798
1.1802e-06,0.032075,0.1382,0.82163,0.0017509,0.80353,0,0.003483,0.20586,0.00047391,0.039391,0,0,0.00038315,26.019
0.005816,0.00039486,0.00016032,0.025037,0.031799,0.14129,0.18686,0.02289,0.20814,0.022753,0.043873,0.00033414,0.0032638,5.1506e-09,28.783
3.7078e-07,0.00025762,0,0.0063099,0,0.0086092,0.19055,0.14535,0.84484,0.10963,0.09133,0.030962,8.5441e-05,2.7692e-06,27.234
1.6416e-05,0.00028436,0.00011459,0.75022,0.036482,0.78645,0.79606,0.092313,0.70238,0.00086885,3.2811e-05,6.4343e-05,1.3245e-05,0.0002456,24.555
0.00023883,7.785e-05,0.004982,0,0,0,0.049657,0.050636,0.23249,0.053791,0.04477,0.031356,0.004302,3.5415e-06,29.532
1.824e-05,0,5.7062e-05,0.00065078,1.0266e-07,0.00015511,0.82007,0.12776,0.85049,0.19839,0.17151,0.030258,0,1.1898e-06,25.676
1.8912e-05,9.0603e-06,0.00010544,0.21143,0.00036713,0.74616,0.77947,0.04319,0.20778,0.074844,0.025633,0.00010987,0.00018515,1.4908e-06,26.67
4.2525e-07,1.698e-05,6.4712e-07,0.15342,9.6858e-06,0.19068,0.79087,0.09259,0.78839,0.0010585,0.00028531,0.0018611,0.00046261,0.00023976,26.13
1.0098e-07,0.00026258,0.0012958,0.19094,0.0017495,0.70899,0.80555,0,0.20065,0.00099214,0,0.00066448,0.0006298,6.3073e-06,26.665
0.00022128,6.6531e-05,0,0.22111,0.042537,0,0.23799,0.0002649,0.17272,0,0,0.073815,0.00010821,0.021781,28.84
1.8583e-06,1.1116e-05,0.00010472,0.013101,0,0.1652,0.7903,0,0.76861,0.022711,0,0.0018687,0,2.992e-06,26.717
8.5762e-07,6.5172e-05,0,9.8078e-05,8.1394e-05,0.0053116,0,0.11564,0.22368,0.077611,0.094197,0.030776,0.0089588,0.0001667,29.1
1.7702e-05,1.1373e-06,1.7633e-07,0.0030846,0,0,0.18805,0.0016505,0,0.06058,0.08166,0,0.01107,7.9686e-06,29.384
1.43e-05,1.1433e-05,4.5966e-07,0.00067542,0.0024152,0,0.22001,0.05429,0.76926,0.081577,0.041605,0.032175,6.5191e-07,0.00017459,27.866
5.3072e-07,0,4.1148e-06,0.75642,0.036472,0.65581,0.78807,0,0.15206,0,0.00055221,6.3875e-05,0.0001915,0.00010074,26.24
4.5927e-08,0.00027,0.055817,0.052515,0.041638,0.14082,0.011187,0.0018358,0.0023039,2.7272e-05,0.002336,0.0016251,0,3.3389e-07,29.495
0,4.5424e-05,0.02345,0.14572,0.076065,0.13493,0.72659,0.0044402,0,0.00011853,0,3.4893e-07,0.00010218,7.7068e-09,28.592
3.7078e-07,0.00025762,0.00010407,0.00021897,0,0.0086092,0.19055,0,0.84484,0.10869,0.090324,0.0027459,8.5441e-05,1.5857e-05,27.572
3.1527e-05,0.00016363,1.6946e-05,0.00071311,7.792e-07,0.0076772,0.012208,0.0019734,0.19139,0.074938,0.060627,0.082243,0,2.1754e-07,29.248
2.038e-05,0.00026477,0,0,1.8391e-07,0,0.012765,0.0020342,0.0064334,0.00044241,0.060632,0,0,1.0954e-05,29.894
0,6.4603e-05,0,0,6.1117e-06,0.13349,0.21593,0.14428,0.82134,0.02295,0.00017771,0,0,0.00015016,27.453
0,0.00026688,0,0.80959,0.080828,0.78696,0.83723,0.057212,0.022341,0,0,7.0994e-05,4.7584e-07,0.00016107,25.057
7.4042e-07,1.907e-05,0,0.22633,0.073437,0.0043361,0.10989,0,0.14658,0.023957,2.7663e-05,0.022122,0,0.0052756,28.903
4.7408e-05,0.00027073,0,0.80959,0.0043725,0.78696,0.83723,0.057212,0.022341,0.023052,0,7.0994e-05,6.5183e-05,0.00015686,25.16
1.0334e-06,0.00016323,6.2337e-06,0.0032326,0.0034915,0.0084516,0.0027807,0.005741,0.81805,0.18501,0.17213,0,0,0,27.64
0,0.0014163,0.0009249,0.79826,0.1587,0.78343,0.1864,0,0,0.00058497,9.3901e-05,9.1704e-07,3.4375e-05,4.1315e-05,26.278
0.00017342,0.0017223,0.013679,0.1896,0.0072093,0.17095,0.83407,0.011519,0.72988,0.0041979,7.6443e-05,0,0.001315,1.23e-05,26.444
9.7213e-07,6.2429e-05,0.00021695,0.0027159,0.00029237,0.018576,0.83102,0.1451,0.84484,0.11041,0.0030072,0.011801,1.6293e-06,0.00023648,26.122
2.3455e-07,0.00016065,6.3135e-06,0.0032775,0.004595,0.1534,0,0.005741,0.15732,0.00023995,0.15816,0.077951,0.0034375,0,29.194
9.1003e-05,0.17208,0.13461,0.22522,0.040207,0.78174,0.25562,0.00067746,0.0019084,0.0004711,0.0023045,0,0,0.00055541,27.02
2.9228e-07,4.6643e-07,4.5417e-05,0.013502,0.00099971,0.26575,0.70859,0.13925,0.26146,0.031972,0.00064282,0.0058471,5.4212e-05,4.7124e-05,28.315
1.6025e-05,0,6.2378e-07,0.017025,7.9624e-07,4.4318e-05,0.12076,9.356e-07,0.19756,0.15306,0.060386,0.083554,0,2.0242e-06,28.827
3.8445e-06,9.2895e-05,0.047095,0.77524,0.0029772,0.1915,0.0048543,0.0029739,0,8.792e-05,0,0,4.036e-05,0.00015787,28.775
0.00026399,0.00038836,4.79e-05,0.20509,3.1012e-05,0.16512,0.80864,0.045142,0.84395,0.07492,0.023921,0.00011555,0.00072388,5.4989e-05,26.092
1.71e-05,0.00034538,0.13448,0.23078,0.018964,0.28127,0.20115,0.00089006,0.012137,0.00033235,0.0054723,0.032215,0.00018165,4.4517e-05,28.457
1.6154e-05,0,3.2431e-06,0.003248,6.5512e-08,0.001252,0.053274,0.12738,0.84727,0.19875,0.049903,0.027889,0.00012199,8.9698e-06,27.497
1.7323e-05,3.8072e-05,0.00044067,0.18235,0.0011937,0,0.19983,0.043608,0.19547,0.00080912,0.049007,0.057303,0.00020048,6.7773e-08,28.846
0,1.1761e-05,1.1388e-06,0.013051,0.003071,0.018091,0.79087,0.032838,0.78787,0.076087,0.10194,0.0018687,0.00078881,0,27.09
7.6031e-07,0.00024962,0.00090464,0.76663,0.013959,0.21431,0.20062,0.13321,0.017155,0,3.6233e-06,6.7273e-05,4.7231e-06,6.9225e-05,27.546
2.8302e-07,0,0.034999,0.14755,0.033642,0.13493,0.72659,0.0034759,0,0.031875,0,3.4893e-07,3.2871e-05,0.00016663,28.959
0,0.00019745,0.029751,0.15115,0.03455,0.02256,0.7667,0.0004135,0.14968,0.020189,0.00077151,0,0.00012279,1.8411e-05,27.881
0.0030438,0.062666,0.00063993,0.76428,0.075714,0.11985,0,0.00020607,0.16063,0,0.00024056,0,0.00063256,5.1088e-05,27.859
7.6485e-07,0.00011281,0.0016617,0.0031437,0,3.534e-05,0.0087106,1.8559e-05,0.20082,0.078018,0.094237,0.19736,0.065482,1.71e-08,28.824
0.00010403,0,0.00043748,0.82563,8.1143e-05,0.77965,0.0097261,0.13891,0.15559,0,4.827e-05,0,1.0284e-05,0.0072329,26.844
5.1871e-06,0.0018281,0.0063156,0.23904,0.11596,0.76569,0.1203,0.0019091,0.21517,0.0066005,0,0.0055911,0.00014894,0.00019792,27.802
0,0.00028663,0.00010587,0.043018,0.031354,0.75501,0.79028,0.036337,0.15311,0.0010522,0.00029065,0.029253,0,0,26.738
1.645e-05,0,5.815e-06,0.82563,8.1734e-05,0.77965,0.7953,0.14329,0.15559,0,0.0015484,0.00076139,0.0036228,1.131e-05,24.776
0.0032486,0.0019214,0,0.14415,0,0,0.098399,0.00019413,0.10051,0.0019182,0.024547,0.0065347,5.2034e-06,0.00017301,29.385
1.0486e-06,0,1.3006e-06,0.00071376,9.2152e-06,0.00015495,0.0022456,0.0017284,0.18816,0.14839,0.17156,0,0.038946,0.0043785,29.487
0.00026695,2.4383e-07,4.8506e-05,0.0035988,0.00065089,5.7055e-05,0.80864,0.092377,0.84395,0.080264,0.041538,0.00011556,0.00072873,5.4989e-05,27.26
0.00021031,0.051044,0.012003,0.1354,7.8131e-07,0.0047659,0.12115,4.2874e-05,0.19485,0.0013887,0.0019898,0.077775,0.00037242,0.0001386,28.903
0,0.0067763,0.00011477,2.4526e-05,1.7063e-05,0.0077009,0.00037543,0.00023806,0.0025261,0.022723,0.00071207,0.028745,0.022403,3.9753e-07,29.893
0.00021856,0.0034768,0,0.14485,1.1627e-07,0,0.00083273,0.0002649,0.044245,0.0043603,0.17482,0.00025551,0.0046662,0,29.614
3.1527e-05,0.00016363,1.7163e-05,0.00071311,0.0047044,0.20723,0.041966,0.0032978,0.19109,0.078543,0.060627,0.082243,0,4.6267e-05,28.798
0.00041,0.00033706,0,0.062351,0.00011081,0.16322,0.13436,7.9899e-05,0.17828,0.00046746,0.0085255,0.029881,0.01028,0,28.911
2.3009e-05,0.00015836,0.099391,0,0.0076023,0.84354,0.13265,0.0016603,0.20374,0.001383,0.048259,0.0034349,0.0030787,0.00021501,27.398
0.00022135,0.00016112,0,0.00069824,1.1518e-05,0,0.12049,0.00026475,0.03853,0,0.031587,0.073815,0.11871,0.02147,29.305
9.6232e-06,1.1448e-05,6.9766e-07,0.21588,0.072308,0.81278,0.80708,0.01315,0.84786,0.00096861,0.01298,0.0016991,6.6223e-07,0.00022492,24.567
2.3109e-07,0.00016648,5.9001e-05,0.00067783,0,0.19934,0.85168,0.13379,0.17414,0.074999,0.00051358,1.1509e-05,0.035374,1.1175e-05,27.427
2.4377e-05,5.0535e-05,0.00011137,0,0,0.017315,0.003604,0.0020567,0.020744,0.020095,0.00086282,0.094608,0.010496,0,29.815
0,1.2108e-06,0.010864,0,0.0010631,0.13349,0.15963,0.14428,0.13323,0.023389,0.0089531,0,0.0034853,0.00015517,29.081
0,1.0516e-05,0,1.3301e-05,0.077696,1.5464e-08,0.0027118,9.356e-07,0.19179,0.044011,0.054865,0.0051581,0.025766,5.215e-05,29.358
7.4538e-07,5.804e-05,0.070701,0.14426,0.0030209,0.025653,0.19293,0.0058118,0.85136,0.15717,0.0023481,0.00077102,0.00013651,1.25e-08,27.69
3.374e-07,0.00026285,0.055817,0.76287,0.080702,0.70313,0.83723,0.035509,0.0042363,0,0,7.0994e-05,4.7584e-07,6.1623e-05,25.89
2.9445e-07,3.5179e-06,1.5956e-05,0.031495,3.9177e-06,0.0092324,0.17131,0.0058205,0.19712,0.10939,0.091281,0.030967,8.3611e-05,9.2936e-05,28.822
0,0.0027321,0.001584,0.76404,2.3622e-05,0.17382,0.16708,0.00046271,0,0.00017549,0.0083141,0.0030336,4.0254e-05,5.5404e-05,27.938
0.0041366,5.0333e-05,0,0.10523,0.00011081,0.1605,0.017607,0.0023958,0.17828,6.4797e-05,0,0,0.010322,3.6208e-06,29.103
0,0.00026246,0.095955,0.74959,0.075749,0.83042,0.20309,0.0016794,0.15351,0.00099872,0.001979,0.00020538,0.00063256,5.0819e-05,26.088
1.0793e-06,0,0.00043333,0.82563,8.0074e-05,0.78323,0.77802,0.13891,0.21185,0,0.0015484,0.00080652,1.242e-05,1.131e-05,26.021
2.3455e-07,0.00016065,6.3135e-06,0.0032775,0,0,0.0027807,0.005741,0.8258,0.1842,0.18778,0.077604,0.0034375,0.00017404,27.471
6.435e-07,1.4665e-05,0.032266,0.14561,0.033642,0.13462,0.72659,0.0039022,0.03616,0.00011853,0,3.4893e-07,0.00045783,0,28.643
1.6564e-05,9.9867e-06,9.8205e-05,0,0.10979,0.77817,0.17667,0.035145,0.1915,0.00058717,0,7.1002e-05,1.2126e-05,0.00019467,27.567
1.25e-07,6.6668e-06,0.041871,0.00016408,1.7179e-05,0.00038471,0.0019363,0.00023577,0.0019099,0.0014005,1.8231e-05,0.0055756,0.011277,0.00057817,29.923
7.2945e-07,0.00015272,0.089641,0.22487,0.073078,0,0.80467,0.050534,0.23313,0.00086329,8.4433e-05,7.1875e-05,0,5.4672e-05,27.246
8.9174e-05,0.00016065,2.3294e-05,0.2367,0,0.025898,0.22378,0.0057784,0.18917,0.0043321,0.16406,0.0018244,0.003489,0,28.412
0.021529,0.00029412,0.059064,0.82164,0.00028191,0.77922,0.00071482,2.3654e-05,0,0.00023952,0.0023085,0,0.00063535,0.00049948,26.785
1.7702e-05,1.2944e-07,5.8976e-09,0.0030846,0,0.0051643,0.22874,0.0016505,0,0.059529,0.081831,0.03174,0.011647,7.9686e-06,29.325
0.00021516,5.804e-05,0,0,0,0.017174,0.1944,0.0057104,0.79046,0,0,0.077359,0.00036875,0,27.996
2.1254e-07,0.0030375,0.0056935,0.15977,0.00017361,0.0031848,0.047578,0,0,0,7.5099e-07,0.00025721,9.0761e-05,5.2679e-07,29.62
4.7166e-07,0.0020654,0.035275,0.20177,7.0996e-05,0,0.69993,0.0030373,0.19562,0,7.1468e-05,5.3298e-05,0.00055388,0.0018108,28.769
2.0865e-05,1.0428e-05,9.8205e-05,0.23847,0.10979,0.77817,0.17667,0.012132,8.965e-05,0.019884,0.00087965,7.1002e-05,1.2126e-05,0.0001228,27.531
0,1.1444e-05,0,0.20374,6.1117e-06,0.13364,0.12105,0,0.11643,0.02295,0.0035956,0,0.01364,0.00015016,28.927
3.3029e-05,3.5306e-05,0,0.011951,0.00026462,0.29734,0.20046,0.059639,0.19564,0.0047824,0.051609,0.072879,0.00020072,0.029549,28.491
1.0472e-06,0.00027943,2.7874e-08,0,0,0.00023709,0.098044,4.6551e-06,0.078962,0.1558,0.17437,0.22118,0.012365,2.2932e-08,28.608
9.7213e-07,6.2429e-05,0.0012235,0.0022417,0,0.18024,0.83102,0.14839,0.84316,0.11041,0.0010237,0.00079441,8.524e-05,0.00023648,25.802
0.00026695,0.00039368,4.79e-05,0.0036619,3.1223e-05,0.16512,0.80864,0.092377,0.82231,0.091592,0.17384,0.00011719,0.00072873,5.4989e-05,26.752
2.789e-08,0.00040438,0.00020021,0.0026804,2.6959e-05,0.16507,0.033297,0.037472,0.15764,0.14994,0.17747,0.047789,0.00092314,0.00020657,28.905
0,1.9338e-05,0.00022354,0.045726,0.00036713,0.00031703,0.74104,0.047608,0.21162,0.073376,0.0029015,0.022217,0.00013751,1.8561e-06,28.102
1.2106e-06,0,4.1148e-06,0.75642,0.036472,0.65581,0.78807,0.003448,0.15206,2.0671e-06,0.03624,6.6128e-05,5.7307e-07,0.00010074,26.189
0.0030691,4.4496e-06,0,0.0035194,2.5302e-05,0.012612,0.74273,0.10015,0.16321,0.00037254,0.12607,0.00025303,0,1.7754e-06,28.036
1.311e-07,6.2024e-05,0,0.15415,2.6271e-05,0.0018899,0.19902,0.00050985,0.1524,0.14594,0.0023416,0.082871,0.00013745,7.9775e-06,28.57
0,0.0027205,1.0666e-05,0.00044565,8.3523e-05,0.0082162,0.0020528,0.00030834,0.7788,0.078103,0.049892,0.028398,0.00023059,0.045291,28.655
1.9105e-05,0.00019765,0.013643,0.22726,0.068712,0.17122,0.18601,0.00034715,0.17519,0.0041979,3.7072e-05,1.2708e-06,0.0001557,2.3034e-06,28.691
0.0040041,9.2914e-05,0.0035208,0.75912,0.033342,0.0065647,0.19917,0,0.15861,0.004096,0.090648,0.00079179,0.0032919,0.013896,27.997
8.5479e-06,0.0043272,0.00017527,0.027962,6.4177e-07,0.14046,0.001156,0.0024592,0.034681,0.014384,0.00017557,4.5056e-05,0,3.4545e-06,29.622
1.6329e-06,0.094942,0.13368,0.16698,0.040279,0.15188,0.0046396,0.0029227,0.18647,0.0010219,0.0018983,0.00038511,0.00064238,0.00024106,29.726
1.0139e-06,6.2429e-05,0.00021922,0.0022417,0.00029237,0.018872,0.83102,0.1451,0.86641,0.1454,0.090324,0.011801,8.524e-05,0.00023534,25.881
9.1816e-05,0.17208,0.13461,0.0013781,0.040314,0.78056,0.25562,0.0018214,0.0019084,0.0031882,0.0023045,0,1.4299e-07,9.9253e-06,27.437
1.1808e-06,4.0718e-05,0,0.010097,0.00027686,0.29109,0.22198,0.14149,0.004297,0,0.024952,0.071963,2.49e-06,0.031496,28.966
1.0864e-05,0.00026838,1.6229e-05,0,8.0492e-09,0.00021455,0.098601,0,0.75002,0.14803,0.17437,0.12321,0.010886,1.4236e-06,27.655
0,1.1444e-05,0,0.20374,6.1117e-06,0.72506,0.2159,0.13986,0.82134,0.0016906,0.02581,7.2189e-05,0.0001838,0.00015016,26.309
1.6099e-05,0.00020385,0,0.19247,0.036482,0.028611,0.24432,0.092313,0.0034345,0.0002598,4.2644e-06,6.4634e-05,0.00010053,1.296e-05,29.4
0.044293,0,0,0.0067634,7.8551e-05,0,3.5394e-05,0,0,0,0,0.00026989,9.6098e-06,1.6874e-08,29.932
1.5952e-05,0,7.9029e-05,0.00037341,0,3.0297e-05,0,0,0.21526,0.0054806,0.04675,0.086678,0.035836,0.00040423,29.352
1.058e-06,0.031249,1.631e-05,0,0,0,0.00073907,4.6551e-06,0.74993,0,0.17437,0.22118,0.010886,0.00038347,28.198
0,0.0022411,0.00038799,0.0047409,0,0,0.035272,0.010738,0.77423,0.0016309,0.04263,0.031716,0.00016291,0.0002181,28.952
2.0131e-05,0,9.0119e-05,0.00077718,8.0723e-07,0,0.097987,0.00044085,0.86621,0.0013186,0.036603,0.080809,0.00095754,6.2873e-08,28.017
1.6423e-06,0.00055765,1.1193e-05,0.142,0.0016028,0.78325,0.23694,0.060356,0.2254,0.00095409,0.0019011,7.5535e-05,0.00032077,0.0026613,27.305
7.2991e-07,0.00015889,9.1232e-05,0.0012792,0,0.22118,0.20361,0.051535,0.82171,0,8.4576e-05,0.034185,1.5587e-07,1.0602e-05,27.433
1.6416e-05,0.015111,0,0.15738,0.072144,0.78791,0.21604,0.092313,0.15029,0.00025816,0.00027571,6.3875e-05,1.2738e-05,0.00024534,27.199
5.1106e-05,0.0028928,0,0.027323,0.00012669,0.18399,0.24334,0,0.86152,0.031972,0.039376,0.0017021,3.1898e-05,1.3823e-05,27.595
0,0.0017589,5.3323e-05,0.1896,0.018363,0,0.084339,0.0085428,0.13922,0.0042157,0.0023617,0.0003549,0.00066117,2.5622e-05,29.17
5.1062e-08,5.804e-05,0.00011681,0.22912,0.0030209,0.83024,0.19293,0.00019554,0.80627,0.0022347,0.0021978,0.00084525,2.5154e-05,1.1742e-05,27.086
0,1.1444e-05,4.3587e-06,0.8,6.1117e-06,0.81997,0.12105,0,0.11643,0.00046462,0.0035956,0,0.014491,0.00015016,27.721
2.789e-08,0.031766,0.0031309,0.85217,0.00064684,0.78767,0.033297,0.037472,0.20806,0.080403,0.045168,0.047524,0.00092314,0.00020657,26
0.001346,4.3109e-05,0,0.0064505,0,0.0026317,0.20062,0.0028619,0.84484,0.012293,0.085136,0,0.00094382,2.6945e-06,27.781
7.1388e-07,1.4284e-05,3.9633e-05,0.21193,0.0011006,0.1592,0.24276,0.032603,0.20292,0.077373,0.097206,0.02989,2.3379e-07,0.00022582,28.089
1.7145e-05,0,5.815e-06,0.0082572,1.1586e-06,0.77965,0.78284,0.14329,0.15559,0,0.0015484,0.0089608,0.00012743,1.131e-05,26.472
0.0040041,9.2914e-05,0.034556,0.0014472,0.0011988,0.0065647,0.69449,0.0030763,0.84183,0.11041,0.090648,0.00079179,0.00021551,0.00023351,27.018
1.7395e-05,0.00011851,4.3864e-06,0.1899,0,0.67755,0.1019,6.8927e-05,0.11906,0.13742,0.14957,0.030252,0.0017238,3.8572e-06,28.15
2.1807e-05,0.00026477,1.7408e-05,0.00072112,0,0.0076772,0.74389,0.0019662,0.86098,0.00044241,0,0.00026024,0,0,27.132
0.23311,9.2248e-05,0.0073306,0.15082,0.0029386,0,0.098182,0.00019083,0.15412,0.0018834,0.024269,0.00020821,0.0032919,0.0046729,29.291
0,0.00028474,0.0005288,0,9.6717e-06,0.19071,0.21304,0.03741,0.0051408,0.0011294,7.4657e-05,0.0086063,0.0012813,6.807e-06,29.161
0,0.002248,0.00019701,0.0067328,0,0.29089,0.22254,0.051777,0.76012,0.082928,0.04263,0.07205,0.00019942,0.029111,27.397
2.3963e-05,0.00017007,0.033993,0.00037341,1.3778e-05,0,0.031103,0,0.81507,0.0056097,0.17702,0.014288,0.021567,2.3294e-07,27.908
1.6416e-05,0.00028436,0.00011459,0.75022,0.038932,0.78645,0,0.092313,0.70299,0.001949,3.2811e-05,0.00024696,0.00046871,0.0002456,26.066
4.0946e-07,0.0487,0.1293,0.83027,0.0005402,0.21886,0.8811,2.2983e-05,0.23087,0.00033558,0.0055604,0,0,8.5358e-06,25.512
1.8841e-09,0.0017773,0.029117,0.19132,0.015974,0.17909,0.13452,0.0011151,0.13903,0.0051316,0,1.0574e-06,0.00064217,0,28.796
0,0.0022516,0,0.0086116,0,0.72289,0.86547,0.036358,0.78871,0.07817,0.04263,0,0.00016291,0,25.479
5.0159e-09,0,1.41e-05,0.031969,3.9215e-06,0.14093,0.080752,0.00030251,0.19712,0.0010969,7.7825e-06,0.031058,0,9.2703e-05,29.12
1.6579e-06,0.00026838,1.631e-05,8.6024e-06,0,0,0.098601,4.6551e-06,0.74993,0.19969,0.17437,0.22044,0.011235,1.5381e-06,27.382
2.7368e-05,0.00016692,0.00031017,0.11495,0.0012954,0.0019309,0.19099,0.00052274,0.20119,0.0035477,0.0088294,0.0069357,0,0.0026416,28.993
1.654e-05,1.7698e-05,2.9268e-10,0.0047481,0.036482,0.79684,0.24368,0.00036106,0.15286,0.00025816,0.082813,0.030897,1.2738e-05,0.00023634,27.512
1.1575e-06,3.2249e-06,1.0371e-05,0.00039565,9.9207e-06,4.0604e-10,0.20403,0.11024,0.76906,0.15748,0.042704,0.079948,0.0033865,4.0233e-05,27.489
4.2088e-07,0.046054,0.1311,0.7997,0.0072148,0.17174,0.0030187,0.011861,0.0020532,0.00056078,0.0023158,0,0.0013532,3.9199e-05,27.75
1.058e-06,0.00026838,1.631e-05,0.041995,0,0.72758,0.098601,0.038147,0.17131,0.1558,0.17437,0.22118,0.011006,1.4493e-06,27.165
4.2525e-07,0.0031207,6.4712e-07,0.002507,9.6858e-06,0.19072,0.79087,0.092891,0.78416,0.15466,0.00028531,0.0065509,0.00057043,4.5883e-05,26.499
1.058e-06,0.00026838,0.00044266,0.81568,0,0.15197,0.098601,4.6551e-06,0.74594,0.16376,0.17437,0.20489,0.010886,1.6428e-06,25.568
1.8926e-05,0.00026834,0,0.055856,0,0.00090906,0.20111,0.13919,0.81979,0.017542,0.0039083,0.074791,0.0005334,1.078e-05,27.604
0.0040041,0,0.0037834,0.001133,0.0029386,0.0065102,0.19917,0,0.1587,0.004096,0.090648,0.00014505,0.0032919,0.013896,29.097
0.0015319,0,1.0683e-05,1.6319e-06,0,0,0.098601,4.6551e-06,0.74993,0.1558,0.18068,0.22118,0.010819,1.5381e-06,27.448
4.2088e-07,0.046117,0.14022,0.82163,0.0032552,0,0,2.2983e-05,0,0,0.0023085,0,0,0.0005052,28.02
9.1112e-08,6.0464e-05,0.0047607,0.14805,0.0076023,0.85774,0.82731,0,0.15691,0.0013914,0.00078162,0.0034349,0.0030787,1.1867e-06,26.091
0,1.7456e-05,0,0.14346,1.5728e-06,0.13364,0.12105,0,0.726,0.02295,0.0036145,0,0.013234,0.00052091,28.781
9.0381e-05,0.00027764,9.879e-05,0.0073094,0.081904,0.19757,0.21513,0.057047,0.045058,0,0,0.0019157,0,0.00029991,29.281
0,1.2653e-05,0.0006444,0.76304,0.00029776,0,0.24573,9.1732e-08,0.8276,0.023679,0,6.4053e-05,0.0032832,5.0815e-05,26.549
9.5059e-06,5.0333e-05,8.6034e-05,0.82468,0.072307,0.15082,0.13436,0.0027951,0.17828,0.00019466,0.0082509,0.00011031,0.00027118,1.2627e-05,27.575
0,3.7968e-06,0,0,0.00026896,0.15529,0.79603,0.13641,0.76075,0.0010113,0.001921,0.00016887,4.7522e-06,2.3265e-08,26.542
5.0037e-07,0.032075,0.1382,0.82163,0.0017509,0.81488,0,3.4937e-05,0.21276,0.00047184,0.0037033,0,7.9366e-05,0.00038315,26.022
7.4538e-07,0,5.5967e-06,0,0,0.00015585,0.19226,0.11413,0.85136,0.1548,0.0034993,0,0.00059828,0,27.975
2.3197e-07,5.3724e-05,1.0564e-05,0.0031191,2.111e-05,0,0.78898,0.11024,0.84738,0.15406,0.19107,0.0029675,0.0034889,0.00016592,26.439
0.00026695,0,4.7167e-05,0.0036529,3.1223e-05,0,0.80864,0.12831,0.84918,0.091592,0.17152,0.00011719,3.8343e-06,5.4989e-05,26.175
3.5139e-07,1.9129e-05,1.3383e-06,0.013838,7.8549e-05,0,0.12126,0.00025653,0.14699,0.024085,0.00044917,0.021193,0,0,29.408
7.6031e-07,0.00024962,0.0032726,0.76663,0.012553,0.71162,0.20762,0,0.021681,0.00099401,3.6233e-06,0.00068289,4.7231e-06,6.8933e-05,27.17
8.1066e-07,7.311e-05,0,2.4236e-05,1.1627e-07,4.4905e-06,0.00026536,0.00012158,0.77191,0.00081935,0.090773,0.030459,0.12142,0,28.476
1.4694e-05,1.0988e-05,0.00010485,0.18995,0.0029666,0.74616,0.77947,0.043382,0.16811,0.074963,4.363e-06,0.00010987,0.00018948,1.4551e-06,26.416
5.3072e-07,0,0.00026673,0,0.006069,0.65581,0.78807,0,0.16346,0,0.00055221,6.3875e-05,0.0001915,0.00010074,27.765
0,0.00016433,2.8376e-07,0.00051664,7.9624e-07,0,0.002779,9.356e-07,0.84528,0.11347,0.060386,0.082656,0.00058628,1.1392e-06,28.37
0,0.00017382,0,0.22384,0.00017483,0.80688,0.79565,0.13527,0.76075,0.00048532,0.001921,7.0157e-07,4.6092e-06,0.00054548,24.839
3.1761e-07,0.0016672,0.02345,0.14572,0.076065,0.84417,0.72659,0.0044402,0.1461,0.00011689,0.00026315,0,1.439e-05,7.7068e-09,26.582
1.7702e-05,5.9791e-05,9.7443e-07,0.0030846,0,0.017146,0.2268,0.0016505,0,0.15379,0.081831,0.030166,0.011647,0,29.062
0.00023883,7.785e-05,0.004982,0,9.5399e-06,0.19274,0.049657,0.050636,0.23249,0.001488,0.00062222,0.0014991,0.00036182,3.5415e-06,29.336
1.5997e-05,9.1251e-06,4.9626e-05,0.0032413,1.8088e-05,0.0013545,0.047783,0.044389,0.8319,0.071135,0.19081,0.031818,0.00012684,3.6093e-09,28.073
8.3461e-14,5.79e-06,0,0,0,1.5771e-08,0.01036,0.001676,0.19045,0.047016,0.055638,0.03174,0.0088512,0,29.416
4.5901e-07,0.0004072,0,0.0012964,1.758e-05,2.6526e-08,0,4.3478e-05,0.0069698,0,9.9858e-05,0.03162,0.058329,0,29.867
0,0.00019262,0,0.13364,0.031354,0.213,0.17998,4.4707e-08,0.18523,0.0051179,0.024893,2.4633e-05,2.2509e-06,3.0255e-06,28.534
9.5508e-07,0.00026477,1.9159e-06,0.00072112,0,0.0076772,0.012765,0.0019975,0.8587,0.11326,0.05878,0.028072,0,5.8745e-10,28.554
0,0.0017162,0.00092365,0.79708,0.15534,0.78343,0.0011751,0.040757,0.16629,0.00058497,0,0,0.00329,4.4663e-05,26.266
1.7709e-08,0.094942,0.13368,0.16698,0.040492,0.80618,0.0046396,0.0035396,0.18109,1.1321e-07,0.0012377,0.00038511,0.00064238,0.00045388,27.276
7.5011e-07,0.0029704,5.3032e-06,0.0044712,0.00028144,0.80571,0.79717,0,0.74364,0,0.0023089,7.0157e-07,0.00016988,4.3983e-05,26.04
2.4794e-05,5.8834e-05,0,0.0015034,0.066454,0.13462,0.72659,0.0039022,0.036449,0.00011853,0,0.094271,0.00038201,0,28.965
0.00023883,7.785e-05,0.00020427,0,0,0.12219,0.049657,0.047934,0.23249,0.053791,0.04477,0.031356,0.004302,3.5415e-06,29.787
2.6714e-06,0,0.00021507,0.68859,0.035277,0.14607,0.24423,0.098958,0.18569,0.0056805,0.00012421,0.010302,4.5234e-05,0.00023654,27.859
6.3919e-07,5.7151e-05,0.00010719,0,0,0,0.0023024,3.3028e-05,0.020744,0.00038574,0.00046024,0.10096,4.7839e-05,9.2797e-06,29.861
1.6677e-05,0,5.8996e-05,0.00034432,7.9624e-07,4.2979e-05,0.00011498,9.356e-07,0.13833,0.15306,0.17388,0.22263,0,3.1368e-07,28.845
1.0472e-06,0.00028974,2.7874e-08,0,0,0.00023709,0.20936,4.6654e-06,0.078962,0.1558,0.17437,0.21918,0.012365,2.2932e-08,28.392
0,0.00046269,0.029117,0.19062,0.037835,0.17909,0.14344,0.0011151,0.17075,0.0031733,0,0.00033331,1.5646e-05,0,28.552
8.5972e-07,0.00019528,4.9185e-05,0.0030002,0,0.15985,0.10063,0,0.76366,0.19503,0.18976,0.0009737,0.00014447,0,27.37
2.3455e-07,0.00016065,6.8654e-06,0.0032775,0,0.7404,0.0027807,0.005741,0.7286,0.18276,0.18778,0.077604,0.0034375,0.00017359,26.778
0,0.00017666,2.3733e-06,0.00037044,0.036529,0,0,6.3993e-06,0.82154,0.0056097,0.1732,0.20999,0.035264,2.3294e-07,27.524
9.885e-06,0.00035409,0.0015969,0.0039575,0.072149,0.80482,0.80708,0.01328,0.84786,0.00096861,0.01298,0.0016991,6.6223e-07,0,25.385
4.8647e-07,3.8072e-05,0.00044067,0.82964,8.0576e-05,0,0.21229,0.044394,0.19547,0.15009,0.049007,0.00082228,0.0036959,0,27.119
9.0381e-05,0.00027764,9.8188e-05,0.23761,0.080835,0.19979,0,0.057047,0.0022199,0,7.1523e-06,7.1002e-05,0,0.00029873,29.029
9.7213e-07,6.2429e-05,0.00021922,0.0022417,0.00029237,0.018576,0.83102,0.1451,0.16171,0.0040969,0.090324,0.011801,8.7395e-05,0.00016258,27.54
9.7213e-07,0.00024378,0.00011153,0.0027159,0.00026437,0.0080665,0.83102,0.13942,0.84484,0.19251,0.0030072,0.011801,1.6293e-06,0.00023648,25.975
3.9528e-06,0.00033513,0,0.14896,0.00039295,0.0031042,0.0066111,2.7043e-06,0.011132,0.025503,4.1662e-05,0,0.0029236,3.8121e-07,30.012
3.0656e-07,0.00018422,0.00024919,0.1377,0.0015881,0.16066,0.29991,0.049241,0.76215,0.085704,0.0018921,0.00073575,0.00032008,1.1842e-05,27.564
0.0015322,1.3307e-05,1.0425e-05,0.14285,0.03212,0.28303,0.79152,0,0.75338,0.023746,0.048312,2.3096e-05,0.003252,4.4967e-05,26.362
2.3455e-07,0.00016065,0,0.0032775,0,0,9.6162e-06,0.0018638,0.18917,0.0043321,0.169,0.080158,0.0034077,5.1518e-05,29.169
3.8445e-06,1.3104e-05,0.046926,0.76047,0.00099978,0.20073,0.79087,0.141,0.0033913,0.00025219,0.00058751,5.5575e-05,2.9734e-05,0.00014786,26.491
7.2972e-08,1.0944e-05,0,0.0026778,0.00064684,0.018406,0.033297,0,0.16383,0.079781,0.045168,0.047789,0.00092314,0.00020657,29.339
4.8215e-10,7.2114e-06,0.0015598,0.15153,0,0.02069,0.0064262,0.00072137,0.8258,0.1842,0.18778,0.0016666,0.0034375,0.00017404,27.276
0,0.00018422,0.00024895,2.0941e-05,0.0004772,0.16066,0.77524,0.049241,0.23128,0.0059164,0.090153,0.00076277,0.00021477,1.1842e-05,27.71
1.8293e-07,0.00021576,0.022328,0.22817,0.034624,0.12854,0.24308,0,0,0.0014069,0,0.0034374,0.00018058,1.7081e-06,28.832
2.1254e-07,0.00313,0.0056935,0,3.6061e-06,0.007684,0.047578,0,0.1948,0.00046128,0,0.00025721,9.5783e-05,5.2679e-07,29.551
1.3173e-06,1.7317e-05,0.00017065,0.00067783,0,0.19934,0.8516,0.0073833,0.17414,0.074999,0.00051358,9.1445e-05,0.00013832,1.1175e-05,27.478
0.00026695,2.4383e-07,1.2449e-06,0.15087,0.00059783,0,0.80916,0.089872,0.83084,0.08147,0.041538,0.00011556,0.00065697,3.34e-07,26.987
1.6416e-06,0.094942,0.13252,0.16698,0.040492,0.80618,0.0046396,0.0035133,0.18109,0.00094623,0.0018983,0.00038511,0.071633,0.00024106,27.373
9.5126e-06,0.061903,0.031373,0.40017,0,0.087867,0.0003965,0.0028086,0,4.4809e-07,0.00023979,0,5.3998e-05,0,29.555
0,0.00038467,4.79e-05,0,0,0,0.81655,0,0.76827,0.00086257,0.17384,0.08246,1.1263e-05,0.00041782,26.622
2.4118e-05,0.00028891,5.8931e-05,0.00019076,0.076122,0,0,0.13282,0.81438,0.0057424,0.16477,0.20999,0.00046628,2.3101e-07,27.588
1.845e-08,0.00055765,0.0063617,0.14555,0.031206,0.012647,0,0.060356,0,0.00094977,0.0012405,7.5535e-05,0.00064747,0.0028853,29.561
1.7906e-05,0.00014595,0.0021269,0.060653,0.067737,0.00095023,0.0033765,0,0.008729,0.0041807,0.0023045,0.030173,4.6477e-05,4.7937e-05,29.74
7.4304e-07,0.00026838,0.033838,0,0,0,0.10599,0.0004179,0.7513,0.15498,0.17437,0.22751,0.010886,0.0026685,27.383
0.23718,9.2248e-05,0.0073592,0.15227,0.0029386,0.14989,0.16297,0.00029055,0.15483,0.004096,0.0093078,0.098378,0.023291,0.00012694,28.15
0.0038436,0.00015966,0,0.0017472,2.6271e-05,0,0.11767,0.00028829,0.11963,0.14594,0.048604,0.081555,0.013443,0,29.034
2.2718e-07,0.00015919,6.2452e-06,0,0.077696,1.5464e-08,0.0027107,9.356e-07,0.19179,0.19866,0.052376,0.0051581,0.0025616,5.215e-05,29.026
1.6495e-05,0.0018274,0,0.19628,0.036482,0.78791,0.24432,0.092313,0.1075,0.00025816,0.19044,0.079705,1.2738e-05,0.0019626,26.784
1.7578e-05,0.014856,5.6049e-09,0.75346,0,0,0.22927,0.093602,0,0.059529,0,0.00090689,0.011647,7.9686e-06,28.028
1.0793e-06,0,0,0.82654,2.785e-05,0.022262,0.80153,0.13891,0.20245,0.14406,0.0060013,0,0.12673,3.4153e-07,25.555
9.0381e-05,0.00027858,9.8205e-05,0.23847,0.080835,0.19757,0.1962,0.035145,0.0022199,0.00058717,0,7.1002e-05,0,0.00019467,28.623
5.2003e-07,1.4908e-05,3.8047e-07,0.10859,0.00022901,0.13469,0.21686,0.0011017,0.17829,0.025483,0.026985,0.022958,0.013272,3.936e-06,29.288
0.0015313,9.3116e-05,0,0.006434,0,5.4538e-05,3.5394e-05,2.7111e-05,0,0,7.4611e-10,3.4915e-07,0.064159,0,29.893
4.5628e-07,0.00018751,1.2665e-06,0.0075128,9.3357e-10,0.006206,0,0.022483,0.11906,0.023081,0.22458,0.0061466,0.014454,3.002e-06,29.267
1.8316e-05,0,5.7612e-05,0.0023006,3.494e-07,0.18604,0.12536,0.13522,0.8439,0.15181,0.038943,0.011518,0,7.1437e-09,27.083
2.245e-07,1.1553e-05,5.8169e-05,0.20316,6.0538e-06,0.78017,0.83991,0.04009,0.19594,0.021222,0.0055894,0,0.00040637,0.00014244,25.997
1.6748e-06,0.00016112,0,0.053561,1.1463e-05,0,0.0022644,0.0002649,0.044333,0,0.0010673,0.073815,0.11871,0.021604,29.485
7.4859e-06,0.0027263,0.12907,0.82231,0,0,0,2.7078e-05,0.0001559,0.00046574,0.0023385,0.0077713,0,0,28.099
1.8316e-05,0.00028283,5.7612e-05,0.0023006,1.2833e-05,0.83645,0.81834,0.13104,0.84727,0.15181,0.038666,0.01135,0.020129,1.1705e-06,24.365
