0.0026114,0.2492,0.16759,0.17025,0.15345,0.0055096,0.15277,0.0067341,0.0034846,18.269
0.0022379,0.0076844,0.15708,0.15006,0.15451,0.25021,0.1584,0.0071667,0.003909,18.316
0.0025072,0.0033616,0.86661,0.12973,0.14282,0.00071199,0.13588,0.0022256,0.003592,17.498
0.0024471,0.0047959,0.13913,0.86103,0.14156,0.0069763,0.14117,0.0046365,0.0038997,17.453
6.4497e-05,0.00078099,0.13489,0.093084,0.14695,0,0.12225,0.005956,0.0050931,19.035
0.0079873,3.9017e-05,0.14777,0.13422,0.0013504,0.00030261,0.11249,0,0,19.226
8.2707e-05,0.040044,0.20934,0.17627,0.011669,0.00036338,0,0.00016676,0.00055127,19.183
0.0022501,0.0043586,0.14098,0.14206,0.13782,0.0032259,0.86071,0.0062378,0.0054899,17.456
0.0074635,0.025034,0.20487,0.18821,0.20154,0.0095991,0.035629,0.0067282,0.00010329,18.736
7.0444e-05,0.02424,0.16654,0.14883,2.4532e-05,5.7207e-08,2.0287e-05,4.8842e-05,0.00020666,19.342
0.24553,0.00026039,0.15392,0.17182,0.16362,0.0049268,0.16151,0.0065706,0.0049867,18.257
2.6201e-06,0.0008198,0.16797,0.077329,0,8.7756e-08,0,0.02121,0.0001576,19.512
0.00013224,0.023225,0.075543,0.021312,0.013081,0.00018378,0.037962,2.8424e-05,8.3357e-06,19.756
0.0025439,0.085843,0.22268,0.017086,0,0,0,0,0.00011369,19.415
0.0024119,0.07649,0.22268,0.20227,0.00076004,0,0.00010262,0,2.526e-06,19.062
0.008105,0.0076986,0.14881,0.15448,0.15826,0.00067819,0.15258,0.0021165,0.25034,18.331
0,0,0,0,0,0,0,0,0.00010786,20.507
0.0079749,0.002636,0.14228,0.00013889,0.0042135,0,0,0.00027945,0,19.708
8.3198e-06,0.0059338,0.034883,0.15405,0.15299,0.020514,0.20075,0.024793,0.00010301,18.891
0.0089646,5.1216e-06,0.00014193,4.4868e-06,0,0.019857,0.18943,0,0.00065635,19.6
2.3461e-06,0.054348,0.21628,0.25129,0.20543,0.065087,0.019749,7.5459e-06,9.2804e-05,18.562
0.00034758,0.0011497,0.0065935,0.00019288,0,0.00019503,0.10143,0.00027513,4.4232e-05,19.807
7.0444e-05,0.02424,0.20737,0.14883,2.4532e-05,0.0016563,0.031729,4.8842e-05,0.016789,19.234
7.8458e-06,0,0.0039007,0.18454,0.17164,0.12965,0.23957,6.7446e-05,0.00021173,18.611
0.0026047,0,8.1885e-05,0.0075526,0.026647,0.00037275,0.25249,0.039214,0.020827,19.459
0.00026743,0.002398,0.23395,0.24328,0.243,0.018879,0.1694,0,4.173e-05,18.363
2.6841e-06,0.23128,0.22098,0.066181,0.00049253,0.0039231,0.00056948,6.9115e-07,4.6648e-05,19.059
0.0026114,0,0.16759,0.16725,0.16745,0.0055096,0.15277,0.0069435,0.0034846,18.673
7.0444e-05,0.022766,0.20738,0.23647,0.24609,0.0016355,0.031729,4.8842e-05,0.00087197,18.7
6.235e-06,5.3685e-07,0.004009,1.1422e-07,0,0.038878,0.25432,0.10748,0.0010086,19.318
0.0023717,0.00017812,0.14452,0.14148,0.23491,0.074951,0.22269,0.023091,0.0039614,18.441
0.00018424,0.021989,0.14066,0.1376,0.15827,0.063117,0.18648,0.029636,0.0051541,18.599
0,0.0010542,0.039208,0.0017822,0.091851,0.0012739,0.17526,0.0025624,0.016291,19.42
0.0085479,0.004773,0.16969,0.14598,0.15331,0.0069542,0.15317,0.25535,0.0054252,18.308
0.00010907,0,0.0023734,0,0.0010334,0.0052796,0.1545,0.26087,0.00066326,19.266
7.8458e-06,0,0.003923,0.18454,0.17094,0.12051,0.25315,0.038558,0,18.58
0.0079873,3.8808e-05,0.14777,0,0.0013504,0.00030261,0.11249,0,0,19.488
0.0082199,0.053001,0.18599,0,0,0,0,0,0.0047572,19.539
0.0026628,0.005057,0.14134,0.13907,0.86004,0.0056196,0.12688,0.0043335,0.0052317,17.487
0.0017751,0,0.0017152,0.11435,0.16732,0.00037134,0.18928,0,0.0124,19.065
7.5698e-06,0.050997,0.79805,0.84836,0.7177,0,0,1.335e-07,7.8349e-06,15.637
0.0016287,0.00022519,0.0063898,0.0045362,0.10155,0,0.042137,0.027154,0.019539,19.687
0.00010331,0.000436,0.22744,0.79903,0.22194,0.073489,0.0005269,0,8.8184e-06,17.508
0.15301,0.083504,0.0018597,0.00046323,0,0,0.0078396,0,7.1744e-05,19.728
0.00774,0.14459,0.16729,0.091061,0.0087911,2.9224e-05,0.0017706,8.9272e-06,0,19.201
0,5.9838e-07,0.0051146,0.17013,0.02606,0.072981,0.26866,0.0081971,0.020478,19.048
0.0073284,2.3574e-05,0.08212,0.015545,0,0.00016904,0,0.0014348,0.0035273,19.859
0,8.4515e-06,0.0013941,0.0054489,0.18158,0.01999,0.23927,0.095566,1.6431e-05,19.013
0.00014956,0.0057514,0.034738,0.14866,0.15299,0,0.21171,0,4.7363e-05,19.111
0.026013,2.3574e-05,0.088617,0.015545,0.17785,0.00016904,0,3.8799e-05,0.0035671,19.466
0.011652,0.15377,0.16727,0.20105,0.14055,0,1.5648e-05,1.7025e-05,5.2129e-05,18.888
4.6442e-05,1.1653e-05,0.00044044,2.2328e-05,0.19751,0.021277,0.22553,0.00484,0.012866,19.152
0.00023187,0.022476,0.15276,0.0041259,0.008519,0,0.00011021,2.3308e-06,4.2026e-05,19.656
3.133e-06,0,0.0011183,0.047436,0.15013,0.098565,0.20541,0.038897,0.021395,18.98
0.0022501,0.0043674,0.14099,0.14729,0.14186,0.008678,0.20432,0.0062378,0.0054899,18.748
5.7914e-06,0.053226,0.79806,0.84108,0.0017843,0,0,0,3.5e-07,16.693
0.00012922,0.037816,0.20531,0.11883,0.20312,0,0.15802,4.0974e-05,0,18.617
6.0313e-06,0.00041175,0.0051318,0.00020908,0.80041,0.17546,0.84306,0.11055,0.00087355,16.193
0,6.7388e-07,0.0050933,0,1.7081e-06,0.073037,0.018273,0.13133,7.1622e-05,19.787
4.2837e-06,1.997e-07,2.72e-05,0,0.85988,0.14721,0.20935,0.056067,0.00098225,17.531
5.9567e-05,0.0059338,0.21162,0.14241,0.15299,0,0.0067603,0.023782,4.7363e-05,19.136
9.1851e-05,0.0033205,0,0.007293,0.29337,0.0008837,0.23778,0.038744,7.3274e-05,19.112
0.0018928,0,0.017311,0.0075526,0.031876,0.009535,0.23891,0.00072355,0.021267,19.475
0.0027007,0,0,0.007293,0.17469,0.0008837,0.20479,0.038597,0.021305,19.168
0,0.055234,0.21628,0.25279,0.20467,0,0.0032576,7.5459e-06,9.1069e-05,18.683
0.0084852,0.0012053,0.19725,0.17051,0.14185,0.0014672,0.1374,2.5327e-05,0.019052,18.691
0.00015559,0.086322,0.79432,0,0,0.001792,0.14101,0.0047123,0,18.031
0.0022379,0.00065324,0.0049955,0.15118,0.15422,0.073351,0.16245,1.914e-05,0.003909,18.935
2.6841e-06,0,0.22098,0.068486,0.00049253,0.0039231,0.00056948,6.9115e-07,0.00090532,19.843
0.00018805,2.4217e-05,0.010125,0.070307,0.23643,0.0046095,0.19103,0.032323,1.7155e-05,19.041
0.00021053,0.0071552,0.23113,0.14302,0.099388,0,0.00021391,0.00033079,0.043891,19.248
1.9415e-05,0.0035233,0.0020222,0,0.0039222,0,0.22125,0.098112,0.021342,19.377
6.2062e-06,5.3685e-07,0.004009,1.1422e-07,0,0.036454,0.24442,0,0.0010086,19.521
0.0023717,0.00017812,0.14452,0.14148,0.23491,0.0011646,0.22269,0.023091,0.021423,18.56
3.3803e-06,0.011061,0.23361,0.83366,0.18012,0.00037533,0,1.2379e-06,0.00096312,17.566
0.0025439,0.092533,0,0.017086,0,0,0,0,0,19.815
1.7936e-06,0.0010776,0.23324,0.24272,0.23897,0.19761,0.13091,3.0856e-05,4.2699e-06,18.252
4.4209e-05,0,0.0038521,0.0043735,0.0021932,0,0.19135,0.18288,0.02031,19.461
1.5135e-05,0.15078,0.20969,0.23398,0,0,0,7.5452e-05,0,18.876
0.0085479,0.004773,0.17252,0.14598,0.00048941,0.0069583,0.0043174,0.0073406,0.0035146,19.503
8.2429e-07,6.2755e-07,0,0,0.0099457,0,0.0035378,0.091562,0.043316,19.779
2.6841e-06,0.23128,0.73571,0.71487,0,2.8997e-06,0.00056948,6.9115e-07,8.8061e-08,17.376
0.0027053,2.5475e-05,0.20887,0.83154,0.84927,0.13708,0.80452,0,0.00013481,14.715
0.0018999,7.5676e-06,0.83119,0,0.21272,0.0003487,0,0,0.021292,18.427
6.3936e-06,1.3388e-09,0.0066013,0.20694,0.85988,0.17464,0.1982,0.053142,0.00098225,17.088
6.391e-07,0.0011526,0.74731,0.79253,0.87572,0.19814,0.0020433,0.0002374,0.0069404,15.159
2.4179e-06,0.011058,0.15943,0.21112,0.23825,0.021102,0.1457,1.3036e-06,0.019699,18.832
6.5928e-05,5.1337e-06,0.0029459,0.0024478,0.02606,0.066255,0.26866,0.11407,0.020478,19.197
2.3111e-06,0.0023356,0.23395,0.24272,0.28319,0.073168,0,6.4002e-05,4.2699e-06,18.619
0,2.2071e-09,0,0,0.00045311,5.7803e-06,0,0,0.045219,19.987
0.00014954,2.3623e-05,0.22259,0.24887,0.79895,0.018921,0,0,0.0006305,17.58
0.0024666,0.054395,0.78605,0.1353,0.14779,0,0.0029023,1.335e-07,0.0005703,17.861
0,0,1.2682e-08,8.0328e-05,0,0,0,0.18973,0.0052198,20.138
8.2429e-07,6.2755e-07,0,0,0.0099457,0.0057811,0.12309,0.091562,0.0047006,19.596
3.045e-05,1.5642e-08,0.0038521,0.0043735,0.0046493,0,0.18992,0,0.02031,19.838
0.00016027,0.011061,0.23339,0.16071,0.67616,0.0014682,0.0048218,1.2379e-06,0.00096312,18.528
3.3049e-06,0.0014611,0,0.059318,0.21094,0.00021504,0.086626,0,0.020106,19.339
0.0020296,2.2654e-06,0.13877,0.84454,0.19216,0.016442,0.0053218,0,1.827e-05,17.659
0.00011609,0.0047906,0.88343,0.14535,0.013165,0.010703,0.11036,0.00029192,0.00040321,17.818
0.0001583,0,0.14041,0.17412,0.23727,0.08058,0.0050916,0,0,19.115
2.9755e-05,0.00065324,0.0049955,0.15118,0.15422,0,0,1.8009e-06,0.017542,19.367
2.4303e-05,5.5389e-06,0.00014813,0,0,0.017113,0.24042,0.10169,0.00011443,19.37
0.00011063,8.6704e-06,0.21197,0.22964,0.18158,0.069373,0.15401,0,2.9618e-05,18.397
1.9337e-05,0,0.017311,0.0075526,0.046487,0.009535,0,0.00072355,0.021267,19.877
0.00015699,0,0,0.2573,0,0.0015502,0.14612,0.064256,0.00019833,19.435
0.00010625,5.2719e-06,0,0,0,0.018376,0.13377,0.024612,0.015868,19.674
1.1734e-06,0,0.20983,0.016452,0,2.559e-08,0.14681,0,0.00011369,19.288
0.0022379,0.0076844,0.16055,0.15006,0.15451,0.17242,0.23082,0.0071667,0.0039156,18.286
0.0085479,0.00014116,0.17252,0.0023012,0.00048941,0.0069583,0.017204,0.085938,0.0034439,19.644
2.5177e-06,0.011145,0.23361,0.83366,0.67616,6.1141e-07,0.00010888,0,0.00096312,17.166
0.0021426,0.0024281,0.039699,0.0005246,0.1827,1.4006e-05,0.80844,0.11014,6.8237e-05,17.994
0.00013746,3.6528e-06,0.00015699,0,0.19362,0.048554,0.87027,0,0,17.918
0.00010331,0.00084938,0.8332,0.80104,0.20483,0.058433,0.030231,0,8.8633e-05,16.245
0.0073327,2.3887e-05,0.080059,0,0.0013126,0.00018175,0.11249,0.0014757,0.0035255,19.642
0,3.1565e-05,1.835e-05,0,0,0.14019,0.88046,0.27293,0,17.631
0.14982,0.085627,0.15276,0.0038167,0,0,0.00011021,0,0.00018305,19.248
0.023987,0.0022921,0.07007,0.22578,0.28919,0.032434,2.7392e-05,3.3771e-07,3.5481e-06,18.996
0,0.0010542,0.039208,0.036299,0.69958,0.0088497,0.17999,0.0025624,0.016291,18.605
4.5695e-06,1.4183e-06,0.20594,0,0.0012857,0.00033773,0.015859,5.4586e-05,0.00012141,19.585
4.4209e-05,0,0.0038521,0.0043735,0.2919,0,0.18269,0.18288,0.020571,19.069
0.00011063,0,0.21197,0.22964,0.1855,0.13267,0.15365,3.2407e-07,3.828e-05,18.244
0.00013007,3.7676e-05,0.20444,0.85249,0.1677,0.066422,0.16199,0.050695,0.077117,16.947
0.00013763,1.9552e-07,0.0051008,0,0.1859,0.17422,0.84921,0.086715,0.0004722,17.442
6.8004e-05,0.0011181,0.0034787,0.13724,0.79341,0.05031,0.22285,0.0061456,0,18.063
0.00013007,0,0.20343,0.65743,0.16638,0.066422,0.1634,0.0013197,0.00022436,18.239
0.030984,0,0.0086007,0.017199,2.4875e-06,0,0.00023938,0,1.1732e-06,19.932
2.5804e-05,3.0218e-05,2.1258e-05,0.00017308,0.040327,0.016258,0.22284,0.057039,0.0003976,19.436
0.00015821,0,0.16074,0.17371,0.23479,0.0098197,0.24138,0.00092586,0.0036024,18.583
0.0024666,0.14744,0.78585,0.1353,0.14779,0,6.9186e-05,1.335e-07,0.0053484,17.648
0.00015687,0.00064785,0.83306,0.92708,0.21272,4.8191e-06,0.0025555,0,0,16.416
6.0313e-06,0.00041175,0.0051318,0.00022175,0.17611,0.045926,0.84264,0.1111,0,17.689
0.00015408,9.2142e-05,0,0.034473,0.82244,0.0016765,0.81967,0.0002751,0.00011427,17.034
8.3842e-06,3.2246e-05,3.6677e-07,0.0045448,0.76496,0.067119,0.81122,0,0,16.909
0.0026973,6.2699e-05,0.18965,0.25373,0.26973,0.14589,0.32757,0,4.114e-05,18.21
2.3336e-05,0.021806,0.15762,0.15006,0.15451,0.091341,0.1584,0.0071667,0.003909,18.605
0.0082578,0.053001,0.18932,0,0.29484,0,0,0.0032107,0.11278,18.925
0.002183,0.059101,0.77466,0.8487,0,0.06871,0.15685,0,2.9618e-05,16.363
3.1038e-05,1.9552e-07,0,0,0.87831,0.17576,0.86094,0.0031515,3.5129e-07,16.49
1.2252e-09,0,0.00028171,0.14996,0.18065,0.07192,0.23736,0.022876,0.017122,18.794
0,0.00048323,0.24089,0.15111,0.86946,0.25376,0.18374,3.2483e-05,0,16.818
6.0116e-05,7.7342e-05,0.0065834,0.83867,0.2783,0.13077,0,0.0038051,0.0050347,17.763
7.5961e-06,2.0602e-07,0.0030952,0.88937,0.80498,0.18162,0.82354,3.053e-07,9.8984e-05,14.76
0.0022379,0.0077027,0.0038911,0.036848,0.15451,0.2584,0.1584,0.0071667,0.00025421,18.879
0,4.9244e-05,0.2327,0.84384,0.86894,0.001563,0.19792,0.00036338,0.0047682,16.032
8.2429e-07,6.2755e-07,0,0,0.0099457,0,0.74344,0.091562,0.043316,18.544
4.2837e-06,1.997e-07,0.0065678,0.21378,0.15689,0.17464,0.21315,0,0.00098225,18.547
0.053711,0.022794,0.75961,0.32447,0.004495,0,1.6035e-05,0.00012643,8.6222e-08,18.234
0.031403,5.198e-06,0,0.017199,2.4875e-06,0,0.00023938,0.026607,0,20.482
8.2884e-05,0.0019635,0.80968,0.81451,0.14267,0.001792,0.14101,0.00021744,0,16.222
4.4209e-05,0,1.3487e-06,0.0043735,0.0021932,0.00041601,0.72765,0.18035,5.3549e-08,18.519
0.00014701,9.2142e-05,0,0.028186,0.15734,0.0016765,0.81967,0.0002751,0.00011427,18.373
9.896e-08,0.058618,0,0.00017308,0.042512,0,0.76214,0.27334,8.8182e-06,18.074
0,6.1438e-05,0.00056276,0.00017308,0.042512,0.016258,0.76214,0.26574,0.0040382,18.136
0.0025634,0,0,0.16708,0.16766,0.0055096,0.22214,0.0089013,0.0038008,19.334
0.0001586,0,0.00038813,0.1834,0.8723,0.25376,0.18649,6.7837e-05,0,17.153
0.15071,0,0.0044384,0.017199,0.0015551,0,0.0081799,2.2511e-06,4.1792e-08,19.666
0.00021053,0.00021654,0.0029151,0.14302,0.098766,0.17239,0,0.18424,0.0058278,18.937
6.6797e-08,0,0.0059671,0.016452,0,2.559e-08,0.14681,0,0.00011369,19.685
0.00013746,0.0077126,0.00015699,0.15342,0.19362,0.048554,0.87027,0.0021943,0,17.602
0.0001583,0,0.15867,0.011744,0.23727,0.08058,0.014,0,0,19.327
0.0022652,0.0031128,0.22066,0.15006,0.0051143,0.0041541,0.1584,0.0071667,0,18.952
0.00015559,0.23679,0.79432,0.011016,0,0.001805,0.0037032,0,0,18.028
0.0028059,0.050982,0.2231,0.11811,0.24393,0.00073683,0,5.8456e-06,0,19.09
0.023987,0.0022921,0.16193,0.62289,0.29273,0.00036719,2.7392e-05,3.3771e-07,3.7114e-06,19.311
0.00015537,6.8044e-05,0.0019785,0.82779,0.78331,0.10508,0.19876,0.035895,0.0050047,16.532
1.0282e-05,0,8.6508e-05,0,0.17119,0.00016171,0.17561,0.087689,0.0052131,19.152
0.0022379,0.0076844,0.15708,0,0.153,0.1651,0.76898,0.0053769,0.003909,17.631
0.025632,0.0082659,0.20593,0.78981,0.14576,0.0015983,5.7127e-06,0.0002378,0.00018426,17.866
0.0017421,5.8697e-09,0.8332,0.11931,0.205,0.00021953,0.030231,0,8.8633e-05,17.671
8.5401e-07,0.00023141,0.0023514,0.00076931,0.28886,0.17939,0.84381,0.0031515,3.8378e-06,17.547
0.0028052,0.10663,0.22266,0.15252,0,0.00073683,0,1.8423e-05,0.004751,19.186
0.0025512,4.8986e-05,0.0031288,0.22964,0.18064,0.046095,0.82117,0.10877,0,18.119
0.00013585,0.012387,0,0.15465,0.19111,0.090624,0.297,0.0023178,0.0038548,18.784
2.342e-09,0.0038771,0,5.0747e-05,0.010176,0.0001966,0.0035378,0.0171,0.043316,19.902
5.679e-05,0.052228,0.22227,0.14455,0.27171,0.00064745,2.7323e-05,0.0037962,0.0050407,18.798
0.00016513,3.7524e-05,1.2796e-08,0.2131,0.88888,0.16718,0.78627,2.1836e-05,9.8077e-05,16.106
0.00015765,0,0.22986,0.79784,0.87217,0.25376,0.0080936,6.8808e-05,4.4909e-08,15.91
0.00018237,8.3721e-08,0,0.00034945,0.010605,0.16718,0.012901,0.18062,0.00026831,19.282
0.00066858,0.14994,0.79283,0.23616,0.24437,0,0.07388,0,0.00013923,17.205
2.6841e-06,0.21316,0.73571,0.18175,0,0.017907,0.00056948,6.9115e-07,5.3431e-06,18.053
2.6841e-06,0.080806,0.73571,0.70386,0,0,0.13788,0.0047376,8.8061e-08,17.518
8.2031e-05,0.085106,0.0095539,0.83968,0.88286,0.17464,0.25083,0,0.0051485,15.737
8.1853e-06,0.038506,0.00056276,0,0.11509,0.016274,0.83692,0.24976,0.0053192,17.663
6.1827e-06,0.05,0,0.84836,0.7177,0,0.23812,0,0.0010213,16.766
3.3803e-06,0.002195,0.21912,0.18648,0.18012,0,0,1.2379e-06,0.00096273,19.234
2.5156e-06,0.23128,0.73571,0.71487,0.7067,6.1499e-07,0.00056948,6.8942e-07,8.8061e-08,16.414
0.00015635,0.00067844,0.1815,0.78305,0.20451,0.0098197,0.24138,0.00088359,0,17.396
0.0031668,2.3273e-05,0.010262,0.78981,0.14576,0.0015983,0,0.0002378,0.00038937,18.311
0.0032173,0,0.0092911,0.0040624,0,0.0015502,0.018838,0.066337,0.00019833,20.064
0.00014458,6.9377e-07,0.84163,0,0.008065,0,0.00061189,5.1016e-07,0,18.553
5.7683e-06,4.9131e-05,0.23568,0.83366,0.80645,0.00037533,0,1.1949e-06,0.00095416,16.396
0.18743,0,0.077179,0.0044097,0.043182,0.00413,0.7727,0.18062,0.00521,17.644
0,0.019108,0.14009,0.16237,0.75443,0.13314,0.00011901,5.8513e-06,0.00018532,18.754
0.0018928,0.010355,0.23485,0.0075526,0.031876,0.0094403,0.24075,0.00072355,0.021267,19.06
5.7683e-06,4.9037e-05,0.86711,0.83872,0.83065,0.00037533,0.00037489,7.7948e-05,0.00032017,15.047
2.7142e-06,1.9552e-07,0.1141,0,0.0058207,0.17422,0.84921,0.0049897,0.0004722,17.738
0.024072,0.0555,0.21987,0.25129,0.15238,0.065087,0.1595,0,0.00025784,18.326
0.00050952,0.085757,0.17105,0.83968,0,0.18614,0.25083,0,0.0051485,17.58
0,1.9649e-06,0.00057637,0.00017916,0.042512,0.25684,0.73912,0.26574,0,18.181
0.033411,0,0.0011183,0.047436,0.15013,0.18081,0.20541,0.038897,0.021395,18.79
0.00020329,9.2316e-06,5.5316e-07,0.0047337,0.18065,0.074491,0.24824,0.097914,5.7543e-05,19.057
8.5401e-07,0.00023141,0.0025231,0.00074667,0.0095172,0.17939,0.84381,0,0.02085,17.921
0,0.23128,0.69156,0.84494,0,0,0.19249,6.9115e-07,0,16.669
0.0001586,0,0.00038813,0.015627,0.8723,0.25376,0.18649,2.3513e-06,0,17.499
0.0025439,0.013572,0.22268,0.017086,0,0,0,0,0.00011369,19.734
3.0686e-06,0.053226,0.021605,0.83913,0,0,0.20618,0,0.020876,17.801
0,0,0.69156,0.84453,0.0054142,0.16519,0.19249,6.9115e-07,0,16.836
0.00018133,6.903e-05,3.8893e-06,0.0044097,0.79582,0.16718,0.77173,0.18062,0.00521,16.337
0.00012752,0.050982,0.22266,0.13968,0,0.00073683,3.3247e-05,3.0112e-07,0.004751,19.426
8.3198e-06,0.0035852,0.037089,0.1474,0.14921,0,0.12638,0.0058758,0.021038,19.211
0.00080351,0.00053648,0.014132,0.15559,0.25427,0.0009177,0.76846,0.058085,2.1195e-05,17.844
0.0026114,0.2492,0.16971,0.0049423,0.15554,0.0054663,0.23722,0.0059839,0.0034814,18.478
0.00774,0.14656,0.01169,0.091061,0.0094503,2.9224e-05,0.0017706,0.030567,0,19.478
1.5788e-05,0,0.14288,0,0.77316,0.13314,0.12764,0,1.2653e-08,18.087
0.00011063,0,0.20905,0.81516,0.1855,0.174,0.15402,3.2407e-07,0.0050345,16.953
0,2.2071e-09,0.0093749,0.13906,0.00045311,0.01254,0.17387,0,0.00024657,19.43
0.00012966,0,0.83395,0.65483,0.15546,0,0.0025108,1.335e-07,3.2981e-06,17.443
1.052e-05,0,0.15836,0.21228,0.81896,0.13079,0.12681,0,2.495e-06,17.322
5.7683e-06,0.051333,0.83838,0.83366,0.80645,0.13422,0,1.1949e-06,0.0001277,14.923
6.4399e-06,8.2254e-07,1.835e-05,0,0.86109,0.1512,0.84915,0.27293,0.00087147,15.897
0.0070829,2.3582e-05,0.091056,0.79673,0,0.009191,0.0079185,0.0014348,0,18.296
0.0025171,0.019418,0.14158,0.01825,0.77316,0,0.11694,0,6.175e-06,18.511
0,8.3721e-08,1.3369e-08,0,0.010375,0.092962,0.82882,0.18062,0.0066461,17.805
0.0073327,2.3887e-05,0.0028802,0,0.75395,0.16323,0.11249,0.0014757,0.0035255,18.202
0.00015085,0,1.8528e-07,0.25713,0,0.13005,0.14612,0,0.00019833,19.075
0.0023433,9.4047e-08,0.22714,0.83301,0.80639,0.12977,6.0401e-06,1.3199e-06,0.00094193,16.101
0.0001376,0.080806,0.74487,0.70386,0.18341,0,0.13788,0.086463,8.8061e-08,16.947
0.00013585,0.012387,0,0.0035868,0.19111,0.089752,0.010749,0.17756,0.0037007,19.124
0.0081204,0.0041218,0.011027,0.14598,0.88856,0,0.0043174,0.0073406,0.0035146,18.028
0.00013746,3.6528e-06,0.0049038,0,0.18589,0.17124,0.87057,0,0,17.653
4.3153e-06,2.5475e-05,0.20887,0,0.21334,0.15455,0.81956,5.8513e-06,0.00021353,17.281
8.2884e-05,0.0019635,0.80966,0.64669,0.14267,0.0017777,0.098886,5.2022e-07,3.149e-07,17.412
6.6797e-08,0,0.0059671,0.18422,0,2.559e-08,0.14681,6.5486e-05,0.00011369,19.338
1.2771e-06,0.0082034,0.0095539,0.20647,0.86931,0.00053757,0.23381,0,0.0049732,17.472
4.2837e-06,0.0082741,0.0095539,0.20779,0.88286,0.17464,0.23456,0,0.00034678,17.354
3.1038e-05,0.072271,0,0,0.87831,0.17576,0.86094,0.0031567,3.5129e-07,16.188
3.369e-05,0.23679,4.8286e-05,0.82198,0.80319,0.0085707,0.22657,5.515e-05,0.00097784,15.956
0.00012959,0,0.83793,0.81383,0.13633,0.25035,0,0.006791,0,16.451
0.0026973,6.2699e-05,0.18276,0.25563,0.83452,0.14589,0.32757,0,4.114e-05,16.975
1.2847e-06,5.9617e-05,0.0005997,0.00017308,0.18044,0.016258,0.76214,0.26574,0.0040382,17.836
6.8004e-05,0.0011181,0.82686,0.15904,0.79341,0.16679,0.20769,0.00093259,0,16.127
0.00015764,0.0016563,0.79805,0.021059,0.7177,0.0016243,0.83157,1.335e-07,9.6674e-05,15.718
7.9911e-05,0,0.85857,0.83993,0.88419,0.17464,0.00038093,7.8073e-05,4.4094e-05,14.726
0,0.0025401,0.21523,0.79791,0.87217,0.25316,0.22851,6.8808e-05,0.0010116,15.507
3.0792e-05,1.9015e-07,4.8286e-05,0.80376,0.8086,0.17497,0.22263,7.0607e-06,0.00097784,16.503
0,7.0064e-07,0,0,0.20007,0,0.00061189,5.1016e-07,0,19.85
1.4886e-05,0.15078,0.20969,0.13662,0,0,0.22329,0.0063065,0,19.038
0.00013224,0,0.075543,0.021312,0.013081,0.00018378,0.037962,5.0725e-05,0,19.802
0,0.00048323,0.23472,0.012047,0.86946,0.24122,0.0098745,3.2483e-05,0.044973,17.375
0.00015874,0,0.0081925,0,0.88186,0.1659,0.0038085,0.11441,0.014778,18.037
