3.5659e-05,8.4949e-05,0.00022194,0.00057995,0.0015129,0.0020588,0.0014526,0.0067671,0.012741,0.006105,0.038508,0.10063,0.26295,0.62952,0.72306
1.2506e-05,2.4079e-05,6.5505e-05,0.00015013,0.00037272,0.00098479,0.00044154,0.0027855,0.0071631,0.018191,0.0471,0.12333,0.32228,0.84216,0.41143
7.3732e-06,1.241e-05,3.4774e-05,9.0869e-05,0.00023746,0.00060621,0.00030093,0.0016659,0.0034674,0.0094501,0.02469,0.064506,0.16857,0.41258,0.89325
0.0015807,0.0038124,0.0099637,0.013347,0.017191,0.012977,0.012792,0.012679,0.015419,0.015054,0.017239,0.037101,0.13601,0.35317,0.92491
1.0376e-05,2.486e-05,6.4462e-05,0.0001672,0.00043738,0.001105,0.0028953,0.0067348,0.016223,0.043038,0.11248,0.29392,0.76805,0.34435,0.4364
0.00039772,0.00089837,0.0023538,0.0031863,0.0035399,0.0022808,0.0027398,0.0026811,0.004673,0.0035839,0.021635,0.052477,0.1388,0.36271,0.92
7.683e-06,1.8547e-05,4.4897e-05,0.00011601,0.00025558,0.00042868,0.00038365,0.0012726,0.0030225,0.0080435,0.019848,0.052328,0.13674,0.3529,0.92635
0.00012551,0.00029908,0.00077698,0.002032,0.0019513,0.0042612,0.010612,0.023378,0.010849,0.01184,0.070351,0.071937,0.25399,0.6637,0.69614
0.0012921,0.0031165,0.0081356,0.02124,0.052819,0.06886,0.040015,0.041107,0.04423,0.093674,0.065185,0.072102,0.19106,0.62972,0.73312
0.00091481,0.0021271,0.0055838,0.014594,0.0373,0.017049,0.018266,0.021905,0.02303,0.026243,0.029753,0.030888,0.17379,0.44658,0.87749
0.0013106,0.0031441,0.008135,0.021292,0.022656,0.013511,0.048335,0.024726,0.030275,0.029555,0.03199,0.070378,0.1127,0.37017,0.91577
0.0026996,0.0063067,0.016524,0.043193,0.11287,0.05384,0.062181,0.061176,0.066409,0.076779,0.082795,0.085485,0.10824,0.53219,0.80979
6.8012e-05,0.000159,0.00031885,0.00084329,0.0021112,0.0048202,0.0126,0.024451,0.057853,0.051779,0.19438,0.1986,0.37229,0.57229,0.67141
0.00080884,0.0017715,0.0046961,0.01184,0.010731,0.0085221,0.0087363,0.010001,0.0096111,0.01108,0.012012,0.072007,0.17217,0.4446,0.87685
0.00017252,0.00041356,0.001059,0.002773,0.0024305,0.008974,0.020808,0.010142,0.010487,0.01209,0.012392,0.077892,0.18219,0.47894,0.8561
0.00036467,0.00088039,0.0022859,0.0059753,0.015471,0.021849,0.034026,0.019467,0.02141,0.041518,0.027895,0.030476,0.18619,0.48796,0.84998
7.8199e-05,0.00018593,0.00048656,0.0012518,0.0032788,0.0081921,0.021058,0.055187,0.12166,0.21729,0.26925,0.15608,0.16694,0.64232,0.63109
0.00089427,0.0021313,0.005573,0.014483,0.01405,0.011568,0.010612,0.01441,0.012421,0.034756,0.019904,0.051344,0.17563,0.45894,0.86801
0.00012914,0.00030804,0.00080639,0.001725,0.0046634,0.0021743,0.0046134,0.0045046,0.019168,0.0086847,0.027994,0.084365,0.20743,0.54756,0.80578
9.6857e-05,0.00022644,0.00045862,0.0012102,0.0030415,0.0079848,0.020392,0.03993,0.10088,0.089199,0.33485,0.1809,0.52177,0.33592,0.67152
0.001313,0.0031695,0.0082789,0.021634,0.055976,0.050104,0.038679,0.052598,0.046934,0.046628,0.054356,0.059897,0.33186,0.62308,0.69816
3.0641e-05,7.2374e-05,0.00017436,0.0004613,0.00049701,0.0017009,0.0044371,0.0021896,0.0026629,0.013234,0.034994,0.085677,0.22615,0.59097,0.76892
0.0013253,0.0031965,0.0080929,0.010893,0.01403,0.010591,0.0094081,0.010401,0.011661,0.012596,0.03993,0.023451,0.1353,0.35355,0.92548
0.00046946,0.0011313,0.0029374,0.0075708,0.0072912,0.019639,0.052957,0.13294,0.062906,0.066402,0.14992,0.094299,0.10515,0.61435,0.74374
0.0055984,0.013432,0.035132,0.090883,0.1027,0.063554,0.070618,0.087693,0.083357,0.086805,0.10965,0.10645,0.12984,0.23405,0.92463
0.0021539,0.0051949,0.013152,0.03426,0.037763,0.028293,0.027888,0.027642,0.031577,0.032641,0.037213,0.041238,0.10688,0.35317,0.92551
0.0002744,0.00064985,0.0016664,0.0043205,0.011308,0.029475,0.069833,0.0849,0.051245,0.059117,0.099839,0.076716,0.33075,0.53838,0.75256
0.0046308,0.011128,0.029055,0.075896,0.18232,0.12184,0.12453,0.11841,0.13407,0.14624,0.14674,0.15787,0.17087,0.20531,0.87467
0.0096417,0.023256,0.060748,0.08138,0.10482,0.084655,0.079236,0.078733,0.089751,0.092291,0.10339,0.11059,0.11794,0.22844,0.92426
5.5859e-05,0.0001042,0.00028543,0.00074352,0.00087557,0.0028717,0.0073569,0.019281,0.050013,0.12446,0.05623,0.35473,0.46727,0.48845,0.62984
4.9365e-05,0.00011641,0.00030527,0.00079369,0.0020668,0.0053907,0.013781,0.035672,0.016586,0.10155,0.26538,0.69348,0.31091,0.33653,0.4766
0.0011974,0.0028881,0.0069105,0.018261,0.047737,0.027606,0.028984,0.027291,0.031183,0.034952,0.037217,0.041242,0.10689,0.35316,0.92574
2.9956e-06,7.1773e-06,1.8723e-05,4.8527e-05,0.00012023,0.00030322,0.00079574,0.0017735,0.0042889,0.011287,0.029536,0.07509,0.19703,0.51486,0.83678
0.00029919,0.00071692,0.0018567,0.0037593,0.0035373,0.011773,0.0053896,0.031592,0.023017,0.017209,0.10643,0.048679,0.29954,0.78395,0.52946
0.0026606,0.0064114,0.016259,0.042392,0.10302,0.049999,0.057554,0.056391,0.065702,0.06683,0.072336,0.083576,0.088673,0.30963,0.92441
0.0011258,0.0027035,0.0069378,0.018102,0.019909,0.013347,0.07476,0.033518,0.036287,0.040249,0.080017,0.10774,0.37063,0.58217,0.70385
2.5387e-05,6.0267e-05,0.00015708,0.00021134,0.00065412,0.0017097,0.0044313,0.010509,0.02789,0.072882,0.19045,0.42221,0.52839,0.57991,0.40576
0.0045583,0.010996,0.027875,0.07268,0.076094,0.048812,0.056113,0.055033,0.063917,0.065019,0.070711,0.077253,0.082688,0.31588,0.92439
0.00031783,0.0007588,0.0019851,0.0049033,0.0046444,0.0029752,0.0035776,0.0038915,0.0041826,0.0047851,0.027062,0.07079,0.1736,0.44648,0.87607
0.0033347,0.0080361,0.020385,0.040242,0.044334,0.028302,0.032376,0.032003,0.037169,0.03781,0.04112,0.087951,0.05943,0.35276,0.92435
4.062e-05,9.735e-05,0.00025257,0.00055844,0.0015012,0.0037876,0.0046609,0.007791,0.0042679,0.02616,0.056081,0.15167,0.39634,0.57894,0.69543
5.8896e-05,0.00013772,0.00034613,0.00080221,0.0015203,0.0042486,0.010725,0.027692,0.061474,0.15806,0.19044,0.10636,0.35693,0.56707,0.68981
2.8466e-05,6.7924e-05,0.00017778,0.00041836,0.00093802,0.0024637,0.0051612,0.011985,0.031931,0.083393,0.21618,0.49298,0.25389,0.49332,0.6281
0.0047234,0.011283,0.028068,0.07385,0.095462,0.14224,0.093863,0.096747,0.10339,0.10837,0.1151,0.12621,0.13522,0.15048,0.92608
0.00011909,0.00021134,0.00053805,0.0014249,0.0036895,0.0094015,0.02306,0.060747,0.15619,0.22362,0.67109,0.30457,0.32664,0.35355,0.38392
0.00070761,0.0017073,0.0044254,0.011306,0.029649,0.077477,0.09586,0.13102,0.078913,0.0841,0.089501,0.096997,0.12387,0.67883,0.67985
0.00023943,0.00056656,0.0014828,0.0033033,0.0028946,0.010508,0.0055275,0.030808,0.013812,0.076878,0.20504,0.094447,0.48746,0.46899,0.69707
0.001852,0.0044537,0.011393,0.015398,0.021488,0.015526,0.015356,0.015253,0.017442,0.01879,0.019629,0.023481,0.13525,0.35355,0.92502
0.0078123,0.018765,0.049064,0.12821,0.13301,0.13194,0.11381,0.11163,0.13436,0.13374,0.15025,0.21276,0.17746,0.19208,0.86539
0.0028231,0.006746,0.017611,0.045996,0.059456,0.034288,0.042101,0.043395,0.046376,0.048669,0.051636,0.055621,0.070439,0.34693,0.92823
0.00022355,0.0005397,0.0013501,0.0031907,0.0042477,0.0026112,0.014383,0.0071944,0.035235,0.025504,0.034562,0.14041,0.20664,0.61085,0.75084
0.00023518,0.00045719,0.0012256,0.0016755,0.0051451,0.011577,0.0059799,0.03074,0.079903,0.039885,0.23057,0.10648,0.13217,0.72864,0.61693
4.1368e-05,9.8757e-05,0.00025583,0.00064872,0.0016917,0.0044252,0.01152,0.03012,0.078509,0.20523,0.49308,0.22422,0.24299,0.26256,0.7297
5.7552e-05,0.00013628,0.00034977,0.00090979,0.0023801,0.0061957,0.014668,0.036613,0.09659,0.23101,0.61217,0.27481,0.29735,0.32164,0.54202
0.001657,0.0039381,0.010294,0.013793,0.040772,0.02545,0.023859,0.028465,0.028151,0.028732,0.032133,0.034538,0.11726,0.35334,0.92957
0.00034232,0.00082643,0.0019831,0.0052521,0.011785,0.03159,0.078856,0.17472,0.47008,0.21218,0.23967,0.24924,0.27321,0.36502,0.60798
8.9685e-05,0.00016088,0.00044002,0.0011516,0.0028918,0.0075641,0.0094535,0.0302,0.078916,0.20622,0.48852,0.54913,0.32969,0.39087,0.38649
0.00087092,0.0020904,0.0054672,0.013949,0.015472,0.049243,0.024289,0.10534,0.059101,0.068883,0.0681,0.083175,0.17787,0.59781,0.75988
6.464e-05,0.00015411,0.0003993,0.0010005,0.0025092,0.0062036,0.015529,0.040907,0.022456,0.11552,0.30111,0.70066,0.32159,0.38638,0.38769
0.0022656,0.005465,0.014273,0.037302,0.097318,0.25436,0.14468,0.4395,0.2401,0.24422,0.2656,0.28858,0.31025,0.33968,0.47832
0.00026588,0.0006409,0.0016645,0.0043118,0.011283,0.02873,0.071065,0.093382,0.070923,0.18479,0.18133,0.28492,0.23533,0.61526,0.63142
0.0005916,0.0013501,0.0035462,0.0092027,0.022133,0.014474,0.014638,0.01426,0.015816,0.016773,0.017382,0.10931,0.28136,0.59008,0.75055
0.00090292,0.0021058,0.0055314,0.012425,0.032754,0.027898,0.067463,0.051211,0.042268,0.043578,0.047382,0.055141,0.057099,0.35355,0.92458
1.9339e-05,4.5679e-05,0.00011975,0.00031293,0.00078009,0.0020066,0.0052525,0.012795,0.0079289,0.038847,0.018556,0.10396,0.27441,0.71708,0.63156
0.00011993,0.00021306,0.00054193,0.0013089,0.0034688,0.0090238,0.01088,0.035307,0.087864,0.040947,0.22388,0.57494,0.25918,0.5418,0.49891
0.00015786,0.00037387,0.00097783,0.0024665,0.0064792,0.01677,0.043246,0.024607,0.10417,0.27718,0.19407,0.15354,0.17337,0.60207,0.67537
0.00055342,0.001332,0.0034822,0.0089924,0.023422,0.057864,0.15238,0.17068,0.10053,0.10678,0.1164,0.12547,0.14385,0.64692,0.68389
0.0016345,0.0036923,0.0090424,0.012066,0.033728,0.01862,0.020498,0.019422,0.022612,0.025269,0.028241,0.027702,0.17476,0.45667,0.87124
7.3162e-05,0.00014993,0.00040104,0.0010469,0.0027173,0.0069027,0.016069,0.03384,0.089684,0.23535,0.11116,0.13515,0.14953,0.72725,0.59472
0.0055793,0.012495,0.032028,0.043104,0.058149,0.18578,0.084174,0.09324,0.1015,0.10727,0.11896,0.12641,0.13655,0.15065,0.92309
6.4315e-05,0.00014226,0.00037416,0.00096673,0.0025307,0.0066064,0.015533,0.0085301,0.046135,0.12048,0.23724,0.32539,0.58667,0.29965,0.62279
0.0022656,0.00542,0.01407,0.03658,0.095677,0.11831,0.078282,0.10998,0.096079,0.097833,0.10371,0.11242,0.12147,0.26556,0.9126
0.00023003,0.00039086,0.0010859,0.0023369,0.0063085,0.01641,0.04197,0.11004,0.25196,0.59743,0.29423,0.29903,0.32368,0.37175,0.38286
0.0002118,0.00050629,0.0013239,0.0034538,0.0089933,0.020216,0.052787,0.057927,0.19237,0.4882,0.21996,0.29009,0.29301,0.30158,0.64086
0.0019648,0.0044159,0.011669,0.030492,0.078834,0.2045,0.30274,0.18855,0.18083,0.20297,0.20756,0.22888,0.25014,0.2682,0.72134
0.00042536,0.0010205,0.0026462,0.0039198,0.011625,0.030415,0.015424,0.015059,0.095001,0.042598,0.046383,0.050826,0.071855,0.35776,0.92362
0.0022804,0.0055001,0.013925,0.018742,0.024141,0.018143,0.016172,0.017531,0.019985,0.021588,0.022658,0.024709,0.13189,0.35355,0.92552
2.3811e-05,5.7048e-05,0.00014793,0.00038702,0.0010007,0.0026115,0.0068033,0.015816,0.036946,0.098552,0.25716,0.67215,0.39512,0.40576,0.38738
0.0052245,0.011631,0.030591,0.041246,0.052756,0.038022,0.039509,0.039682,0.046678,0.046024,0.050114,0.054884,0.058556,0.36669,0.91875
0.002939,0.0070564,0.018447,0.041238,0.10888,0.064625,0.06444,0.095785,0.07592,0.088214,0.089032,0.10471,0.10786,0.66348,0.69729
0.00028592,0.00068916,0.0017049,0.0026371,0.0076752,0.016118,0.039064,0.10244,0.24734,0.33264,0.17776,0.43871,0.3035,0.56839,0.42032
1.551e-05,3.6699e-05,9.4551e-05,0.00021983,0.00058526,0.0015274,0.0039561,0.010325,0.0046308,0.027349,0.071241,0.15869,0.086203,0.45386,0.87027
0.00013881,0.00026475,0.0007199,0.0016473,0.00438,0.01145,0.0051336,0.013895,0.0083243,0.04947,0.022266,0.12873,0.34105,0.62027,0.69252
0.0010862,0.0025211,0.0064959,0.014586,0.034241,0.089998,0.046731,0.069463,0.055098,0.057959,0.063564,0.072782,0.076658,0.47156,0.8632
0.0015791,0.003784,0.0098781,0.021818,0.020168,0.014733,0.084118,0.19159,0.11739,0.11158,0.14683,0.127,0.1367,0.14797,0.92674
0.0013844,0.003335,0.0086307,0.011476,0.012822,0.0082441,0.0088025,0.010587,0.010543,0.012577,0.014089,0.068393,0.17341,0.44577,0.87626
0.0038532,0.0092934,0.023528,0.061289,0.067557,0.046553,0.04903,0.048597,0.062111,0.058546,0.06413,0.11296,0.21143,0.7029,0.65025
0.00022421,0.00053499,0.0014003,0.0032952,0.0030299,0.011143,0.0055834,0.027097,0.072387,0.18905,0.46134,0.23177,0.23004,0.49435,0.62843
0.00035642,0.00085427,0.0022322,0.0056279,0.0051008,0.0039395,0.018715,0.0099918,0.0096018,0.011069,0.011333,0.071303,0.17048,0.44651,0.87661
0.0015934,0.00384,0.01002,0.02527,0.066389,0.16848,0.43589,0.29117,0.25364,0.2763,0.28084,0.30507,0.3264,0.35506,0.3843
0.00023761,0.00057352,0.0014984,0.0020076,0.0058867,0.01548,0.0085062,0.045332,0.10674,0.28362,0.63754,0.29336,0.32157,0.35403,0.43131
0.00014723,0.00035492,0.00088055,0.0022423,0.0021582,0.0078625,0.020126,0.014345,0.06264,0.14725,0.072891,0.37716,0.50758,0.27463,0.70282
0.00013124,0.00031102,0.00081439,0.0021283,0.0055616,0.014532,0.037909,0.089839,0.23845,0.21656,0.64345,0.30147,0.33011,0.35334,0.38502
3.9608e-05,9.4845e-05,0.00024241,0.0006214,0.00059702,0.0021252,0.00095612,0.0055548,0.0035458,0.017015,0.044455,0.11614,0.3035,0.77124,0.54652
0.0027471,0.0065859,0.016689,0.022447,0.029417,0.023201,0.020657,0.022421,0.024768,0.049552,0.034843,0.039865,0.11139,0.35355,0.92785
0.0019583,0.0047273,0.011379,0.030086,0.078633,0.20548,0.11497,0.21692,0.14501,0.3428,0.20651,0.22342,0.24671,0.33884,0.69815
0.0048513,0.010865,0.027849,0.037479,0.049444,0.15968,0.079216,0.080694,0.088406,0.093419,0.10361,0.11099,0.11908,0.23065,0.92377
2.8857e-05,6.5185e-05,0.00017118,0.00044767,0.0011315,0.0029709,0.0055389,0.015175,0.039759,0.10342,0.26802,0.12472,0.63107,0.58143,0.40649
4.3998e-06,1.0382e-05,2.7222e-05,6.9614e-05,0.00018247,0.0004757,0.0012163,0.0031481,0.0064552,0.017404,0.045567,0.11897,0.31091,0.81246,0.47624
0.00061588,0.0014157,0.0037134,0.0088039,0.023352,0.061022,0.15681,0.15978,0.096683,0.16081,0.12564,0.16121,0.36895,0.33226,0.79106
6.3262e-05,0.00015082,0.00039078,0.00099091,0.0025983,0.0058607,0.015635,0.040879,0.10659,0.27482,0.65504,0.31698,0.3272,0.35306,0.38912
0.0027177,0.0065206,0.017055,0.043088,0.048867,0.14043,0.070638,0.087718,0.083381,0.08683,0.1097,0.10463,0.13115,0.23405,0.92751
0.00023217,0.00054904,0.0013184,0.0034932,0.009124,0.02373,0.061482,0.16088,0.4204,0.49289,0.27786,0.30131,0.32575,0.3525,0.39231
0.00044864,0.0010789,0.0027388,0.0071795,0.018612,0.042158,0.10772,0.11973,0.072323,0.17166,0.17167,0.12983,0.1651,0.61369,0.69956
0.00030383,0.00073157,0.0018146,0.0047617,0.0046031,0.016679,0.0074784,0.04359,0.028886,0.023624,0.048184,0.15512,0.4158,0.19782,0.87322
2.8221e-05,5.0274e-05,0.00013888,0.00020579,0.0005952,0.0015632,0.0029142,0.0081279,0.021239,0.012015,0.061239,0.14655,0.32127,0.84092,0.40583
0.00049794,0.0011013,0.0029067,0.0075998,0.016512,0.043292,0.090485,0.052095,0.053401,0.052341,0.060492,0.28641,0.15047,0.15907,0.92332
1.3202e-05,2.473e-05,6.7298e-05,0.00010437,0.00023066,0.00063589,0.0016254,0.0042614,0.011136,0.028416,0.063725,0.16282,0.42865,0.79227,0.39755
0.00028785,0.00046795,0.0013254,0.0034492,0.0089335,0.023073,0.059976,0.15689,0.3226,0.15376,0.16552,0.30227,0.49076,0.29759,0.62969
0.00078777,0.0018999,0.0048198,0.010401,0.011668,0.0088081,0.0078243,0.047377,0.02154,0.024303,0.077045,0.045248,0.09876,0.35355,0.92641
1.8056e-05,4.2859e-05,0.00011049,0.00028893,0.00072978,0.0019169,0.003552,0.0099217,0.02593,0.041884,0.11903,0.28532,0.62739,0.58143,0.41419
0.0001605,0.00028307,0.00072246,0.00191,0.0049574,0.01293,0.033034,0.085398,0.20329,0.5393,0.2422,0.26178,0.28335,0.32329,0.59115
0.00061972,0.001448,0.0037431,0.009804,0.025377,0.012121,0.072491,0.18037,0.10314,0.098338,0.1084,0.11243,0.32671,0.66127,0.61503
0.00070946,0.0015685,0.0041492,0.010464,0.027481,0.071731,0.18444,0.1207,0.10675,0.62028,0.27934,0.30508,0.32664,0.35355,0.38423
0.0017712,0.0042469,0.0083127,0.021677,0.028014,0.044723,0.029009,0.030725,0.030584,0.032261,0.037148,0.039914,0.20523,0.55158,0.80272
0.00011803,0.0002789,0.00072552,0.0018947,0.0049355,0.012903,0.032964,0.015641,0.091181,0.041089,0.10891,0.065096,0.39393,0.5759,0.69891
9.9265e-06,2.3415e-05,6.1396e-05,0.00015701,0.00039817,0.0010432,0.0026673,0.006985,0.014303,0.038561,0.10096,0.26358,0.62335,0.55078,0.47719
2.9765e-05,7.1542e-05,0.00018707,0.00048459,0.0012672,0.003307,0.0084444,0.022143,0.057479,0.15019,0.1075,0.43937,0.65015,0.33491,0.48421
0.0054959,0.013257,0.034614,0.089314,0.23382,0.31656,0.186,0.27854,0.24021,0.23944,0.26111,0.28083,0.30397,0.38342,0.47304
0.00052238,0.001221,0.0031886,0.0083389,0.021791,0.056942,0.1481,0.1629,0.55194,0.25262,0.27843,0.35065,0.32761,0.35355,0.38569
0.0016573,0.0039824,0.010398,0.027162,0.065247,0.036428,0.042706,0.038932,0.045667,0.049813,0.04993,0.054662,0.058338,0.36427,0.92271
0.00062954,0.0015183,0.0039595,0.0051971,0.0067497,0.004821,0.0044731,0.004945,0.0052173,0.028925,0.040448,0.02196,0.1353,0.35355,0.92601
0.0025039,0.0058065,0.015249,0.039821,0.10296,0.046234,0.12568,0.080235,0.082818,0.091039,0.095164,0.13549,0.11906,0.73846,0.60376
0.0021994,0.0053093,0.012834,0.033908,0.08862,0.22571,0.12678,0.15244,0.14623,0.32954,0.19851,0.21477,0.27023,0.33301,0.71052
0.0041769,0.010067,0.025975,0.034728,0.10684,0.053297,0.052811,0.057292,0.066476,0.075983,0.074695,0.083848,0.10265,0.5696,0.78946
0.00052104,0.0012485,0.0030871,0.0047662,0.014085,0.0068295,0.03913,0.10093,0.25741,0.26119,0.15853,0.44393,0.5291,0.4043,0.43483
0.00044837,0.0010748,0.0022506,0.0061108,0.0053561,0.020549,0.047434,0.026314,0.024471,0.028211,0.028915,0.18176,0.081488,0.47365,0.86016
0.00040104,0.00068144,0.0018934,0.0049536,0.012927,0.033627,0.086005,0.038688,0.21044,0.50048,0.24648,0.49217,0.32298,0.37586,0.38276
0.00010088,0.00022314,0.00057318,0.0014863,0.0038909,0.0094755,0.022462,0.013606,0.013871,0.075894,0.15118,0.11779,0.2152,0.72343,0.62293
0.00018643,0.00044256,0.0011531,0.0030157,0.0076358,0.020043,0.052377,0.058329,0.034678,0.21007,0.51541,0.23343,0.29841,0.28128,0.68034
0.00080694,0.0019289,0.0050441,0.013181,0.034319,0.089728,0.22881,0.10982,0.11256,0.57257,0.26712,0.35132,0.32366,0.3719,0.38578
0.00025765,0.00061986,0.001577,0.0040888,0.01065,0.027156,0.071161,0.079705,0.061383,0.052485,0.062988,0.062514,0.39438,0.69001,0.58568
0.0073273,0.017363,0.045073,0.11428,0.10316,0.30349,0.19112,0.16293,0.2356,0.22608,0.24527,0.24437,0.2645,0.28629,0.66414
0.00018237,0.00044028,0.0011404,0.0029758,0.0077793,0.0045195,0.016381,0.045682,0.11941,0.31204,0.1399,0.41034,0.4706,0.57413,0.38372
0.00052485,0.00083992,0.001997,0.0051796,0.013613,0.0078499,0.039076,0.10234,0.04834,0.2389,0.1109,0.32565,0.57769,0.57427,0.38336
5.2644e-05,0.00010727,0.00028723,0.00074995,0.0019465,0.0050766,0.013272,0.034192,0.08824,0.23107,0.10435,0.27199,0.15904,0.18137,0.89381
1.1563e-05,2.787e-05,7.2455e-05,0.00010741,0.00031066,0.00081587,0.001521,0.0042378,0.011076,0.028943,0.073979,0.17703,0.38813,0.63863,0.63718
0.00052264,0.0012569,0.0032462,0.0084133,0.021839,0.04946,0.025069,0.028196,0.031032,0.068372,0.070055,0.061499,0.19629,0.33287,0.91637
8.1899e-05,0.00019772,0.00051657,0.0013384,0.0033068,0.0087084,0.0047841,0.025497,0.066627,0.16908,0.39404,0.18026,0.19518,0.21702,0.83312
0.00054842,0.0012763,0.0033536,0.0085579,0.021585,0.019148,0.043376,0.032471,0.02735,0.028175,0.030626,0.035679,0.21006,0.5491,0.80494
0.00025478,0.00061171,0.0014698,0.0038756,0.0041794,0.014301,0.037368,0.018265,0.018383,0.020393,0.040897,0.15056,0.3605,0.56851,0.72208
0.014606,0.032517,0.085524,0.11531,0.14749,0.12724,0.11527,0.12075,0.13711,0.13519,0.14736,0.15859,0.1716,0.20675,0.8706
0.00093266,0.0017869,0.0044584,0.011802,0.030551,0.077835,0.1133,0.17238,0.10173,0.11685,0.65544,0.2944,0.31816,0.3489,0.43477
0.0029364,0.006529,0.017165,0.044885,0.11462,0.30053,0.17707,0.16859,0.17565,0.18728,0.20019,0.21626,0.27402,0.28641,0.72515
0.0020593,0.0045903,0.011896,0.015192,0.04814,0.026516,0.029206,0.068303,0.040707,0.042983,0.048161,0.061114,0.056523,0.35321,0.92759
0.00011638,0.00027934,0.00072945,0.0019066,0.0049655,0.012982,0.03294,0.086457,0.038824,0.23993,0.10882,0.11863,0.13003,0.57428,0.75775
0.00015388,0.00036729,0.00095392,0.0024956,0.0058574,0.015192,0.03956,0.023081,0.029599,0.084723,0.24649,0.64411,0.32026,0.3355,0.54713
0.0013967,0.0028286,0.0076083,0.019884,0.051334,0.10766,0.17037,0.49065,0.28219,0.25607,0.28788,0.29655,0.32097,0.34746,0.4198
4.5186e-05,0.00010859,0.00028273,0.00040559,0.0012219,0.0031544,0.0058523,0.01635,0.042727,0.11165,0.050179,0.28835,0.63211,0.58288,0.40214
0.00011793,0.00018608,0.00049004,0.0007353,0.0021266,0.0055851,0.014231,0.037288,0.01672,0.018098,0.11417,0.27271,0.63939,0.58159,0.40518
0.00014182,0.00033865,0.00088591,0.0022356,0.002111,0.0013341,0.0016226,0.0025135,0.0020597,0.01176,0.030669,0.080225,0.17349,0.44465,0.87585
0.00078104,0.0018798,0.0048797,0.012765,0.016922,0.010623,0.057298,0.031509,0.029525,0.032077,0.037387,0.21239,0.55722,0.25757,0.75546
0.00018714,0.00044255,0.0010628,0.0028158,0.007348,0.019198,0.049708,0.13007,0.33989,0.38634,0.22511,0.24028,0.25978,0.28111,0.68092
0.00086214,0.0020417,0.0053103,0.013869,0.035464,0.07377,0.19124,0.24005,0.17036,0.14943,0.39442,0.23243,0.25628,0.28581,0.7006
0.0011266,0.0026931,0.0070472,0.018383,0.047868,0.12399,0.15677,0.088342,0.09303,0.58689,0.26313,0.34724,0.34882,0.37219,0.3832
6.4438e-05,0.00015314,0.00039769,0.0010316,0.0026992,0.0069609,0.015372,0.0070938,0.0082391,0.043321,0.019814,0.125,0.32664,0.14645,0.92703
0.00079547,0.0019111,0.0049764,0.012537,0.032946,0.018072,0.088973,0.1651,0.083118,0.092801,0.12062,0.62417,0.31737,0.30918,0.59027
0.00073022,0.001616,0.0042806,0.010838,0.013904,0.039717,0.097446,0.25395,0.11781,0.13728,0.64516,0.30238,0.32517,0.35241,0.39458
0.00021938,0.00052561,0.0013749,0.0035087,0.008508,0.022507,0.057736,0.035386,0.040922,0.036479,0.040684,0.041914,0.25998,0.67571,0.68166
0.0014888,0.0034558,0.0090807,0.021686,0.057482,0.15021,0.080817,0.1086,0.097183,0.10488,0.11394,0.12402,0.13831,0.81045,0.48036
0.00052103,0.0012577,0.0032658,0.0085374,0.022097,0.031206,0.091158,0.045079,0.057669,0.097593,0.076984,0.073629,0.44977,0.20224,0.85081
0.0016765,0.0040473,0.0085226,0.023134,0.051912,0.13915,0.34709,0.38963,0.23813,0.2473,0.27777,0.29023,0.31497,0.42441,0.38319
0.00064994,0.0014299,0.0037915,0.0099025,0.024304,0.057721,0.14685,0.38047,0.19359,0.19246,0.21802,0.38192,0.27422,0.29719,0.63305
0.00027631,0.00066708,0.0017428,0.0041013,0.0037712,0.013869,0.0069494,0.033882,0.090432,0.22966,0.53589,0.27112,0.26941,0.31235,0.63839
0.0019938,0.0046581,0.011982,0.031408,0.082028,0.039139,0.23402,0.15429,0.15527,0.14315,0.15108,0.16329,0.56607,0.59249,0.38565
0.0011988,0.0028902,0.007554,0.019739,0.051582,0.13479,0.098479,0.2459,0.13471,0.13757,0.14921,0.16214,0.17593,0.19103,0.87108
0.00092153,0.0016367,0.0045304,0.011818,0.026546,0.070784,0.18473,0.48146,0.27495,0.2747,0.32806,0.30169,0.32655,0.35415,0.38351
0.000317,0.00070328,0.0018621,0.0048634,0.0062281,0.017721,0.009533,0.052375,0.023485,0.14816,0.10601,0.46165,0.20714,0.22449,0.81565
0.0005947,0.0013684,0.0035959,0.0085227,0.022606,0.059073,0.1518,0.19444,0.10884,0.17638,0.1378,0.17739,0.40492,0.23594,0.79125
0.0013406,0.003188,0.0083363,0.021021,0.055227,0.14018,0.36791,0.24985,0.19755,0.2308,0.41943,0.34323,0.32272,0.37733,0.38423
0.002013,0.0048084,0.011962,0.0315,0.041303,0.061184,0.040373,0.041614,0.23481,0.10575,0.11509,0.12617,0.13518,0.15073,0.92629
0.0084787,0.018808,0.04972,0.12996,0.32745,0.26931,0.21874,0.21235,0.23605,0.24623,0.26486,0.28894,0.31065,0.33663,0.48459
0.0081795,0.01654,0.042976,0.11207,0.12109,0.089825,0.083617,0.10192,0.12448,0.10987,0.12025,0.13467,0.14049,0.15206,0.91858
6.8098e-05,0.00013509,0.00033548,0.00088847,0.0022999,0.0058888,0.013423,0.035894,0.093795,0.24204,0.57391,0.26193,0.28693,0.30696,0.60645
0.007503,0.017846,0.046362,0.11975,0.22263,0.32237,0.18941,0.26774,0.24085,0.24007,0.2618,0.28157,0.30478,0.38555,0.47177
0.0010257,0.0024763,0.0064708,0.016309,0.018246,0.061405,0.15636,0.085417,0.11374,0.27112,0.14836,0.40184,0.25473,0.47845,0.63297
0.00020905,0.00044205,0.0011694,0.0029663,0.0077276,0.019828,0.051768,0.10373,0.048839,0.30301,0.64802,0.3061,0.32661,0.35377,0.38318
0.0025151,0.0059968,0.015668,0.020993,0.062055,0.038736,0.036314,0.043446,0.042871,0.043756,0.050922,0.052935,0.056238,0.35334,0.92928
0.00043233,0.0010386,0.0022683,0.0061109,0.015969,0.0094438,0.046108,0.12076,0.057038,0.28188,0.13198,0.38126,0.67906,0.35961,0.38561
0.00080532,0.0018768,0.0048421,0.012687,0.032851,0.085579,0.053906,0.11196,0.067318,0.071414,0.079775,0.19401,0.11584,0.66975,0.68046
0.0016552,0.0039647,0.010364,0.027085,0.068248,0.17583,0.44264,0.19967,0.26348,0.26085,0.26589,0.28938,0.31142,0.33707,0.47579
6.2987e-05,0.00014763,0.00032113,0.00044086,0.0013066,0.0032213,0.0085038,0.019421,0.041054,0.022243,0.12359,0.27984,0.13026,0.81224,0.47751
0.00027785,0.00044666,0.0012699,0.0032009,0.0080351,0.021126,0.053988,0.031995,0.039744,0.09641,0.052256,0.17067,0.19102,0.69838,0.65562
0.0085294,0.013701,0.036219,0.092756,0.082974,0.24542,0.15455,0.13176,0.20544,0.18628,0.21256,0.20319,0.44251,0.28629,0.66411
0.00074157,0.0017798,0.0046194,0.012085,0.031477,0.077742,0.20078,0.2278,0.13345,0.14458,0.16698,0.17201,0.19447,0.20894,0.85184
0.0034184,0.0080805,0.020746,0.026493,0.02692,0.02279,0.024743,0.13367,0.059929,0.065399,0.073279,0.17774,0.12439,0.26142,0.92455
0.0032568,0.0077103,0.020178,0.052629,0.1374,0.33227,0.16532,0.24696,0.21581,0.2142,0.23362,0.25813,0.27304,0.32752,0.62007
0.00021458,0.00051803,0.0013418,0.0035014,0.0079815,0.018699,0.01023,0.055578,0.14528,0.37964,0.17021,0.49923,0.27695,0.57427,0.38332
0.00087797,0.001773,0.0047727,0.012473,0.032594,0.073976,0.037873,0.19762,0.11697,0.2073,0.1466,0.14696,0.50779,0.26354,0.7263
3.526e-05,8.3481e-05,0.00021847,0.00048497,0.00042524,0.0016243,0.0038405,0.010203,0.023997,0.060849,0.16015,0.16525,0.48407,0.47413,0.70715
0.00010233,0.00019838,0.00053417,0.0013512,0.0013591,0.0048332,0.011629,0.0083712,0.036553,0.095623,0.046775,0.24097,0.31736,0.58603,0.69763
0.0010783,0.002587,0.0065613,0.012979,0.035158,0.092103,0.21013,0.096338,0.11228,0.11419,0.12501,0.26527,0.1853,0.18989,0.87244
0.00086353,0.0020827,0.005437,0.014194,0.035235,0.045949,0.026702,0.02743,0.029514,0.032428,0.03664,0.040547,0.24098,0.62972,0.73488
0.00066097,0.0014638,0.0038722,0.010121,0.0090429,0.033336,0.07895,0.043768,0.23077,0.10587,0.11314,0.14677,0.13629,0.15968,0.92449
3.1948e-05,7.5711e-05,0.00019824,0.00051808,0.0013022,0.0034227,0.0089284,0.023337,0.060982,0.15935,0.32941,0.6941,0.32765,0.35334,0.38549
0.0023543,0.0055738,0.014587,0.038094,0.099426,0.2384,0.30765,0.24943,0.21797,0.21638,0.2362,0.26076,0.27582,0.31461,0.61953
0.012448,0.0299,0.078057,0.20284,0.20293,0.2053,0.17709,0.1737,0.20906,0.20674,0.23355,0.33072,0.28659,0.30031,0.62027
2.6927e-05,5.1547e-05,0.00014028,0.000364,0.00095154,0.0024867,0.0064827,0.015368,0.0098342,0.04664,0.09654,0.26311,0.67435,0.30321,0.61083
0.00023462,0.00055697,0.0014512,0.0037952,0.0096179,0.025135,0.065726,0.073194,0.043516,0.26788,0.64417,0.29261,0.37406,0.35259,0.39143
0.0012295,0.0029516,0.0077078,0.018934,0.049623,0.1298,0.17193,0.096053,0.1003,0.11208,0.12786,0.13119,0.1435,0.15236,0.92214
0.0087208,0.020956,0.048212,0.12857,0.30864,0.17234,0.2044,0.18466,0.21935,0.2368,0.23592,0.25962,0.27707,0.32426,0.61146
0.0062482,0.014864,0.038779,0.051976,0.16114,0.42093,0.23575,0.21659,0.23973,0.25524,0.29057,0.2985,0.32275,0.34913,0.41103
0.00041557,0.00099605,0.0026024,0.0068011,0.0058187,0.0046378,0.022033,0.011857,0.061026,0.0283,0.030138,0.032533,0.16671,0.44651,0.87693
0.00056867,0.001333,0.0034657,0.0090691,0.022609,0.057957,0.086018,0.054902,0.24701,0.11373,0.1231,0.33099,0.1916,0.60125,0.62477
0.0001888,0.00045579,0.0011903,0.0030563,0.002614,0.0095285,0.0050087,0.023486,0.055539,0.14143,0.37224,0.38116,0.23074,0.52176,0.61745
0.00053532,0.0012889,0.0033641,0.0087929,0.0093685,0.031761,0.083121,0.21723,0.11761,0.11623,0.12124,0.12923,0.14713,0.53414,0.76172
0.0012645,0.0030527,0.007379,0.019496,0.050953,0.12987,0.07391,0.38454,0.18332,0.19184,0.20457,0.22132,0.27875,0.28077,0.71506
6.4944e-05,0.0001549,0.00040546,0.0010505,0.0025955,0.0068351,0.003755,0.019909,0.052066,0.13588,0.33115,0.15045,0.1627,0.37178,0.82651
1.5498e-05,3.7294e-05,9.5665e-05,0.00024975,0.00027479,0.00091939,0.0023939,0.0062607,0.014328,0.037664,0.08597,0.22196,0.55683,0.48867,0.6272
0.0020305,0.0034475,0.0094622,0.024802,0.063726,0.034687,0.041316,0.038693,0.043177,0.046445,0.05079,0.053735,0.32994,0.84113,0.40645
0.0012282,0.0029598,0.0077234,0.019109,0.050353,0.12779,0.3306,0.42873,0.25531,0.2568,0.29175,0.30529,0.32664,0.35355,0.3834
0.00051676,0.0012476,0.0032579,0.0043651,0.0128,0.033112,0.018239,0.09697,0.062986,0.29558,0.63068,0.29791,0.3179,0.35397,0.43165
0.0014337,0.0029036,0.0078106,0.015427,0.042306,0.10818,0.24652,0.35079,0.23522,0.28305,0.25327,0.26106,0.30113,0.31112,0.59079
0.00031669,0.00059536,0.0014622,0.0038805,0.010126,0.026279,0.064414,0.13044,0.068627,0.0722,0.42518,0.3999,0.25284,0.2774,0.70188
0.001346,0.003234,0.0084567,0.021674,0.056409,0.1471,0.37927,0.25698,0.28168,0.23305,0.25293,0.30341,0.31999,0.38749,0.47335
0.00047262,0.0011383,0.0028799,0.0073804,0.019351,0.050507,0.025584,0.10566,0.050796,0.084935,0.065717,0.072333,0.18804,0.59205,0.76219
0.00096324,0.0017095,0.0043424,0.011494,0.029185,0.076233,0.199,0.52014,0.25312,0.26305,0.27793,0.30096,0.32576,0.35249,0.39193
0.00050489,0.0011993,0.0031303,0.0079959,0.0077878,0.0071091,0.0071796,0.0085182,0.041509,0.01872,0.020325,0.061559,0.19594,0.51198,0.83341
0.0020028,0.0048352,0.01253,0.032754,0.085601,0.10416,0.07149,0.071406,0.076671,0.080358,0.084867,0.24783,0.14482,0.15513,0.92126
0.00091038,0.0021131,0.0055394,0.014332,0.035497,0.093546,0.050331,0.067637,0.060472,0.066288,0.071147,0.087214,0.088231,0.51703,0.83181
0.00052193,0.0012534,0.0032165,0.0083789,0.021914,0.011974,0.064147,0.02876,0.031336,0.036757,0.069405,0.093454,0.32148,0.51575,0.78071
0.0011967,0.0028705,0.0067385,0.017382,0.044864,0.11731,0.066623,0.32848,0.14981,0.16091,0.21276,0.58055,0.3296,0.34832,0.46118
0.0014606,0.0035168,0.0091886,0.023921,0.062545,0.16035,0.072094,0.11698,0.11092,0.10483,0.13308,0.1254,0.1401,0.54267,0.76189
0.00093176,0.0021778,0.0056902,0.01488,0.038881,0.1016,0.24931,0.2847,0.16324,0.4856,0.27944,0.35128,0.32598,0.35784,0.38499
0.00072892,0.0016859,0.0044342,0.011587,0.029958,0.078003,0.20399,0.11095,0.52875,0.25893,0.26493,0.29241,0.31513,0.33796,0.47259
0.00073025,0.0017613,0.0044596,0.0059113,0.0077855,0.026295,0.061415,0.15927,0.076216,0.082267,0.10435,0.095731,0.1081,0.65791,0.70406
0.00026483,0.00062724,0.0016288,0.0041109,0.010447,0.026719,0.068299,0.17917,0.10735,0.26834,0.14747,0.41088,0.23726,0.47908,0.6352
0.000266,0.00064013,0.0015368,0.0040701,0.010582,0.027538,0.071945,0.16725,0.076421,0.48211,0.22705,0.23648,0.26154,0.60518,0.43137
7.4909e-05,0.00018085,0.0004467,0.0011611,0.002733,0.0072648,0.018417,0.047448,0.1114,0.15525,0.38035,0.45907,0.54651,0.36383,0.41765
5.7332e-05,0.00010702,0.00029161,0.0003869,0.0012026,0.00064336,0.0031229,0.0064947,0.017578,0.045887,0.11239,0.2367,0.11333,0.68981,0.66476
0.0027666,0.006634,0.017337,0.045285,0.049535,0.16458,0.29024,0.35414,0.21502,0.23512,0.25706,0.26551,0.28849,0.31077,0.58412
0.0019267,0.0043149,0.011057,0.016059,0.021467,0.060619,0.030675,0.17614,0.081426,0.086027,0.095404,0.10139,0.10953,0.25647,0.9243
0.00019361,0.00046601,0.0010935,0.002482,0.0065488,0.016472,0.040617,0.10447,0.048293,0.1133,0.084754,0.26204,0.14197,0.14963,0.92802
0.00028045,0.00056497,0.0015196,0.0039714,0.010299,0.026806,0.069856,0.18264,0.47725,0.3341,0.25482,0.27582,0.29987,0.32338,0.53598
0.0013962,0.0032493,0.0083516,0.021376,0.053917,0.047829,0.10835,0.064182,0.06473,0.071996,0.073363,0.085466,0.50318,0.2375,0.80553
0.0024568,0.0049895,0.013374,0.034964,0.090398,0.23638,0.34231,0.21477,0.25368,0.22912,0.24442,0.26421,0.28622,0.30945,0.58951
0.0029271,0.0069963,0.017735,0.046484,0.052138,0.17332,0.077815,0.086995,0.10454,0.59059,0.26479,0.34943,0.35102,0.35983,0.38391
0.0038278,0.0092365,0.024138,0.055144,0.14732,0.37904,0.19254,0.28365,0.23417,0.24267,0.26344,0.28579,0.30794,0.35418,0.47955
0.0013824,0.0033001,0.0086319,0.022558,0.025027,0.084413,0.19172,0.25519,0.14411,0.15051,0.1703,0.17703,0.62307,0.4044,0.48506
1.5738e-05,3.7297e-05,9.7317e-05,0.00025446,0.00063958,0.0016592,0.0043366,0.011335,0.02962,0.077401,0.16012,0.33733,0.76219,0.35334,0.38564
0.011233,0.022714,0.057843,0.15243,0.35756,0.20626,0.20247,0.2361,0.28833,0.25449,0.27854,0.31195,0.32687,0.35244,0.39094
0.001214,0.0029308,0.0076408,0.019971,0.052152,0.029806,0.032709,0.039032,0.036416,0.17841,0.082829,0.24203,0.13876,0.14917,0.92593
0.00083854,0.0019807,0.0051528,0.0065981,0.020857,0.011489,0.056556,0.071034,0.040592,0.042533,0.047971,0.060938,0.05773,0.35321,0.9268
0.0013436,0.0032393,0.0083971,0.021969,0.057409,0.15002,0.067258,0.17457,0.10904,0.11932,0.37482,0.19777,0.24353,0.46245,0.68213
0.0022239,0.0045026,0.012117,0.028434,0.075598,0.18652,0.23702,0.14111,0.15676,0.15617,0.16904,0.18296,0.19823,0.33573,0.78883
0.00028454,0.0005057,0.0014007,0.0036604,0.0095048,0.02481,0.03196,0.10079,0.23293,0.10722,0.11643,0.12679,0.1488,0.73048,0.58185
3.705e-05,8.3693e-05,0.00021918,0.00057344,0.0014508,0.0037908,0.0070724,0.019376,0.050767,0.1314,0.31255,0.14747,0.74619,0.37381,0.40655
0.00069577,0.0016263,0.0039198,0.010382,0.02713,0.070517,0.18356,0.20247,0.50708,0.24571,0.27097,0.34238,0.3255,0.34523,0.43383
0.00098741,0.0019995,0.0052654,0.013796,0.035914,0.080781,0.216,0.27832,0.20064,0.23368,0.23466,0.22,0.23813,0.25842,0.74131
0.00036939,0.00088118,0.0022591,0.0059216,0.015334,0.034621,0.092554,0.21505,0.12756,0.22674,0.63527,0.30147,0.33011,0.35333,0.38722
0.0020687,0.0048356,0.012698,0.028523,0.076439,0.065222,0.047741,0.073723,0.097402,0.069865,0.075992,0.082408,0.0886,0.55892,0.79695
0.0035609,0.0085553,0.022279,0.057202,0.14988,0.082215,0.405,0.1839,0.20626,0.2322,0.25077,0.26549,0.28167,0.30442,0.60704
0.0017323,0.0041357,0.010607,0.027801,0.072647,0.18984,0.097107,0.4655,0.22997,0.23476,0.25411,0.27504,0.29788,0.40826,0.47828
0.0016872,0.0037355,0.0098956,0.025001,0.028354,0.081482,0.039179,0.050521,0.048023,0.19235,0.10831,0.10564,0.13115,0.23405,0.92828
0.00059981,0.0014349,0.0036007,0.0094116,0.023356,0.061208,0.03301,0.047538,0.19486,0.091574,0.56153,0.25377,0.27418,0.58699,0.38308
0.00084806,0.0020447,0.0053219,0.013915,0.030174,0.079983,0.18008,0.12223,0.10921,0.10743,0.12371,0.1278,0.14168,0.14939,0.92218
0.00017641,0.00038992,0.0010292,0.0026901,0.0069765,0.018163,0.043757,0.11549,0.05181,0.3268,0.17255,0.16323,0.18092,0.21056,0.86286
0.0015019,0.0034229,0.0090241,0.023419,0.056301,0.12651,0.076097,0.081887,0.39263,0.19421,0.22498,0.22427,0.23696,0.26084,0.74447
4.3924e-06,1.0525e-05,2.7455e-05,7.1158e-05,0.0001763,0.00044462,0.0011668,0.0026006,0.0062891,0.016711,0.043667,0.11411,0.28687,0.75402,0.58303
0.00043478,0.0010151,0.0026655,0.0035776,0.010483,0.027566,0.015713,0.020485,0.089447,0.23603,0.53056,0.24413,0.26761,0.58097,0.4311
0.00041506,0.00099473,0.0023828,0.006308,0.01648,0.041939,0.10041,0.081028,0.090621,0.21537,0.11216,0.32259,0.57098,0.3194,0.62102
0.0017538,0.0041964,0.0091701,0.023785,0.025982,0.019542,0.068509,0.083659,0.050533,0.24974,0.11594,0.32625,0.60048,0.30964,0.58803
4.9253e-05,0.00011743,0.00030427,0.00073087,0.0019323,0.0047438,0.011875,0.028373,0.015819,0.084434,0.21886,0.50993,0.62011,0.38638,0.38767
0.00018348,0.00034182,0.00093659,0.0024474,0.0060651,0.015418,0.039759,0.092613,0.24667,0.22369,0.63737,0.30148,0.33012,0.35328,0.385
0.00086876,0.0019203,0.0050717,0.0063353,0.020242,0.010757,0.012193,0.028515,0.016993,0.10374,0.046589,0.060972,0.056523,0.35321,0.92709
0.00091123,0.0021215,0.0053949,0.013829,0.014324,0.050003,0.02643,0.025673,0.036347,0.032037,0.06103,0.049629,0.27339,0.71441,0.63416
0.0076538,0.018415,0.042628,0.11362,0.29397,0.14042,0.1862,0.16356,0.25952,0.21583,0.24204,0.25192,0.33224,0.32512,0.60647
0.00031593,0.00076273,0.0019488,0.0050364,0.013189,0.034123,0.016426,0.026182,0.023741,0.026997,0.024908,0.073328,0.23457,0.61379,0.74835
0.00031391,0.00069642,0.0018057,0.0047306,0.0060581,0.017237,0.0092728,0.050946,0.022847,0.13708,0.27524,0.72187,0.33064,0.35358,0.38338
0.00070002,0.0016265,0.0042623,0.011142,0.029115,0.025216,0.01923,0.019733,0.023305,0.023175,0.027614,0.037062,0.17933,0.46169,0.86599
0.00059115,0.0014272,0.0031957,0.008559,0.02237,0.057015,0.14628,0.38259,0.18245,0.19093,0.2036,0.22752,0.27879,0.28057,0.71726
0.0028281,0.0065584,0.017223,0.044935,0.11706,0.052508,0.14275,0.091117,0.094062,0.10732,0.10875,0.15499,0.14587,0.85355,0.38439
5.2531e-05,0.00012539,0.00032637,0.00051461,0.0011312,0.0031184,0.0079711,0.020898,0.054609,0.025593,0.02668,0.16329,0.42865,0.79227,0.39748
8.9254e-05,0.00021297,0.00055744,0.0014529,0.0032175,0.0084303,0.018054,0.020109,0.01329,0.075993,0.19695,0.49677,0.25153,0.50025,0.62793
0.0010731,0.0025693,0.0061546,0.0084217,0.011158,0.035909,0.089801,0.23648,0.10906,0.11526,0.12782,0.15239,0.14949,0.16492,0.9077
0.0033356,0.0080523,0.019702,0.052012,0.11386,0.26558,0.14088,0.20797,0.17265,0.17579,0.19094,0.20635,0.22503,0.31888,0.74798
0.0027807,0.0066141,0.017183,0.044381,0.081635,0.11889,0.36705,0.23424,0.19246,0.20701,0.4117,0.28157,0.30478,0.38555,0.47054
0.0002624,0.00061795,0.0016186,0.0041423,0.0037934,0.013808,0.032702,0.017642,0.095075,0.043617,0.04661,0.28275,0.74281,0.36046,0.47485
0.0062166,0.014904,0.037766,0.093344,0.2462,0.15248,0.15019,0.14848,0.17036,0.16972,0.19569,0.2239,0.64443,0.35373,0.41918
0.0055221,0.013264,0.034627,0.089953,0.089995,0.091049,0.078536,0.077032,0.097407,0.4807,0.23311,0.33259,0.28659,0.30031,0.62028
0.00064997,0.0015692,0.0039254,0.010278,0.01133,0.0075241,0.036922,0.018216,0.091708,0.044858,0.082371,0.33462,0.49267,0.255,0.75158
0.0026328,0.0062387,0.016195,0.041063,0.10781,0.27783,0.16752,0.14281,0.20651,0.19816,0.34712,0.25746,0.26457,0.28636,0.66417
0.00013351,0.00031874,0.00081859,0.002137,0.0055874,0.014601,0.037865,0.084041,0.043612,0.042743,0.048536,0.24134,0.62906,0.55061,0.47809
0.00014205,0.00033862,0.0008774,0.0022335,0.0058528,0.013202,0.035289,0.092239,0.23704,0.61248,0.27516,0.31669,0.32688,0.35251,0.39247
0.00037029,0.00088691,0.0023185,0.0058488,0.015365,0.039444,0.10192,0.21809,0.12347,0.12224,0.28553,0.17291,0.18589,0.78385,0.38818
0.0012334,0.0024979,0.0067188,0.017559,0.045332,0.094365,0.14572,0.38759,0.17939,0.2266,0.22664,0.23347,0.25895,0.62046,0.42017
0.0016248,0.0039221,0.010184,0.026623,0.069576,0.084781,0.25424,0.1264,0.1366,0.14032,0.1777,0.16996,0.1986,0.19939,0.85698
0.00096274,0.0022855,0.0059381,0.015536,0.040541,0.10596,0.27689,0.29383,0.18474,0.20886,0.20872,0.27536,0.28791,0.28994,0.68161
0.00021389,0.00051345,0.0013428,0.0034603,0.0081449,0.0049504,0.023993,0.061811,0.14393,0.19816,0.44409,0.5739,0.32808,0.35626,0.4194
0.0010044,0.0024197,0.0061842,0.015677,0.041174,0.071184,0.039411,0.048058,0.046775,0.04742,0.051323,0.061815,0.1373,0.4421,0.87449
0.0030169,0.006708,0.017636,0.046116,0.11477,0.30213,0.17801,0.16951,0.17658,0.187,0.20016,0.21705,0.23457,0.31587,0.72519
0.00014726,0.00034519,0.00090452,0.002364,0.0058923,0.015444,0.022125,0.014194,0.056255,0.12691,0.3071,0.31098,0.19638,0.60134,0.62433
0.0007349,0.0012935,0.0035537,0.0093009,0.02393,0.062361,0.1614,0.42183,0.21638,0.42661,0.27706,0.2989,0.35243,0.35478,0.38381
0.0020375,0.0035587,0.0089034,0.023258,0.06078,0.13684,0.32117,0.18178,0.16988,0.17965,0.22306,0.22236,0.24848,0.26087,0.74376
0.00026514,0.00064011,0.0015374,0.0019495,0.006223,0.0036326,0.017274,0.045611,0.11724,0.17888,0.52498,0.53392,0.3256,0.35022,0.40676
0.00011979,0.0002459,0.00065955,0.0017229,0.0044979,0.010526,0.026288,0.068319,0.16266,0.43153,0.20578,0.44375,0.29704,0.32253,0.59286
0.00016861,0.00040511,0.0010592,0.0025285,0.006669,0.017421,0.044902,0.10291,0.066121,0.054706,0.32515,0.16349,0.17263,0.38162,0.8213
0.0026027,0.0057566,0.015193,0.039703,0.10376,0.27077,0.40041,0.24938,0.23861,0.25813,0.27347,0.30086,0.32015,0.35123,0.42279
0.00084703,0.0020034,0.0048109,0.012674,0.012723,0.045191,0.11809,0.05683,0.33771,0.38386,0.22366,0.23874,0.26931,0.28111,0.68073
0.00095773,0.0022464,0.005775,0.015137,0.035264,0.01714,0.10057,0.074841,0.29721,0.13911,0.14682,0.1874,0.56576,0.59295,0.38536
0.00065536,0.0015233,0.003991,0.010363,0.027106,0.015675,0.013924,0.015418,0.017281,0.018651,0.021902,0.023753,0.13718,0.35271,0.92666
0.0019449,0.0043124,0.011419,0.029805,0.038173,0.10861,0.059428,0.32233,0.1495,0.17391,0.17419,0.18906,0.2031,0.275,0.80597
0.00034123,0.00075012,0.0019795,0.0047528,0.011822,0.028077,0.07414,0.19121,0.097273,0.51803,0.24956,0.45122,0.31727,0.40538,0.38632
0.00065373,0.0015777,0.0041162,0.010394,0.024632,0.06355,0.16441,0.10966,0.091109,0.10334,0.10504,0.1141,0.12259,0.6132,0.72432
0.00029496,0.0005012,0.0013924,0.0029978,0.0080919,0.020515,0.052718,0.10586,0.25206,0.59877,0.29489,0.30211,0.32479,0.36044,0.38726
0.00051754,0.00092186,0.0022945,0.0059198,0.015374,0.04004,0.10324,0.26347,0.11965,0.12852,0.16484,0.4536,0.28233,0.28581,0.70389
0.0002293,0.00050653,0.0013374,0.0029978,0.0079606,0.020832,0.050234,0.13255,0.31915,0.34697,0.22932,0.22991,0.24469,0.26516,0.728
0.00085063,0.0020385,0.0053277,0.013886,0.014915,0.050016,0.093179,0.10806,0.066788,0.38566,0.18437,0.51809,0.28719,0.3132,0.58411
0.0020794,0.0046574,0.012314,0.016495,0.051197,0.12816,0.16713,0.092636,0.10098,0.1066,0.11821,0.12562,0.1357,0.15583,0.92315
6.2587e-05,0.0001508,0.00038782,0.0010159,0.0025652,0.0067369,0.01714,0.022362,0.070262,0.11172,0.31907,0.14353,0.75122,0.35325,0.41716
9.1841e-05,0.00022071,0.00057666,0.00082682,0.002491,0.0065131,0.012061,0.033695,0.088055,0.2301,0.10332,0.59417,0.2722,0.58288,0.40198
0.0061527,0.014547,0.037346,0.04715,0.049155,0.087717,0.05906,0.058882,0.059929,0.065399,0.073279,0.17774,0.12439,0.26142,0.92456
4.4472e-05,0.00010602,0.00027475,0.00070738,0.0018506,0.0041741,0.010705,0.02755,0.066975,0.17551,0.40316,0.4311,0.35704,0.30243,0.63261
0.0032412,0.0076685,0.019371,0.050844,0.056409,0.17755,0.083428,0.10235,0.12483,0.11018,0.12059,0.13261,0.14049,0.15206,0.91865
0.00054482,0.0013089,0.0028549,0.0076931,0.019908,0.052098,0.13201,0.34655,0.16363,0.16951,0.18505,0.19885,0.67243,0.36178,0.3862
0.00019678,0.00033167,0.0009259,0.0019918,0.0052077,0.013676,0.034953,0.091641,0.20984,0.5128,0.25434,0.25585,0.28061,0.55679,0.40643
0.00025518,0.00061409,0.0015974,0.0041772,0.010861,0.028401,0.074147,0.17173,0.078519,0.49535,0.23315,0.24218,0.26314,0.61954,0.38415
0.0015128,0.0036469,0.0095225,0.024484,0.06391,0.16651,0.10026,0.10107,0.54644,0.26525,0.30857,0.3076,0.32501,0.36471,0.38942
2.4178e-05,4.5476e-05,0.00012331,0.00019961,0.00043521,0.0011998,0.0030669,0.0080407,0.021011,0.052496,0.11812,0.29503,0.77956,0.36191,0.3978
0.00058411,0.0014077,0.0036733,0.0092627,0.024335,0.061758,0.15838,0.10594,0.083684,0.34779,0.17218,0.18704,0.20011,0.76006,0.38782
0.0050673,0.012218,0.029877,0.078882,0.085936,0.29246,0.15786,0.22477,0.18375,0.18983,0.2062,0.22536,0.24109,0.34434,0.70357
0.00042585,0.0010121,0.0026452,0.0066996,0.01759,0.0085736,0.042497,0.081431,0.041867,0.047893,0.060022,0.31032,0.15752,0.15445,0.91917
0.00013315,0.00031657,0.00082844,0.0021315,0.0055827,0.013948,0.036699,0.095844,0.21129,0.098277,0.27106,0.15458,0.16694,0.64232,0.63071
8.8282e-05,0.00021151,0.00054898,0.0014358,0.0037522,0.0046473,0.014848,0.033535,0.016482,0.09812,0.043997,0.27756,0.16316,0.17195,0.92628
0.0010917,0.0024146,0.0063974,0.016717,0.043684,0.11096,0.052538,0.067851,0.064709,0.066918,0.072882,0.36281,0.19061,0.2015,0.8718
0.001036,0.0020877,0.0056203,0.01261,0.033799,0.088322,0.045194,0.12547,0.086788,0.10644,0.089465,0.096068,0.2416,0.78137,0.51819
0.0011316,0.0027293,0.0069096,0.017675,0.019505,0.056104,0.028996,0.02874,0.036732,0.034624,0.20174,0.15224,0.11374,0.70355,0.64944
0.00020966,0.00050455,0.0012113,0.003208,0.0083404,0.021705,0.056705,0.13182,0.060313,0.38006,0.17899,0.18642,0.45875,0.57105,0.47764
0.00018426,0.00043612,0.0011382,0.0028996,0.0075386,0.0056929,0.022756,0.047802,0.022314,0.026994,0.026622,0.067086,0.23151,0.60512,0.75665
0.00033337,0.00067491,0.0017794,0.0046644,0.012189,0.031157,0.071499,0.19097,0.49902,0.22515,0.25681,0.26495,0.28655,0.31016,0.58725
0.00083356,0.0013362,0.0037986,0.0099224,0.02593,0.066283,0.16542,0.43154,0.20461,0.22374,0.24462,0.2679,0.27925,0.57729,0.38349
2.6732e-05,6.1011e-05,0.00016,0.00040086,0.0010069,0.0026433,0.0068534,0.017918,0.046827,0.11785,0.30971,0.68573,0.32641,0.40548,0.38509
0.00010108,0.00024149,0.00061764,0.0016145,0.0019627,0.0063455,0.016565,0.043292,0.025016,0.12387,0.055826,0.35219,0.46392,0.49377,0.63059
0.00077665,0.0017312,0.0044831,0.011753,0.030476,0.079728,0.19194,0.50658,0.22728,0.24595,0.27802,0.29139,0.31791,0.37409,0.42933
0.0021609,0.0051905,0.013571,0.035464,0.089343,0.066744,0.063725,0.24516,0.13243,0.13222,0.14854,0.21034,0.17544,0.1899,0.86923
0.00074505,0.0017619,0.0044559,0.011707,0.012642,0.043212,0.11292,0.29507,0.18447,0.38407,0.22469,0.23984,0.25929,0.28059,0.68262
0.00033383,0.00079634,0.0020846,0.0054474,0.014104,0.035611,0.093398,0.21701,0.12888,0.23749,0.23428,0.18615,0.19423,0.21051,0.84209
0.0085784,0.020605,0.053875,0.13936,0.14219,0.1424,0.19243,0.13629,0.15155,0.17184,0.18287,0.19547,0.20582,0.2213,0.81638
0.003922,0.0094107,0.024393,0.063827,0.15312,0.40554,0.23344,0.22197,0.25132,0.27413,0.27507,0.29593,0.32031,0.38474,0.38992
0.0010081,0.0024097,0.0063057,0.016464,0.04288,0.11211,0.14152,0.079769,0.083991,0.50984,0.22992,0.30307,0.28428,0.32153,0.60323
7.7852e-05,0.00018388,0.00048171,0.0012589,0.0031122,0.0082018,0.021395,0.010054,0.060963,0.1593,0.32944,0.6941,0.32765,0.35334,0.38543
0.0005406,0.0010146,0.0027536,0.0070058,0.018384,0.022732,0.015041,0.021133,0.018461,0.10234,0.24551,0.11166,0.12147,0.26556,0.91306
0.0036508,0.0081845,0.020979,0.05452,0.14268,0.36308,0.16482,0.17712,0.20362,0.21232,0.22716,0.24588,0.26614,0.30923,0.65115
0.0028267,0.0068243,0.01437,0.020083,0.053437,0.14323,0.35728,0.40107,0.24401,0.25438,0.29829,0.30064,0.32625,0.36187,0.3841
0.0011771,0.0028374,0.0074162,0.019046,0.049773,0.12995,0.29743,0.16836,0.21335,0.19193,0.22234,0.23817,0.23693,0.26084,0.74522
0.0011348,0.0027387,0.0071556,0.018689,0.021655,0.071545,0.16835,0.092032,0.08995,0.094073,0.12268,0.13086,0.13,0.64804,0.68948
7.7601e-05,0.00017982,0.00046916,0.0012274,0.0031965,0.0078172,0.020616,0.053571,0.029084,0.032492,0.088289,0.18604,0.13946,0.62549,0.73628
0.00060797,0.0014572,0.0038103,0.0098745,0.0256,0.065233,0.16342,0.42959,0.2046,0.21334,0.23244,0.2767,0.27296,0.31715,0.62742
0.00069866,0.0016774,0.0040305,0.010628,0.011568,0.039235,0.018779,0.020979,0.023127,0.023787,0.026398,0.15056,0.3605,0.56851,0.7269
1.1389e-05,2.5269e-05,6.6914e-05,0.00017476,0.00044333,0.0011609,0.0029683,0.0077822,0.015927,0.042942,0.11243,0.062531,0.05667,0.35751,0.92239
0.00063403,0.0015279,0.0039871,0.0053608,0.0070042,0.022586,0.052183,0.068985,0.039553,0.080283,0.055585,0.058163,0.06223,0.38474,0.91107
0.0016764,0.0032171,0.0081242,0.020806,0.052426,0.10729,0.29342,0.13155,0.20513,0.18629,0.21042,0.2026,0.44123,0.28546,0.6678
0.0014267,0.0031747,0.0075448,0.019532,0.051243,0.12783,0.16215,0.09766,0.097986,0.10563,0.11435,0.36667,0.19639,0.33208,0.79409
0.00038559,0.00085802,0.0022493,0.0052706,0.01402,0.034974,0.044708,0.026839,0.1302,0.0618,0.31507,0.32288,0.19855,0.33573,0.78884
0.0024915,0.0059869,0.015632,0.040833,0.098089,0.054903,0.23948,0.11975,0.12639,0.14618,0.14668,0.1578,0.17127,0.20531,0.87796
0.0012041,0.002902,0.0075725,0.019783,0.051697,0.1312,0.33943,0.22768,0.19774,0.21541,0.2243,0.23871,0.29783,0.28506,0.67297
0.0011896,0.0021185,0.0052773,0.014006,0.036218,0.094357,0.053458,0.27137,0.12326,0.13238,0.17483,0.46994,0.25722,0.28186,0.69612
0.0006662,0.0016076,0.0034513,0.0093313,0.024362,0.063666,0.16637,0.37992,0.18748,0.19233,0.21628,0.51587,0.31047,0.33832,0.47984
0.00035556,0.000852,0.002215,0.005695,0.014919,0.033616,0.087447,0.041123,0.042943,0.1526,0.15476,0.23413,0.14379,0.15236,0.91863
0.0002897,0.00069117,0.0018078,0.0047246,0.012346,0.031703,0.07814,0.16686,0.094652,0.10302,0.21764,0.13339,0.17735,0.628,0.67466
0.00088329,0.0021172,0.0055029,0.014186,0.012392,0.011287,0.0094247,0.010838,0.012802,0.013232,0.013562,0.08525,0.21172,0.54312,0.80841
0.00026228,0.00046145,0.001152,0.0029706,0.0077155,0.020101,0.046966,0.1218,0.055314,0.059414,0.34796,0.46291,0.26395,0.27923,0.70288
0.0020588,0.0046386,0.012252,0.032016,0.083662,0.21477,0.11007,0.15899,0.13232,0.13734,0.14904,0.16188,0.17946,0.18923,0.87034
0.0010018,0.0022184,0.0056654,0.014878,0.037239,0.097924,0.14458,0.20983,0.11913,0.12695,0.15521,0.42584,0.23362,0.27668,0.74817
0.0015841,0.0027496,0.0074998,0.01966,0.015954,0.059778,0.034737,0.17842,0.080019,0.086612,0.097726,0.10669,0.12943,0.27719,0.91725
0.00015194,0.00036623,0.00085768,0.0017697,0.0048342,0.012614,0.032145,0.083072,0.059739,0.15438,0.078067,0.18732,0.1305,0.23204,0.9254
0.00033768,0.00069347,0.0018447,0.0048271,0.012499,0.032706,0.085152,0.22244,0.57187,0.25702,0.27819,0.30124,0.32607,0.35285,0.38869
0.0010208,0.00246,0.0064194,0.01589,0.041413,0.1054,0.27263,0.4741,0.25514,0.25672,0.29165,0.30519,0.3273,0.35355,0.38339
7.1563e-05,0.00014619,0.00038931,0.00098603,0.0025693,0.0058167,0.015496,0.040521,0.10589,0.26061,0.51417,0.52494,0.32788,0.35354,0.38373
0.00018661,0.00044212,0.0011577,0.0030255,0.0076044,0.019988,0.052139,0.13628,0.061101,0.066135,0.075414,0.34445,0.17378,0.17791,0.8926
0.00062661,0.0015128,0.0039184,0.010247,0.02678,0.015558,0.053381,0.15104,0.39481,0.19507,0.19458,0.21061,0.47253,0.57178,0.38377
0.00078532,0.0018749,0.0047649,0.012506,0.032681,0.085399,0.20424,0.46384,0.22382,0.2335,0.26433,0.27688,0.29788,0.40826,0.47833
0.00040869,0.00086417,0.0022858,0.0057982,0.015105,0.039516,0.10072,0.20307,0.12581,0.61874,0.27844,0.30216,0.32638,0.35349,0.38521
0.0062801,0.015161,0.039291,0.10271,0.26842,0.32661,0.22753,0.21474,0.23868,0.27468,0.26888,0.29331,0.33202,0.35524,0.42986
0.0031892,0.007624,0.019777,0.050177,0.045289,0.13324,0.083907,0.071529,0.45125,0.22209,0.24527,0.24437,0.2645,0.28629,0.66499
