0,0,0,0,0,0,0,0,1.5133e-09,20.002
3.3469e-05,0.85563,0.14181,0.0043131,0.14916,0.16259,0.12872,0.0036181,0.0035287,17.147
0.0021396,0.12937,0.13021,0.0038576,0.86151,0.12857,0.14301,0.0045285,0.0024519,17.26
0.00037147,0.15369,0.17138,0.0022813,0.14777,0.14589,0.15135,0.0022874,0.24378,18.04
0.00083329,0.17594,0.21527,0.024592,0.22667,0.033262,0.0012186,1.1215e-07,0,18.747
0.030986,0.13804,0.18145,0.0004582,0.0097526,0.00088755,0,0.00087514,0.00063996,19.316
0.00030959,0.12972,0.13192,0.0056068,0.14699,0.85972,0.14364,0.0044829,0.0021253,17.212
0.016537,0.094819,0.0031139,0.00069144,0,0.1245,0.14501,0.00076067,0.01406,19.268
0.00013381,0.11463,0.19076,0.00017623,0.20918,0.17679,0.16548,0.0024091,0,18.323
0.00073717,0.1878,0.13021,0.0038576,0.012148,0.00057075,0.14301,0.0023726,0.00013001,19.073
7.9217e-06,0.21125,0.223,0.027849,0.1827,0.11992,0.16895,0.0051865,0,18.211
0.24642,0.16748,0.14951,0.0050057,0.15642,0.15314,0.13899,0.0069163,0.00016036,18.04
0.00031089,0.12937,0.86344,0.004256,0.1473,0.13537,0.13216,0.0064299,0.0021101,17.23
0,7.4212e-06,0,0,0.0033265,0.16715,0.20362,0.017956,0.002566,19.246
0.010431,0.23845,0.17728,0.0044038,0.13097,0.00041557,0,2.5047e-05,0,18.952
0,0.0010287,0,4.9002e-05,0,0.15497,0.21735,0.084793,0.0052283,19.133
0.0020584,0.13398,0.12038,0,0,0.0016475,0.00091461,0.00069401,0,19.504
0.010895,0.70561,0.15491,0.0042757,0,0,0.0010722,9.6113e-05,6.1537e-07,18.718
6.2041e-05,0.0044772,0.0033692,0.00030245,0.0011268,0.13173,0.143,0.087547,0.015108,19.284
0.0010239,0.00070728,0.0031139,6.1256e-05,0.00017767,0.013571,0.05557,0.0043044,0.014152,19.877
9.6935e-06,0.69485,0.19577,0.0067708,0.11368,0,0,0.00042029,0.0024546,18.518
0.0020584,0.13398,0.12064,0,0.070603,0.0016475,0.0039032,0.00069401,0,19.386
2.6961e-06,3.8321e-06,0.12525,0,0.20462,0.22636,0.28488,0.031008,0.0027682,18.499
0.011658,0.08862,0,0.00022364,0,0.018368,0.0051886,0.016717,0.015739,19.769
0.00047428,0.16264,0.1294,0.0013609,0,0.17038,0.11768,0.0073571,0.0028085,18.988
1.782e-05,0.00054958,2.2885e-07,0.00010951,0,0,0,0.063543,0.0012292,19.899
0.017298,0.16857,0.13158,9.5548e-05,0.1688,0.139,0.0045951,2.3285e-06,0.0020294,18.814
0.010892,0.14522,0.2188,0.0043742,0,0,0.13354,0.0027921,1.3549e-05,19.022
1.8269e-05,1.497e-05,0.012271,0.00011003,0.050757,0.00049061,0.15144,0.006218,0.0020251,19.603
0.00065203,0.19324,0.18147,0.1634,0.78726,0.22224,0,0.00049834,0.0019665,17.09
0.0022173,0.14112,0.15109,0.25337,0.15929,0.16353,0.14497,0.0037461,0.00087905,18.056
0.00064369,0,0.00061966,0.00073938,0.00036546,0.002006,0,0.0035704,0.025022,19.978
1.5552e-05,0.1322,0.17625,0.072092,0.23073,0.23347,0.0030533,0.00063297,0,18.51
9.4748e-05,0.13328,0.24104,0.069,0.20253,0.0019497,0.00066787,0.00042347,7.1788e-05,18.808
0.00042948,2.6098e-07,1.2203e-06,0.00033606,0.20732,0.055656,0.75419,0,0.025782,18.2
5.4795e-08,0.15202,0.24618,0.092835,0.24537,0.20273,0.061812,0,0.0014045,18.296
6.2502e-05,0.00051191,0.073868,0.00012496,0,0,0.19977,0.082947,0.0033301,19.346
0.00014938,0,0.007248,0.00010951,0,0,0.16765,0.063543,0.0012292,19.562
8.9899e-07,0.19081,0.19323,0.001105,0.20376,0.15511,0.012636,0.001096,0.00071814,18.605
3.3936e-05,3.807e-05,0.14455,0.10299,0.81612,0.82066,0.16486,0,3.267e-05,15.946
0.010085,0.13018,0.78007,0.0016949,0.12434,0.00087466,0,1.1301e-05,5.5259e-05,18.144
0.00015312,0.0093559,0.82328,0.10377,0.83907,0.26294,0.21171,0.00025598,0,15.655
0.00024929,0.06288,0,0,0,0,0.019361,0.00069401,0.00014403,19.878
0.00023635,3.9403e-05,0,0.00013094,0,0.24568,0.28069,0,0.025611,19.129
9.039e-05,0.14329,0.74211,0.072346,0.22342,0.16319,0.18015,0,0.0020027,17.307
0.00063778,0.013981,0.14938,0,0.19152,0.25088,0.22188,0.0063176,0.045199,18.398
0,0.15349,0.1518,0.0084193,0.14682,0.16076,0.15984,0.26078,0.0019384,18.025
1.9449e-05,1.075e-05,0,0,0,0.00047296,0.026169,0.09622,0.0010724,19.798
0.00024929,0.0029555,0.72672,0.0014032,0,0,0.019361,0.00069401,0.00014403,18.856
0.0015967,0.67588,0.15502,0.00038192,0.14165,0.073139,0,0.0058839,0.00011164,18.552
0.00023635,0.18858,0,0.00013094,0,0.0011806,0.0039402,0,0.025611,19.591
0.011366,0.19096,0.75248,0.092457,0.79009,0.11912,0.18046,0.0016883,0,16.129
0.00030872,0.20828,0.78474,0.1749,0.22645,0.19612,0,6.6733e-05,4.1173e-06,16.962
0.0024985,0.010542,0.00032993,0.052111,0.19125,0.15511,0.14447,0.00099418,0.0016654,19.011
6.2494e-05,0.00051191,0.0052036,0.00011923,1.229e-05,0.0050569,0.19977,0.087632,0.0033301,19.564
0.00082865,0.17219,0.14054,0.069112,0.18627,0.16859,0.0012186,8.0199e-10,0,18.56
0.0011731,3.5243e-06,0.139,0.010002,0.1722,0.2764,0.18731,4.9934e-06,0,18.832
0,0.20882,0.13163,0.1001,0.022889,0,0.0017627,0.00040194,0.012271,19.223
0.00097674,0.1414,0,0.0023308,0.17317,0.7974,0.0079174,0.00064695,0.025011,17.813
0.00030872,0.0065471,0.74357,0.13199,0.22646,0.19586,0.004767,0,6.5535e-05,17.696
0.00059228,0.20462,0.22241,0.12704,0.16436,0.25444,0.0006385,3.4612e-05,3.0414e-05,18.191
7.4377e-05,0,0.13995,0,0.0032715,0.27066,0.15675,0.058102,0.00093643,18.904
6.1164e-05,2.1003e-05,0.011212,1.9095e-05,0.071517,0.24799,0.20171,0.13023,0.00094413,19.121
0.00047428,0.16264,0.1294,0.0013609,0,0.17098,0.11768,0.006281,0.044853,18.927
0,0.023827,0,4.916e-05,0.015914,0.00072802,0.16804,0,0.00025444,19.668
0.00030508,0.0010323,0.14599,0.094387,0.829,0.33907,0.23303,4.4216e-05,0,17.145
0.0023488,0.14441,0.1443,0.0064838,0.14551,0.15131,0.85346,0.0048584,0.0077033,17.126
0.015148,0.00052729,0.014876,0.1001,0.022616,6.1341e-05,0.0036798,7.1927e-06,3.6134e-05,19.762
0.030806,0.06288,0,0,0.00014415,0,0.019361,0.00069401,0.00014403,19.84
0,0.16943,0.12954,0.0002294,0.70719,0.25756,0.13732,0.011587,4.3558e-06,17.737
2.2626e-05,0.13488,0.79618,0.10369,0.86456,0.12839,0.0046747,0,0.0010662,16.291
0.014652,0,0.32793,0.10213,0.022889,0,0.0036798,7.1927e-06,3.8557e-05,19.424
0,0.19324,0.1644,0.001718,0.78726,0.22224,0,0.00024765,0.0019665,17.449
0.0099047,0.20502,0.27707,0.092457,0.79606,0.1437,0.17309,4.0705e-05,0.00059687,17.079
0.00014936,0,0,0.00023731,0,0,0.81163,0.14076,0.026059,18.084
0,3.7888e-05,0.1461,0.00023784,0.7075,0.72495,0.18159,0.00075774,0,17.273
0.013602,0.12972,0.12961,0.0056068,0.15295,0.21191,0.14354,5.3773e-05,0.0021253,18.482
0.014002,0.20559,0.27539,0.024526,0.06833,0,0.00022608,0.00010291,0.00011944,19.031
2.9788e-06,0,0,0,0.022905,0,0.084804,0.01565,0,20.128
9.9861e-05,0.011471,0.82328,0.23747,0.86385,0.26197,0.21171,0.00025694,0,15.402
8.51e-05,0.14584,0.14918,0.0029217,0.1477,0.00083756,0.17709,0.037216,0.0081382,19.017
2.4738e-06,0.15061,0.13873,0.085246,0.80216,0.22443,0.17677,3.765e-06,0.00057863,16.943
0,0.16943,0.14334,0.0039516,0.1161,0,0.13732,0.00072721,0.0066872,18.884
0.0021397,0.0079546,0.13021,0.17521,0.85151,0,0.14301,0.004528,0.00028026,17.575
0.0009461,0.023949,0.12863,0,0.65964,0.23885,0.18598,0,0,18.728
0.0001467,0.24401,0.77759,5.1803e-05,0,0,0.0018276,4.7765e-05,0,18.37
0,0.17654,0.19422,0.068328,0.22667,0.16898,0.0012186,8.0199e-10,0,18.404
0.010685,0,0.0058191,0,0.22554,9.6698e-05,0.26791,0.064205,0.0006284,19.062
0.016924,0.70887,0.24124,0.0040874,0.005297,1.0114e-05,0.029284,6.1447e-06,0.00023545,18.574
0.002127,0.21396,0.78403,0.14168,0.11734,0,0.0037165,0.00065186,0,17.65
9.039e-05,0.14375,9.3582e-05,0,0.22201,0.16319,0.17953,0.029319,0.0020027,18.615
0.00023763,0.2086,0.84757,0.24159,0.83849,0.015548,0.0036479,0.0002991,0.0010524,15.825
0.01676,0.71662,0.0079311,0.0040874,0.00043065,1.0114e-05,0.028364,0.00050518,0.00025444,18.942
0.00061702,0.0058768,0.0039976,0.0043429,8.0513e-06,0.17217,0.75682,0.003799,0.0031626,18.728
0.00010706,0.12976,0,0.0038576,0.0065025,0.008906,0.14301,0.0061077,0.0024519,19.622
0.00024291,0,0,0.00023555,0,0.13086,0.17174,0.14076,0.025992,19.14
8.7792e-06,0.0022654,0.1461,0.00023784,0.71283,0.24,0.18159,0.00075774,0,17.953
0.054065,0.14503,0.22736,0.0090733,5.9925e-06,0,0.13292,0,1.3815e-05,18.947
0,3.7889e-05,0.0034824,0.0002389,0.7075,0.72495,0.18159,0.00075774,0,17.56
0.0003081,0.0023865,0.86517,0.26645,0.85688,0.8603,0,0.00021722,0,14.499
0.0016389,0,0.0058191,0,0.0174,0.25726,0.26792,0.041416,0.00090424,19.071
0,0.013395,0.024873,0.0095964,0.12567,0.23102,0.21249,0.021793,0,18.851
0,0.0024302,0.0014166,0.0007978,0,0.1743,0.72467,0.061403,7.3146e-05,18.459
0.0009461,0.023857,0.0034262,0,0.65964,0.23885,0.18598,0,0,18.753
0,0,0.024539,0.0090733,0.0041797,0,0.094828,0.00060384,3.0663e-07,19.789
4.0127e-05,0.01128,0.84419,0.12355,0.86282,0.25738,0.047408,0.00025646,0.00063777,15.881
0.00010552,0.17264,0.19687,0,0.15303,0.088107,0.17926,0.00063919,0.0012479,18.589
2.803e-07,0.00044054,0.13745,0.019287,0.87759,0.76464,0.26428,0.031387,8.9186e-06,16.192
0.00047428,0.0064763,0.12664,0.0014095,0.20648,0.15411,0.018445,0.0073571,0.0028085,19.027
0,0.0023595,0.82322,0.00018637,0.91015,0.84787,0.82504,0.0032267,0.00097159,13.426
0.0015967,0.68162,0.15502,0.00038192,0,0.073139,0.018201,0.0058839,0.00098375,19.031
1.1653e-05,0.0059078,0.1292,5.665e-05,0,0.77248,0.75682,0.062472,0.0074561,17.605
0.010045,0.0066546,0.0058191,0,0.22554,0.25722,0.27101,0.041416,6.5315e-05,18.932
1.5982e-05,0.00098645,0.003342,0.072793,0.21028,0.81214,0.83023,0.00063313,0.00066224,16.292
0.04256,0.096321,0.020623,0,0.039843,0.2221,0.17994,0.0029846,4.3213e-06,18.916
0.00030846,0.15158,0.13381,0.050385,0.21165,0.2257,0.10981,4.4033e-05,0.0021872,18.336
0.00028782,0.19443,0.85181,0.0083836,0.17006,0.15511,0,0.0010369,0,17.491
0.0023893,3.8149e-05,0.11228,0.0018259,0.12755,0,0.011569,0.0036576,0.00057879,19.6
2.9147e-05,1.8433e-05,0.20562,0.15726,0.84478,0.21876,0.029681,0.0010688,0,17.158
0.0022085,0.21396,0.77793,0.14168,0.001277,0,0.00034287,0.0064791,0,17.933
0.00016177,0.087535,0,0,0.0069039,0.14332,0.16612,0.040231,0.014164,19.163
3.1385e-05,0.00098645,0.003342,0.093808,0.86123,0.81077,0.25549,0.00063909,0.00066224,16.193
0.00014915,3.385e-06,0.0015691,0.00023185,0.21665,0.23514,0.81982,0.23239,0.026128,17.305
0,0.00097989,0.14557,0.00023784,0.19601,0.72356,0.82638,0.00062888,0,16.815
0.0098939,0,0,0.00032228,0,0.25419,0.80407,0.13909,3.2733e-05,17.827
0.00030386,0.15196,0.1443,0.094141,0.21308,0.33904,0.17362,0.0046965,0,18.246
2.9788e-06,0,0,0,0.02315,0,0.20049,0.01565,0.0021305,19.926
2.8379e-06,0.19232,0,0.005276,0.11722,0.12216,0.0013228,2.3339e-05,0.027176,19.128
1.6014e-05,0.13077,0.012313,0.10254,0.78284,0.82057,0.79308,0.09721,0.044831,14.723
0.00047804,3.385e-06,0.00030816,0.0013714,0.010809,0.17048,0.83053,0.23536,0.0028172,17.855
0,0.18172,0.18131,0.0001638,0.2439,0.25455,0.28292,0.0023797,0.0012558,18.125
0,0.0063102,0.19422,0.16023,0.22667,0.16898,0.00020999,8.0199e-10,1.9942e-05,18.54
0.0022173,0.14112,0.15338,0.2501,0.15959,0.16353,0.1658,0.039004,0.00087905,17.964
0.0016615,0.030969,0.14094,0.00016673,0.82653,0.34426,0.16698,0.0066351,1.9894e-05,17.524
0.00030959,0.12972,0.14173,0.0056068,0.14699,0.038022,0.14364,0.0044829,0.0021253,18.844
0,0.18796,0.22812,0.00525,0.12578,0.12083,0,2.3339e-05,4.0808e-06,18.733
0,0.0078034,0.85304,0.14911,0.039198,0.0023975,0.0029943,0.00050568,0.0031243,17.943
4.1329e-06,2.1476e-05,3.4806e-05,0.00083862,0,0.00014676,0.20131,0.1391,0.093038,19.305
0.010085,0.12666,0.0034818,0.00017288,0.12202,1.0556e-06,0,1.1301e-05,0.0012325,19.619
0.01545,0.16083,0.19687,0,0.2265,0.196,0.17658,0.052471,0.002934,18.041
0.0051541,0.00011527,0.76753,0.0017891,0.12707,0,0.22738,0,0,18.08
0,0.0077932,0.85304,0.14902,0.85562,0.80468,0.0029943,0.0032728,0.0031258,14.724
0.00052202,0.14351,0.0057678,0,0.1671,0.14299,0.17926,0.040361,0.01451,18.673
0.00042739,0.026845,0.00012224,0.00023672,0.0025158,0.17217,0.0013856,0.058208,0.000913,19.559
0,0.18796,0.24099,0.00525,0,0,0,0.00069743,2.2953e-06,19.199
6.1759e-05,0.00049835,0.070974,5.1035e-05,0.00015031,0.86397,0.81913,0.082947,0.0033301,16.473
0.031544,0.0018224,0.015775,0,0.00085057,0.80326,0.83209,0,0.00010809,16.835
0.0097612,0.00098816,0.0038797,0.0010321,0.86424,0.82461,0.21229,0.043019,0.00062819,16.269
0.0021124,0.20118,0.18162,0.088492,0.80487,0.82491,0.0024974,0,7.397e-05,16.016
0.00022824,0.19089,0.84012,0.24159,0.78407,0.80712,0,0.00048103,0.001052,14.584
0.014803,0,0.22289,0.10296,0,0.0054323,0.81488,0.060847,3.6373e-05,17.675
0.00023721,0,0,0.00024676,0,0.83227,0.83911,0.14096,0.026063,16.359
0.0020584,0,0.12064,0,0.070603,0.0016475,0.0028301,0.00068096,0,20.203
0,0.0010348,0,0.00046662,0.21647,0.20186,0,0.00066454,0.00063508,19.247
0,0.0023305,0.00018937,0.0039376,0.11462,0.22579,0.27115,0.094177,0.0047579,18.783
0.014002,0.011264,0.21628,0.078401,0.22219,0.029261,0.00056379,6.686e-05,9.6105e-05,19.075
6.2502e-05,0.00051191,0.14223,0,0.15242,0,0.81523,0.021736,0.0036105,18.047
0.00022824,0.19089,0.84012,0.24159,0.092603,0.00036657,0,0.00037879,0.001052,18.076
9.039e-05,0.66896,0.70914,0.072346,0,0.16475,0.0033374,0,0.0019764,17.915
0,0.0018129,0.097965,0.006286,0.14526,0.22572,0.84202,0.092072,0.0047579,17.265
0.009776,0.19096,0.03542,0.090656,0.79009,0.11912,0.18046,0.0016883,0,17.385
0.0019386,0.71662,0.82689,0.0040874,0.00043065,1.0551e-07,0,0.00050518,0.00025487,17.354
0.0010239,0.15535,0.0031139,6.1256e-05,0.010697,0.013571,0.05557,0.0043044,0.014152,19.698
0.00014772,0,0.17841,0.033521,0.2439,0.25989,0.28276,0.0034973,0.00068212,18.449
0.00022445,0.00012236,0.0075256,0.057343,0.022786,0.8124,0.19683,0.00051574,0.00089413,18.123
3.2917e-05,0.0010949,0.0017086,0.00013094,0,0.25906,0.18665,0,0,19.203
0.03179,0.20554,0.19431,0.00027019,0.0018812,0,0.0018422,7.2525e-05,0.00010796,19.18
0.00023721,0,0,0.0039229,0,0.8376,0.83911,0.14096,0.0015205,16.366
0,0,0.19068,0.24152,0.84467,0.82232,0,0.00037276,9.4067e-05,15.911
0.00049452,0.00052729,0.014876,0.10024,0.023007,0.82319,0.0036798,7.1927e-06,0.00015595,18.285
0,0.02513,0.28764,0,0.72244,0.79512,0.18333,0,0.0021918,17.39
0.00045213,0.13837,0.14019,0.018021,0.85514,0.33193,0.044254,1.4476e-05,0.0019255,17.414
0.0022433,0.0018052,0.72487,0.0030162,0.14381,0.025479,0.059068,0.00069401,0.00055802,18.483
0,0.0034081,0.19068,0,0.78467,0.80693,0.0025941,0.00047925,9.4067e-05,16.628
1.1653e-05,0.0014404,0,0.00011777,0,0.7724,0.76809,0.061037,0.025252,17.146
0.002141,0,0.0072274,0.00010951,0.0010193,0.83198,0.25542,0.035768,0.0012489,17.856
5.8318e-05,0.19089,0.032186,0.24159,0.80332,0.82454,0,0.00060597,0.00062673,15.974
0,0.20521,0.28465,0.024531,0,0,0.00022608,0.00010291,0.00011944,19.164
0.041615,0.093548,0.020208,0,0.21805,0.22234,0.69445,0,4.3165e-06,18.054
0.0010622,0,0.00025047,0.0028549,0.1432,0.96251,0.17344,0.036749,0.0082316,18.442
0.011351,0.00013695,0.72097,0.0028324,0.80491,0.82452,0.21239,0.042145,0.0006285,15.228
0.0099105,0,0,0.00031629,0.22526,0.25419,0.25038,0.13909,3.6807e-05,18.577
0.00024003,0,0.0016029,0.00029225,0.0049098,0.055829,0.75373,0.0040404,0.17696,18.262
0.0023893,0.0001099,0.0014553,0.25808,0.84037,0.8127,0.0050182,0.003746,6.3529e-05,16.276
0.00014695,0,0.18038,0.092755,0.2439,0.12383,0.28481,0.0034973,0.00068207,18.4
3.3896e-05,6.718e-06,0.14452,0.098635,0.82585,0.82565,0.79315,0.00036957,0.0076048,14.758
2.9788e-06,7.4851e-07,0,0,0.024067,0.81181,0.20049,0.01565,0.00052386,18.453
0.00015014,3.3328e-06,0.0036796,0.00023061,0.20692,0.82859,0.84869,0.065648,0.00012237,16.405
0.030986,0.13135,0.015325,0.00045762,0.0097526,0.00088755,0,0.00013571,0.0012174,19.678
0,0.0054957,0.17675,0,0.85136,0.77787,0.82314,1.5356e-06,0.00011973,15.141
0.00027748,0.0018359,0.012006,0,0.78453,0.8037,0.84096,0,0.0001081,15.877
1.0582e-06,0.00012536,5.9406e-05,0.00086004,0.86855,0.84561,0.86771,0.0032353,0.0012215,14.935
9.039e-05,0.14329,0.74211,0.072346,0.22341,0.16319,0.0026134,0,0.0020028,17.663
0.00031286,0.012235,0.81791,0.0056068,0.14183,0.038022,0.14364,0.00023201,0.0021253,17.751
0.011366,0.19096,0.72632,0,0.81023,0.12095,0.18046,0.0016883,0.0047553,16.378
0.00022899,6.6954e-06,0.8264,0.10418,0.83374,0.75736,0,0.0048401,0.00015422,15.54
0.010468,0.23889,0.34358,0.099814,0.021573,0,0.0018276,0.0010096,8.957e-05,19.046
0.00099452,0,0.19068,0.24152,0.84467,0.23298,0.18439,0.00037276,9.3112e-05,16.771
0.00030872,0.20828,0.78474,0.1749,0.11958,0.19612,0,6.6733e-05,4.1173e-06,17.332
0.0050366,0.00012236,0.0074714,0.0040137,0.20343,0.8337,0.22543,0.0044198,0.00088704,17.631
3.6603e-09,0,9.4494e-05,4.9719e-05,0.85351,0.021395,0,0.0032002,0.0012215,18.695
0.00045213,0.00042824,0.13993,0.020135,0.85514,0.29978,0.042881,3.3587e-06,0.0019165,17.7
0,0.15158,0.78883,0.14205,0.78665,0.25598,0.79517,0.0012409,0.045328,14.439
0.0017368,0.0018129,0.00025462,0,0.0011198,0.22481,0.27115,0.09326,0.014141,19.264
0.00023721,0,0,0.0039229,0,0.0029863,0.84325,0.14096,0.0014801,18.032
6.1206e-05,0.00013018,0.0033774,0.058974,0.0040745,0.8124,0.88454,0.029286,0.0021279,16.843
0.0022055,0.0034194,0.14601,0,0.040605,0,0.23313,0,0.014334,19.309
0,0.0015089,0.024526,0.0084193,0.14682,0,0.16085,0.26078,0,18.923
0,0.0034081,0.19493,0,0.78467,0,0.020269,0.00047233,0.00014321,18.189
2.9147e-05,0.00012327,0,0.15726,0,0.89524,0.90457,0.0010688,0,17.049
0.0019386,0.16585,0.9676,0.0040874,0.00043065,1.0551e-07,0,0.00065139,0.00025487,18.501
0,0,0.10139,0,0.039794,0.23454,0.80925,0.004478,0.012783,17.726
0.00085281,0.13024,0.79019,0.090355,0.82729,0,0,0.00062109,3.0781e-06,16.422
2.7053e-05,0.0057419,0.00020543,0.0084322,0.20862,0.9153,0.84145,0.0047427,0.0047283,16.407
0.00027973,0.0018359,0.012006,0.00052738,0.78453,0.80332,0.014631,0.00032051,0.0001081,17.221
0.0022433,0.0018052,0.72487,0.0030322,0.14381,0.023903,0.060513,0.1272,0.015928,18.22
0.00028729,0.00093954,0.1443,0.0042082,0.22086,0.33904,0.20779,0.0046965,4.8751e-05,18.779
0.0021452,0.20602,0.78463,0.24392,0.21955,1.4573e-05,1.2706e-07,0.0015375,0,17.321
0.00015014,0.0049421,0.082414,0.10309,0,0.012964,0.19919,0.060813,0.00015619,19.242
0.010685,0,1.0053e-05,0.0038849,0.22554,0.90985,0.26791,0.064205,0.00060648,17.471
0.00047804,3.385e-06,0.016698,0.0013714,0.0071892,0.17048,0.83414,0.23343,0.0028172,17.582
0.010668,0,0.0058191,2.6288e-06,0.00027902,9.6698e-05,0.82161,0.064205,0.00062433,18.83
0.00030872,0.0065471,0.74357,0.13199,0.22646,0.19586,0.11917,0,0.0005808,17.74
0.017706,0.00019971,0.0031139,0.00069144,0,0.81939,0.14501,0.0011922,0.01406,18.204
0,0.19313,0.17468,5.2626e-05,0.78726,0.22224,0.84212,0.00024765,0.0090264,15.678
0,0.0018129,0.0048093,0,0.20801,0,0.81898,0.0921,0.0047934,18.364
0.00049452,0.19574,0.84015,0.010232,0.022715,0.1222,0,2.5467e-05,0.00015595,17.826
0.0033015,0.14118,0.0060257,0.00045762,0.0037189,0.15648,0,0.00087514,0.0012466,19.396
3.1385e-05,0.0017881,0.0032616,0,0.86123,0.81077,0.25523,0.00063909,0.0046711,16.353
0.0021236,0.0020852,0.18162,0.091153,0.80487,0.82491,0.0024974,0.00021905,2.6689e-07,16.398
0.00013532,2.7081e-06,0.13751,0,0,0.13996,0.24886,0,0,19.535
0.00022445,0.00012236,0.0075256,0.057343,0.024491,0.78387,0.19683,0,0.026338,18.554
0.00052202,0.14351,0.011077,0.15964,0.15289,0.14299,0.16216,0.040361,0.01451,18.411
0,0.024156,0.22289,0.12355,0.20708,0.26088,0.82852,0,0.00064118,16.841
2.9147e-05,1.8269e-05,0.20562,0.15726,0.84478,0.21611,0.029681,0.13634,0.026434,17.546
0.00020065,0.0022018,0.1518,0.0084193,0.14682,0.16076,0.85722,0.26132,0.0019384,17.255
1.6174e-05,0.13077,0,0.10254,0.20018,0.82057,0.20663,0.09721,0,16.971
2.8379e-06,0.19232,0,0.0022915,0,0.12216,0.0013228,0.086551,0.0026202,19.234
0.00047069,0.0064763,0.12245,6.9502e-06,0,0.15411,0.017178,0.0060616,0.0001008,19.442
0.00030872,0.0057607,0.000852,0.13199,0.22646,0.19586,0.004767,0,6.5535e-05,18.932
8.9143e-05,0.064083,0.72487,0,0.23021,0.025479,0.020242,0.00069401,0.00014082,18.32
0.00023721,0.0018065,0.012049,0.00024676,0.79327,0.83227,0.84105,0.14257,0.025763,14.938
7.0089e-05,0.17376,0.016478,0.0059416,0.13047,0.11928,0,0,0.0012851,19.489
0.00022824,0.19089,0.84012,0.067955,0.092603,0.00036657,0,0.00037879,0.001052,18.324
0.011461,0,0.7545,0.092457,0,0.11893,0.18046,0.026703,0,17.977
0.00030735,0,0.19392,0.12592,0.23796,0.21824,0,0.00037276,9.4067e-05,18.578
0.00030961,0.13074,0.7541,0.17326,0.2241,0.17531,0.14364,0.0044829,0.0021253,17.037
0.0019386,0.71662,0.82689,0.24987,0.00043065,1.0551e-07,0,0.00050425,0.00025487,16.963
0,0.19324,0.1354,0.001938,0.78726,0.22224,0,0.00024765,0.0090264,17.797
1.0992e-05,0.00097989,0.14557,0.091707,0.19601,0.72356,0.79222,0.00062888,0.0027164,17.491
