0.15987,0.0019439,0.00026961,0.15908,0.0010155,0.1474,0.15385,0.0063422,0.0040595,0.003081,0.15572,0.0021145,0.0041829,0.0023629,28.432
0.0020224,0.0059793,0.0018598,0.1424,0,0.12049,0.085452,0.0014767,8.3358e-05,1.1061e-05,0.14813,6.4066e-05,0.0256,0.016156,28.99
0.00026064,0,0.0044562,0.14292,0.0043465,0.12711,0.14787,0.006232,0.00096601,0.0057679,0.86098,0.0014321,0.0008299,0.0038394,27.459
0.0015996,0.00051747,0.0043426,0.15056,0.0074529,0.14281,0.1527,0.0081988,0.00037888,0.0016536,0.15001,0.26037,0.0024892,0.0030448,28.362
0.0042355,0.0059697,8.4494e-05,0.14282,0.00022626,0.090831,0.0027851,0,9.0372e-06,1.1031e-05,0.15352,0,0,0.0029195,29.24
0.00035341,0.0066822,0.019603,0.15976,1.4186e-05,0.14204,0.022722,4.0819e-07,0,0.0016117,0.16862,0.00026976,3.4516e-05,0.0057942,28.999
0.00099306,0.038242,0.0013299,0.044379,0.00021596,0.0011761,0,1.1178e-07,0.00010633,2.4675e-06,0.0067969,0.00013975,0.0010573,4.2734e-05,29.877
0.00016201,0.00030405,8.2837e-06,0.13726,9.7573e-08,0,0.12297,0.0035879,0.0054056,0.0064964,0.077496,0.0042835,0.024575,0,29.319
0.00017892,3.8435e-05,1.9513e-07,0.0128,0.00019298,5.706e-05,0.10371,0,0.0032483,0.00038911,0.14127,0.00099753,0.024076,0.021598,29.462
0.00016671,0.0047564,0.012021,0.14227,0.24015,0.15028,0.15322,0.0076333,0.0056236,0.0067757,0.13215,4.1334e-05,0.011042,0.0025,28.382
2.3798e-05,2.0431e-06,1.744e-05,0,0.0010873,0,0,0.0048478,0.0048189,0.0013766,0,0.0065616,1.316e-06,0.00041297,29.984
0.0015587,5.6369e-05,0,6.0956e-05,0.0002009,0.14688,5.2814e-06,0.0061403,0.00010768,0,0.21354,0.0069048,0.043892,0.015463,29.212
0.0044484,0.0065212,0.0013299,0.044379,0.00021954,0.0022028,1.0355e-05,0,0.00010633,0,0.10611,8.847e-05,0.0010685,4.2734e-05,29.73
2.0746e-05,0,0.0045192,0.15069,0.0057671,0.14294,0.15327,0.0086158,0.0027639,0.26502,0.15082,0.0091005,0.0036889,0.0038732,28.35
0.0013989,0.00039432,0.021764,0.14237,0.00041771,0.12476,0,0,0,0.0014367,0.16862,0.0014307,5.0608e-06,0.0055363,29.108
0.00019229,0.0071437,0.003571,0.14943,0.0082911,0.16046,0.13859,0.0060285,0,2.7566e-06,0.14348,0.010935,0.26087,0.0023917,28.363
0.0014256,0.034985,0.0031202,0.13821,0.0078332,0,0.00016167,0,0,0.0070315,0.010737,0.00034182,0.00011637,8.2744e-05,29.653
7.8582e-06,0.11114,0.057867,0.82768,0.00053303,0.0052744,0.00091514,0,2.9718e-05,7.2542e-05,0,0.00013228,9.968e-05,2.4486e-05,28.054
0.00019898,0.004746,0,0.15004,0.0057593,0.1568,0.15331,0.013311,0.016218,0.026008,0.15475,0.00011956,0.0040582,0.0032908,28.692
0.00019468,0.04539,0.13676,0.22523,0,0.13892,0.00048192,9.5917e-05,1.004e-05,6.9789e-05,0.0077451,4.4552e-06,0,0.0042457,28.967
9.7805e-05,2.4205e-06,3.1049e-05,0.1166,0.00032477,0.14756,0.19566,0.0083539,0.030049,0.030499,0.21437,0.00021094,0.0015652,0.00024463,28.611
0.00056058,2.3672e-06,0,0,0,0.15029,0.19654,0.0084395,0.033286,0.034519,0.21461,0.036505,0.02272,0.017909,28.715
0.00018257,0.039662,0.27411,0.1516,0.033302,0,0.00028723,2.2293e-05,0.0010979,5.584e-05,0.012923,0,0.00013913,0,29.524
0.00017645,0.0055748,0.00010089,0.10793,0.0065087,0,0.00012624,6.0742e-05,0.00070453,1.2452e-05,0.0086096,0.00040981,0.0025142,3.9092e-05,29.784
2.5936e-05,5.3083e-05,0,0.0010454,1.9992e-06,0,0,0.0008129,0.00023547,0.0036474,0.15614,0.032302,0.098754,0.042451,29.406
0.00010158,1.578e-05,4.8728e-05,0,1.4057e-05,4.4374e-05,0.00090878,1.8347e-05,0.00024134,0.0026159,0,1.3308e-05,0.025342,0.019086,29.945
2.3837e-05,0.0054575,0.00031951,0.14236,0.0032891,0.14306,0.16327,0.0047919,0.25346,0.0078961,0.15086,0.0089712,0.0068349,0.0042368,28.341
0.0020289,0.0056043,0.00025425,0,0.00056869,0.14325,0.15762,0.0061022,0.0072485,0.0042838,0.16912,0.029206,0.022628,0.016882,28.956
7.6386e-05,0,0,2.4638e-05,0.0013047,0.0049475,0,0.00096201,0.036945,0.091311,0.2385,0.03736,0.011771,0.00079827,29.297
0.00018581,0.0015093,0.14105,0.19992,0,0.010511,0.067152,3.8139e-08,1.004e-05,0.0016741,0.0010583,3.8911e-06,0.0002453,3.5642e-05,29.212
0.001467,0.0022684,0.00091404,0.043532,0.00021596,0.00022579,0.00048019,0,0.00018427,7.464e-05,0.0018755,0.00036918,0.00014614,4.2734e-05,29.934
0.0010711,0.0044694,0.0043293,0.13781,0.0066142,0.12339,0.85785,0.0060229,0.0037381,0.0067402,0.12472,0.00031411,0.010991,0.0025823,27.513
4.1762e-05,0.00020908,0.13192,0.1885,0.13913,0.13097,0.013807,0,0.001211,5.9076e-05,0.0020452,0.00021606,3.3022e-06,5.2416e-05,28.825
0.0013776,0.00039432,0.0015682,0.14237,0.00041771,0.001506,0.066166,0.00047543,0,0.0014367,0.16862,0.0014307,0,0.0055363,29.267
0.0010253,0.039744,0.058536,0.17711,1.0428e-05,0.00035045,0,0.00083166,0,7.2207e-05,0.0011766,0.00013263,0.00013145,0,29.505
1.1669e-05,0.00012306,0,0.096965,5.2313e-05,0.0023727,0,0,1.7713e-05,8.8182e-05,0.0051389,0.0059327,0,0.0025828,29.813
0.0013282,3.7063e-05,0.022496,0.0010683,0,0.12799,0.13336,0.0004225,0.029883,0.029403,0.16897,0.028558,0.01634,0.017777,28.975
0.0045931,0.037913,0.08256,0.71419,0.0044892,0.16242,0.014008,0.0033376,0.0020621,0.0061878,0.0057001,0.00023115,0.00039792,2.43e-05,28.417
0.001467,0.0022684,0.00091404,0,0.00018972,0,0.00048019,0,0.00018427,2.8273e-05,0.0018755,0.042786,0.00014614,4.206e-05,29.95
0.0042355,0.035535,8.4494e-05,0.14262,0.010241,0.090831,0.0018057,0,9.0372e-06,0.0069183,0.15352,0,0,0.0029195,29.183
0.0012043,0.0055854,5.6015e-06,0.10406,5.1007e-06,0.04652,0.0001207,5.8694e-06,0.00066235,3.8635e-06,0.16274,0.0058475,7.8157e-05,0.015023,29.39
0.00016102,0.00035183,0.00024238,0,0.00058549,0.0019556,0.19657,0,0.035749,0.0032886,0.19193,0,0.027524,0.0020583,29.168
0.00019093,0.0047816,9.6218e-05,0.14227,0.00076835,0.13932,0.15369,0,0,0.00012209,0.13004,4.1334e-05,0.00034444,0.019589,28.861
9.3737e-06,0.0050873,0.011113,0.1507,0.0057593,0.14361,0.15282,0.25255,0.0065569,0.0059156,0.15152,0.0091807,0.0038851,0.0033785,28.332
0.00018257,0.040725,0.27411,0.19821,0.033056,0,0.00028723,2.2293e-05,0.001028,0.00028762,0.013685,0.00049441,0.00013913,0,29.102
1.7537e-05,6.2389e-07,1.771e-05,0.82403,0.039446,0.76171,0.01002,0.0020668,0,0,0.00033341,0.00058925,0.00021048,3.4683e-05,26.933
8.6588e-06,0,0.25876,0.15133,0.0057633,0.15233,0.15298,6.9779e-05,0.0066474,0.00055659,0.14717,0.0090628,0.0038213,0.00012092,28.349
0.00018648,0.006144,0.13128,0.18716,0.060336,0.13702,0.22729,0.00022405,0,0.0017098,0.001156,3.7035e-06,0.00024874,0,28.59
0.00018492,3.7572e-05,0.017861,0.18124,0.046258,0.25655,0.21096,0.047603,0.038648,0.00043058,3.2089e-07,0.00056267,0,1.1067e-06,28.604
0.00018581,0.042744,0.13962,0.20203,0.002188,0.026729,0.00048192,0.00010857,1.004e-05,0.00010194,0,0.00023196,0,0.00043167,29.238
7.6047e-05,0.0060835,0,0.2005,0.037121,0.21149,0.20867,0.11942,0.00021147,0.0031771,0.16642,0.0002586,0.00025147,2.2768e-10,28.186
0.00018194,0.00014836,0.35268,0.69525,0.03454,0.0064485,0.0033979,0,0,0.00010445,0,3.0681e-05,0.0010708,1.621e-05,28.775
0.00022351,0.00028831,0,0.0095879,0,0.016634,0.18477,0.0036457,0.030885,0.019386,0.19971,0.030296,0.0038002,0.0030298,29.102
4.3382e-05,0,0.023332,0,0,0.1583,0.0011546,1.8347e-05,0.00024134,0.0026291,0,0.0003463,0.0037219,0.019086,29.628
0.0011064,0.0392,0.25631,0.78566,0.072237,0.82794,0.022682,0.0036516,0.00072835,7.1807e-05,8.4433e-05,0.00058941,0.00024684,2.5769e-05,26.248
0.0014764,0.00018568,5.1378e-06,0.11496,0.00057002,0,0.04589,0,0.039778,0.003159,0.051881,0.030046,0.024698,0.02042,29.492
0.00017035,0.0055762,0,0,0.00070626,0.0023727,0.0025586,0.004822,1.7713e-05,3.8635e-06,0.1318,0.0059327,0.0002511,0.0025574,29.721
5.2865e-05,0.0022646,0.058124,0.22125,0.042685,0.14648,0.00048218,0.0029066,0.00029178,7.3383e-05,0.0017483,0.000189,0,0.00040346,29.143
0.000206,5.6949e-05,1.7716e-05,0.0046748,6.6054e-06,0.0020284,0,0.00075221,0.15409,0.17443,0.79669,0.049376,0.0016871,0,27.72
7.8238e-05,0,0.029024,0.18124,0.046258,0.21538,0.27395,0.11438,0.038648,0.0073157,0,0.00055473,3.9932e-05,6.0749e-05,28.436
0.00020329,0.035067,0.13904,0.74709,0.0018694,0.13892,0,8.5004e-06,0,6.279e-05,0.0085528,4.9554e-05,0,0,28.137
0.00019025,0,3.1791e-07,0.166,1.1126e-06,9.5906e-06,0.10537,0,0.0037678,0.0026941,0.016037,0.0013792,2.8939e-06,3.436e-05,29.45
0.00018569,0.043515,0.024494,0.21206,0.00022527,0.0026303,0.064509,0.00010285,0.00018644,7.2168e-05,0.0011766,0.00012885,0.00013136,0,29.403
2.1779e-05,0,0,0.00096555,0.00080959,7.4679e-05,8.3643e-07,0.00094847,2.1991e-05,0.0053042,0.00080274,0.048205,0.095471,2.2097e-05,29.773
0,0.0048993,0.00072546,0.0042403,0.0036983,0,0.0010554,0,0.00050933,0.00079015,0.11076,0.00035568,0,1.8772e-05,29.78
0.0010253,0.039744,0.0040719,0.17711,0.00022295,0.00041933,0,0.00083166,5.2238e-05,7.2207e-05,0,0,0.00013145,0,29.59
7.671e-05,3.6378e-05,0,0.0021459,0.00010088,0.22092,0,0.11065,0.15633,0.10819,0.79841,0.00021913,0.0016523,0.0003036,27.329
0.00017375,0,0.0018159,2.5519e-06,0.00046109,0.14502,0.1712,0.0043163,0.033391,0.031353,0.19407,0.0033318,0.0026814,0.00022407,28.895
0.001022,0.039744,0.057809,0.023791,0,0.00035045,0,0.031265,0,7.2551e-05,0.0011766,9.8059e-05,0.0018244,2.4746e-05,29.813
3.7613e-06,0,0.00068727,0.18022,0.0020768,0.00022233,0,0,0.00050442,2.4675e-06,0.051104,0.00035522,0.0010573,0.00043855,29.565
0.0014587,0.0014597,0.12532,0.1885,0.00036457,0.003809,0.00034888,0,0.00029188,0.00026749,0.0028543,0.00059503,0,0,29.391
0.0001035,0,0.00032422,0.71951,0.0032172,0.76195,0.79021,0.0041635,0.0035595,0.006346,0.0025054,0.0001187,0.00098149,0.00042243,26.246
0.0014613,0.0056043,0.00025425,0.1132,0.00056843,0,0.15762,0.0012534,0,0.0042838,0.16871,0.030254,0.0010305,0.016882,29.075
0.0015426,6.2285e-07,0.0024895,0.043872,0.0065641,0.013488,0.00084428,0,2.1112e-06,8.9796e-06,9.9604e-05,0.00015384,0.023559,0.00030698,29.915
3.503e-05,0.039747,0.058536,0.17383,1.0428e-05,0.00035045,0.00036819,2.3677e-05,9.8239e-05,0.0034357,0.0011766,0.00013263,0.017074,0,29.49
7.6445e-05,0.0048307,0.010076,0.86449,0.0062578,0.14076,0.11922,0.006634,0.00054991,0.0051509,0.12531,0.0099386,0.0039997,0.0034869,27.511
0.00018215,0.21991,0.37816,0.20333,0.033056,0,0.0011595,2.2293e-05,0.0010424,0.00028762,0.013685,0.00034538,0.00020462,0,28.91
8.0322e-05,0,6.6361e-06,0.10793,0.0065087,0,0.00012624,0.00014879,0.00070265,0.052804,0.1704,0.034728,0.0025142,3.8067e-05,29.334
5.5903e-05,0.046973,0.13814,0.80588,0.072591,0.20796,0.013807,0.00011327,0.001211,5.9076e-05,0.0020452,0.00021606,3.3022e-06,2.481e-05,27.756
0.00017892,3.6459e-05,0,0.0020844,0.00010311,0,0,0,0.0032483,0,0.14127,0.0010177,0.024076,0.021598,29.663
7.0742e-05,0.0060451,0.030054,0.1884,0.060359,0.19253,0.21059,0.031389,0.0011734,0.0016218,0,0.00015715,0.00020521,0,28.666
2.0597e-05,5.7354e-05,1.7716e-05,0,0.000236,0.0062255,0.00092993,0.011766,0,0.086097,0.18301,0.053027,0.00019982,0.00024493,29.39
0.00056692,2.4608e-06,0,0,0,0.14523,0.19654,0.031472,0.033286,0.031158,0.21415,0.036505,0.02272,0.00094169,28.72
0.00018194,5.4203e-06,0.34154,0.70536,0.034127,0.80203,0.0033979,0,9.4619e-08,0.00010445,0,3.0681e-05,5.0097e-06,1.621e-05,27.119
0.0011894,0.0024674,0,0.78566,0.07213,0.82831,0.82939,0.0036516,1.7546e-05,0.015908,0.0017995,0.0015892,0,5.7799e-05,25.052
0.00010033,0.005598,0.0019372,0.16551,0.0057884,0.15295,0.15075,0.0060387,0,0.0015657,0.15079,0,0.0035761,0.23714,28.32
8.5637e-05,0,0,0.00092914,0.00081649,7.4665e-05,0,0.00094674,0,0.084966,0.20597,0.048244,0.10535,8.3628e-06,29.194
8.2544e-06,2.2773e-05,0,0.80317,0.044548,0.82745,0.21974,0.0036025,0.00035065,0,5.9628e-05,7.7983e-05,0,2.9176e-06,26.297
0.00026064,1.5937e-05,0.00014867,0.14292,0.0043465,0.12711,0.14787,0.006232,0.00096601,0.0057327,0,3.8615e-05,0.025395,0.0038394,29.127
0.0066881,0.0053775,0.047934,0.15403,0.0019061,0.11247,0.00092675,3.4869e-05,0.00010334,0.00034352,0.013967,0.00012587,0.00023788,0.0063461,29.377
0.00020784,0,1.7469e-05,0.0046578,0.00031514,0.012405,0.10472,0.053049,0.14118,0.19596,0.79667,0.031553,0.001896,3.2398e-05,27.466
8.0322e-05,0,6.6361e-06,0,1.6144e-05,7.442e-05,0.00012624,0.00014879,0,0.05261,0.77724,0.034728,0.0025142,3.7824e-05,28.428
5.6476e-05,0.0072662,0.025851,0.14959,0.014861,0.18758,0.0010193,0.00054896,3.6169e-06,1.7405e-05,0.13981,0.00015871,0.00027241,0.0024016,29.034
0.00017412,0.0026712,0.0071156,0.13732,0,0.13246,0.0027653,2.359e-06,9.3696e-06,0.0017147,0.0067535,4.3994e-06,0.00023846,0.0058224,29.447
7.6386e-05,0.00069104,9.5477e-07,0.0073264,0,2.8272e-05,0.076177,0.0047377,0.036252,0.067016,0.22857,0.018817,0.022849,0.00078765,29.237
0.00018216,0.040735,0.057165,0.21183,0.047436,0.14319,0.15329,6.6414e-05,0.00018648,7.3038e-05,0.0050061,1.5225e-05,0.00013493,0.0061591,29.291
0.00010092,5.5616e-05,1.9166e-05,0.00010232,0.00053318,2.8272e-05,0,1.0326e-05,0.0022542,0.00016993,0.25853,0.03875,0.035506,0.00080372,29.473
0.00014262,0.001484,0.10489,0.77965,0.061937,0.82923,0.15291,0.00091759,0,0,0.11092,5.3351e-05,0.00086346,0.00083179,26.082
0.00018609,0.00021101,0.0017921,0.13886,8.7644e-07,0.86021,0.12297,0.0035879,0.0060795,0.0039506,0.12475,0.0042826,0.0038868,0.0028015,27.534
0,0,0.0019221,0,1.6874e-09,0,0.00052895,0,2.9165e-05,6.5023e-05,0.00071924,0.028952,0.0025929,0.22698,29.543
0.0014171,0.00019478,0.0031202,0.13821,9.1441e-08,0,0.00013325,0,0,0.0031467,0.010737,0.00034182,0.024674,0,29.682
2.3902e-05,0.044268,0.058124,0.22357,0.04646,0.14648,0,0.00079089,0.00019138,7.3591e-05,0.00010897,0.00021436,0.00013493,3.565e-06,29.151
3.0627e-05,0.23264,0.0029971,0.14206,0.006857,0.1485,0.14004,0.00094583,0.0025468,0.0057379,0.12496,0.011347,0.0098007,0,28.446
0.0016028,0,0,0.14099,0,0.013861,0.0055346,0.00079928,0.00018546,0.00019945,0.066178,0.00034949,0.00013098,0.020058,29.57
9.4599e-05,0,0.0030046,0.78566,0.073863,0.20862,0.81844,0.0068589,0.0029467,0.021248,0.0011534,0.00056963,2.0852e-05,2.4486e-05,26.364
0.0014415,6.6744e-05,0.0013411,4.1657e-05,2.2324e-07,0.02573,0.15044,3.3569e-06,0.0006213,0.16958,0.27306,0.037194,0.027127,4.8572e-05,28.837
3.893e-05,0.12765,0.057946,0.039901,0.0021771,0.00034881,0,0.0015292,0.0011648,0,0.001691,3.5351e-05,0,0,29.615
8.413e-05,0.00017925,0.025851,0.14959,0.014861,0.14689,0.001799,0.047395,0.00036253,1.7405e-05,0.13981,0.045826,0.00027662,0.0024016,28.951
3.5396e-05,1.5791e-06,0,4.0752e-06,0.0011183,0,0.0025631,0.0068262,0,0.00023794,0.0081425,0.045989,1.9473e-05,0,30.172
0.0010711,0.0044694,0.0043293,0.1876,0.006688,0.12339,0.024288,0.0060229,0.0022803,0.00038111,0.21371,0.00031985,0.010914,0.0025455,28.921
0.00017375,0,0.0018816,2.5519e-06,0.00046109,0.14502,0.1712,0.0043163,0.00010272,0.031353,0.18344,0.0033318,0.00034477,0.00022484,28.957
8.6627e-05,1.6034e-05,4.8659e-05,0,1.4057e-05,0.14134,0.00047075,1.8347e-05,0.035806,0.0013032,0.0026147,4.5994e-06,0.025342,0.019086,29.618
4.1248e-05,0.0048079,0.13192,0.1885,0.004486,0.14037,0.014283,0,0.00052095,5.9076e-05,0.0020452,0.0097633,3.3022e-06,6.0805e-05,29.057
2.3798e-05,0,1.1348e-05,0,0.0010873,0.0018008,0,0,0.0032892,0.0036568,0,0.00036973,0.2326,0.043925,29.516
3.893e-05,0,0.058772,0.039519,0.0011812,0.20771,0,0,0,0,0.001691,0.00056516,0,8.3691e-07,29.651
0.00018609,0.00021101,0.0018149,0.13968,8.7644e-07,0.76072,0.12297,0.0029371,0.0060795,0.012094,0,9.1673e-05,0.004302,0.0028181,28.11
2.1779e-05,0,0,5.5706e-05,0.00080836,7.4679e-05,8.3643e-07,0.00094847,2.1991e-05,0,0.2543,0.048014,0.095471,0.00081255,29.353
0.00033488,0.0060451,0,0.18575,0.063704,0.19013,0.23266,0.0001766,0.00153,0.002692,0,0.00022249,0.00023318,3.7204e-08,28.735
4.2437e-05,0.12652,0.057165,0.21121,0.045422,0.15256,0.15329,0.00018943,1.9814e-07,7.2778e-05,3.8108e-05,1.3067e-05,1.1431e-05,3.7243e-05,28.603
0.00017934,0,0,0.10793,0.0065087,0.015037,0.00012624,0.00014879,0.00070265,0.0033134,0.16822,0.034728,0.0052345,1.9936e-05,29.385
0.0011667,0.13285,0.0053476,0.78604,0.073117,0,0.22426,0.0016141,0.0011815,0.00012714,0.00091314,4.0696e-05,0.0002284,2.2902e-05,27.809
1.838e-05,1.9004e-05,0.00066323,0,1.7806e-06,7.392e-05,5.3672e-06,0.00095606,2.3796e-05,0.0042204,0.78644,0.03812,0.096747,2.2276e-05,28.277
8.6848e-05,5.6001e-06,1.0046e-06,0,0.00042985,0.14017,0.20342,0.074056,0.035779,0.058773,0.16677,0.03226,0.004259,0.00080434,28.692
9.7117e-05,6.6259e-05,0.24832,0.11506,0.046568,0.78221,0.21769,1.5616e-05,4.6509e-06,0,0.0018898,1.5966e-06,3.3107e-06,3.4269e-05,27.408
5.1923e-05,6.2724e-05,0,0.24521,0.1447,0.82899,0.11392,0.0072766,5.052e-06,0,0.0050356,8.1553e-06,6.8729e-06,1.6246e-06,27.557
0,0.037819,0.082143,0.21976,0.045275,0.16273,0.15231,0.0033376,0.0020621,0.0061878,0,1.7423e-05,0.00039636,3.7239e-05,28.694
0.0020729,0,0.0018033,0,0.00057292,0.070819,0.15301,0.0061022,0.0072485,0.0043351,0.24041,0.10893,0.053774,9.0135e-06,28.966
0.0010971,0.00013769,0.0043412,1.4674e-05,4.0237e-05,0.81121,0.83033,0.10922,0.083064,0.0048676,0.0055125,0,0,5.9788e-05,26.378
0.00015716,0.045397,0.0018601,0.21066,0,0.1389,6.6809e-06,6.0848e-07,0.0010506,0.00012831,0.004906,4.4552e-06,0.00020929,0,29.257
3.4301e-05,4.1135e-07,2.4463e-05,4.2303e-06,0,0,0,0,0,0.00022806,5.7566e-06,0,0,0,30.948
0.0020289,2.5033e-05,0.0037884,0,0.00020711,0.14522,0.18981,0.0061022,0.0072485,0.10883,0.24031,0.015178,0.052469,0,28.67
1.0342e-05,1.5668e-06,0.045119,0.24695,0.041275,0.80336,0.22829,0.049514,0.000118,0,0.0024564,0,0.00025551,0.00085793,27.386
0.0020607,0.001163,0.0038735,0.0023786,0.00071965,0.23487,0.79622,0.11337,0.0080132,0.0049838,0.16889,0.048131,7.4098e-05,5.3931e-05,27.392
4.1285e-05,1.5477e-05,0.13192,0.18853,0.13913,0.30307,0.013807,0,0,5.9076e-05,0.0020452,0.00021606,3.082e-06,5.1498e-05,28.692
0,0,0,0.0058469,0.00054613,0.14504,0.17076,0.034156,0.033425,0.029839,0.18096,0,0.0028432,0.00024338,28.892
1.9062e-05,2.2495e-05,0.00066323,0,1.7806e-06,7.392e-05,5.2951e-06,0.00095606,2.3796e-05,0.10771,0.78644,0.03812,0.0024364,2.2276e-05,28.268
1.1669e-05,0.0049208,0,0.075202,5.2313e-05,0.13482,0,0.0065186,1.7713e-05,8.8182e-05,0.014538,0.0099192,0,0.0025828,29.673
4.4825e-05,0.0012338,0,0.10289,0.043386,0.233,0,0.0001766,0.00153,0.00088164,0.052753,0,0.0016484,3.7204e-08,29.258
7.6386e-05,5.4225e-05,0,2.4951e-05,0.0013047,0.0049475,0,0.00096201,0,0.17408,0.2385,0.03736,0.029363,0.00079827,29.135
0.00021742,0,1.7169e-06,0.19223,0.0024684,0.21423,0.20999,0.00053221,0.00021147,0.0015335,0.16492,0.00024436,0.0026789,0,28.478
0.0002039,0.00033817,0.00038309,0.0095879,0,0.00021181,0,0.00086165,0.029527,0.16981,0.19971,0.049376,0.0016441,9.645e-05,29.148
5.1923e-05,6.2724e-05,0.00032028,0.23608,0,0.82899,0.11392,0.0041768,5.052e-06,0,0.0050288,1.2351e-05,4.9545e-05,1.6246e-06,28.319
0.00018375,0.0061149,0.0039343,0.005497,0.060336,0.13702,0,0.011173,0,0.0017098,0.001156,6.5164e-07,0.00024874,0,29.61
7.4846e-05,0,0.00035938,0.13548,0.00043866,0.19995,0.26129,0.12052,0.10595,7.8271e-05,0.16332,0.012944,5.1558e-05,0.0017614,28.155
0.0010946,0.039744,0.058124,0.21455,0,0.00035045,0,0.11515,0.0010946,7.2551e-05,0.0011766,0.00013263,0.00012996,2.5423e-05,29.255
8.3897e-05,5.8899e-05,3.2093e-05,0.17508,0.00054201,0.015957,0.013944,0.011766,0,0.08216,0.063381,0,0.029279,7.7592e-05,29.334
7.6855e-05,0.00018519,0.063353,0.11835,0.00042033,0.0067099,0.218,1.5616e-05,0.039534,0,0.00035451,0,3.3107e-06,0,29.209
0.00010092,0.00043755,1.9016e-05,0.18155,0.00053318,0.22642,0,0,0.0022542,0.00016993,0.25853,0.00065257,0.0022555,0.00080372,28.79
2.5936e-05,1.3447e-06,0,4.07e-06,0.0011592,0,0.0025642,0.0068365,0,0.010542,0.17176,0.044168,6.8854e-05,6.1771e-05,29.577
7.6193e-05,1.6712e-05,0,0.0084532,0.046741,0.21434,0.79766,0.11401,0.040752,0.0031422,0.16643,4.2893e-06,6.8017e-05,0,27.362
0.0002039,3.1888e-06,0.0001661,0.012383,0,0.016634,0.04341,0.064305,0.029527,0.17,0.19971,0,3.405e-05,9.301e-05,29.077
7.0935e-05,2.6907e-06,0.00069567,0.0043861,0.00054478,0.14882,0.80929,0.027986,0.040135,0.11217,0.76665,0.035581,0.037256,5.2644e-05,26.376
4.8335e-05,0.0022471,1.9018e-05,0.14189,0.00054566,0.18743,0.15418,0.0023182,0.029166,6.4904e-05,0.0027748,0.033597,0.0010546,0.00024958,28.954
1.0758e-05,0,0.00069058,0.18022,0.061051,0.23267,0.15282,0,0.0013628,2.4675e-06,0.053707,0.00039081,0.00086256,0.00043855,28.743
1.0758e-05,3.4288e-07,0,0.18022,0,0.2145,0.22408,0,0.0013628,0.00017029,0.00091459,0.00038887,0.0010573,0.00043855,28.816
8.651e-05,5.7191e-05,0,0,0.00054201,0.030018,0.0041479,0.011766,1.9607e-05,0.083168,0.77599,0.053027,0.0017131,0.00024332,28.471
2.2417e-05,2.3933e-06,0.0005126,0.15693,0.00048427,0.7833,0.78672,0.015874,0.0067647,0.0054643,0.022462,0.014139,0.0023141,0.0033624,26.878
8.6441e-05,0,0,0.00092914,0.00081649,0.0032606,0,0.00094674,0,0.084966,0.050583,0.048244,0.10676,2.2956e-05,30.384
1.9842e-08,0.094446,0.00037299,0,4.3314e-06,0.21392,0.20559,0.035532,0.056404,0.0039555,0.19883,0.00031578,4.5541e-06,0,28.504
1.8402e-05,0,3.7979e-07,0.0074065,8.2085e-07,0.19968,0.75434,0.10145,0.083021,0.19733,0.1682,3.5844e-05,0,0.0024345,27.244
0.0011145,0.0009809,0.00066323,0,1.6565e-06,7.2858e-05,5.3672e-06,0.00094617,2.3796e-05,0.0042204,0,0.037308,0.09442,2.2276e-05,29.78
8.1684e-05,0,6.5803e-06,0.10793,0.0064853,0,0.00012624,0.00014879,0.00035981,0.0005806,0.13195,0.034728,0.0025142,3.8067e-05,29.497
7.671e-05,3.4834e-05,0.0012041,0.0059785,0.00056521,0.14834,0.2212,0.11259,0.15633,0.17245,0.82213,0.00063483,6.6301e-05,0.00028802,26.778
0.0015238,0.00038983,1.1862e-05,0.0031063,0.00025523,0,0,0.00016099,0,0.00080553,0.17072,0.030729,0.023852,0.0013925,29.584
2.6473e-05,3.6654e-05,0,0.0021793,0.00046257,0.14162,0.84975,0.11323,0.15633,0.092458,0.73767,0.00029052,0.0021934,0.00032502,26.161
0.001484,5.7354e-05,1.7716e-05,0,0.000236,0.00043344,0,0.0012456,0,0.083178,0.18301,0.030852,0.00019982,0.017681,29.432
0.00010437,0.033098,2.5457e-05,0.19911,0.0026322,0.21151,0.15686,3.8391e-05,7.018e-05,8.3078e-05,0.0047549,4.2893e-06,0.0013556,0,28.851
2.6589e-05,0.00052155,0.0012301,0.005979,0,0.051818,0.77454,0.11246,0.14157,0.11463,0.78495,0.00065825,6.41e-05,5.1187e-05,26.307
7.671e-05,5.4293e-05,0,0.0056826,8.71e-07,0.222,0,0.03422,0.15717,0.10819,0.80924,0.00021913,0.0016407,0.031002,27.434
0.00020415,1.749e-05,0.0012208,0.0036792,0.00059744,0.054076,0.16496,0.032737,0.059113,0.047286,0.78503,0.0026646,6.4165e-05,5.3004e-05,28.489
1.0799e-05,8.1909e-07,0,0.21227,0.044112,0.21683,0.82494,0.038927,0.053105,0.0010292,0,0.002599,0.0023232,2.4646e-06,27.342
1.7293e-05,3.7572e-05,0.017861,0.0051622,0.0071791,0.25655,0.80555,0.11448,0.10592,0.11219,3.2089e-07,0.00056267,0,5.1955e-05,27.339
8.3866e-05,2.3177e-05,0.00032829,0.18855,0.044708,0.18043,0.22333,0.033402,0.049104,0.058784,0.18476,5.7672e-06,2.4681e-07,2.7094e-05,28.22
8.0687e-05,2.7096e-05,0,0.17377,0.00020272,0,0.15396,0.051506,0,0.062805,0.17827,0.031465,0.068388,0.02376,28.674
4.3037e-05,3.6654e-05,0.0056354,0.2375,0.0010694,0.79064,0.21765,0.11373,0.15633,0.051404,0.79852,0.00022326,3.0303e-05,0.00032864,25.681
0.00018581,0.005605,0.14105,0.19992,0,0.14717,0.15097,3.8139e-08,9.8365e-06,0.0016741,0.1522,3.8911e-06,3.5488e-06,0.0085833,28.423
2.2845e-05,5.9111e-05,7.905e-06,7.3949e-05,1.7806e-06,0.035149,5.2951e-06,0,0.13803,0.10771,0.78644,0.03812,0.026003,2.1445e-05,27.922
1.7882e-05,5.3473e-06,6.9275e-08,9.396e-05,0.00035535,0.021845,0.15489,0.11314,0.10216,0.067377,0.25195,0,5.2209e-05,0.00025967,28.735
4.3343e-05,3.6654e-05,0.00048647,0.15356,0.00046257,0.22144,0.83185,0.11323,0.15633,0.03974,0.0065985,0.00023012,7.2353e-05,0.0003154,27.049
1.9571e-05,0,0,0.2005,0,0.0070338,0.20867,0.12181,0.00021147,0.0031771,0.16642,0,0.00025147,2.2768e-10,28.633
0.00017822,4.8277e-06,0.0016196,0,0.088203,0.0060178,0.00092993,0.003515,1.5594e-05,0.081896,0.81326,0,0.0026816,0.00022333,28.093
1.0937e-05,0.00032624,3.1339e-05,0.18944,0.00010389,0.0071383,0.00092993,0.051203,1.5923e-05,0.00010738,0.79783,0,0.018531,1.21e-06,27.983
0.00018257,0.039662,0.27411,0.15052,0.091469,0,0.0015236,2.2293e-05,0,5.584e-05,0.019264,0,0.00013913,0,29.07
0.0015426,6.2285e-07,0.0024895,0.043872,0.0065333,0.2984,0.00084428,0,0,8.9796e-06,9.9604e-05,4.4366e-05,0.023559,0.00030436,29.504
8.0322e-05,5.3564e-06,1.6079e-07,0.10793,0.0065087,0,9.5379e-05,0.00014879,0.10738,0.052138,0.1704,0.034484,0.0025142,0.00024127,29.139
1.6167e-05,3.8337e-05,0,0.14549,0.00080775,0.81936,0.15526,0.033723,0.063546,0.0063247,0.0087539,3.5413e-07,0.00092984,0,27.613
0.0001815,6.2724e-05,0.0038967,0.23608,0.010063,0.13148,0.10892,0.0041768,5.052e-06,2.0459e-05,0.0048716,1.2351e-05,0.00024601,1.5791e-06,29.71
7.575e-05,0,0.0029677,0.14185,0.00037269,0.14851,0.14755,0.00094583,0.0018728,0.054459,0.16743,0.0025727,0.016579,0.00015585,28.7
2.2845e-05,5.9111e-05,0.020236,7.3949e-05,1.7806e-06,0.032082,0,0,0.13803,0.10591,0.78644,0,0.026003,0.005777,27.953
4.3025e-05,0.0024113,0.25631,0.24135,0.072237,0.82901,0.025868,0.0036633,3.7085e-05,7.1807e-05,0.0050633,0.00058941,0.00024684,1.3307e-06,27.332
0.0010642,0.00013559,0.0044178,0.21236,0,0.21683,0.82222,0.0046151,0.086516,0.032594,0.18612,0,0.0027098,0.0002269,26.973
0.00019702,0.00054881,1.7122e-06,0.0012476,9.5806e-05,0.7357,0.21413,0.048252,0.051975,0.0053398,0.17241,0.00268,0.00015841,0.00015939,28.215
0.00020348,0.0003522,4.3666e-05,0.0045961,0.00019721,0.0019563,0.062935,0,0,0.00024308,0.19183,0.030626,0.0017332,5.0956e-05,29.988
0.00010638,0.0057205,1.6079e-07,0.10793,0.060246,0,9.5379e-05,0.00014879,0.00095688,0.052138,0.1704,0.034484,0.0025406,0.012037,29.231
1.6167e-05,3.8337e-05,0,0.1452,0.00080775,0.81936,0.82713,0.033723,0.062318,0.0063247,0.0087519,3.5413e-07,0.00095019,0.00032219,26.273
2.0614e-05,4.3588e-05,0,0.001696,0.0013274,0.86844,0.84853,0.12281,0.0010969,0.18647,0.23817,0.0036313,3.2989e-05,0.0008351,26.074
1.6083e-05,5.6975e-05,2.2411e-07,0.0043118,1.9869e-05,0.8595,0.84853,0.12446,0.059786,0.19534,0.8229,0.087454,0.00093783,0,24.109
1.0799e-05,0.00044408,0,0.21227,0,0.21683,0.82494,0.028843,0.096537,6.8526e-05,0,0.00065773,0.0022577,2.4646e-06,27.328
0,0.00022192,0.011358,0.1507,0.0057593,0.75483,0.15282,0,0.00022378,0.0035776,0.14946,0.0096218,5.7896e-05,0.0033785,27.752
0.0002039,0.0006713,0.0054653,0.010024,2.3624e-05,0.22656,0.22424,0.064206,0.029527,0.17099,0.20004,0.00054786,3.3958e-05,2.532e-05,28.494
0.0014926,0.04683,0.13676,0.22561,0.051091,0.13892,0.00048192,0.00016926,1.004e-05,7.1942e-05,0.0077451,4.4552e-06,0,0.0042457,28.889
0.0013949,0.00018534,0.0028539,0.78315,0,0.20583,0.81844,0.0067817,0,0.021648,0.0011534,0.03047,0.024636,2.4486e-05,26.436
3.0441e-06,2.3326e-05,0.00030505,0,0,0.30029,0.19054,0.011294,0.085795,0.086113,0.1907,0.015384,0.0028144,9.5992e-05,28.584
0.00020344,4.7881e-05,1.9416e-06,0.1871,0.041273,0.80535,0.83029,0.0022411,0.080905,0.015985,0.00069422,0.0065501,1.9514e-05,5.9788e-05,26.624
2.0991e-05,5.6943e-05,0.00010051,0.10623,0.00019507,0.0038355,0.00011654,0.011706,0,0.082114,0.18393,0.052139,0.00022357,0.00024493,29.206
0.00019468,0.043519,0.0075455,0.21089,0.22902,0.13575,0.15237,0.00064492,4.0139e-06,0.00055734,0.001794,0,0.0002206,0.014955,28.521
2.5587e-05,3.6372e-05,6.6361e-06,0.0045331,0.00066614,0,0.00012624,0.00014879,0.00070265,0.052804,0.22,0.034728,0.002198,0.00032806,29.465
1.0937e-05,0.00031388,3.0664e-05,0.20133,0.00010389,0.14744,0.00092993,0.12505,0.00033572,0.00010738,0.15165,0,0.018064,1.21e-06,28.765
4.3343e-05,0,0.0056354,0.18072,0.00023465,0.22043,0.2212,0.11359,0.15633,0.051404,0.046575,8.6721e-05,7.2353e-05,0.00032864,28.142
4.3257e-05,0,0.030263,0.1885,0.060892,0.19607,0.23266,0.11225,0,0.0016218,0.1883,0.00054338,0,0,28.885
0.0011565,0,0.0018816,0.75161,0.071944,0.83364,0.83373,0.003627,0.00010272,0.032087,0.17245,0.0033318,0.00034477,0.00022397,24.864
0,3.699e-05,0,0.15167,0.044034,0.8047,0.85788,0.11649,5.911e-05,0.020216,0.0066673,0.00021657,2.4914e-06,0.00031852,26.116
0.0010898,0.00013769,0.0043155,1.6871e-05,0.00079452,0.81121,0.83033,0.10922,0.083064,0.0048676,0.0055125,0.048898,0,5.9788e-05,26.307
0.0011346,0.0009809,0.00066323,0,0.00010415,7.2858e-05,5.3672e-06,0.051222,0,0.084073,0,0.037222,0.092743,3.3718e-05,29.666
4.3732e-05,6.2367e-05,3.1339e-05,0,0.00010389,0.0071383,0.11384,0.051203,0,0.083066,0.81326,0.054098,0.0021841,8.8379e-07,28.05
0.00020415,0.00052869,0.0010823,0.0059574,0.00055156,0.055965,0.78277,0.032747,0,0.096847,0.74484,0.00086792,0.0025234,0.023844,26.936
4.0921e-05,0.00094857,0.00065079,0,0.043244,7.2858e-05,0.20748,9.5461e-06,2.3796e-05,0.0042204,0,0.0030889,0.09442,2.2319e-05,29.368
1.6291e-05,3.6944e-05,0.00030723,0.00028957,0.042807,0.30126,0.2003,0.033042,0.063461,0.0039175,0.0088293,0,0.00092984,5.5157e-12,29.113
4.3597e-06,8.6637e-06,0,0.005358,0.00014463,0.15846,0.19858,0.035967,0.085708,0.10946,0.78999,0.00081115,0.00040571,4.4122e-06,27.75
4.3037e-05,3.5896e-05,0.0056354,0.2386,2.5003e-05,0.79064,0.21765,0.11373,0.036547,0.052034,0.79852,0.00022326,3.0303e-05,2.5594e-06,25.815
5.1953e-05,4.7881e-05,2.5664e-06,0.1871,0.04322,0.80535,0.83029,0.00015279,0.030386,0.015985,0.00069422,0.0064376,0,5.9788e-05,26.267
0.00020883,3.3449e-05,0.0012169,0.010059,0.039446,0.76171,0.77338,0.0083434,0,0,0.0017292,0.00058925,6.2841e-05,5.3787e-05,27.142
0.0010971,1.6451e-07,0,1.4233e-05,4.0237e-05,0.81121,0.83672,0.10922,0.083064,0.1455,0.0055125,0,0,0.00025735,26.086
0.00011821,0.0005979,0,0.0059419,0.00021596,0,0.00048019,0.00081975,0.00018664,0.04823,0.76069,0,0.00013536,0,28.575
0.0010971,0.00021126,0.0043412,1.4674e-05,4.4146e-05,0.81121,0.80485,0.10922,0.083064,0.0048676,0.0055125,0,0.004307,5.9788e-05,27.895
9.698e-06,2.3986e-06,0,1.6428e-05,0.00024284,0.15116,0.00030049,0.0081686,0,0.030697,0.21332,0.052179,0.024388,0,29.373
0.00018609,0.00021101,8.5978e-05,0.1397,0.00078998,0.82499,0.12297,0.033709,0.0061479,0.0064146,0.0089656,9.6073e-05,0.00090824,0.0027738,28.13
0.00018295,7.6e-05,0.001893,0.0002375,1.6925e-09,0.13213,0.0027653,2.2943e-06,9.3696e-06,0.0017147,0.00081163,4.3994e-06,0.098144,0.0058224,29.636
8.9907e-05,0,0.020446,0.1386,0.033722,0.23049,0.21823,0.015163,0.03624,0.0063903,0.23914,0,1.1169e-05,2.5529e-08,28.518
0.0045288,0.00012023,8.4412e-05,0.14262,0,0.09211,0.21839,1.2408e-05,9.0372e-06,0.0069183,0.15352,0.00021415,0,0.0029051,28.826
0.0019835,0.23142,0.00036948,0,0.00056869,0.14317,0.21147,0.0061022,0.0025593,0.0042838,0.12469,0.029354,0.022628,0.016882,28.555
0.00019468,5.6664e-05,0.13114,0.18614,0.04161,0.8608,0.22729,0,0,6.9789e-05,0.011399,4.4552e-06,0.00020818,0.00021387,27.199
1.5111e-05,0.001225,0,0.0024547,0,0.22407,0.20943,0.11546,0.0033399,0.10329,0,0.049378,0.00081828,5.3238e-05,28.705
0.00026078,0,0,0.18715,2.5417e-06,0.14688,5.2814e-06,0.0071441,0.039742,0,0.21354,9.7478e-05,0.043892,0.00052739,28.813
4.5124e-05,0.002232,1.8863e-05,0.15322,0.00054566,0.18795,0.17746,0.00024094,0.033883,0,0.0027748,0.0015119,0.0010546,0.00024958,29.504
1.7287e-05,5.9111e-05,0,0.0059286,0.00057022,0.20021,0.83825,0,0.13803,0.13824,0.77755,0.037275,0.026003,2.1445e-05,25.854
0.0011667,0.00098881,0.25545,0.80543,0.072121,0.21085,0.20887,0.0001245,0,0.00012374,0,0.00057048,0.0002284,3.4186e-06,27.118
6.3434e-05,0,0.12881,0,0.042988,0.23815,0.87268,0.045735,0.089756,0.030643,0,0.00063857,0.0011709,5.9891e-05,28.068
0.00021742,0,1.7169e-06,0.19223,0.045634,0.21409,0.20999,0.00053221,0,0.0017095,0.16119,0.00024413,0.0026789,0,28.423
4.0845e-05,0.00021084,0.13192,0.013529,0.16476,0.13016,0.013807,0,0.0032489,5.6119e-05,0,0.00021606,3.3022e-06,0,29.458
0.00016671,0.0047564,0.00043254,0.20991,0.0022555,0.15945,0.15322,0.11218,0.0056236,0.063838,0,0,0.011042,0.0025047,28.639
0.0010095,0.0045683,0.00087225,0.13919,0.048369,0.72086,0.80196,0,4.3899e-06,1.4156e-05,0.00033535,0.00031673,0,3.4725e-05,27.01
0.00019811,0,0.00016063,0.15508,0.04404,0.17553,0.21915,0.052687,0,0,0,0.00052305,9.5915e-05,0,30.645
7.6445e-05,0.0048307,0.010076,0.86449,0.06035,0.19921,0.11922,0.00025618,0.00054991,0.0051763,0.12906,0.0099386,0.0040206,0.00042132,27.313
2.3685e-05,5.775e-05,3.1339e-05,0,1.3875e-06,0.0071383,0.00092993,0.00092671,2.4272e-05,0.003214,0.81326,0.053113,0.003861,0.00028723,28.298
4.0406e-05,0,0.0017754,0.002017,0.032491,0.24307,0.21802,0.018515,0.0068608,0.084454,0.81034,0.045875,0.0019041,4.5102e-05,27.279
7.5604e-06,5.2667e-06,0.0056809,0.00064565,0.0025353,0.16569,0.14738,0.052671,0.052263,0.021787,0.15774,8.3974e-05,4.7067e-05,0,28.876
0.044097,0.027187,0,0.21118,0.0010444,0.21683,0.84872,0.028843,0.16035,0.014448,0.22897,0.00039031,0.0023147,0.00032861,27.017
0.00019661,0.002232,1.8238e-05,0.15322,0,0.18795,0.17746,0.0023293,0.084402,0,0.0027748,0.0016244,0.001082,0.00024958,28.816
0.0011145,0.00096142,0.00066323,0,1.6565e-06,7.2858e-05,4.4549e-06,0.0009428,0,0.0042204,0.022025,0,0.09442,0.00049153,29.801
0.00018735,0.11169,0.058004,0,4.4887e-05,0.00034881,0,0.00089139,2.484e-05,7.2524e-05,0.001177,0.0001281,0.00013147,0,29.727
0.0020289,2.5033e-05,0.14138,0,0.00020711,0.14522,0.18948,0.0060512,9.3347e-05,0.10883,0.24031,0.00036881,0.052469,0.00041356,28.607
8.2986e-05,0,0.0056354,0.15691,0.00023627,0.15085,0.22105,0.11359,0.15633,0.051547,0.049899,0.031108,0,0.00032864,28.255
0.001467,0.0024985,0.011577,0.043532,0.00030849,0.00022579,0,0.03485,0.00018427,7.464e-05,0.0041658,0.0092184,0.00014614,0.0035917,29.86
0.00016572,5.4086e-05,0.0002011,0.0048682,0.032565,0.18847,0,0.018307,0.087494,0.086789,0.79896,0.005859,0.001889,1.8326e-07,28.143
4.1995e-05,0.12774,0,0.21121,0.045422,0.83436,0.13376,0,1.9814e-07,7.2778e-05,3.8108e-05,1.3067e-05,0.0010196,3.781e-05,27.365
0.0011565,0.007108,0.0018816,0.79442,0.070429,0.83364,0.83373,0.0060215,0.0001143,0.00058249,0.17245,0.0033318,0.25799,0.00020008,24.523
0.00010641,0.0060981,0.0054766,0.22448,0.0010154,0.78709,0.21765,0.032892,0.16413,0.084637,0.78165,0.015103,0,9.6846e-05,26.134
0.0011565,0,0.001917,0.15233,0.0068012,0.82676,0.83373,0.0036345,0.00010272,0.032087,0.17245,0.034571,0.00034477,0.00022397,25.934
7.1274e-05,6.8201e-05,0.03228,0.11575,0.049327,0.7879,0.20992,0.0015851,0.00014724,0.005667,0.0018908,6.842e-05,0.0017748,3.425e-05,27.962
0.0001035,0.00012294,0.062699,0.71951,0.045395,0.77772,0.20376,0.0041251,0.0034893,0.006911,0.15411,0.00021584,0.001046,0.0029334,27.912
4.3192e-05,2.7039e-06,0.00069567,0.00019869,0.00054478,0.14882,0.21804,0.11435,0.04014,0.051957,0.76693,0.035501,0.037256,5.2644e-05,27.668
2.7769e-05,8.0213e-06,0,0.21227,0.0021795,0.21683,0.84347,0.02906,0.089363,0.01418,0.74379,0.0003611,0.0023147,0.00028563,26.053
6.1816e-05,0.00021123,0.0043412,1.4674e-05,0.0002292,0.81121,0.80485,0.10937,0.081672,0.0048676,0.013924,0.030296,0.004307,0.00024525,27.733
0.00018609,0.00019836,0.0017224,0.18097,0.0014188,0.73356,0,0.11824,0.14927,0.012094,0.0013425,8.664e-05,0,0.0028991,28.105
9.9616e-05,0,0,0.17157,0,0.14688,5.2814e-06,0.03512,0.039742,0,0.0050049,9.7478e-05,0.00083321,0.00049657,29.262
0.00021113,0.00052155,0.0013176,0.145,0.0059051,0.055965,0.14765,0.0084361,0,0.26273,0.15041,0.00064952,0.003713,0.023844,28.659
0.00016572,3.5529e-05,1.9035e-05,0.0046748,0.00055985,0.18847,0.0020001,0.0017241,0.087842,0.1757,0.79891,8.1958e-05,0.00058235,0,28.468
9.9907e-05,0.00028369,0.00022773,2.1442e-05,0.00039483,0.15517,0.22613,0,0.030096,0.004074,0.16972,0.028558,0.016083,0.018044,28.875
1.3467e-06,0.039692,0.27411,0.15163,0.0016669,0.15386,0.80195,0.00033692,0.0010979,0.0059304,0.012595,0.0093133,0.00013913,5.0728e-06,27.337
9.3734e-06,5.4727e-05,0.011102,0.012107,0.00046257,0.22205,0.15437,0,0.15633,0.0053532,0.00046448,0.00017523,7.2353e-05,5.7743e-05,29.473
0.0011894,0.040333,0,0.2218,0.072326,0.82831,0.82939,0,1.7546e-05,0.015778,0.0049242,0.0015892,0,0.0060538,26.073
7.465e-05,2.059e-05,0.00065567,0.0042331,0.00032024,0.0070641,0.20534,0.050774,0,0.20001,0.79667,0.0027783,0.0025894,1.4296e-05,27.591
1.7293e-05,0,0.017983,0.21611,0.0071791,0.25655,0.80555,0.11213,0.10592,0.11224,3.2089e-07,0,0,2.1228e-05,26.941
8.6161e-06,0.048287,1.055e-06,0.1757,0.00053085,0.87343,0.20327,0.00076468,0.052421,0.10303,0.22252,0.029709,0.0081799,9.1601e-05,27.206
2.6473e-05,3.6654e-05,0,0.17965,0.00046257,0.13819,0.18853,0.11316,0.08628,0.092458,0.79915,0.015312,0.0021934,0.00032502,26.912
0.00020784,0,1.7469e-05,0.79087,0.00031514,0.012405,0.10472,0,0.14118,0,0.79667,0.03171,0,2.5066e-05,26.415
7.6386e-05,0,2.6781e-09,0.024094,0,2.8272e-05,0,0.00093191,0.03646,0.091311,0.86037,0.0011797,0.0022779,0.00078368,28.093
2.0614e-05,1.5783e-05,0,0.0056881,0,0.90689,0.84853,0.12281,0.058984,0.19534,0.78543,0.00022506,0,0,24.504
0.00013845,0.00038647,0,0.096965,0.00023577,0.0022696,0,0,1.7713e-05,3.8635e-06,0.13062,0.0059327,0.00025273,0.0025507,29.563
2.7235e-05,0.00052155,0.00011196,0,7.6762e-05,0.15823,0.8008,0.00061931,0.10259,0.050164,0.78488,9.7789e-05,0.00019753,0.024967,26.489
9.0401e-05,0,0.0042808,0,0,0.013835,4.428e-06,0.00056659,0.078508,0.0042307,0.81469,0,0.0050636,1.0895e-07,28.334
2.3798e-05,4.7545e-05,0.0015108,0,0.0010873,0,0.21857,0.0011311,0.0032892,5.573e-07,0.0092258,0.00037294,0.25012,0.0011315,29.234
0.00020607,1.3666e-05,0.0010823,0,1.4074e-05,0.055965,0.78277,0.032747,0,0.051142,0.19829,3.3622e-05,4.8093e-06,0.023844,28.543
7.4428e-06,2.5195e-06,1.0018e-06,0.00039229,0.046237,0.0097442,0.79766,0,0.040752,0.0011511,0.83232,0,0.003322,9.1473e-05,26.65
0.0011688,1.3188e-05,0.25544,0.78566,0.073156,0.20645,0.22426,0.00011029,0.0070484,0.00012374,0.0016532,0,0.00023439,2.3738e-05,27.379
1.662e-05,5.6949e-05,1.9035e-05,0.0046575,0.00055985,0.24975,0.85352,0.0022492,0.087494,0.11216,0.79891,0.00053385,0.00058235,2.3678e-06,25.957
0.00010092,5.5556e-05,1.9166e-05,0.00010232,0.00054351,2.8272e-05,0,7.1688e-06,0.0022542,0.00016993,0.81359,0.03875,0.004129,0.00048778,28.99
4.3949e-05,3.5254e-05,0.0051718,0,2.5003e-05,0.78703,0.15629,0.039355,0.036223,0.047618,0.79879,0.00022326,3.0303e-05,2.5594e-06,26.524
0.00020564,0.040735,0,0.21183,0.046673,0.14319,0,8.1422e-05,0,0.17251,0.0050061,1.5225e-05,0.0016788,0.0061591,29.935
0.002141,3.7856e-05,0.0037884,0,0.0019696,0.82316,0.86194,0.0061022,0.0072485,0.0043351,0.24041,0,0.052469,0,26.152
6.3486e-05,0,0,0.21512,0.22701,0.79807,0.87268,0.11406,0.0010975,0.032058,0.0016923,0.00052893,0.0010946,6.0177e-05,25.676
4.3343e-05,5.4727e-05,0.00048647,0.012107,0.00027599,0.22189,0.83185,0,0,0.03974,0.0084497,0.00053175,0.0031011,3.2389e-05,27.86
2.0597e-05,5.695e-05,1.7716e-05,0.0047503,0.00024286,0.0037505,0,0.011766,0.059275,0.086097,0.18619,0.053267,0.00020644,0.00023994,29.292
0.0011064,0.039033,0.010438,0.78566,0.073496,0.22536,0.014392,0.12817,0,7.1807e-05,0.00091344,0.00056763,0.00025703,0.00033426,27.662
0.00012924,0.0392,0.25551,0.7857,0.074135,0.82794,0.022682,0.0036516,0.00072835,0.054688,8.4433e-05,0.00058272,2.6775e-05,2.5769e-05,26.2
0,0.0011448,0.0038819,0.0038369,0.14326,0.82899,0.08632,0.0072766,0.00034444,0.0047821,0.0050356,8.1553e-06,7.4348e-05,1.6246e-06,27.983
0.0001194,5.3315e-06,0,0,0.00017115,0.16638,0.2248,0.077209,0.095093,0.051413,0.74527,0,0.002259,6.469e-05,27.642
1.9062e-05,2.2495e-05,0.00063058,0,1.7806e-06,7.392e-05,0,0.00095606,0.0029502,0.021928,0.0047707,0.03812,0.0023971,2.2276e-05,29.93
0.00014169,0.0014749,0.10769,0.19332,0.061937,0.14241,0.15291,0.00091759,0,0,0.11055,0.00010093,0.00086373,0.00053003,28.532
0.001022,0.041429,0.059137,3.5086e-05,0.0011032,0.00035045,0,0.013222,0,0,0.0011766,9.8059e-05,0.0018244,2.4746e-05,29.837
2.599e-05,0.00052155,1.1943e-05,0.0054982,0.00059946,0.15823,0.78469,0.03265,0.082038,0.19814,0.24901,9.7789e-05,5.7737e-06,0.024431,27.69
0.00017794,0,0.0042653,0.69668,0,0.014525,0.0033776,0.0005804,0,0.15126,0.81241,3.4256e-05,0.0050636,0.00048758,27.272
4.5009e-05,3.6654e-05,7.8215e-05,0.007528,6.0506e-05,0.79064,0,0.11373,0.16529,0.051404,0.79912,0.00017134,3.0303e-05,0.00032864,26.305
1.7537e-05,5.8963e-07,1.771e-05,0.82783,0,0.76171,0.01002,0.0020668,0,0.021392,0.0001314,0.00058925,0.00021048,9.3371e-05,26.952
0.0001035,0.00043474,0.062718,0.71978,0.047155,0.8259,0.79021,0.0036542,0.00065991,0.0063731,0.0025054,0.00011978,0.00098149,2.3362e-06,26.009
2.5217e-05,1.6065e-07,0.00078485,0.0010666,0.00057291,0.20853,0.80836,0.032924,0.052401,0.043501,0.79067,2.2691e-05,0.0044232,3.9531e-06,26.3
7.4835e-05,2.0738e-05,0.00065567,0.0045563,0.00032224,0.22049,0.22914,0.1108,0.15162,0.21563,0.79995,0.0027783,0.00016959,3.3459e-05,26.698
0.0020607,0.0001352,0.34363,0.66953,5.2868e-05,0.29976,0.79622,0.11337,0.0079984,0.0049838,0.17439,0,7.4098e-05,5.3931e-05,26.49
0.00020627,0,0.018871,0.15851,0.00032926,0.21197,0.10472,0.053049,0.14118,0.0057745,0.14059,0.00026706,0.001896,0.00025355,28.605
4.3037e-05,3.5896e-05,0.0056354,0.2386,2.1653e-05,0.79079,0.21765,0.11373,0.037747,0.052034,0.013597,0.00022326,3.0303e-05,5.4398e-07,27.601
7.782e-05,4.8301e-05,0.0017261,0.21512,0.23149,0.79807,0.87268,0.11406,0.0010975,0.00099951,0.0017491,0.00052893,0,6.0177e-05,25.735
7.5571e-05,3.5198e-05,0,0.00014798,0.045959,0.71566,0.79875,0.07664,0.095093,0.067422,0.73939,0,7.4847e-05,1.0659e-05,25.735
0.0011064,0.0392,0.25631,0.78566,0.070523,0.82515,0.022682,0.0036516,0.00072835,0.0062142,0.0086479,9.8924e-05,0.00024684,0.074802,26.641
0.00021464,0.078953,0.018931,0.10793,0.0065087,0.14842,9.5379e-05,0.00014879,0.10908,0.0072758,0.17039,0.031538,0.0025351,3.1065e-05,28.752
9.4604e-05,0,4.2293e-05,0.14682,0.10183,0.20708,0.21155,0.0069926,0.030182,0.029725,0.026443,0.029018,0,0,28.57
2.1031e-05,6.5916e-05,0,0.00016678,0.00080836,0.14377,0.20979,0.11689,2.1991e-05,0.10718,0.2543,0.047262,0.095471,0.00081616,28.408
1.6525e-05,0,0.057915,0.0043118,1.9869e-05,0.1777,0.86805,0.12545,0.059786,0.19534,0.8229,0.087454,0,0,25.357
1.7271e-05,0,0.017861,0,0.0072646,0.25707,0.80555,0.12083,0.10594,0.11219,0,0.00056267,0.030333,0.0018465,27.288
2.5587e-05,0,6.6361e-06,0.0045331,0.0067604,0,0.86173,0.00014879,0.00070265,0.052804,0.22,0.033687,0.002198,0.0026776,28.183
0.00020344,4.8597e-05,1.9416e-06,0.0055217,0.041496,0.80535,0.83029,0.0022411,0.080905,0.015985,0.00069422,0.0065501,1.7686e-05,0.0003457,28.066
4.3732e-05,6.2367e-05,1.728e-06,0,0.00010485,0.006422,0.20157,0.051414,0,0.083066,0.81326,0.054098,0.0022051,0,28.026
0.0042355,0.0059697,0.00033532,0.14282,9.7392e-05,0.09212,0.0027851,0,0.049429,0.0013248,0.15352,0,0,2.7854e-05,29.166
0.0045288,0,0.00010351,0.079215,0.0017595,0.078358,0.80485,1.2408e-05,9.0372e-06,0.0063534,0.0019108,0.00011702,0,0,28.376
0.0010711,0.0044694,0.0043293,0.13781,0.0066142,0.12339,0.8608,0.0054671,0.0315,0.18185,0.19978,0.00031411,0.011243,0.0026125,26.971
8.6161e-06,3.1289e-06,1.0217e-06,0.0099154,0.00053085,0.0049942,0.83111,0.00076468,0.16415,0.10366,0.0029588,0.030686,0,9.1601e-05,27.96
7.6047e-05,0.12891,0.0052397,0.80039,0.037121,0.21149,0.20867,0.0085124,0.00021147,0.0030636,0.17019,0.0002592,0.00022853,0,27.029
0.00019229,0.0069303,0.0034061,0.00052134,2.9984e-05,0.16002,0.13859,0.0060127,0,0.16797,0.14348,0.037367,0.25884,6.5136e-05,28.86
7.8433e-05,5.7354e-05,1.6917e-06,0.0047732,0.00032224,0.03899,0.20534,0.00048514,0,0.21403,0.79667,0.0027244,9.4409e-05,3.2628e-05,27.606
0.0011967,0.00098881,0.24131,0.79355,0,0.21085,0.20887,0,0,0,0.72337,0.00056357,0.0002284,3.4186e-06,26.376
4.3343e-05,1.2653e-05,0.0056354,0.14062,0.00023465,0.22043,0.2212,0,0.0071239,0.051404,0.046575,9.1754e-05,7.2353e-05,0.00032864,29.619
1.6292e-05,3.671e-05,2.2411e-07,0.0043118,0.042005,0.89401,0.84853,0.029842,0.063414,0.19534,0.8229,0,0.00092961,7.4235e-14,24.554
7.7544e-07,0,0,0.17216,0.22832,0.81289,0,0.046284,0.087497,0.030643,0.0032562,0.0090348,0.0011331,0.0032947,27.354
0.00017892,3.6649e-05,0.0055436,0,0.00010311,0,0,0.11351,0.15649,0.051206,0.14127,0.0010177,0,0.02274,29.092
0.001905,0,3.4627e-06,0.001557,0.12215,0.20708,0.21155,0.0069897,0.038986,7.9066e-05,0.12599,0.0017135,0.02269,0.016709,28.779
0.011478,0.00013769,0.0041553,0.00018788,4.0237e-05,0.81339,0.8178,0.10922,0.083064,0.030197,0.0047622,0,0.00020398,5.9788e-05,26.711
8.8036e-05,6.6659e-05,1.7469e-05,0.0038978,0.00031514,0.0092907,0.20973,0.11544,0.14118,0.19596,0.79253,0.047587,0.001896,2.8814e-05,27.523
2.1779e-05,0,0.059276,0.21285,0.00080959,7.4679e-05,8.3643e-07,0.0016054,5.9491e-06,0.0053042,0.00085683,0.048205,0,2.5535e-05,29.738
6.3127e-05,5.3786e-05,0.00046385,0.20593,0.22832,0.8047,0.87623,0.046284,0.090057,0.030643,0.001693,0.00063671,0.0011331,5.9629e-05,25.656
9.3737e-06,0.0050873,0.011113,0.15067,0.0056687,0,0.15282,0.25255,0.0065569,4.1004e-05,0.15152,0,0.0038851,0.0033785,28.633
0.00018216,0.0028689,0.057165,0.7757,0.04724,0.14319,0.15329,0.0037637,0.00018648,0.00020259,0.0018814,1.5225e-05,0.00013493,0.00016306,28.315
2.0614e-05,4.3579e-05,0,0.001696,0.0013274,2.574e-06,0.86316,0.12281,0.0010969,0.1871,0.80141,0.0044863,0.090485,0.0008351,26.74
1.9571e-05,2.857e-08,0,0.20471,0,0.0070342,0,0.12181,0.00021147,0.0031771,0.16598,0,0.00025147,2.2768e-10,29.03
0.0015238,0.039536,1.1862e-05,0.16697,0.00025523,0.82611,0,0.00016099,0,0.00080553,0.16657,0.0010192,0,0.0013925,27.835
1.6083e-05,5.4194e-05,0.0010363,0.0043118,2.0921e-05,0.8595,0.84853,0.12446,0.00037211,0.19534,0.85389,0.003609,4.8586e-05,0,24.299
0.00020415,5.8682e-05,0.0012563,0.0036792,0.00056517,0.0060406,0.16496,0.032753,0.0012884,0.047286,0.82235,0.0026646,6.4165e-05,0,27.904
0.00016572,2.2943e-05,1.9035e-05,0.80311,0.043921,0.81437,0,0.0022492,0.084538,0.1757,0.79891,0.005859,0.00058235,1.8326e-07,24.69
8.0106e-05,1.6712e-05,0.14409,0.20688,0.046605,0.14689,0.14965,0,0.040752,0.0031422,0.16643,4.3048e-06,6.8017e-05,0.0086069,28.263
0.00019468,7.6846e-08,0.13286,0.18193,0.041075,0.71792,0.0087189,0.030063,0,0.0036562,0.00027729,1.2523e-06,0,0.043007,28.171
4.2575e-05,0.12901,0,0.21059,0.0010873,0.14688,3.9974e-07,0.00038344,0,0,0.16506,9.7478e-05,0.00082248,9.2687e-06,28.726
0.0011148,0.0009809,0,6.3558e-06,1.6565e-06,0.80878,0,0.10859,0.083917,0,1.0115e-06,0.0013627,0.094614,1.7874e-05,28.081
4.3732e-05,0.039266,0.086085,0,0,0.15632,0.11384,0.051782,0,0.085184,0.81326,0,0.00036996,8.8379e-07,27.443
0.042889,5.334e-05,0.00038309,0.00016301,0,0.0018856,0.0042797,0.00086165,0,0.078663,0.19971,0.049423,0.0016441,9.7876e-05,29.339
5.2142e-07,1.5628e-06,0.045757,0.17015,0.22832,0.81685,0,0.046268,0.087497,0.030643,0.0032735,0.00063751,0.0010941,6.0856e-05,27.293
0.00010641,2.3393e-05,0.00018278,0.2375,0.0010694,0.78248,0.21765,0.033089,0.0091383,0.0033072,0.78165,0.00022326,0.2309,0.00032864,26.029
0.0001664,3.7572e-05,0.017861,0.0051795,0.0071791,0.25655,0,0.11448,0.10592,0.17573,3.2089e-07,0.0058878,0,4.977e-05,28.775
1.3408e-05,0.00018388,1.2083e-07,0.11686,0.00057002,0.85465,0.064533,0.11187,0.025838,0.0019116,0.031463,0.0056186,0.024698,0.00020927,27.667
0,0,0,0.15167,0.042633,0.12478,0.14851,0.11649,5.911e-05,0.020216,0.0066673,0.10738,2.4914e-06,0.00031852,29.197
7.465e-05,2.0738e-05,0.00065567,0.0045563,0.00032224,0.0034696,0.20534,0.010628,0.15828,0.19757,0.78868,0.0027759,0,5.8813e-05,28.519
0.00016118,0.00035745,0.00024238,0,0.00058549,0.0084266,0.19675,0.00053768,0,0.0015475,0.16468,0.00024587,0.027524,1.5399e-05,29.26
0.00020848,5.6942e-05,1.7716e-05,0,6.6054e-06,0.001324,0.00093091,0.00025889,0.079984,0.11087,0.79539,0.049376,0.0017043,4.9871e-06,28.045
1.8521e-05,4.3588e-05,0.020778,0.21031,0,0.8047,0.84912,0.12216,0,0.066488,0,0,5.7629e-05,0,26.574
2.5444e-05,0.00059786,0,0.0059419,0.0012046,0,0,0.00081975,0.00018664,0.0072054,0.76062,0,0.00013536,0,28.681
5.1125e-05,0,0,0.17216,0.14991,0.74018,0,0.046284,0.087497,0.030643,0.0032539,0.00063751,0.0011331,7.053e-07,27.889
2.7324e-05,1.843e-06,0,0,0.044884,0.16643,0.26069,0.0022859,0.095093,0.010388,0.71725,0,0.002259,5.1546e-06,28.007
0.00018182,0.00014836,0.35268,0,0.035604,0.0065844,2.4744e-05,0,0.08043,6.2832e-05,0.002281,8.4887e-05,0.0010708,1.621e-05,29.519
1.0824e-05,0,0.00050535,0.15693,0.00047746,0.7833,0.90151,0.015874,0.0087494,0.00019275,0.14851,0.014139,0.002627,0.0034879,26.237
0.008971,0.0065102,0.00072002,0.0052097,0,0.014864,5.3672e-06,2.0846e-05,0.00024855,0.0032938,0.21374,0.0072508,0.026308,2.0264e-05,29.531
0.0002139,0,0,0.17216,0.22221,0.81725,0.1039,0.046242,0.087497,0.20475,0.016362,0.00063751,0.0011331,5.9949e-05,26.796
0.00020765,0.039747,0,0.17383,0.00054131,0,0.0028739,0.00095157,9.8239e-05,0.0034357,0.18302,0.00075453,0.016582,0,29.21
5.2142e-07,0,0,0.17216,0.037922,0.14031,0.0011051,0.045366,0.087497,0.030643,0.0032562,0.00063751,0.0011331,6.0856e-05,29.073
2.2417e-05,2.3933e-06,0.0005126,0.15693,0.00048762,0.78315,0.78672,0.02745,0.0055646,0.0054643,0.80739,0.014139,0.0023141,0.0033624,25.051
7.7441e-05,0.0095053,1.9035e-05,0.0046748,0.00055985,0.18847,0,0.0031443,0.039995,0.015551,0.78363,0.0061407,0.00063636,1.8326e-07,28.048
0.0010076,0.039696,0.056398,0.023791,0,0.00035045,0,0.00010278,0,7.2551e-05,0.0011766,0.00013263,0.00013145,2.5423e-05,29.835
7.6796e-05,0.039816,0.04263,0.85041,0.0062668,0.86776,0.11953,0.006635,0,0.0052435,0.11237,0.00014447,0.0039697,0,26.05
