31.371,1.7066,1.3685,3.1947e-72,0.00428
31.852,7.1318e-08,4.2332e-06,0.38576,0
31.226,7.4778e-21,0.063307,0.71361,0.25439
31.35,1.9553e-09,5.9044e-11,2.7637e-63,0.40099
33.869,2.6903e-96,3.5865e-70,2.1903e-147,5.2161e-118
31.671,3.8957e-08,0.87296,0.44351,3.9067e-154
21.08,3.8104e-30,5.904,0.58511,1.3135e-151
5.7313,15.741,6.6685e-13,1.4721e-08,0.00025302
31.425,3.2492,5.7858e-11,5.4262e-10,9.2862e-11
1.9594e-15,16,0,0,0
9.0294,4.5316e-12,9.1374e-09,3.4348,0.85563
1.9594e-15,1.3633e-48,8,1.1153e-163,1.1216e-140
2.6548,8.4746e-33,1.0166,3.9537,1.69e-283
1.4883,2.1648e-16,4.5645,3.2798,3.1452e-128
1.6371e-15,13.368,3.7325,4.9834e-182,0.58282
29.729,1.2286e-31,1.938,1.1291,4.3096e-110
8.4847,1.3269e-31,2.7631e-12,0.48112,1.9134
26.528,3.2963,1.7192,1.9178,1.4199e-176
24.659,1.4067e-29,3.5537,1.8282,0
0.49922,2.5497e-16,0.46979,1.1045,1.9193
5.7087,4.3768,6.8218,3.4397e-134,0.8154
8.9379,6.8526,6.8752,1.8239e-131,3.9145e-10
28.226,7.5376,0.060736,0.0046913,9.1502e-08
7.6914,11.272,5.3422,6.11e-11,3.9801e-142
19.167,1.7772,1.7216e-08,3.0647,0.41078
3.7106e-16,1.732e-47,4.7535e-17,0.85114,1.9542
2.9357e-16,1.1648e-50,1.1986,3.9549,0
5.1462e-16,4.2022,8.7939e-13,1.6933,1.7345
2.9671e-17,9.585e-16,2.4566e-27,3.9138,0.4129
7.2408,8.5225e-08,1.6278e-09,2.5057,1.5076
1.2004e-31,1.3627e-45,1.2746e-43,2.4506e-16,2.001
16.364,1.589e-09,5.7394,1.8924,1.1801e-12
1.3716e-16,1.12,2.5021e-13,0.45132,1.9853
4.3561,1.3359e-38,6.7471,2.0791,4.0999e-10
9.333,0.60697,5.7062,2.5448,4.2378e-178
25.074,9.9409,7.6213e-15,1.5924e-11,6.5031e-237
9.8951,1.8569,6.6525,5.6332e-14,0.91646
23.2,3.6126,3.4758,1.9447,5.3156e-128
1.9399e-15,15.841,1.1292,0.034555,0.00053801
1.0332e-15,8.4368,1.69e-12,3.3997,5.6488e-110
5.6989,3.3235e-10,5.5537,2.7896,1.3299e-11
17.183,2.1884e-14,3.6894,7.8994e-159,1.4142
8.4054,9.5724e-12,8.506e-09,1.6935,1.7348
17.087,1.3577e-19,9.6978e-13,1.8548,1.414
1.8281e-15,14.928,2.8794,4.4211e-181,2.8876e-237
17.714,13.329,4.9065e-15,2.6232e-11,6.5046e-237
9.7199e-16,3.7758e-29,1.8246e-29,1.9842,1.7366
30.002,5.6359,1.6555e-11,6.9992e-14,1.6034e-10
28.375,6.1464,2.0562,0.038825,7.4598e-12
2.841e-16,2.3199,7.9155,0,0
9.6,3.9674e-32,1.369,3.7545,3.3944e-110
9.3425,14.749,2.0402,0,3.9077e-283
31.191,5.6692e-28,1.5592,0.437,1.4419e-93
26.008,7.1052,2.1044,0.0002204,0.64629
21.437,11.57,1.3529,1.339e-138,1.0202e-11
30.709,3.6144e-07,6.9035e-09,0,0.60298
29.425,5.116e-15,2.9262,0.57508,0
10.254,3.3515e-16,6.9545,1.5151,5.1488e-11
14.469,4.6997e-11,2.1094,3.4093,7.8592e-157
1.992e-15,4.7771e-32,1.0843e-29,4.0664,5.2294e-11
23.069,4.1699e-30,2.6251,4.6151e-107,1.2268
21.068,2.1784,3.8789e-11,2.9611,9.2603e-11
2.1437e-16,9.5975e-16,7.8857,0.68957,4.0892e-09
3.9838e-16,3.253,7.8329,0,0
10.755,1.4757,7.4585,0.57518,0.022646
5.7561,1.85e-31,5.5841,0.089446,1.4242
6.9857e-16,5.7043,7.4743,6.3775e-258,4.4256e-181
16.533,12.43,2.8795,1.4059e-131,2.8877e-237
12.77,3.8665,1.5621e-12,0.71591,1.7398
6.3277,2.8908e-09,1.1928,3.9014,1.2626e-93
22.394,2.8521e-14,0.88921,7.9079e-159,1.4157
7.8246,3.334e-18,7.2815,1.4616,0
12.46,14.737,5.8053e-11,1.363e-15,3.7023e-11
19.563,1.0457e-32,9.7089e-12,1.6112,1.4221
22.906,2.916,5.3927,4.8617e-10,1.8688e-131
8.6359,1.0524e-14,7.6365,0.57324,0.024718
8.433,4.1715e-16,7.488,5.0828e-07,0.4808
10.412,1.9557,7.542,6.326e-14,5.3627e-10
1.61e-15,13.147,4.5718,0.00055403,7.361e-10
0.46971,15.174,2.3471e-11,8.717e-12,0.63433
15.447,2.9124e-11,7.0256,0.00011725,0.00032811
6.9811e-16,2.8851e-48,2.8503,3.7382,3.3944e-110
27.583,1.1243e-10,3.8992,0.62753,8.5089e-108
4.5322e-18,0.037008,6.383e-11,3.7415,0.70733
14.61,4.9931e-16,0.027729,3.638,9.3118e-08
1.5811,2.0539,7.9395,0.073076,7.4208e-142
11.63,5.5811e-16,4.9391e-16,3.7281,5.2985e-239
30.672,1.2215,2.1959,0.036465,7.4599e-12
30.808,7.3882e-16,1.677e-13,1.4924,5.3112e-11
24.437,0.053855,4.9775,0.68909,0.014263
21.264,2.5028e-07,1.3162e-10,0.0084881,1.5103
20.795,3.9631e-25,4.5634,0.0507,1.01
27.469,7.9581e-31,2.8514e-05,0.75227,0.95491
4.6097,4.3912e-15,4.6617,3.2399,5.2927e-05
12.878,2.0053,2.7889,3.3527,1.895e-05
1.552,2.2107e-13,1.3936,3.1757,1.161
4.4721,0.61834,7.8633,0.57174,7.4333e-142
8.905,1.3653,2.7417,3.6415,5.3925e-128
3.1123,0.73749,3.3412,3.6604,0.12297
3.2297,1.7361e-06,0.17971,3.9786,6.7608e-112
0.28428,9.5123,6.4323,9.0109e-13,0.0061514
5.2485,1.1918e-30,4.3202e-06,3.4818,0.92886
13.729,10.526,4.9522,2.3376e-106,3.9145e-10
7.1536,1.0886e-08,7.8043,0,1.9775e-241
27.48,2.104,3.9644,3.3528e-12,3.3944e-110
0.074397,1.0597e-14,5.2271,1.9536,1.1632
1.5116e-15,1.0133e-17,6.1722,2.5448,1.6187e-09
10.322,1.2575e-14,0.40986,3.6449e-159,1.8932
17.78,7.9074e-16,2.2321e-05,3.3564,1.0635e-12
23.216,8.2829e-19,7.7043e-11,2.6217,0.41975
1.8259e-15,14.91,1.7337,0.00017156,0.58211
1.5368e-15,3.6856e-32,8.0677e-30,3.1373,1.2928
30.65,1.6476e-05,1.7054,0.95569,2.7931e-109
1.4721e-15,12.021,4.1802,4.2901e-10,0.82665
26.843,5.0374,3.0045e-12,5.641e-14,0.91465
28.96,2.015e-32,3.4031,3.0554e-109,1.1623e-144
1.8295e-15,2.675e-35,7.4694,1.4326,4.2631e-126
31.763,5.4671e-12,1.0296,3.5775e-25,1.181e-217
27.078,2.735e-13,2.2949e-13,0,1.0658
3.6379,5.6733e-16,0.71545,3.9201,0.40636
26.525,3.6676,3.9856,0.56132,7.4333e-142
2.0781,4.8368e-13,1.2558e-12,2.7018,1.4908
8.0117,2.1395,7.671,0.020576,9.1327e-08
22.203,1.7065e-29,1.4102e-05,0.67396,1.4101
3.6394e-16,2.9718,5.6314,3.1615e-12,1.3955
