62.556,48.641,26.484,0.083267,26.467,48.105,61.256,63.646,54.862,36.423,11.517,15.55,40.097,57.88,65.824
16.236,29.313,37.153,38.399,32.837,21.427,6.144,10.371,25.262,35.954,40.598,38.392,29.716,16.072,0.18248
6.6664,13.913,18.922,20.829,19.304,14.61,7.5585,0.63039,8.5412,14.806,18.342,18.537,15.357,9.3536,1.5633
39.684,35.121,24.654,10.094,6.043,20.965,32.094,37.504,36.26,28.577,15.784,0.092397,15.784,29.1,37.554
21.06,55.667,80.819,92.164,87.743,68.32,37.252,0.087316,37.243,67.789,86.446,89.985,77.797,51.987,17.02
31.938,30.214,23.435,12.773,0.071603,12.473,22.692,28.818,29.792,25.445,16.53,4.5876,8.3174,19.953,28.308
21.417,56.822,82.571,94.212,89.732,69.906,38.161,0.01254,38.015,69.275,88.388,92.048,79.624,53.262,17.522
426.53,371.96,253.24,90.901,86.986,249.66,369,424.37,406.19,317.6,173.94,0.022867,174.06,318.22,407.53
16.134,29.183,37.017,38.281,32.757,21.4,6.173,10.29,25.143,35.818,40.469,38.291,29.662,16.073,0.12641
6.741,13.959,18.932,20.801,19.242,14.525,7.4663,0.71464,8.6029,14.834,18.332,18.491,15.283,9.2634,1.4731
61.279,47.447,25.581,0.53912,26.397,47.522,60.26,62.41,53.599,35.352,10.823,15.747,39.763,57.073,64.683
30.977,40.044,42.357,37.515,26.355,10.807,6.4398,22.404,34.326,40.143,38.85,30.67,17.018,0.25437,16.722
7.8647,12.073,30.091,43.076,48.782,46.222,35.839,19.428,0.17277,19.575,35.423,44.977,46.585,39.969,26.273
21.466,56.891,82.648,94.283,89.785,69.932,38.156,0.04865,38.076,69.35,88.464,92.112,79.665,53.273,17.501
30.431,39.191,41.343,36.516,25.544,10.324,6.5115,22.052,33.611,39.188,37.821,29.745,16.357,0.029206,16.579
0.1408,25.374,46.389,59.553,62.588,54.97,38.017,14.659,11.064,34.705,52.176,60.456,58.114,45.554,24.948
21.924,58.287,84.741,96.712,92.129,71.786,39.199,0.0037059,39.023,71.133,90.775,94.552,81.81,54.754,18.061
30.433,39.201,41.36,36.537,25.566,10.343,6.4995,22.049,33.616,39.202,37.841,29.767,16.377,0.013668,16.571
59.657,62.732,55.13,38.165,14.77,11.01,34.718,52.253,60.584,58.27,45.712,25.08,0.056605,25.353,46.435
0.10202,304.63,556.87,712.98,745.98,650.17,442.1,157.76,153.69,438.4,647.13,743.8,711.69,556.36,304.65
30.064,38.65,40.722,35.922,25.08,10.07,6.5115,21.798,33.147,38.595,37.2,29.204,15.99,0.15903,16.449
56.513,58.719,50.603,33.568,10.559,14.444,37.119,53.545,60.882,57.86,45.004,24.534,0.0077119,24.379,44.367
15.815,8.7446,0.33098,7.9707,14.725,18.764,19.39,16.493,10.576,2.661,5.8833,13.58,19.097,21.481,20.32
62.5,48.569,26.41,0.14636,26.508,48.118,61.238,63.601,54.797,36.349,11.447,15.603,40.125,57.878,65.792
41.211,59.578,67.814,64.493,50.189,27.377,0.00010055,27.208,49.542,63.141,65.653,56.644,37.671,12.016,15.886
33.49,31.665,24.534,13.33,0.010004,13.179,23.9,30.32,31.327,26.749,17.377,4.8306,8.72,20.932,29.694
487.9,381.44,208.86,0.0086683,209.04,382.1,489.26,511.99,446.36,303.72,108.74,104.88,300.2,443.43,509.83
7.9748,11.902,29.891,42.88,48.624,46.129,35.828,19.5,0.029504,19.385,35.22,44.796,46.457,39.916,26.304
31.676,30.148,23.577,13.098,0.52384,11.972,22.229,28.473,29.625,25.485,16.769,4.9851,7.8302,19.461,27.895
16.093,29.225,37.134,38.454,32.955,21.589,6.321,10.209,25.143,35.899,40.616,38.48,29.86,16.245,0.0093247
13.946,18.572,20.156,18.423,13.674,6.7304,1.2083,8.769,14.644,17.818,17.742,14.429,8.4522,0.84455,7.0782
29.759,19.454,5.6156,9.3627,22.891,32.631,36.897,34.953,27.134,14.793,0.062736,14.509,26.403,33.563,34.75
0.6289,4.5545,8.7812,11.32,11.733,9.948,6.2736,1.3453,3.9848,8.7949,12.254,13.762,13.061,10.27,5.8727
30.796,39.843,42.17,37.374,26.286,10.821,6.3454,22.246,34.13,39.944,38.682,30.563,16.99,0.30966,16.593
15.449,0.072319,15.751,28.875,37.175,39.217,34.647,24.255,9.8384,6.1101,20.833,31.785,37.071,35.779,28.131
26.61,14.604,0.096017,14.949,27.386,35.257,37.201,32.882,23.046,9.3944,5.7124,19.662,30.043,35.06,33.846
15.232,0.2164,15.797,28.815,37.02,38.993,34.393,24.015,9.6539,6.2074,20.826,31.675,36.877,35.535,27.878
30.291,38.985,41.106,36.29,25.367,10.227,6.5115,21.955,33.434,38.962,37.584,29.539,16.217,0.078691,16.53
199.87,293.34,336.26,321.21,250.78,137.17,0.00010055,137,250.14,319.85,334.1,290.41,196.33,68.136,72.007
62.615,48.727,26.583,0.011514,26.393,48.064,61.256,63.687,54.936,36.518,11.616,15.463,40.038,57.859,65.845
0.98038,0.97643,0.97277,0.97004,0.96872,0.96902,0.97091,0.97404,0.97789,0.98178,0.98504,0.98711,0.98763,0.98651,0.98395
0.98038,0.97643,0.97277,0.97004,0.96872,0.96902,0.97091,0.97404,0.97789,0.98178,0.98504,0.98711,0.98763,0.98651,0.98395
6.5943,13.802,18.792,20.702,19.202,14.55,7.552,0.58284,8.4478,14.683,18.21,18.419,15.275,9.3198,1.5843
16.046,0.018865,16.249,29.839,38.439,40.561,35.839,25.089,10.171,6.3377,21.581,32.924,38.404,37.075,29.167
37.243,56.013,64.929,62.448,49.001,26.912,0.00010055,27.081,49.648,63.8,67.089,58.948,40.782,15.735,11.865
0.98038,0.97643,0.97277,0.97004,0.96872,0.96902,0.97091,0.97404,0.97789,0.98178,0.98504,0.98711,0.98763,0.98651,0.98395
6.681,10.438,12.221,11.721,9.026,4.601,0.78865,6.2111,10.729,13.56,14.216,12.584,8.9439,3.9269,1.5999
51.237,53.193,45.782,30.286,9.3836,13.31,33.871,48.745,55.359,52.571,40.861,22.256,0.028867,22.139,40.253
51.169,53.151,45.773,30.311,9.4397,13.233,33.787,48.669,55.303,52.545,40.87,22.298,0.038873,22.058,40.171
0.98038,0.97643,0.97277,0.97004,0.96872,0.96902,0.97091,0.97404,0.97789,0.98178,0.98504,0.98711,0.98763,0.98651,0.98395
6.5978,13.807,18.798,20.708,19.206,14.553,7.552,0.58524,8.4521,14.688,18.216,18.424,15.278,9.321,1.583
0.98038,0.97643,0.97277,0.97004,0.96872,0.96902,0.97091,0.97404,0.97789,0.98178,0.98504,0.98711,0.98763,0.98651,0.98395
29.363,37.618,39.536,34.788,24.194,9.5852,6.5115,21.313,32.261,37.461,36.014,28.172,15.289,0.40694,16.201
25.877,14.189,0.12189,14.58,26.687,34.348,36.24,32.034,22.458,9.1686,5.5372,19.117,29.221,34.104,32.921
0.98038,0.97643,0.97277,0.97004,0.96872,0.96902,0.97091,0.97404,0.97789,0.98178,0.98504,0.98711,0.98763,0.98651,0.98395
16.183,0.36246,15.689,29.198,37.826,40.084,35.579,25.092,10.435,5.8565,20.967,32.282,37.847,36.699,29.035
25.833,14.124,0.19651,14.652,26.743,34.379,36.24,32.003,22.403,9.0973,5.6119,19.182,29.265,34.12,32.906
0.98038,0.97643,0.97277,0.97004,0.96872,0.96902,0.97091,0.97404,0.97789,0.98178,0.98504,0.98711,0.98763,0.98651,0.98395
0.98038,0.97643,0.97277,0.97004,0.96872,0.96902,0.97091,0.97404,0.97789,0.98178,0.98504,0.98711,0.98763,0.98651,0.98395
1231.9,962.76,527.03,0.0018765,527.2,963.41,1233.2,1289.9,1123.8,763.51,271.38,267.51,759.98,1120.9,1287.8
0.98038,0.97643,0.97277,0.97004,0.96872,0.96902,0.97091,0.97404,0.97789,0.98178,0.98504,0.98711,0.98763,0.98651,0.98395
0.98038,0.97643,0.97277,0.97004,0.96872,0.96902,0.97091,0.97404,0.97789,0.98178,0.98504,0.98711,0.98763,0.98651,0.98395
0.98038,0.97643,0.97277,0.97004,0.96872,0.96902,0.97091,0.97404,0.97789,0.98178,0.98504,0.98711,0.98763,0.98651,0.98395
0.98038,0.97643,0.97277,0.97004,0.96872,0.96902,0.97091,0.97404,0.97789,0.98178,0.98504,0.98711,0.98763,0.98651,0.98395
7.3873,12.268,29.972,42.662,48.144,45.472,35.105,18.838,0.51689,19.614,35.15,44.439,45.876,39.21,25.596
15.074,0.73023,16.577,29.727,37.906,39.7,34.798,24.049,9.3102,6.8689,21.691,32.594,37.692,36.103,28.103
29.333,37.585,39.507,34.768,24.186,9.5907,6.4935,21.286,32.228,37.429,35.989,28.157,15.287,0.39495,16.178
0.98038,0.97643,0.97277,0.97004,0.96872,0.96902,0.97091,0.97404,0.97789,0.98178,0.98504,0.98711,0.98763,0.98651,0.98395
0.98038,0.97643,0.97277,0.97004,0.96872,0.96902,0.97091,0.97404,0.97789,0.98178,0.98504,0.98711,0.98763,0.98651,0.98395
26.679,14.647,0.087188,14.975,27.443,35.334,37.285,32.959,23.102,9.4205,5.7212,19.704,30.112,35.143,33.929
274.91,278.82,784.51,1154.7,1325.4,1267.1,989.92,541.7,0.018895,541.57,989.3,1265.8,1323.3,1151.8,780.94
31.216,29.652,23.13,12.778,0.38492,11.905,21.968,28.062,29.136,25.002,16.377,4.7501,7.8669,19.293,27.552
0.98038,0.97643,0.97277,0.97004,0.96872,0.96902,0.97091,0.97404,0.97789,0.98178,0.98504,0.98711,0.98763,0.98651,0.98395
0.035435,309.88,566.31,724.99,758.48,661,449.39,160.24,156.44,445.9,658.1,756.33,723.62,565.62,309.64
29.215,16.082,0.0016476,16.254,29.865,38.481,40.612,35.891,25.133,10.198,6.3312,21.596,32.958,38.452,37.128
0.98038,0.97643,0.97277,0.97004,0.96872,0.96902,0.97091,0.97404,0.97789,0.98178,0.98504,0.98711,0.98763,0.98651,0.98395
25.512,13.926,0.23787,14.53,26.478,34.017,35.844,31.642,22.138,8.975,5.5705,18.984,28.945,33.733,32.519
0.98038,0.97643,0.97277,0.97004,0.96872,0.96902,0.97091,0.97404,0.97789,0.98178,0.98504,0.98711,0.98763,0.98651,0.98395
7.3088,14.136,18.689,20.179,18.349,13.515,6.514,1.4444,8.9839,14.801,17.89,17.716,14.31,8.2602,0.61326
61.514,47.794,25.979,0.15854,26.1,47.359,60.26,62.573,53.897,35.732,11.221,15.401,39.528,56.99,64.767
31.707,30.221,23.678,13.211,0.62789,11.894,22.191,28.481,29.678,25.574,16.879,5.0958,7.7373,19.402,27.88
0.98038,0.97643,0.97277,0.97004,0.96872,0.96902,0.97091,0.97404,0.97789,0.98178,0.98504,0.98711,0.98763,0.98651,0.98395
50.46,52.707,45.67,30.568,10.011,12.446,32.92,47.871,54.714,52.266,40.949,22.721,0.73353,21.212,39.32
0.98038,0.97643,0.97277,0.97004,0.96872,0.96902,0.97091,0.97404,0.97789,0.98178,0.98504,0.98711,0.98763,0.98651,0.98395
61.514,47.794,25.979,0.15854,26.1,47.359,60.26,62.573,53.897,35.732,11.221,15.401,39.528,56.99,64.767
0.98038,0.97643,0.97277,0.97004,0.96872,0.96902,0.97091,0.97404,0.97789,0.98178,0.98504,0.98711,0.98763,0.98651,0.98395
0.98038,0.97643,0.97277,0.97004,0.96872,0.96902,0.97091,0.97404,0.97789,0.98178,0.98504,0.98711,0.98763,0.98651,0.98395
0.98038,0.97643,0.97277,0.97004,0.96872,0.96902,0.97091,0.97404,0.97789,0.98178,0.98504,0.98711,0.98763,0.98651,0.98395
0.98038,0.97643,0.97277,0.97004,0.96872,0.96902,0.97091,0.97404,0.97789,0.98178,0.98504,0.98711,0.98763,0.98651,0.98395
0.98038,0.97643,0.97277,0.97004,0.96872,0.96902,0.97091,0.97404,0.97789,0.98178,0.98504,0.98711,0.98763,0.98651,0.98395
51.237,53.193,45.782,30.286,9.3836,13.31,33.871,48.745,55.359,52.571,40.861,22.256,0.028867,22.139,40.253
0.98038,0.97643,0.97277,0.97004,0.96872,0.96902,0.97091,0.97404,0.97789,0.98178,0.98504,0.98711,0.98763,0.98651,0.98395
0.98038,0.97643,0.97277,0.97004,0.96872,0.96902,0.97091,0.97404,0.97789,0.98178,0.98504,0.98711,0.98763,0.98651,0.98395
39.121,58.779,68.105,65.486,51.375,28.211,0.00010055,28.38,52.022,66.838,70.266,61.714,42.66,16.399,12.529
29.225,16.088,0.00034494,16.258,29.873,38.492,40.625,35.902,25.141,10.202,6.3325,21.602,32.968,38.464,37.14
0.98038,0.97643,0.97277,0.97004,0.96872,0.96902,0.97091,0.97404,0.97789,0.98178,0.98504,0.98711,0.98763,0.98651,0.98395
8.5702,11.534,29.814,43.107,49.116,46.801,36.564,20.173,0.46299,19.158,35.297,45.164,47.052,40.636,27.024
0.98038,0.97643,0.97277,0.97004,0.96872,0.96902,0.97091,0.97404,0.97789,0.98178,0.98504,0.98711,0.98763,0.98651,0.98395
0.98038,0.97643,0.97277,0.97004,0.96872,0.96902,0.97091,0.97404,0.97789,0.98178,0.98504,0.98711,0.98763,0.98651,0.98395
0.98038,0.97643,0.97277,0.97004,0.96872,0.96902,0.97091,0.97404,0.97789,0.98178,0.98504,0.98711,0.98763,0.98651,0.98395
8.0314,11.827,29.809,42.807,48.571,46.107,35.839,19.544,0.038043,19.305,35.141,44.732,46.419,39.91,26.332
0.053428,304.86,557.13,713.23,746.18,650.27,442.1,157.65,153.89,438.65,647.39,744.03,711.85,556.41,304.6
33.406,31.613,24.523,13.362,0.059749,13.084,23.796,30.224,31.258,26.717,17.388,4.8827,8.6356,20.83,29.592
4.8548,11.243,15.857,17.898,17.013,13.356,7.5585,0.62321,6.2507,11.875,15.276,15.867,13.546,8.7128,2.2041
8.0492,11.816,29.807,42.813,48.586,46.127,35.861,19.564,0.052738,19.298,35.143,44.743,46.436,39.932,26.353
0.98038,0.97643,0.97277,0.97004,0.96872,0.96902,0.97091,0.97404,0.97789,0.98178,0.98504,0.98711,0.98763,0.98651,0.98395
0.98038,0.97643,0.97277,0.97004,0.96872,0.96902,0.97091,0.97404,0.97789,0.98178,0.98504,0.98711,0.98763,0.98651,0.98395
0.98038,0.97643,0.97277,0.97004,0.96872,0.96902,0.97091,0.97404,0.97789,0.98178,0.98504,0.98711,0.98763,0.98651,0.98395
29.055,36.911,38.216,32.744,21.441,6.2611,10.17,25.012,35.698,40.381,38.251,29.676,16.138,0.020097,16.006
26.614,14.739,0.14626,14.641,27.065,34.979,37.014,32.818,23.116,9.5869,5.4309,19.341,29.737,34.822,33.718
0.98038,0.97643,0.97277,0.97004,0.96872,0.96902,0.97091,0.97404,0.97789,0.98178,0.98504,0.98711,0.98763,0.98651,0.98395
16.035,29.189,37.127,38.476,33.003,21.655,6.3928,10.144,25.095,35.877,40.624,38.516,29.918,16.315,0.060888
48.71,70.627,80.502,76.627,59.671,32.566,0.00010055,32.397,59.023,75.275,78.341,67.693,45.171,14.669,18.539
0.98038,0.97643,0.97277,0.97004,0.96872,0.96902,0.97091,0.97404,0.97789,0.98178,0.98504,0.98711,0.98763,0.98651,0.98395
13.128,18.16,20.221,18.955,14.58,7.8536,0.061811,7.7974,14.016,17.641,18.047,15.164,9.4893,2.0048,5.9955
0.98038,0.97643,0.97277,0.97004,0.96872,0.96902,0.97091,0.97404,0.97789,0.98178,0.98504,0.98711,0.98763,0.98651,0.98395
28.776,15.84,0.0039357,16.017,29.429,37.922,40.027,35.38,24.785,10.073,6.211,21.252,32.45,37.867,36.568
16.938,0.0066746,17.12,31.442,40.497,42.718,37.722,26.373,10.633,6.7764,22.845,34.795,40.559,39.141,30.786
24.112,13.06,0.41878,13.995,25.32,32.436,34.113,30.061,20.98,8.4402,5.3896,18.118,27.545,32.04,30.826
0.98038,0.97643,0.97277,0.97004,0.96872,0.96902,0.97091,0.97404,0.97789,0.98178,0.98504,0.98711,0.98763,0.98651,0.98395
0.98038,0.97643,0.97277,0.97004,0.96872,0.96902,0.97091,0.97404,0.97789,0.98178,0.98504,0.98711,0.98763,0.98651,0.98395
0.98038,0.97643,0.97277,0.97004,0.96872,0.96902,0.97091,0.97404,0.97789,0.98178,0.98504,0.98711,0.98763,0.98651,0.98395
7.7737,12.027,29.917,42.803,48.457,45.902,35.579,19.273,0.19582,19.462,35.194,44.671,46.256,39.673,26.061
0.98038,0.97643,0.97277,0.97004,0.96872,0.96902,0.97091,0.97404,0.97789,0.98178,0.98504,0.98711,0.98763,0.98651,0.98395
0.98038,0.97643,0.97277,0.97004,0.96872,0.96902,0.97091,0.97404,0.97789,0.98178,0.98504,0.98711,0.98763,0.98651,0.98395
0.98038,0.97643,0.97277,0.97004,0.96872,0.96902,0.97091,0.97404,0.97789,0.98178,0.98504,0.98711,0.98763,0.98651,0.98395
38.022,57.16,66.246,63.708,49.985,27.45,0.00010055,27.619,50.632,65.06,68.407,60.095,41.561,16.01,12.14
25.512,13.926,0.23787,14.53,26.478,34.017,35.844,31.642,22.138,8.975,5.5705,18.984,28.945,33.733,32.519
32.103,41.344,43.606,38.497,26.901,10.822,6.9585,23.367,35.566,41.446,39.991,31.451,17.305,0.0030701,17.48
29.402,37.674,39.601,34.85,24.242,9.6117,6.5115,21.34,32.309,37.523,36.079,28.228,15.327,0.39339,16.215
0.98038,0.97643,0.97277,0.97004,0.96872,0.96902,0.97091,0.97404,0.97789,0.98178,0.98504,0.98711,0.98763,0.98651,0.98395
0.98038,0.97643,0.97277,0.97004,0.96872,0.96902,0.97091,0.97404,0.97789,0.98178,0.98504,0.98711,0.98763,0.98651,0.98395
29.215,16.082,0.0016476,16.254,29.865,38.481,40.612,35.891,25.133,10.198,6.3312,21.596,32.958,38.452,37.128
0.98038,0.97643,0.97277,0.97004,0.96872,0.96902,0.97091,0.97404,0.97789,0.98178,0.98504,0.98711,0.98763,0.98651,0.98395
0.98038,0.97643,0.97277,0.97004,0.96872,0.96902,0.97091,0.97404,0.97789,0.98178,0.98504,0.98711,0.98763,0.98651,0.98395
0.98038,0.97643,0.97277,0.97004,0.96872,0.96902,0.97091,0.97404,0.97789,0.98178,0.98504,0.98711,0.98763,0.98651,0.98395
23.641,9.6675,5.808,20.11,30.766,35.933,34.718,27.33,15.048,0.0052539,15.227,27.984,36.073,38.093,33.695
0.98038,0.97643,0.97277,0.97004,0.96872,0.96902,0.97091,0.97404,0.97789,0.98178,0.98504,0.98711,0.98763,0.98651,0.98395
29.215,16.082,0.0016476,16.254,29.865,38.481,40.612,35.891,25.133,10.198,6.3312,21.596,32.958,38.452,37.128
0.98038,0.97643,0.97277,0.97004,0.96872,0.96902,0.97091,0.97404,0.97789,0.98178,0.98504,0.98711,0.98763,0.98651,0.98395
61.118,47.675,26.158,0.28705,25.464,46.644,59.589,62.061,53.634,35.763,11.54,14.848,38.838,56.281,64.162
0.98038,0.97643,0.97277,0.97004,0.96872,0.96902,0.97091,0.97404,0.97789,0.98178,0.98504,0.98711,0.98763,0.98651,0.98395
0.98038,0.97643,0.97277,0.97004,0.96872,0.96902,0.97091,0.97404,0.97789,0.98178,0.98504,0.98711,0.98763,0.98651,0.98395
0.98038,0.97643,0.97277,0.97004,0.96872,0.96902,0.97091,0.97404,0.97789,0.98178,0.98504,0.98711,0.98763,0.98651,0.98395
0.98038,0.97643,0.97277,0.97004,0.96872,0.96902,0.97091,0.97404,0.97789,0.98178,0.98504,0.98711,0.98763,0.98651,0.98395
0.20094,25.411,46.397,59.53,62.538,54.902,37.942,14.591,11.114,34.728,52.169,60.419,58.054,45.481,24.875
29.722,19.399,5.5526,9.4229,22.938,32.657,36.897,34.927,27.087,14.733,0.00024733,14.564,26.44,33.576,34.736
0.98038,0.97643,0.97277,0.97004,0.96872,0.96902,0.97091,0.97404,0.97789,0.98178,0.98504,0.98711,0.98763,0.98651,0.98395
0.98038,0.97643,0.97277,0.97004,0.96872,0.96902,0.97091,0.97404,0.97789,0.98178,0.98504,0.98711,0.98763,0.98651,0.98395
31.191,40.177,42.385,37.433,26.178,10.565,6.7049,22.646,34.503,40.225,38.822,30.538,16.804,0.0048928,16.982
0.98038,0.97643,0.97277,0.97004,0.96872,0.96902,0.97091,0.97404,0.97789,0.98178,0.98504,0.98711,0.98763,0.98651,0.98395
61.487,48.03,26.437,0.44216,25.46,46.791,59.862,62.414,54.004,36.087,11.762,14.767,38.911,56.496,64.482
0.98038,0.97643,0.97277,0.97004,0.96872,0.96902,0.97091,0.97404,0.97789,0.98178,0.98504,0.98711,0.98763,0.98651,0.98395
0.98038,0.97643,0.97277,0.97004,0.96872,0.96902,0.97091,0.97404,0.97789,0.98178,0.98504,0.98711,0.98763,0.98651,0.98395
13.162,18.042,19.973,18.619,14.215,7.5217,0.30267,7.9056,13.972,17.454,17.749,14.805,9.1328,1.712,6.174
61.369,47.83,26.19,0.19122,25.672,46.927,59.899,62.345,53.841,35.859,11.507,15.003,39.089,56.584,64.465
46.016,66.658,75.944,72.268,56.265,30.702,0.00010055,30.533,55.618,70.916,73.783,63.724,42.477,13.716,17.586
0.98038,0.97643,0.97277,0.97004,0.96872,0.96902,0.97091,0.97404,0.97789,0.98178,0.98504,0.98711,0.98763,0.98651,0.98395
0.98038,0.97643,0.97277,0.97004,0.96872,0.96902,0.97091,0.97404,0.97789,0.98178,0.98504,0.98711,0.98763,0.98651,0.98395
26.936,15.214,0.69222,14.118,26.657,34.756,37.014,33.041,23.524,10.109,4.885,18.865,29.414,34.708,33.832
20.844,23.358,22.001,17.01,9.2468,0.053745,8.9795,16.291,20.617,21.208,17.963,11.444,2.776,6.5407,14.896
15.344,0.46936,16.371,29.611,37.901,39.806,34.997,24.306,9.5818,6.6302,21.527,32.532,37.743,36.259,28.336
50.467,52.717,45.682,30.579,10.02,12.441,32.92,47.876,54.723,52.277,40.961,22.731,0.74061,21.209,39.322
0.98038,0.97643,0.97277,0.97004,0.96872,0.96902,0.97091,0.97404,0.97789,0.98178,0.98504,0.98711,0.98763,0.98651,0.98395
0.98038,0.97643,0.97277,0.97004,0.96872,0.96902,0.97091,0.97404,0.97789,0.98178,0.98504,0.98711,0.98763,0.98651,0.98395
16.433,29.435,37.178,38.324,32.673,21.205,5.9002,10.594,25.425,36.029,40.572,38.27,29.519,15.833,0.42096
0.98038,0.97643,0.97277,0.97004,0.96872,0.96902,0.97091,0.97404,0.97789,0.98178,0.98504,0.98711,0.98763,0.98651,0.98395
14.676,20.484,22.918,21.559,16.642,9.0157,0.00010055,8.8468,15.995,20.208,20.758,17.549,11.137,2.6304,6.5004
0.98038,0.97643,0.97277,0.97004,0.96872,0.96902,0.97091,0.97404,0.97789,0.98178,0.98504,0.98711,0.98763,0.98651,0.98395
0.98038,0.97643,0.97277,0.97004,0.96872,0.96902,0.97091,0.97404,0.97789,0.98178,0.98504,0.98711,0.98763,0.98651,0.98395
0.98038,0.97643,0.97277,0.97004,0.96872,0.96902,0.97091,0.97404,0.97789,0.98178,0.98504,0.98711,0.98763,0.98651,0.98395
0.98038,0.97643,0.97277,0.97004,0.96872,0.96902,0.97091,0.97404,0.97789,0.98178,0.98504,0.98711,0.98763,0.98651,0.98395
33.406,31.613,24.523,13.362,0.059749,13.084,23.796,30.224,31.258,26.717,17.388,4.8827,8.6356,20.83,29.592
0.98038,0.97643,0.97277,0.97004,0.96872,0.96902,0.97091,0.97404,0.97789,0.98178,0.98504,0.98711,0.98763,0.98651,0.98395
32.717,30.696,23.536,12.475,0.57322,13.353,23.655,29.698,30.437,25.743,16.429,4.1057,9.097,20.896,29.251
46.016,66.658,75.944,72.268,56.265,30.702,0.00010055,30.533,55.618,70.916,73.783,63.724,42.477,13.716,17.586
0.98038,0.97643,0.97277,0.97004,0.96872,0.96902,0.97091,0.97404,0.97789,0.98178,0.98504,0.98711,0.98763,0.98651,0.98395
56.714,58.933,50.793,33.701,10.613,14.479,37.238,53.726,61.094,58.067,45.169,24.63,0.0017215,24.458,44.52
0.98038,0.97643,0.97277,0.97004,0.96872,0.96902,0.97091,0.97404,0.97789,0.98178,0.98504,0.98711,0.98763,0.98651,0.98395
0.98038,0.97643,0.97277,0.97004,0.96872,0.96902,0.97091,0.97404,0.97789,0.98178,0.98504,0.98711,0.98763,0.98651,0.98395
0.98038,0.97643,0.97277,0.97004,0.96872,0.96902,0.97091,0.97404,0.97789,0.98178,0.98504,0.98711,0.98763,0.98651,0.98395
0.98038,0.97643,0.97277,0.97004,0.96872,0.96902,0.97091,0.97404,0.97789,0.98178,0.98504,0.98711,0.98763,0.98651,0.98395
29.465,37.826,39.817,35.091,24.468,9.7824,6.4252,21.353,32.419,37.711,36.313,28.467,15.529,0.26206,16.177
0.98038,0.97643,0.97277,0.97004,0.96872,0.96902,0.97091,0.97404,0.97789,0.98178,0.98504,0.98711,0.98763,0.98651,0.98395
7.4669,4.7533,1.0488,3.0062,6.7106,9.4238,10.677,10.252,8.2247,4.944,0.97755,2.9888,6.2693,8.2965,8.7202
16.207,0.063673,16.26,29.941,38.614,40.779,36.063,25.28,10.295,6.3008,21.638,33.065,38.605,37.301,29.379
0.98038,0.97643,0.97277,0.97004,0.96872,0.96902,0.97091,0.97404,0.97789,0.98178,0.98504,0.98711,0.98763,0.98651,0.98395
12.004,17.145,19.491,18.636,14.727,8.4418,0.86554,6.6912,12.922,16.749,17.511,15.076,9.8653,2.7795,4.9561
0.98038,0.97643,0.97277,0.97004,0.96872,0.96902,0.97091,0.97404,0.97789,0.98178,0.98504,0.98711,0.98763,0.98651,0.98395
51.237,53.193,45.782,30.286,9.3836,13.31,33.871,48.745,55.359,52.571,40.861,22.256,0.028867,22.139,40.253
16.114,29.238,37.137,38.446,32.937,21.565,6.2947,10.233,25.161,35.907,40.614,38.467,29.838,16.219,0.035071
21.409,56.722,82.396,93.992,89.506,69.712,38.033,0.052313,37.96,69.135,88.186,91.821,79.409,53.098,17.437
0.98038,0.97643,0.97277,0.97004,0.96872,0.96902,0.97091,0.97404,0.97789,0.98178,0.98504,0.98711,0.98763,0.98651,0.98395
0.98038,0.97643,0.97277,0.97004,0.96872,0.96902,0.97091,0.97404,0.97789,0.98178,0.98504,0.98711,0.98763,0.98651,0.98395
0.98038,0.97643,0.97277,0.97004,0.96872,0.96902,0.97091,0.97404,0.97789,0.98178,0.98504,0.98711,0.98763,0.98651,0.98395
0.98038,0.97643,0.97277,0.97004,0.96872,0.96902,0.97091,0.97404,0.97789,0.98178,0.98504,0.98711,0.98763,0.98651,0.98395
0.98038,0.97643,0.97277,0.97004,0.96872,0.96902,0.97091,0.97404,0.97789,0.98178,0.98504,0.98711,0.98763,0.98651,0.98395
16.026,0.048272,16.283,29.872,38.464,40.575,35.839,25.076,10.145,6.3699,21.615,32.953,38.424,37.082,29.16
0.98038,0.97643,0.97277,0.97004,0.96872,0.96902,0.97091,0.97404,0.97789,0.98178,0.98504,0.98711,0.98763,0.98651,0.98395
0.98038,0.97643,0.97277,0.97004,0.96872,0.96902,0.97091,0.97404,0.97789,0.98178,0.98504,0.98711,0.98763,0.98651,0.98395
7.59,12.14,29.94,42.733,48.305,45.695,35.352,19.066,0.34775,19.532,35.17,44.558,46.072,39.45,25.839
0.82484,0.74726,0.7096,0.71838,0.77207,0.86139,0.97091,1.0817,1.1745,1.2334,1.2482,1.2163,1.1432,1.0415,0.92893
0.98038,0.97643,0.97277,0.97004,0.96872,0.96902,0.97091,0.97404,0.97789,0.98178,0.98504,0.98711,0.98763,0.98651,0.98395
32.103,41.344,43.606,38.497,26.901,10.822,6.9585,23.367,35.566,41.446,39.991,31.451,17.305,0.0030701,17.48
16.038,0.040391,16.281,29.876,38.475,40.589,35.855,25.09,10.156,6.3651,21.616,32.961,38.437,37.098,29.175
0.98038,0.97643,0.97277,0.97004,0.96872,0.96902,0.97091,0.97404,0.97789,0.98178,0.98504,0.98711,0.98763,0.98651,0.98395
0.98038,0.97643,0.97277,0.97004,0.96872,0.96902,0.97091,0.97404,0.97789,0.98178,0.98504,0.98711,0.98763,0.98651,0.98395
51.169,53.151,45.773,30.311,9.4397,13.233,33.787,48.669,55.303,52.545,40.87,22.298,0.038873,22.058,40.171
8.2946,11.705,29.849,43.002,48.888,46.49,36.223,19.862,0.23498,19.263,35.261,44.993,46.776,40.302,26.691
0.98038,0.97643,0.97277,0.97004,0.96872,0.96902,0.97091,0.97404,0.97789,0.98178,0.98504,0.98711,0.98763,0.98651,0.98395
29.348,37.594,39.509,34.762,24.174,9.5742,6.5115,21.302,32.24,37.435,35.987,28.148,15.273,0.41257,16.196
31.483,30.029,23.551,13.17,0.68168,11.756,21.992,28.256,29.465,25.41,16.793,5.1027,7.6389,19.229,27.663
0.98038,0.97643,0.97277,0.97004,0.96872,0.96902,0.97091,0.97404,0.97789,0.98178,0.98504,0.98711,0.98763,0.98651,0.98395
0.98038,0.97643,0.97277,0.97004,0.96872,0.96902,0.97091,0.97404,0.97789,0.98178,0.98504,0.98711,0.98763,0.98651,0.98395
0.98038,0.97643,0.97277,0.97004,0.96872,0.96902,0.97091,0.97404,0.97789,0.98178,0.98504,0.98711,0.98763,0.98651,0.98395
0.38306,25.731,46.799,59.945,62.894,55.138,38.017,14.491,11.371,35.097,52.586,60.813,58.356,45.639,24.862
0.98038,0.97643,0.97277,0.97004,0.96872,0.96902,0.97091,0.97404,0.97789,0.98178,0.98504,0.98711,0.98763,0.98651,0.98395
15.195,0.56172,16.39,29.554,37.777,39.637,34.812,24.137,9.4582,6.6873,21.507,32.439,37.593,36.078,28.155
50.467,52.717,45.682,30.579,10.02,12.441,32.92,47.876,54.723,52.277,40.961,22.731,0.74061,21.209,39.322
0.98038,0.97643,0.97277,0.97004,0.96872,0.96902,0.97091,0.97404,0.97789,0.98178,0.98504,0.98711,0.98763,0.98651,0.98395
6.2491,13.591,18.753,20.841,19.494,14.946,7.983,0.19152,8.1638,14.555,18.261,18.64,15.627,9.7426,2.0046
0.98038,0.97643,0.97277,0.97004,0.96872,0.96902,0.97091,0.97404,0.97789,0.98178,0.98504,0.98711,0.98763,0.98651,0.98395
0.12591,304.91,557.14,713.2,746.12,650.19,442.01,157.57,153.95,438.67,647.38,743.98,711.77,556.32,304.51
0.98038,0.97643,0.97277,0.97004,0.96872,0.96902,0.97091,0.97404,0.97789,0.98178,0.98504,0.98711,0.98763,0.98651,0.98395
29.363,37.618,39.536,34.788,24.194,9.5852,6.5115,21.313,32.261,37.461,36.014,28.172,15.289,0.40694,16.201
6.4691,13.617,18.58,20.499,19.043,14.463,7.552,0.49616,8.2894,14.48,17.998,18.235,15.149,9.2755,1.6286
0.98038,0.97643,0.97277,0.97004,0.96872,0.96902,0.97091,0.97404,0.97789,0.98178,0.98504,0.98711,0.98763,0.98651,0.98395
7.59,12.14,29.94,42.733,48.305,45.695,35.352,19.066,0.34775,19.532,35.17,44.558,46.072,39.45,25.839
0.98038,0.97643,0.97277,0.97004,0.96872,0.96902,0.97091,0.97404,0.97789,0.98178,0.98504,0.98711,0.98763,0.98651,0.98395
0.98038,0.97643,0.97277,0.97004,0.96872,0.96902,0.97091,0.97404,0.97789,0.98178,0.98504,0.98711,0.98763,0.98651,0.98395
7.7194,12.06,29.924,42.782,48.412,45.841,35.512,19.212,0.24075,19.483,35.187,44.638,46.201,39.607,25.995
56.491,58.688,50.568,33.536,10.535,14.456,37.117,53.529,60.855,57.827,44.97,24.506,0.026155,24.384,44.357
15.62,0.064025,15.672,28.867,37.24,39.343,34.812,24.431,9.9952,6.0001,20.789,31.814,37.169,35.928,28.305
0.98038,0.97643,0.97277,0.97004,0.96872,0.96902,0.97091,0.97404,0.97789,0.98178,0.98504,0.98711,0.98763,0.98651,0.98395
16.13,29.248,37.139,38.439,32.924,21.547,6.2747,10.251,25.174,35.913,40.612,38.457,29.822,16.2,0.054657
0.98038,0.97643,0.97277,0.97004,0.96872,0.96902,0.97091,0.97404,0.97789,0.98178,0.98504,0.98711,0.98763,0.98651,0.98395
25.025,13.625,0.3008,14.343,26.075,33.467,35.242,31.092,21.735,8.789,5.5076,18.683,28.458,33.144,31.93
0.98038,0.97643,0.97277,0.97004,0.96872,0.96902,0.97091,0.97404,0.97789,0.98178,0.98504,0.98711,0.98763,0.98651,0.98395
0.98038,0.97643,0.97277,0.97004,0.96872,0.96902,0.97091,0.97404,0.97789,0.98178,0.98504,0.98711,0.98763,0.98651,0.98395
0.98038,0.97643,0.97277,0.97004,0.96872,0.96902,0.97091,0.97404,0.97789,0.98178,0.98504,0.98711,0.98763,0.98651,0.98395
