0.0066432,0.0066432,0.0093949,0.013286,0.01879,0.026573,0.037579,0.053145,0.075159,0.10629,0.15032,0.21258,0.30064,0.42516,0.79905
0.01103,0.01103,0.015599,0.02206,0.031198,0.04412,0.062395,0.08824,0.12479,0.17648,0.24958,0.35296,0.49916,0.70592,0.057836
0.0004516,0.0004516,0.00063865,0.00090319,0.0012773,0.0018064,0.0025546,0.0036128,0.0051092,0.0072256,0.010218,0.014451,0.020437,0.028902,0.99916
0.0067656,0.0067656,0.009568,0.013531,0.019136,0.027062,0.038272,0.054125,0.076544,0.10825,0.15309,0.2165,0.30618,0.433,0.79058
0.0064215,0.0064215,0.0090813,0.012843,0.018163,0.025686,0.036325,0.051372,0.072651,0.10274,0.1453,0.20549,0.2906,0.41097,0.81376
0.0036627,0.0036627,0.0051799,0.0073255,0.01036,0.014651,0.02072,0.029302,0.041439,0.058604,0.082878,0.11721,0.16576,0.23442,0.94345
0.0065031,0.0065031,0.0091968,0.013006,0.018394,0.026012,0.036787,0.052025,0.073574,0.10405,0.14715,0.2081,0.2943,0.4162,0.80843
0.0088678,0.0088678,0.012541,0.017736,0.025082,0.035471,0.050164,0.070942,0.10033,0.14188,0.20065,0.28377,0.40131,0.56754,0.59649
0.0064618,0.0064618,0.0091384,0.012924,0.018277,0.025847,0.036554,0.051695,0.073107,0.10339,0.14621,0.20678,0.29243,0.41356,0.81114
0.0044609,0.0044609,0.0063087,0.0089219,0.012617,0.017844,0.025235,0.035687,0.05047,0.071375,0.10094,0.14275,0.20188,0.2855,0.91487
0.0058891,0.0058891,0.0083284,0.011778,0.016657,0.023556,0.033314,0.047112,0.066627,0.094225,0.13325,0.18845,0.26651,0.3769,0.8461
0.0039903,0.0039903,0.0056431,0.0079806,0.011286,0.015961,0.022573,0.031922,0.045145,0.063845,0.09029,0.12769,0.18058,0.25538,0.9325
0.0083766,0.0083766,0.011846,0.016753,0.023693,0.033506,0.047385,0.067013,0.09477,0.13403,0.18954,0.26805,0.37908,0.5361,0.65206
0.0071112,0.0071112,0.010057,0.014222,0.020114,0.028445,0.040227,0.05689,0.080454,0.11378,0.16091,0.22756,0.32182,0.45512,0.76533
0.011003,0.011003,0.015561,0.022007,0.031122,0.044014,0.062245,0.088028,0.12449,0.17606,0.24898,0.35211,0.49796,0.70422,0.09025
0.010113,0.010113,0.014302,0.020226,0.028603,0.040451,0.057207,0.080903,0.11441,0.16181,0.22883,0.32361,0.45765,0.64722,0.40276
0.0023446,0.0023446,0.0033158,0.0046892,0.0066316,0.0093785,0.013263,0.018757,0.026526,0.037514,0.053053,0.075028,0.10611,0.15006,0.97722
0.0052112,0.0052112,0.0073697,0.010422,0.014739,0.020845,0.029479,0.04169,0.058958,0.083379,0.11792,0.16676,0.23583,0.33352,0.88178
0.0043642,0.0043642,0.0061719,0.0087284,0.012344,0.017457,0.024688,0.034914,0.049375,0.069827,0.098751,0.13965,0.1975,0.27931,0.91872
0.0070183,0.0070183,0.0099254,0.014037,0.019851,0.028073,0.039701,0.056146,0.079403,0.11229,0.15881,0.22459,0.31761,0.44917,0.77233
0.0078918,0.0078918,0.011161,0.015784,0.022321,0.031567,0.044643,0.063135,0.089286,0.12627,0.17857,0.25254,0.35714,0.50508,0.69985
0.010726,0.010726,0.015169,0.021452,0.030337,0.042903,0.060675,0.085807,0.12135,0.17161,0.2427,0.34323,0.4854,0.68646,0.23991
0.00078918,0.00078918,0.0011161,0.0015784,0.0022321,0.0031567,0.0044643,0.0063135,0.0089286,0.012627,0.017857,0.025254,0.035714,0.050508,0.99745
0.0091759,0.0091759,0.012977,0.018352,0.025953,0.036703,0.051906,0.073407,0.10381,0.14681,0.20763,0.29363,0.41525,0.58725,0.55701
0.0054689,0.0054689,0.0077342,0.010938,0.015468,0.021876,0.030937,0.043751,0.061873,0.087502,0.12375,0.175,0.24749,0.35001,0.8689
0.010757,0.010757,0.015212,0.021513,0.030424,0.043026,0.060848,0.086053,0.1217,0.17211,0.24339,0.34421,0.48679,0.68842,0.22837
0.0014492,0.0014492,0.0020495,0.0028984,0.004099,0.0057968,0.0081979,0.011594,0.016396,0.023187,0.032792,0.046374,0.065583,0.092749,0.99136
0.0096947,0.0096947,0.01371,0.019389,0.027421,0.038779,0.054842,0.077558,0.10968,0.15512,0.21937,0.31023,0.43873,0.62046,0.47964
0.0054136,0.0054136,0.007656,0.010827,0.015312,0.021655,0.030624,0.043309,0.061248,0.086618,0.1225,0.17324,0.24499,0.34647,0.87173
0.010968,0.010968,0.015511,0.021936,0.031022,0.043872,0.062045,0.087745,0.12409,0.17549,0.24818,0.35098,0.49636,0.70196,0.12046
0.010591,0.010591,0.014977,0.021181,0.029955,0.042362,0.059909,0.084724,0.11982,0.16945,0.23964,0.3389,0.47927,0.6778,0.28493
0.010885,0.010885,0.015393,0.021769,0.030786,0.043538,0.061572,0.087076,0.12314,0.17415,0.24629,0.3483,0.49258,0.69661,0.17167
0.0092138,0.0092138,0.01303,0.018428,0.02606,0.036855,0.052121,0.07371,0.10424,0.14742,0.20848,0.29484,0.41697,0.58968,0.55186
0.0074824,0.0074824,0.010582,0.014965,0.021163,0.02993,0.042327,0.059859,0.084654,0.11972,0.16931,0.23944,0.33862,0.47888,0.73577
0.0085415,0.0085415,0.01208,0.017083,0.024159,0.034166,0.048318,0.068332,0.096636,0.13666,0.19327,0.27333,0.38654,0.54666,0.6343
0.011042,0.011042,0.015615,0.022084,0.031231,0.044167,0.062462,0.088335,0.12492,0.17667,0.24985,0.35334,0.4997,0.70668,0.034891
0.0079328,0.0079328,0.011219,0.015866,0.022437,0.031731,0.044875,0.063463,0.08975,0.12693,0.1795,0.25385,0.359,0.5077,0.69605
0.0040877,0.0040877,0.0057808,0.0081753,0.011562,0.016351,0.023123,0.032701,0.046247,0.065402,0.092493,0.1308,0.18499,0.26161,0.92904
0.0032974,0.0032974,0.0046633,0.0065949,0.0093266,0.01319,0.018653,0.02638,0.037306,0.052759,0.074613,0.10552,0.14923,0.21104,0.95442
0.0079731,0.0079731,0.011276,0.015946,0.022551,0.031892,0.045103,0.063785,0.090205,0.12757,0.18041,0.25514,0.36082,0.51028,0.69226
0.010199,0.010199,0.014424,0.020399,0.028848,0.040797,0.057696,0.081595,0.11539,0.16319,0.23078,0.32638,0.46157,0.65276,0.38447
0.0094366,0.0094366,0.013345,0.018873,0.026691,0.037747,0.053382,0.075493,0.10676,0.15099,0.21353,0.30197,0.42705,0.60395,0.5201
0.0016071,0.0016071,0.0022728,0.0032143,0.0045457,0.0064286,0.0090914,0.012857,0.018183,0.025714,0.036366,0.051429,0.072731,0.10286,0.98936
0.0067991,0.0067991,0.0096153,0.013598,0.019231,0.027196,0.038461,0.054392,0.076922,0.10878,0.15384,0.21757,0.30769,0.43514,0.78823
0.0059285,0.0059285,0.0083841,0.011857,0.016768,0.023714,0.033536,0.047428,0.067073,0.094855,0.13415,0.18971,0.26829,0.37942,0.84385
0.0078127,0.0078127,0.011049,0.015625,0.022098,0.031251,0.044195,0.062502,0.088391,0.125,0.17678,0.25001,0.35356,0.50001,0.70714
0.0082377,0.0082377,0.01165,0.016475,0.0233,0.032951,0.046599,0.065902,0.093199,0.1318,0.1864,0.26361,0.3728,0.52721,0.6664
0.0055484,0.0055484,0.0078466,0.011097,0.015693,0.022194,0.031387,0.044387,0.062773,0.088775,0.12555,0.17755,0.25109,0.3551,0.86476
0.0016486,0.0016486,0.0023315,0.0032972,0.004663,0.0065945,0.009326,0.013189,0.018652,0.026378,0.037304,0.052756,0.074608,0.10551,0.9888
0.010827,0.010827,0.015312,0.021654,0.030623,0.043308,0.061246,0.086615,0.12249,0.17323,0.24499,0.34646,0.48997,0.69292,0.19929
0.0060218,0.0060218,0.008516,0.012044,0.017032,0.024087,0.034064,0.048174,0.068128,0.096348,0.13626,0.1927,0.27251,0.38539,0.83842
0.011049,0.011049,0.015625,0.022097,0.03125,0.044194,0.0625,0.088388,0.125,0.17678,0.25,0.35355,0.5,0.70711,0
0.010986,0.010986,0.015537,0.021972,0.031073,0.043944,0.062147,0.087889,0.12429,0.17578,0.24859,0.35156,0.49717,0.70311,0.10617
0.0027425,0.0027425,0.0038785,0.005485,0.0077569,0.01097,0.015514,0.02194,0.031028,0.04388,0.062056,0.08776,0.12411,0.17552,0.9687
0.0046368,0.0046368,0.0065574,0.0092735,0.013115,0.018547,0.026229,0.037094,0.052459,0.074188,0.10492,0.14838,0.20984,0.29675,0.90768
0.0010026,0.0010026,0.0014179,0.0020053,0.0028359,0.0040105,0.0056717,0.0080211,0.011343,0.016042,0.022687,0.032084,0.045374,0.064168,0.99587
0.0031493,0.0031493,0.0044538,0.0062987,0.0089077,0.012597,0.017815,0.025195,0.035631,0.050389,0.071261,0.10078,0.14252,0.20156,0.95851
0.0074183,0.0074183,0.010491,0.014837,0.020982,0.029673,0.041964,0.059346,0.083928,0.11869,0.16786,0.23739,0.33571,0.47477,0.74107
0.0065534,0.0065534,0.0092679,0.013107,0.018536,0.026214,0.037072,0.052427,0.074143,0.10485,0.14829,0.20971,0.29657,0.41942,0.8051
0.0068551,0.0068551,0.0096946,0.01371,0.019389,0.02742,0.038778,0.054841,0.077557,0.10968,0.15511,0.21936,0.31023,0.43873,0.78424
0.0037199,0.0037199,0.0052608,0.0074399,0.010522,0.01488,0.021043,0.029759,0.042086,0.059519,0.084172,0.11904,0.16834,0.23808,0.94162
0.0066844,0.0066844,0.0094532,0.013369,0.018906,0.026738,0.037813,0.053475,0.075626,0.10695,0.15125,0.2139,0.3025,0.4278,0.79622
0.0061587,0.0061587,0.0087098,0.012317,0.01742,0.024635,0.034839,0.04927,0.069678,0.09854,0.13936,0.19708,0.27871,0.39416,0.83023
0.0070719,0.0070719,0.010001,0.014144,0.020002,0.028287,0.040004,0.056575,0.080009,0.11315,0.16002,0.2263,0.32004,0.4526,0.76831
0.0076942,0.0076942,0.010881,0.015388,0.021763,0.030777,0.043525,0.061554,0.08705,0.12311,0.1741,0.24622,0.3482,0.49243,0.71765
0.010795,0.010795,0.015267,0.021591,0.030534,0.043182,0.061068,0.086363,0.12214,0.17273,0.24427,0.34545,0.48855,0.69091,0.21282
0.0030355,0.0030355,0.0042928,0.006071,0.0085856,0.012142,0.017171,0.024284,0.034343,0.048568,0.068685,0.097135,0.13737,0.19427,0.96152
0.0017385,0.0017385,0.0024585,0.0034769,0.0049171,0.0069538,0.0098342,0.013908,0.019668,0.027815,0.039337,0.055631,0.078674,0.11126,0.98754
0.0097799,0.0097799,0.013831,0.01956,0.027662,0.03912,0.055324,0.078239,0.11065,0.15648,0.22129,0.31296,0.44259,0.62591,0.46525
0.0071719,0.0071719,0.010143,0.014344,0.020285,0.028688,0.04057,0.057375,0.081141,0.11475,0.16228,0.2295,0.32456,0.459,0.76068
0.0081904,0.0081904,0.011583,0.016381,0.023166,0.032761,0.046332,0.065523,0.092663,0.13105,0.18533,0.26209,0.37065,0.52418,0.67117
0.0011818,0.0011818,0.0016713,0.0023636,0.0033427,0.0047272,0.0066853,0.0094545,0.013371,0.018909,0.026741,0.037818,0.053483,0.075636,0.99426
0.006375,0.006375,0.0090157,0.01275,0.018031,0.0255,0.036063,0.051,0.072125,0.102,0.14425,0.204,0.2885,0.408,0.81674
0.0090944,0.0090944,0.012861,0.018189,0.025723,0.036377,0.051446,0.072755,0.10289,0.14551,0.20578,0.29102,0.41156,0.58204,0.56785
0.00088627,0.00088627,0.0012534,0.0017725,0.0025067,0.0035451,0.0050135,0.0070901,0.010027,0.01418,0.020054,0.028361,0.040108,0.056721,0.99678
0.0050394,0.0050394,0.0071268,0.010079,0.014254,0.020158,0.028507,0.040315,0.057014,0.08063,0.11403,0.16126,0.22806,0.32252,0.88992
0.010671,0.010671,0.015091,0.021342,0.030182,0.042683,0.060363,0.085366,0.12073,0.17073,0.24145,0.34147,0.48291,0.68293,0.25925
0.0069666,0.0069666,0.0098523,0.013933,0.019705,0.027866,0.039409,0.055733,0.078818,0.11147,0.15764,0.22293,0.31527,0.44586,0.77615
0.00059568,0.00059568,0.00084242,0.0011914,0.0016848,0.0023827,0.0033697,0.0047655,0.0067394,0.0095309,0.013479,0.019062,0.026958,0.038124,0.99855
0.00020758,0.00020758,0.00029356,0.00041516,0.00058713,0.00083032,0.0011743,0.0016606,0.0023485,0.0033213,0.004697,0.0066426,0.009394,0.013285,0.99982
0.0046831,0.0046831,0.0066229,0.0093663,0.013246,0.018733,0.026492,0.037465,0.052984,0.07493,0.10597,0.14986,0.21193,0.29972,0.90572
0.0065979,0.0065979,0.0093309,0.013196,0.018662,0.026392,0.037324,0.052783,0.074647,0.10557,0.14929,0.21113,0.29859,0.42227,0.80211
0.0010531,0.0010531,0.0014893,0.0021062,0.0029787,0.0042125,0.0059574,0.008425,0.011915,0.01685,0.023829,0.0337,0.047659,0.0674,0.99545
0.010066,0.010066,0.014235,0.020132,0.028471,0.040264,0.056942,0.080528,0.11388,0.16106,0.22777,0.32211,0.45553,0.64422,0.41226
0.010848,0.010848,0.015342,0.021696,0.030683,0.043393,0.061367,0.086786,0.12273,0.17357,0.24547,0.34714,0.49094,0.69429,0.18955
0.0058331,0.0058331,0.0082493,0.011666,0.016499,0.023332,0.032997,0.046665,0.065994,0.09333,0.13199,0.18666,0.26398,0.37332,0.84927
0.0061112,0.0061112,0.0086426,0.012222,0.017285,0.024445,0.03457,0.04889,0.069141,0.09778,0.13828,0.19556,0.27656,0.39112,0.8331
0.0083174,0.0083174,0.011763,0.016635,0.023525,0.03327,0.047051,0.06654,0.094101,0.13308,0.1882,0.26616,0.3764,0.53232,0.65824
0.010445,0.010445,0.014771,0.020889,0.029542,0.041778,0.059083,0.083557,0.11817,0.16711,0.23633,0.33423,0.47267,0.66845,0.3261
0.010908,0.010908,0.015426,0.021816,0.030853,0.043632,0.061706,0.087265,0.12341,0.17453,0.24682,0.34906,0.49365,0.69812,0.15893
0.010004,0.010004,0.014148,0.020008,0.028296,0.040016,0.056592,0.080033,0.11318,0.16007,0.22637,0.32013,0.45273,0.64026,0.42442
0.006234,0.006234,0.0088163,0.012468,0.017633,0.024936,0.035265,0.049872,0.07053,0.099745,0.14106,0.19949,0.28212,0.39898,0.82561
0.010329,0.010329,0.014607,0.020657,0.029214,0.041314,0.058427,0.082629,0.11686,0.16526,0.23371,0.33052,0.46742,0.66103,0.3557
4.7119e-05,4.7119e-05,6.6636e-05,9.4238e-05,0.00013327,0.00018848,0.00026654,0.00037695,0.00053309,0.0007539,0.0010662,0.0015078,0.0021324,0.0030156,0.99999
0.00049548,0.00049548,0.00070071,0.00099095,0.0014014,0.0019819,0.0028028,0.0039638,0.0056057,0.0079276,0.011211,0.015855,0.022423,0.03171,0.99899
0.0036125,0.0036125,0.0051089,0.007225,0.010218,0.01445,0.020436,0.0289,0.040871,0.0578,0.081742,0.1156,0.16348,0.2312,0.94504
0.0023863,0.0023863,0.0033748,0.0047726,0.0067495,0.0095453,0.013499,0.019091,0.026998,0.038181,0.053996,0.076362,0.10799,0.15272,0.9764
0.0017748,0.0017748,0.00251,0.0035496,0.0050199,0.0070992,0.01004,0.014198,0.02008,0.028397,0.040159,0.056794,0.080319,0.11359,0.98701
0.0052639,0.0052639,0.0074443,0.010528,0.014889,0.021056,0.029777,0.042111,0.059554,0.084222,0.11911,0.16844,0.23822,0.33689,0.87921
0.0059842,0.0059842,0.008463,0.011968,0.016926,0.023937,0.033852,0.047874,0.067704,0.095748,0.13541,0.1915,0.27082,0.38299,0.84062
0.0057337,0.0057337,0.0081087,0.011467,0.016217,0.022935,0.032435,0.04587,0.06487,0.09174,0.12974,0.18348,0.25948,0.36696,0.8548
0.0076058,0.0076058,0.010756,0.015212,0.021512,0.030423,0.043025,0.060846,0.08605,0.12169,0.1721,0.24339,0.3442,0.48677,0.72533
0.010402,0.010402,0.014711,0.020804,0.029422,0.041609,0.058844,0.083218,0.11769,0.16644,0.23537,0.33287,0.47075,0.66574,0.33702
0.0098544,0.0098544,0.013936,0.019709,0.027872,0.039418,0.055745,0.078835,0.11149,0.15767,0.22298,0.31534,0.44596,0.63068,0.4522
0.0085046,0.0085046,0.012027,0.017009,0.024055,0.034019,0.048109,0.068037,0.096219,0.13607,0.19244,0.27215,0.38488,0.5443,0.63834
0.0041291,0.0041291,0.0058394,0.0082582,0.011679,0.016516,0.023358,0.033033,0.046715,0.066065,0.093431,0.13213,0.18686,0.26426,0.92754
0.0086732,0.0086732,0.012266,0.017346,0.024532,0.034693,0.049063,0.069386,0.098126,0.13877,0.19625,0.27754,0.3925,0.55508,0.61949
0.0096549,0.0096549,0.013654,0.01931,0.027308,0.03862,0.054617,0.07724,0.10923,0.15448,0.21847,0.30896,0.43693,0.61792,0.48617
0.0060662,0.0060662,0.008579,0.012132,0.017158,0.024265,0.034316,0.04853,0.068632,0.09706,0.13726,0.19412,0.27453,0.38824,0.83579
0.00068188,0.00068188,0.00096432,0.0013638,0.0019286,0.0027275,0.0038573,0.005455,0.0077146,0.01091,0.015429,0.02182,0.030858,0.04364,0.99809
0.00025524,0.00025524,0.00036097,0.00051048,0.00072193,0.001021,0.0014439,0.0020419,0.0028877,0.0040839,0.0057754,0.0081677,0.011551,0.016335,0.99973
0.0034006,0.0034006,0.0048091,0.0068011,0.0096183,0.013602,0.019237,0.027205,0.038473,0.054409,0.076946,0.10882,0.15389,0.21764,0.95146
0.00083298,0.00083298,0.001178,0.001666,0.002356,0.0033319,0.0047121,0.0066639,0.0094241,0.013328,0.018848,0.026655,0.037696,0.053311,0.99715
0.00093853,0.00093853,0.0013273,0.0018771,0.0026546,0.0037541,0.0053092,0.0075083,0.010618,0.015017,0.021237,0.030033,0.042473,0.060066,0.99639
0.0075499,0.0075499,0.010677,0.0151,0.021354,0.030199,0.042709,0.060399,0.085417,0.1208,0.17083,0.2416,0.34167,0.48319,0.7301
0.010628,0.010628,0.01503,0.021256,0.030061,0.042512,0.060121,0.085025,0.12024,0.17005,0.24049,0.3401,0.48097,0.6802,0.27325
0.0037641,0.0037641,0.0053233,0.0075283,0.010647,0.015057,0.021293,0.030113,0.042586,0.060226,0.085173,0.12045,0.17035,0.24091,0.94018
0.0072755,0.0072755,0.010289,0.014551,0.020578,0.029102,0.041157,0.058204,0.082313,0.11641,0.16463,0.23282,0.32925,0.46563,0.75258
0.0010928,0.0010928,0.0015454,0.0021856,0.0030908,0.0043711,0.0061817,0.0087422,0.012363,0.017484,0.024727,0.034969,0.049453,0.069938,0.9951
0.011047,0.011047,0.015623,0.022094,0.031245,0.044187,0.06249,0.088374,0.12498,0.17675,0.24996,0.3535,0.49992,0.707,0.017706
0.010363,0.010363,0.014655,0.020726,0.029311,0.041451,0.058621,0.082903,0.11724,0.16581,0.23448,0.33161,0.46897,0.66322,0.34681
0.0024445,0.0024445,0.003457,0.0048889,0.006914,0.0097779,0.013828,0.019556,0.027656,0.039112,0.055312,0.078223,0.11062,0.15645,0.97522
0.0080096,0.0080096,0.011327,0.016019,0.022655,0.032038,0.045309,0.064077,0.090618,0.12815,0.18124,0.25631,0.36247,0.51261,0.68881
0.00033114,0.00033114,0.00046831,0.00066228,0.00093661,0.0013246,0.0018732,0.0026491,0.0037464,0.0052983,0.0074929,0.010597,0.014986,0.021193,0.99955
0.0095447,0.0095447,0.013498,0.019089,0.026996,0.038179,0.053993,0.076357,0.10799,0.15271,0.21597,0.30543,0.43194,0.61086,0.50369
0.0024892,0.0024892,0.0035202,0.0049784,0.0070405,0.0099567,0.014081,0.019913,0.028162,0.039827,0.056324,0.079654,0.11265,0.15931,0.97429
0.010937,0.010937,0.015468,0.021875,0.030935,0.043749,0.061871,0.087498,0.12374,0.175,0.24748,0.34999,0.49496,0.69999,0.14156
0.0021355,0.0021355,0.0030201,0.004271,0.0060401,0.008542,0.01208,0.017084,0.02416,0.034168,0.048321,0.068336,0.096642,0.13667,0.98114
0.0067243,0.0067243,0.0095096,0.013449,0.019019,0.026897,0.038038,0.053795,0.076077,0.10759,0.15215,0.21518,0.30431,0.43036,0.79347
0.0057817,0.0057817,0.0081766,0.011563,0.016353,0.023127,0.032706,0.046254,0.065413,0.092507,0.13083,0.18501,0.26165,0.37003,0.85215
0.010699,0.010699,0.01513,0.021398,0.030261,0.042795,0.060521,0.08559,0.12104,0.17118,0.24209,0.34236,0.48417,0.68472,0.24963
0.0043046,0.0043046,0.0060876,0.0086091,0.012175,0.017218,0.02435,0.034437,0.048701,0.068873,0.097401,0.13775,0.1948,0.27549,0.92098
0.0099254,0.0099254,0.014037,0.019851,0.028073,0.039702,0.056146,0.079403,0.11229,0.15881,0.22459,0.31761,0.44917,0.63522,0.43929
0.001894,0.001894,0.0026786,0.003788,0.0053571,0.0075761,0.010714,0.015152,0.021428,0.030304,0.042857,0.060609,0.085714,0.12122,0.9852
0.0038718,0.0038718,0.0054755,0.0077436,0.010951,0.015487,0.021902,0.030974,0.043804,0.061949,0.087609,0.1239,0.17522,0.24779,0.93659
0.0049872,0.0049872,0.0070529,0.0099744,0.014106,0.019949,0.028212,0.039897,0.056423,0.079795,0.11285,0.15959,0.22569,0.31918,0.89233
0.0098173,0.0098173,0.013884,0.019635,0.027768,0.039269,0.055535,0.078538,0.11107,0.15708,0.22214,0.31415,0.44428,0.62831,0.45876
0.0086406,0.0086406,0.01222,0.017281,0.024439,0.034563,0.048879,0.069125,0.097758,0.13825,0.19552,0.2765,0.39103,0.553,0.6232
0.0026875,0.0026875,0.0038008,0.0053751,0.0076015,0.01075,0.015203,0.0215,0.030406,0.043001,0.060812,0.086001,0.12162,0.172,0.96996
0.0093977,0.0093977,0.01329,0.018795,0.026581,0.037591,0.053161,0.075182,0.10632,0.15036,0.21265,0.30073,0.42529,0.60145,0.52584
0.004222,0.004222,0.0059708,0.008444,0.011942,0.016888,0.023883,0.033776,0.047767,0.067552,0.095533,0.1351,0.19107,0.27021,0.92411
0.0012384,0.0012384,0.0017514,0.0024768,0.0035028,0.0049537,0.0070056,0.0099074,0.014011,0.019815,0.028022,0.039629,0.056045,0.079259,0.9937
0.0063058,0.0063058,0.0089177,0.012612,0.017835,0.025223,0.035671,0.050446,0.071342,0.10089,0.14268,0.20178,0.28537,0.40357,0.82114
0.0012923,0.0012923,0.0018276,0.0025846,0.0036552,0.0051692,0.0073104,0.010338,0.014621,0.020677,0.029241,0.041354,0.058483,0.082707,0.99314
0.010229,0.010229,0.014466,0.020459,0.028933,0.040917,0.057866,0.081835,0.11573,0.16367,0.23146,0.32734,0.46293,0.65468,0.37788
0.0078536,0.0078536,0.011107,0.015707,0.022213,0.031414,0.044427,0.062829,0.088854,0.12566,0.17771,0.25132,0.35541,0.50263,0.70336
0.0047229,0.0047229,0.0066792,0.0094459,0.013358,0.018892,0.026717,0.037784,0.053434,0.075567,0.10687,0.15113,0.21374,0.30227,0.90403
0.010516,0.010516,0.014872,0.021032,0.029743,0.042064,0.059487,0.084127,0.11897,0.16825,0.23795,0.33651,0.4759,0.67302,0.30674
0.0095912,0.0095912,0.013564,0.019182,0.027128,0.038365,0.054256,0.07673,0.10851,0.15346,0.21702,0.30692,0.43405,0.61384,0.49639
0.0089693,0.0089693,0.012684,0.017939,0.025369,0.035877,0.050738,0.071754,0.10148,0.14351,0.20295,0.28702,0.4059,0.57403,0.58393
0.0025723,0.0025723,0.0036378,0.0051446,0.0072756,0.010289,0.014551,0.020578,0.029102,0.041157,0.058205,0.082314,0.11641,0.16463,0.97252
0.0047626,0.0047626,0.0067354,0.0095253,0.013471,0.019051,0.026941,0.038101,0.053883,0.076202,0.10777,0.1524,0.21553,0.30481,0.90232
0.007229,0.007229,0.010223,0.014458,0.020447,0.028916,0.040894,0.057832,0.081787,0.11566,0.16357,0.23133,0.32715,0.46266,0.75624
0.0014964,0.0014964,0.0021163,0.0029929,0.0042326,0.0059858,0.0084652,0.011972,0.01693,0.023943,0.033861,0.047886,0.067721,0.095773,0.99079
0.0025305,0.0025305,0.0035787,0.005061,0.0071574,0.010122,0.014315,0.020244,0.02863,0.040488,0.057259,0.080976,0.11452,0.16195,0.97342
0.0053061,0.0053061,0.007504,0.010612,0.015008,0.021224,0.030016,0.042449,0.060032,0.084898,0.12006,0.1698,0.24013,0.33959,0.87713
0.0011337,0.0011337,0.0016032,0.0022673,0.0032065,0.0045346,0.0064129,0.0090692,0.012826,0.018138,0.025652,0.036277,0.051303,0.072554,0.99472
0.0050785,0.0050785,0.0071821,0.010157,0.014364,0.020314,0.028728,0.040628,0.057457,0.081256,0.11491,0.16251,0.22983,0.32502,0.8881
0.0020634,0.0020634,0.0029181,0.0041268,0.0058362,0.0082537,0.011672,0.016507,0.023345,0.033015,0.04669,0.066029,0.09338,0.13206,0.98241
0.0084175,0.0084175,0.011904,0.016835,0.023808,0.03367,0.047617,0.06734,0.095233,0.13468,0.19047,0.26936,0.38093,0.53872,0.64774
0.0032139,0.0032139,0.0045452,0.0064279,0.0090904,0.012856,0.018181,0.025711,0.036361,0.051423,0.072723,0.10285,0.14545,0.20569,0.95676
0.0033481,0.0033481,0.0047349,0.0066961,0.0094698,0.013392,0.01894,0.026785,0.037879,0.053569,0.075758,0.10714,0.15152,0.21428,0.95298
0.0020168,0.0020168,0.0028522,0.0040336,0.0057044,0.0080673,0.011409,0.016135,0.022818,0.032269,0.045635,0.064538,0.091271,0.12908,0.9832
0.002636,0.002636,0.0037279,0.0052721,0.0074558,0.010544,0.014912,0.021088,0.029823,0.042177,0.059647,0.084353,0.11929,0.16871,0.97112
0.0030989,0.0030989,0.0043825,0.0061979,0.0087651,0.012396,0.01753,0.024791,0.03506,0.049583,0.070121,0.099166,0.14024,0.19833,0.95986
0.0048717,0.0048717,0.0068896,0.0097434,0.013779,0.019487,0.027559,0.038974,0.055117,0.077947,0.11023,0.15589,0.22047,0.31179,0.89754
0.009255,0.009255,0.013089,0.01851,0.026177,0.03702,0.052354,0.07404,0.10471,0.14808,0.20942,0.29616,0.41883,0.59232,0.54618
0.010296,0.010296,0.014561,0.020592,0.029121,0.041184,0.058242,0.082367,0.11648,0.16473,0.23297,0.32947,0.46594,0.65894,0.36277
0.0053623,0.0053623,0.0075835,0.010725,0.015167,0.021449,0.030334,0.042899,0.060668,0.085798,0.12134,0.1716,0.24267,0.34319,0.87432
0.00010353,0.00010353,0.00014642,0.00020707,0.00029284,0.00041414,0.00058568,0.00082828,0.0011714,0.0016566,0.0023427,0.0033131,0.0046854,0.0066262,0.99996
0.0035171,0.0035171,0.004974,0.0070343,0.0099479,0.014069,0.019896,0.028137,0.039792,0.056274,0.079584,0.11255,0.15917,0.2251,0.94798
0.0098871,0.0098871,0.013983,0.019774,0.027965,0.039549,0.05593,0.079097,0.11186,0.15819,0.22372,0.31639,0.44744,0.63278,0.4463
0.0029897,0.0029897,0.004228,0.0059793,0.0084561,0.011959,0.016912,0.023917,0.033824,0.047835,0.067648,0.095669,0.1353,0.19134,0.96269
0.0097425,0.0097425,0.013778,0.019485,0.027556,0.03897,0.055112,0.07794,0.11022,0.15588,0.22045,0.31176,0.44089,0.62352,0.47165
0.0035543,0.0035543,0.0050265,0.0071086,0.010053,0.014217,0.020106,0.028434,0.040212,0.056869,0.080425,0.11374,0.16085,0.22748,0.94684
0.0016889,0.0016889,0.0023885,0.0033778,0.0047769,0.0067556,0.0095539,0.013511,0.019108,0.027022,0.038215,0.054045,0.076431,0.10809,0.98825
0.00040759,0.00040759,0.00057642,0.00081518,0.0011528,0.0016304,0.0023057,0.0032607,0.0046114,0.0065214,0.0092227,0.013043,0.018445,0.026086,0.99932
0.0007362,0.0007362,0.0010412,0.0014724,0.0020823,0.0029448,0.0041646,0.0058896,0.0083292,0.011779,0.016658,0.023559,0.033317,0.047117,0.99778
0.0002977,0.0002977,0.00042101,0.0005954,0.00084203,0.0011908,0.0016841,0.0023816,0.0033681,0.0047632,0.0067362,0.0095265,0.013472,0.019053,0.99964
0.0084594,0.0084594,0.011963,0.016919,0.023927,0.033838,0.047853,0.067675,0.095707,0.13535,0.19141,0.2707,0.38283,0.5414,0.64325
0.0085885,0.0085885,0.012146,0.017177,0.024292,0.034354,0.048584,0.068708,0.097167,0.13742,0.19433,0.27483,0.38867,0.54966,0.62908
0.0082819,0.0082819,0.011712,0.016564,0.023425,0.033128,0.046849,0.066255,0.093699,0.13251,0.1874,0.26502,0.3748,0.53004,0.6619
0.0018338,0.0018338,0.0025933,0.0036675,0.0051866,0.007335,0.010373,0.01467,0.020747,0.02934,0.041493,0.05868,0.082986,0.11736,0.98613
0.0088248,0.0088248,0.01248,0.01765,0.02496,0.035299,0.049921,0.070599,0.099842,0.1412,0.19968,0.28239,0.39937,0.56479,0.60169
0.009133,0.009133,0.012916,0.018266,0.025832,0.036532,0.051664,0.073064,0.10333,0.14613,0.20666,0.29225,0.41331,0.58451,0.56276
0.0049493,0.0049493,0.0069994,0.0098987,0.013999,0.019797,0.027998,0.039595,0.055995,0.079189,0.11199,0.15838,0.22398,0.31676,0.89405
0.0019474,0.0019474,0.0027541,0.0038949,0.0055082,0.0077898,0.011016,0.01558,0.022033,0.031159,0.044066,0.062318,0.088132,0.12464,0.98434
0.010153,0.010153,0.014358,0.020306,0.028717,0.040612,0.057434,0.081224,0.11487,0.16245,0.22973,0.32489,0.45947,0.64979,0.3944
0.0021908,0.0021908,0.0030983,0.0043817,0.0061966,0.0087634,0.012393,0.017527,0.024787,0.035053,0.049573,0.070107,0.099146,0.14021,0.98014
0.010556,0.010556,0.014928,0.021112,0.029857,0.042224,0.059713,0.084447,0.11943,0.16889,0.23885,0.33779,0.47771,0.67558,0.29528
0.0081413,0.0081413,0.011513,0.016283,0.023027,0.032565,0.046054,0.06513,0.092108,0.13026,0.18422,0.26052,0.36843,0.52104,0.67604
0.0080614,0.0080614,0.011401,0.016123,0.022801,0.032246,0.045602,0.064492,0.091205,0.12898,0.18241,0.25797,0.36482,0.51593,0.68383
0.0045544,0.0045544,0.0064409,0.0091088,0.012882,0.018218,0.025764,0.036435,0.051527,0.072871,0.10305,0.14574,0.20611,0.29148,0.91109
0.0029489,0.0029489,0.0041704,0.0058978,0.0083408,0.011796,0.016682,0.023591,0.033363,0.047183,0.066726,0.094365,0.13345,0.18873,0.96372
0.0073736,0.0073736,0.010428,0.014747,0.020856,0.029495,0.041712,0.058989,0.083423,0.11798,0.16685,0.23596,0.33369,0.47191,0.74471
0.0048097,0.0048097,0.006802,0.0096194,0.013604,0.019239,0.027208,0.038478,0.054416,0.076955,0.10883,0.15391,0.21766,0.30782,0.90027
0.0073358,0.0073358,0.010374,0.014672,0.020749,0.029343,0.041498,0.058687,0.082995,0.11737,0.16599,0.23475,0.33198,0.46949,0.74777
0.0087176,0.0087176,0.012329,0.017435,0.024657,0.034871,0.049314,0.069741,0.098629,0.13948,0.19726,0.27896,0.39452,0.55793,0.61435
0.0094957,0.0094957,0.013429,0.018991,0.026858,0.037983,0.053716,0.075965,0.10743,0.15193,0.21486,0.30386,0.42972,0.60772,0.51122
0.0044182,0.0044182,0.0062483,0.0088365,0.012497,0.017673,0.024993,0.035346,0.049987,0.070692,0.099973,0.14138,0.19995,0.28277,0.91656
0.011019,0.011019,0.015583,0.022037,0.031166,0.044075,0.062331,0.08815,0.12466,0.1763,0.24933,0.3526,0.49865,0.7052,0.073422
0.0045944,0.0045944,0.0064975,0.0091888,0.012995,0.018378,0.02599,0.036755,0.05198,0.073511,0.10396,0.14702,0.20792,0.29404,0.90944
0.0093583,0.0093583,0.013235,0.018717,0.026469,0.037433,0.052939,0.074867,0.10588,0.14973,0.21175,0.29947,0.42351,0.59893,0.53156
0.0055045,0.0055045,0.0077845,0.011009,0.015569,0.022018,0.031138,0.044036,0.062276,0.088072,0.12455,0.17614,0.2491,0.35229,0.86706
0.0034605,0.0034605,0.004894,0.0069211,0.0097879,0.013842,0.019576,0.027684,0.039152,0.055369,0.078303,0.11074,0.15661,0.22147,0.94968
0.0092997,0.0092997,0.013152,0.018599,0.026304,0.037199,0.052607,0.074398,0.10521,0.1488,0.21043,0.29759,0.42086,0.59518,0.53992
0.0040446,0.0040446,0.0057199,0.0080892,0.01144,0.016178,0.02288,0.032357,0.045759,0.064713,0.091519,0.12943,0.18304,0.25885,0.93059
6.7653e-19,6.7653e-19,9.5676e-19,1.3531e-18,1.9135e-18,2.7061e-18,3.827e-18,5.4122e-18,7.654e-18,1.0824e-17,1.5308e-17,2.1649e-17,3.0616e-17,4.3298e-17,1
0.0090044,0.0090044,0.012734,0.018009,0.025468,0.036018,0.050937,0.072035,0.10187,0.14407,0.20375,0.28814,0.40749,0.57628,0.57948
0.0045125,0.0045125,0.0063816,0.009025,0.012763,0.01805,0.025526,0.0361,0.051053,0.0722,0.10211,0.1444,0.20421,0.2888,0.91279
0.00053621,0.00053621,0.00075831,0.0010724,0.0015166,0.0021448,0.0030332,0.0042897,0.0060665,0.0085793,0.012133,0.017159,0.024266,0.034317,0.99882
0.0032592,0.0032592,0.0046092,0.0065184,0.0092184,0.013037,0.018437,0.026074,0.036874,0.052147,0.073747,0.10429,0.14749,0.20859,0.9555
0.0038238,0.0038238,0.0054077,0.0076476,0.010815,0.015295,0.021631,0.03059,0.043261,0.061181,0.086522,0.12236,0.17304,0.24472,0.9382
0.0056909,0.0056909,0.0080481,0.011382,0.016096,0.022764,0.032193,0.045527,0.064385,0.091054,0.12877,0.18211,0.25754,0.36422,0.85714
0.010478,0.010478,0.014818,0.020956,0.029636,0.041911,0.059271,0.083822,0.11854,0.16764,0.23708,0.33529,0.47417,0.67058,0.31726
0.0051527,0.0051527,0.007287,0.010305,0.014574,0.020611,0.029148,0.041221,0.058296,0.082443,0.11659,0.16489,0.23318,0.32977,0.88459
0.0056041,0.0056041,0.0079254,0.011208,0.015851,0.022417,0.031702,0.044833,0.063403,0.089666,0.12681,0.17933,0.25361,0.35866,0.86181
0.0056469,0.0056469,0.0079859,0.011294,0.015972,0.022588,0.031944,0.045175,0.063887,0.09035,0.12777,0.1807,0.25555,0.3614,0.85952
0.0087659,0.008766,0.012397,0.017532,0.024794,0.035064,0.049588,0.070127,0.099175,0.14026,0.19835,0.28051,0.3967,0.56102,0.60915
0.0029028,0.0029028,0.0041052,0.0058056,0.0082103,0.011611,0.016421,0.023222,0.032841,0.046445,0.065683,0.092889,0.13137,0.18578,0.96487
0.0076432,0.0076432,0.010809,0.015286,0.021618,0.030573,0.043237,0.061146,0.086473,0.12229,0.17295,0.24458,0.34589,0.48917,0.7221
0.0061962,0.0061962,0.0087628,0.012392,0.017526,0.024785,0.035051,0.04957,0.070102,0.09914,0.1402,0.19828,0.28041,0.39656,0.82794
0.002304,0.002304,0.0032583,0.004608,0.0065166,0.0092159,0.013033,0.018432,0.026067,0.036864,0.052133,0.073727,0.10427,0.14745,0.97802
0.00064136,0.00064136,0.00090702,0.0012827,0.001814,0.0025654,0.0036281,0.0051309,0.0072561,0.010262,0.014512,0.020523,0.029025,0.041047,0.99831
0.0013414,0.0013414,0.001897,0.0026828,0.0037941,0.0053656,0.0075881,0.010731,0.015176,0.021462,0.030352,0.042925,0.060705,0.08585,0.9926
0.006929,0.006929,0.0097991,0.013858,0.019598,0.027716,0.039196,0.055432,0.078393,0.11086,0.15679,0.22173,0.31357,0.44346,0.7789
0.0090618,0.0090618,0.012815,0.018124,0.025631,0.036247,0.051261,0.072494,0.10252,0.14499,0.20505,0.28998,0.41009,0.57996,0.5721
0.010262,0.010262,0.014513,0.020524,0.029026,0.041049,0.058052,0.082098,0.1161,0.1642,0.23221,0.32839,0.46441,0.65678,0.37051
0.0099679,0.0099679,0.014097,0.019936,0.028194,0.039872,0.056387,0.079743,0.11277,0.15949,0.22555,0.31897,0.4511,0.63795,0.43133
0.0080942,0.0080942,0.011447,0.016188,0.022894,0.032377,0.045788,0.064753,0.091575,0.12951,0.18315,0.25901,0.3663,0.51803,0.68066
0.0028033,0.0028033,0.0039645,0.0056066,0.0079289,0.011213,0.015858,0.022426,0.031716,0.044853,0.063431,0.089705,0.12686,0.17941,0.96728
0.00014907,0.00014907,0.00021081,0.00029813,0.00042163,0.00059627,0.00084325,0.0011925,0.0016865,0.0023851,0.003373,0.0047701,0.006746,0.0095403,0.99991
0.0077574,0.0077574,0.010971,0.015515,0.021941,0.03103,0.043883,0.062059,0.087765,0.12412,0.17553,0.24824,0.35106,0.49647,0.71206
0.0039305,0.0039305,0.0055585,0.0078609,0.011117,0.015722,0.022234,0.031444,0.044468,0.062887,0.088936,0.12577,0.17787,0.25155,0.93458
0.0013905,0.0013905,0.0019665,0.002781,0.003933,0.0055621,0.007866,0.011124,0.015732,0.022248,0.031464,0.044497,0.062928,0.088994,0.99205
0.0089072,0.0089072,0.012597,0.017814,0.025194,0.035629,0.050387,0.071258,0.10077,0.14252,0.20155,0.28503,0.4031,0.57006,0.59165
0.0041815,0.0041815,0.0059136,0.008363,0.011827,0.016726,0.023654,0.033452,0.047308,0.066904,0.094617,0.13381,0.18923,0.26762,0.92561
0.0015422,0.0015422,0.002181,0.0030844,0.004362,0.0061688,0.0087241,0.012338,0.017448,0.024675,0.034896,0.049351,0.069792,0.098701,0.99021
0.0022491,0.0022491,0.0031807,0.0044982,0.0063614,0.0089963,0.012723,0.017993,0.025445,0.035985,0.050891,0.071971,0.10178,0.14394,0.97906
0.0028517,0.0028517,0.0040329,0.0057033,0.0080657,0.011407,0.016131,0.022813,0.032263,0.045627,0.064526,0.091253,0.12905,0.18251,0.96612
