6.0685e-121,4.3168e-56,1.3449e-66,3.3263e-59,0,3.492e-73,1.9983e-59,9.869e-53,2.5229e-59,2.7496e-59,7.3465e+12,2.6991e+07,10.593,0,1.5705e+06
1.7287e-64,3.7332e-59,1.0761e-52,0,4.0716e-57,8.5505e-57,4.1185e-64,0,7.8962e+12,25.698,2.1329e+08,2.5188e+08,0,7.7821e+06,1.7285e+06
3.1246e-121,2.8388e-117,2.062e-52,4.3847e-58,3.6375e-72,5.6727e-55,1.0741e-55,1.0456e-57,8.752e-56,0,1.7734e+13,2.5347e+08,1.0631e+07,2.0931,25756
1.0792e-10,0.00026259,28.699,21409,0.12782,0.002679,7.6081e+08,4.2639e+12,19.283,2.3836e+07,0,2.2547e+07,0,87.373,1.7264e+06
14.902,7.3208e+07,0.031011,3941.5,1.4887e+13,0,841.55,6.3855e+09,0,5.3604e+05,0,1.2004e+10,117.55,1.0138e+09,4.5667e+05
1.2555e+13,4.0803e+07,1.3647e+09,0,3.2486e+09,2.9904e+10,2.4306e+10,5.0072e+09,8.2616e+08,5.4256e+06,1026.4,0,1.2904e+05,1217.4,3.9296e+05
5.6319e-06,2.5242e-14,1.3638e-08,8.9623e-17,3.3122e-14,1.4385e+05,71.493,219.02,3.3544,0.00012383,7.3889e+08,1993.2,7.968e+12,0,3.7072e+05
1.0663e-80,3.0875e-74,2.9177e-71,5.0451e-66,2.8567e-52,1.4843e-61,2.0322e+13,9.1062e+07,2.3851e+06,1.2629e+07,8.5627e+07,7.0419e+05,5.3047e+08,8.25e+07,12.885
2.936e-70,4.8554e-64,34.592,0,2.6509e-07,1.5965e-14,8.8295e+07,28.611,11463,1855.2,1.1748e+13,70.188,0,2.0284e+06,8.4394e+05
8.5637e-133,3.9977e-129,1.3003e-123,9.2826e-59,6.6031e+06,2324.6,6466,9.3051e+11,4.2249e+07,3.8329e+08,2.3831,3.4101e+07,3.7679e+08,1901,2.6338e+06
1.2055e+07,3647.3,3675.2,4.4135e+12,0.37938,3.0158e-05,1.1864e+07,4.1067,2000,1.9853e+05,10.261,4513.1,0,1.0176e+07,1.4475e+06
1.2432e-65,2.6106e-69,2.109e-69,2.1491e-59,8.1867e-70,8.7127e-56,1.815e-52,2.9524e-57,1.4523e-59,1.2202e-57,1.3675e+13,2975.6,869.47,3.3408e+06,71238
2.9015e+09,21.425,4.9366e+12,1.0886e+09,7.3807e+07,1.202e+10,2.4314e+08,8.3328e+09,9.7964e+08,2.7784e+11,0,3.2751e+07,0,101.84,4.0292e+05
3.9896e-58,8.252e-55,0,6.9318e-53,4.8104e-63,2.1453e-55,4.6754e-57,6.8118e+12,48267,9.221e+05,88874,2.1545e+07,0,26192,3248.6
2020,1.0324e+08,66106,4.92e+05,0.053404,3.0549e+06,2516.8,1.6529e+05,2.2431e+12,0,3.7372e+05,4.4094e+11,0.0028162,4.0555e+07,1.9443e+06
5.7724e-56,0,3.2241e-53,4.3969e-60,2.4934e+12,1.6096e+09,4.2507e+09,3029.7,1.8315e+05,3.2479e+09,4.1013e-05,9.0127e+07,2.0112e+09,16150,2.3964e+06
7.5209e+12,0,8.9693e+06,5.7745e+09,1.3663e+08,3.3822e-06,1.5627e+05,0,8.1356e+08,2.4443e+06,0.72222,1.7488e+07,0.26576,0,1.648e+06
4.4011e-66,3.7193e-61,26639,0.30988,0.028151,4.2347e+12,2.0029e+08,5.1472e+07,0.0016089,4.1326e+07,2.0117e+06,77585,3.8578e+08,2.6059e+07,1.9948e+06
0.0045049,8100.1,0,0,595.29,4.9148e+09,9.9609e-05,5.0713e+12,6.1029e+07,0,6.3377e-08,1.3553e+09,5.5199e+07,5.4856e+06,1.048e+06
7370,6.9591e+11,2.2146e+06,2.4335e+05,5.2565e+06,432.9,3.4087e+11,2.7202e+07,1946.5,8.2246e+07,7.2455e+06,1.7145e+08,0,0.19489,5.589e+05
0.0038158,5.7257e+09,3.7224e+12,0,0,98434,2.3083e+08,2984.8,0,1.2296e+09,0,1.1702e+08,13937,1.0066e+06,2.6278e+06
86686,2.1759e+10,9.4557e+08,37499,0,2.0646e+12,1.1397e+11,4.0743e+05,1.4779e+11,9.8214e+08,0,1.0512e+11,125.98,5.4677e+10,2.0073e+05
4.9933e-62,1.1455e-58,0,7.6083e-57,2.9398e-65,1.4203e-52,7.7747e-57,1.0421e+13,79651,1.4107e+06,1.3037e+05,6.0962e+08,0,40543,4041.7
2.0639e-59,5.3698e-53,9.0421e-57,2.8832e-62,5.3578e-56,4.1182e-63,1.5539e-58,4.8003e-56,1.2591e-61,5.1466e-65,0,2.6608e-58,0,4.4478e+12,34098
0.1624,6.4939e+07,6.0521e+12,3.2183e+08,0,54.557,0,8.9219e+09,549.2,8.0839e-05,3.6721e+05,1.0026e+08,0,1.9987e+11,9.4539e+05
4.5166e-62,9.2296e-57,6.5945e+08,1.4066e+05,25496,0,3.4117e+05,9.4937e+05,593.3,0,2185.9,1.3359,8.0916e+12,0,1.2019e+06
1.1708e-53,2.146e-57,3.0601e-59,0,5.4275e-57,0,5.4292e-54,2.9374e-56,1.2779e-63,4.4296e-59,0,2.2126e-63,1.154e-57,2.6376e+12,2.1639e+06
1.9256e-60,0,1.2916e-63,3.6695e-67,3.5678e-80,1.9147e-63,3.2478e-63,1.2548e-65,8.5178e-64,1.2284e-57,9.5321e+07,3078.9,1.6788e+13,33574,6369
5.7078,3.1545e+09,0.20091,18.583,44112,28175,3.0632,2.9514e+12,0,0,0.00053201,1.2543e+07,3192.6,3.7313e+07,6.8327e+05
9.4558,1.9136e+07,15891,8.8446e+12,13887,0.051564,3.1815e+07,2.4115e+07,0,7.3552e+07,0,1.2266e+08,5.3743e+06,8.7451e+06,1.0584e+06
9.6062,0.0058731,0.0044897,1372.7,0.038913,3.7945e+07,21519,58111,633.67,7.1566e-10,0,12844,1.4035e+13,3.7542,5344.9
6.0049e-06,0,3.0762e-15,1.3613e-11,1.9666,0.020624,4.6917e-05,5.0699e+07,6.2324e-12,4.669e-08,27.981,1.5334e+13,0.011409,21042,511.36
4.8031e+08,3.7949e+05,0,2.9394e-05,8220.6,99.582,0.00070809,8.516e+12,3621.3,1.1892e+06,0,2.8198e+07,4.8428e+09,42693,1.5734e+06
3.5811e-133,9.2515e-127,1.9274e-130,9.7267e-133,1.0022e-132,6.8082e-62,2.8452e-70,6.8497e-57,4.3757e-66,4.0364e-62,1.5259e-68,3.7953e-53,6.7681e-64,2.7732e+12,1.5727e+06
10772,2.0968e+07,2.4064e+12,0,7.1688e+08,0,8.1141e+06,4.4367e+05,5.2535e+09,5.7191,0,6.8184e+11,3.4741e+07,4.1179e-08,6.3165e+05
6.4668e-118,3.8885e-121,4.8284e-53,1.0041e-59,0,9.2623e-61,2.4667e-56,2.5486e-60,0,6.31e-57,9.2376e-65,3.587e-64,3.6783e+12,2.9701e+06,1.2687e+06
1.2378e+08,6.4647e+12,2.2543e+09,1.6707e+07,1.308e-08,0,3.5345e+09,7.0256e+07,3.3994e+07,7.8935e+05,1.6809e+05,0.041999,0,3.1938e+07,3.5181e+05
0.14922,7.3307e+05,1666.1,1170.5,7.8439e+12,0,107.83,3.3518e+09,0,2.8137e+05,0,6.3012e+09,1.2867,5.3215e+08,1.3156e+06
36.304,1.8542e+06,45.259,286.78,1.7966,6.8653e+12,24.213,0.2194,0,1.7171,4.2089e+05,1.5339e+08,5.2045e+07,2.2575e+09,1.2341e+06
0.85855,79.488,2.4621e+05,5.1889e+09,0,8.268e+12,1.4837e+10,3.6315e+05,4.5068e+08,1.5939e+05,1340.8,0,93094,0.36887,7618.7
0.03547,226.79,1.0699,1.2462e-07,2.9535e+06,0,5.4233e+12,2.753e+07,1.0142e+10,2.7838e+07,17133,262.26,80.315,5.0793e+06,2.1161e+06
0.00061204,1238.6,1.0286,5.9362e+08,8.071e+12,5.7357e-10,2.7283e+07,69.207,3064.9,4.0648e+08,0,613.46,207.62,0.51465,190.83
20944,1.5689e+12,2.4465e+09,5.3162e+07,0,1.0686e+09,3.127e+08,3.613e+06,10.466,8.0534e+05,5.1005e+08,2.0421e+05,2640.9,0.00048168,2.9318e+06
4.4605e-72,8.1652e-69,5.4918e-66,0.42209,2.3134e-15,0,2.6144e+08,11556,0,15.659,58035,5135.6,1.9721,8.1425e+12,1.1516e+06
4.5421e-64,32.31,0.050371,0.0010946,0,0.022001,0.0064383,0.034847,1.9059e+12,6.4873e+08,4.4968e+08,2.1678e+05,143.84,0.00051131,2.9403e+06
1.2848e-05,6.4922e+11,810.57,22901,0,2.6671e+08,6.2476e+06,5.1853e+06,1.1192e+07,63434,2.0635e+08,77497,6.8722e+07,6.1271e-09,2.2422e+06
1.3841e-65,0.98459,0.00046548,14525,51.193,0.051406,1.8929e-07,0.019228,5.0267e+08,1.3677e+05,2.2498e-08,4.4756e+12,0,5.6869e+06,1.119e+06
204.69,0,2.468e+07,56.269,8.1289e+12,9.4526e+05,1.5973e+08,0,1.0119e-06,0,4.5432e+06,4.2266e+07,2.0561e+07,11364,7.0357e+05
2.1563e-61,1.1831e-66,1.4483e-64,3.7477e-58,2.1502e-72,0,6.5307e-61,7.5055e-61,9.8576e-70,7.076e-53,5.0592e+12,2.8113e+07,5.4247e+06,1.4904e+05,18059
5.0699e-123,3.6064e-58,5.6882e-62,2.6302e+07,0.0093281,0,1.4441e+13,2.0281e+10,4.4554e+07,0,0,34.263,0.0081473,6.9982e+07,47526
8.2971e-122,4.573e-125,2.7688e-125,6.4051e-57,5.5491e-63,0,4.5647e+08,322.64,5.6474e+12,0,0,16944,315.17,13.149,2.2183e+05
7.3925e-08,16195,9.858e+06,8865.9,172.02,13151,7124.3,0,5.875e-08,4.3985,1.5945e+13,2.2621e+10,0,3.7757e+05,4.7353e+05
13.85,0.0058653,7.7868e-05,0,0,0,0.010993,62044,0.014275,0.03471,1.6654,2.0344e+12,7.8579e-19,3.8341e+07,3.1195e+06
1.3549e-06,551.01,5.1352e+07,3.3282e-07,1502.5,0,5.3059e+12,7.1509e+09,1.5195e+09,7.1931e-05,7.2916e+06,3.4876e+08,0,1.795e+11,1.6413e+06
0.21167,2.1594e-07,131.7,1.7458e+06,0,1.4777e-12,0,7.8113,1.2253e+13,9.983e+05,8.0253e+05,6.6462e+07,0,0,3.5276e+05
8.4777e-128,7.3365e-123,1.5458e-126,7.7569e-129,7.9926e-129,5.4295e-58,2.269e-66,5.4625e-53,3.4896e-62,3.2189e-58,1.2169e-64,0,2.8331e-57,3.9859e+12,1.8855e+06
1.59,3.2178e+06,2672.2,1.7893e-07,5630.5,1.0314e+13,1.1192e+06,4.7803e+07,1.8774e+10,1.4431e+09,0,0.058837,232.53,3.8222e+06,1.1927e+06
0.025091,458.64,0.42812,0,7.6943e+07,1.6542,8.0141e+12,4.473e+07,0,8.2813e+07,9.3176e+06,1.0862e+08,0,6.3825e+05,1.7045e+06
4.2072e-05,85.143,0.10076,9.0095e+05,2417,8.0052e-07,5.028e+12,1.2525e+06,0,4.0301e+07,0.0012179,0,112.59,4.8864e+06,1.1487e+06
1.2258e-09,0.32951,560.34,0.13435,7.4715e-06,2.035e-07,0.0008287,0.67938,4.3296e+06,22.932,4.2507e+12,1.6078e+08,0,6.168e+07,2.5586e+06
2.9035e+06,2.1754e+08,1.5319e+05,3806.6,0.047522,7.0055e+06,5921.9,2994,4.8634e+12,0,8.0535e+05,1.9013e+09,7.3255e+05,4.4961e+07,2.029e+06
3.6675e+09,2.1003e+06,85241,1090,54321,0,1.0514,39924,27.781,8.7664e+12,0.0014734,124.38,2.2674e+10,7.7189e+06,65399
9.6631e-73,4.4665e-77,5.592e-69,3.5265e-65,5.5961e-62,2.0715e-65,4344.2,2.9808e-11,0.18097,3.7848e+06,1.5018e+12,5.0442e+06,0,2770.4,3.1294e+06
3.7229e-71,1.9347e-66,8.1404e-58,0,0,6.9145e-53,1.1487e-55,2.7401e-58,2.7261e-65,1.0497e-56,7.5571e-58,4.8653e-58,5.5731e+12,4.6786,9.2912e+05
9.0577e-08,0.0041881,4.6507e-16,8.6622e-07,0,0,1.2189e-14,3.5964e-06,89204,7.2569e+07,0,7.0326e+12,5.6994e+05,7.0129e+05,9150.1
3.0938e-73,2.3328e-67,2.4129e-62,1.0799e-67,2.6002e-65,1.9591e-65,1952.4,1.8429,5.2868e+08,7.2887e+12,0.022403,1.6111e+09,549.05,77.497,1.2267e+06
4.3327e-132,3.082e-67,3.9932e-61,6.4876e-57,4.1512e-61,9.2198e-61,3.7176e-60,3.4142e-53,4.3523e-56,1.0128e-56,0,6.4087e-60,2.7694e+12,9.7154e-05,1.865e+06
9.2261e-67,5.59e-74,6.1531e-64,2.2246e-59,6.4681e-63,1.6545e+06,0,2.9439e+12,4.6303e+07,7.9332e+08,2.5822e-05,1.2943e+08,59.235,4.7163e+05,2.6833e+06
6.8888e-53,1.6897e-56,5.055e+12,2.2738e+06,2.8472e+09,1.1951e+06,0,1.342e+05,9.444e-05,3.0326e+07,157.02,2.475e+07,4.6604e-05,2.4545e+05,1.3155e+06
88079,5.0585e+08,0,0,0.010724,2.2698e+05,3.6059e+12,0,1.2791e+05,8.8459e+05,5.5198e+05,1.1148e+07,0,0.22298,2.6923e+06
1.5384e-12,9.1096e-06,11.813,5.8295e-06,0.00076834,4.2139e-05,6.6985e+08,3.0553e+12,3.8901e+09,6.5967e+09,0,1.6656e+08,0,1.2038e+08,2.1756e+06
2.3061e-52,1.6405e+13,4.4345e+06,3.55e+07,0,8.7001e+07,8.8271e+10,8.5762e+07,37.672,1.6711e+06,0,1.1209e+08,5.9443e+07,2.2228e+05,29000
1.9585e-125,1.1899e-121,8.683e-57,0,5.6402e-61,0,1.9967e-68,3.0988e-53,5.4843e-61,1.445e-60,2.2809e+12,6.9417e+11,1.9035e+09,1.0079e+06,5.459e+05
2.5015e-78,3.9227e-68,2.4416e-84,8.0125e-63,0,3.7207e-59,5.1619e-83,3.8242e-62,2.4684e-68,0,0,5.6306e-64,3.2546e-53,2.3204e+12,3.0858e+06
7.8095e-06,293.94,0.0077983,0.0018939,2.1711e+08,0.38624,0,85193,0,5880.3,1.8558e-13,6.6803e+12,40683,5.3489e+05,1.0135e+06
6.6874e+12,7.2589e+06,1.8817e+07,0.00017555,2.6741e+07,3984.2,2.4749e-05,1.9158e+08,1.6171e-05,2.928e+08,3.1848e+07,2.2165e+05,0,0,46211
1.1237e+05,0.0065606,7057.4,1.034e-05,50.521,9.0377e-11,0.00012957,1.205e+13,1042.1,2.5619e+10,0,1.0294e+05,242.11,1.566e+07,15904
7.1514e-66,2.3399e-61,0,1.6328e-55,7.8612e-53,3.0641e-62,2.527e-59,1.057e-59,3.2879e-57,3.0389e-56,0,6.4348e+12,0,0,6.4984e+05
55613,234.6,0,0,1.0493,0.012586,1.0771,1.0668e+09,3.2047e-06,148.96,0,3532.2,1.1624e+13,55585,0
1.3002e-07,0,0.00012273,1.6033,0,8.4818e-10,3.0202e+06,13.293,2.0851e+13,1.5751e+06,41.787,1.1615e+08,5.5044e+08,0,13.866
5.8227e-09,5647.1,1.0461e-05,7.9792e+08,3497.9,1149.1,0,1.1754e+13,3593.9,6.4064e+07,8.2835e+09,3.4466e+05,1.0774e+08,1.1938e+09,9.4304e+05
4.3303e-59,0,1.7105e-62,1.4217e-55,0,1.4145e-58,2.5381e-58,1.9719e-58,1.2887e+10,4.7221e+12,1.4108e+07,52.704,1.5086,9402.8,1.4881e+06
3.5475e-71,1.5326e-62,1.4284e-57,7.5957e-62,7.7155e-63,2.2942e-68,2.2896e-68,1.5747e-60,2.3954e-53,0,0,3.6687e-58,2.559e-60,1.7462e+12,2.6959e+06
0.00011557,0.21621,3864.4,0,0,0.020029,3.1321e+12,1.3651e+09,7.0282e-06,0,1.114e+06,2.2046e+05,5.2832,1.3646e+06,0
34.989,87860,2.3231e+08,1.0786e+13,0,7.0531e+11,3.7002e+10,7.2317e+05,9.9764e+08,3.048e+05,5.0549e+09,0,1.9832e+05,6.809e+08,3167.8
4.8625e-09,5.4646,0.0030616,4.263e+08,427.53,1.0613e+06,40335,2.2327,4.6333e+07,5275.3,4043.7,2.2826e+12,0,8.1139e+05,1.4266e+06
3.8912e-126,1.1366e-122,8.3869e-58,1.3192e-64,1.4764e-77,2.6125e-60,4.4245e-61,0,3.5611e-61,0,7.2159e+07,1.8911e-05,1.2566e+13,865.33,3.2388e+05
3.0487e-07,0.61699,0.00051237,2.8517e+05,832.21,1.8466e-09,8.4838e+12,2.1122e+06,0,6.9934e+07,0.0020541,0,189.89,8.2412e+06,1.0274e+06
1.3928e-11,2.1363e-07,1.6373e-10,595.99,0,0.86984,0.026861,1.0969e+08,7.7662e+12,0.0079619,9.9551e+08,0.0076932,77922,5.577e+05,3.2202e+05
4.5606e+12,1.3283e-08,5.3928e+06,0,4.8995e+09,1.9677e+08,3.4374e+05,1.6428e+08,2.3189e+06,1.469,0,0,0.00055551,2.2711e+08,5.1673e+05
0.065593,15264,2.4396e-05,2.389e+08,1.0523,774.03,0,242.96,1.8652e+13,3.8726e+06,160.8,9.1702e+05,3.8688e+08,1.59e+09,9939.1
5706.8,29.453,9.0861e+06,2.7638e+09,0,42420,1.7412e+05,2.4677,0.024013,1.171e+13,1.4203e-05,4.0594e+07,0,3.5686e+06,7.4414e+05
1.6724e+13,4.1527e+05,2.4569e+08,6.6439e+07,0,0,0,0,3.0011e-07,0,2.5953e+10,3.8853,0.0014932,91485,0
1.3816e-05,561.54,0.014897,0.0036179,4.1475e+08,0.73785,0,2.174e+05,0,11301,3.5666e-13,1.2839e+13,65.928,1.0279e+06,1644.4
2.8106e-123,1.9993e-58,1.658e-61,9.2277e-53,2.6789e-55,1.0412e-62,5.2778e-55,2.9378e-59,8.2505e-64,9.309e-58,8.4526e+12,4.9461e+07,3.0159e+07,8.2229e+06,1.0444e+06
0.00015236,6192.7,0.16429,0.039899,4.5739e+09,1.1765e+13,0,8.0814e+09,0,2.9392e+08,3342.9,912.82,65.957,1.961e+06,1645
24.467,4.1404e+09,2.6483e+12,0,1.2874e+09,6.3277e-14,1.4327e+09,2.317e+09,1.5187e+06,974.53,0,2.5117e+06,0,7.7766e+05,2.184e+06
5.234,9.8586e+06,0,9.9274,0,0,270.3,76.203,3794.1,0.00080847,0.021512,0.66434,178.38,1.3042e+13,0.02398
1.4441e-12,0,1.0449e-18,2.121e-07,0.48381,0,35264,1.1805e+13,1.5492e+08,0.00084597,4533,0.00042164,1.158e+05,0,3.9246e+05
0.21822,8.8745e+07,8.0615e+12,0.20187,4.5982e+07,3.3488e+09,8.9188e+09,1.2116e+10,2.753e+07,8.2062e+08,7.6186e+07,8.9389e+07,9460.9,0,2204.1
0.42374,2.24e+07,4.8207e-07,1.5132e+05,2.5051e+12,0,3.3618e+07,18986,1.0938e+07,302.93,52872,337.46,0,3.88e+05,1.4405e+06
0.21278,3.4873e+05,1.2471e+08,1.6478e+12,1.2602e+06,1.9393,8.6107e+11,5.8245e+05,9.3857e+10,205.19,59.324,5.4427e+08,0,17.093,2.9632e+05
1.4737e+06,2.9825e+12,3.0936e+09,0,9.2579e+09,0.020542,1.2675e+07,9.607e+06,1.206e-06,4.2566e+07,0,0,80.821,3.4571e+06,6.6544e+05
4.7361e-07,0.00096303,110.41,5.0458e-06,0.00015215,0,5.107e+12,6.0675e+07,0,10.876,0,0.13817,0,0,5.7583e+05
1.529e-57,3.0682e-60,1.1873e+08,1.9164e+12,4.8493e+08,0,1.46e+09,377.44,3.697e+05,5.721e+08,0,0.008291,12.243,137.58,2.0968e+06
1.5414e-64,2.3682e-60,8.6939e-58,4.1448e-53,2.9769e+12,2016,1.0391e+09,666.51,5.6062e+09,3.2266e+07,0,3335.9,663.02,1.2493e+06,1.7681e+06
3.0687e+07,5.8412e+12,0,1.9326e+08,1.5598e+08,0,3.7434e+09,6.2549e+09,0,1.0287e+09,2.3158e+07,2.1547e+12,6319.7,2.3702e-15,3106.2
0.00013316,269.49,0.2238,1.2456e+08,1.6576e+13,1.964e+09,5.512e+07,6.661e+07,6.3943e+09,1.8703e+08,0,6.4562e+08,2.3755e-10,0.40335,2788.8
1.4852e-05,0.77924,0,5.3712e+08,0.0010774,8.7791e+12,1.8817e+06,1.1357e+08,9.3563e+09,9.2151e+05,3.7516e+07,2.5844e+08,0,8.8463e+06,3.685e+05
2.0705e+07,1.0686e+05,3.2965e+10,1.0027e+13,0,7.9961e+09,6.6097e+08,1.4761e+06,91.214,0,0,4.0688e+06,0,3.5414e+06,6.8902e+05
5.6605,2.8126e+05,0.013426,0.65683,5.0092e-15,0.41008,439.95,0,1.21,2.7786e+08,961.13,140.09,323.3,1.2192e+13,3.9083e+05
26491,4.8352e+12,0,1.8294,0,0,1.3213e+08,3.6966e+07,8.9164e+09,6.3533e+08,0,47.308,0,2.0178e+06,2.2789e+06
2.136e-73,4.7849e-67,1.3752e-60,0,9.7282e-62,1.406e-55,4.7025e-67,1.4598e-52,5.4893e-56,8.2302e-58,0,1.1513e+13,0,1.1104e+07,1.1926e+06
2.6386e-52,1.877e+13,5.3376e+06,5.745e+09,0,5.4641e+07,2.6153e+10,9.4414e+07,0.00027256,1.7146e+06,42.178,7.7796e+07,3.0405e+08,0,35692
3.5038e+06,9.7169e+12,1.0288e+09,3.2645e+08,3.183e+07,9.6382e+05,0.2527,1.5073e+06,1.2615e+09,0,17.563,1.8068e+08,1.0106e+07,3.5829e+06,7.9304e+05
244.61,0.14265,0.0060542,7.2753e-05,0.0036389,0,2.2656e-07,3.6908e+07,0,4.0846e+12,0.00066231,8.391e-06,95283,0,8.8508e+05
2.8689e-125,2.0407e-60,1.5214e-69,9.364e-66,4.152e-53,2.9548e+12,9.6341e+07,6.4953e+08,4.9409e+07,8.5851e+08,3.6222e-09,0,61.074,4.9967e+05,2.7246e+06
0.00082081,2.9898e+06,3.9055e+12,1.1505e+08,6.7347e+05,0,0.032719,5.775e+07,2.1634e+08,7.9684e+07,565.27,0,0,1.4107e+06,1.0182e+06
1738.3,8.2536e+07,1.3803e+12,0,0,7.1558e+06,2.1585e+09,6.6269e+08,8070.9,1.6249e+05,5.4121e+05,1.0711e+05,12.835,5.7657e+05,1.7304e+06
0.013633,28261,474.4,1.2709e+10,1.2375e+07,9.4726e-13,45059,0.1143,5.0617,1.8363e+13,0,1432.3,481.39,4.168e+06,0
4.1135e+12,4.465e+06,1.1439e+07,194.52,3.1085e+07,2454.4,1.5246e-05,1.1167e+08,4012.9,1.6956e+08,0,1.3587e+05,0,0.33866,1.8678e+06
1.5682e-55,1.1155e+10,7.2521e+12,0,0,632.82,4.4958e+08,41.738,0,2.3947e+09,0,2.0048e+08,27126,1.6554e+06,1.7573e+06
2.0096e+08,1.0496e+13,329.87,2.6143e+07,0,0,5.5308e+09,1.1124e+10,5.6259e+07,1.3063e+06,2.7818e+05,0.16535,0,2.6092e+05,4.0995e+05
8.1169e-66,1.2638e-58,0,5.5717e-57,1.7681e-61,2.4641e-53,1.2264e-56,1.8801e-56,4.3583e-60,4.5969e-70,0,1.0577e-57,2.0229e+12,4.8665e+05,2.279e+06
4.7186e-61,8.6918e-64,2.3598e-57,3.9521e-62,2.6456e-53,0,1.8683e-56,8.2481e-60,6.7401e-60,1.3223e-59,0,2.0275e+12,2.6792,8.969e+05,1.9876e+06
7.0161e-61,1.2843e-57,7.9581e-53,5.7075e+12,7.0587e+06,4.1865e+11,0,9.3102e+09,61695,4.4768e+05,4166.6,1.6658e+08,1726.1,2.8373e+08,0
0.025771,8.2755e+06,0,8.0434,0,0,226.58,63.879,3180.5,78.248,0.01814,0.56022,150.43,1.0998e+13,0
2.0083e-61,1.7428e-66,2.1532e-66,3.2616e-55,2.3238e+10,1.635e+13,1.041e+08,1.1686e+10,0,4.2503e+08,4834.1,1320,95.38,2.7837e+06,9021.2
206.67,1.3214e+06,6233.6,2.593e-06,12.103,0,2.799e+12,1.4209e+07,1.572e+10,1.5251e+07,9376,143.68,44.001,2.7827e+06,1.5663e+06
1.3936e-57,1.1752e-52,8.4177e+12,9.7918e+07,1.2162e+07,0,4.0176e+08,1.0324e+08,2.946,8.2895e+07,4.1872e+06,5.2702e+09,187.82,2.6431e+05,1.2245e+06
1.4105e-126,1.0033e-61,1.9841e-69,8.988e-70,0,1.5154e-63,1.4608e-63,6.0179e-70,1.6158e-64,1.5337e-68,11774,0.041188,0.042762,9.6466e+12,3.6724e+05
167.92,0.025937,0.00017182,0,2.3535e+08,0.0010461,0.0071506,884,1.4238e+13,0,1.6917e+06,8636.3,2.5629e+11,0,67.13
6.5665e-121,4.671e-56,7.3673e-60,3.4067e+09,0,0,4.3777e+05,1.0405e+05,10071,0,1.5824e+13,0,0.0084931,7.2952e+07,48524
2.9642e+12,8.5484e+06,3.2787e+08,0,7.6697e+08,7.06e+09,21270,2.9463e+09,7.9776e+05,0.0023686,1.4437e+07,1.7715e+07,67950,3.4263e+08,2.6465e+06
9.8967e-59,5.4403e-64,3.9501e-62,3.2648e-55,0,0,5.4834e-58,4.2601e-58,2.7841e+10,1.2795e+13,3.7821e+07,0,4.2853,25207,37064
1.626e-06,3.3403e+09,1.1491,0.16694,0,7.0822e-17,1.7364e+06,3.2142e+06,3283,2.1287e+12,0,4538.7,5.5683e+07,5.3449e+05,1.9423e+06
1.4368e-68,6.2234e-75,0,2.9574e-65,4.471e-62,4.4752e-67,1.9466e-71,5.9582e-69,2.5347e-69,4.0201e-59,7.512e-53,5.3517e+12,5.6727e-11,8.135e+05,1.5323e+06
8.9362e+12,897.34,0,0.22183,1.7942e+09,1.3836e+07,1.7038e+10,0,3.9273e+07,7.0943e+08,4.0536e+07,9.148e+07,9765.6,1.1291e+09,1216.6
2.365e-192,1.0931e-196,7.5741e-187,5.4069e-122,3.8462e-57,1.354e-60,2.8396e+08,1.9483e-06,11945,1.4731e+12,2.4503e-12,1.0639e+07,5.7458e+08,2898.9,3.2012e+06
75537,1.3947e+13,0,5.2769,1.4549e-06,6.013e+06,3.8163e+08,1.1978e+08,2.5762e+10,3.5308e+07,0.17063,18.38,1.3666e+05,3.8863e+08,0.73762
0.13364,268.7,0.058431,0.0012016,0.0015361,1.7897e+07,7.3714e-05,1.8149e+12,3.8617e+09,1.1414e+07,2.2969e-05,5.7179e+11,8.0238e-09,4.833e+06,1.9891e+06
9.4302e+05,260.45,2.3898e+09,1.2207e+13,0,1.0451e+10,2.2694e+10,5.5547e+05,9.728e+05,38446,0.0083899,4.4528,86460,0.010886,4.3228e+05
7.8404e-16,2.5734e-11,3.0427e-08,0.0040344,0.00028667,3669.3,0,9.1132e+06,3353,50.282,0,1.501e+13,0,1.6074e+10,4.7213e+05
1.0016e+08,30690,0,21827,1452.1,5.9702e+12,2.8125,7.749e+09,9.0729e+08,2.7849e+11,2.1594e+05,0.00059777,18.179,4.1967e+06,6.6737e+05
2.2231e+12,7.9527e+07,1.6715e+07,1.1578e+07,7.0909e+08,0.31852,245.97,6.592e+07,48.843,1.2466e+09,2729.9,8.0728e+06,0,0.76372,2.1089e+06
0.014872,6.4413e-09,0,30.609,46820,0.46851,2.0378e-05,0,0.0026517,4.2056e+07,3.8491e+12,1.2663e+07,4.1227e-11,4.8645e+05,1.3063e+06
4.5904e-67,8.3909e-63,605.74,0,9.4326e+07,2.0279,9.8246e+12,5.4836e+07,0,1.0152e+08,1231.8,1.4126e+08,0,7.8096e+05,1.3102e+06
2.8407e-69,2.0017e-64,5.3844e-67,9.859e-58,5.8226e-68,0,9.5482e-68,5.4514e-61,1.2756e-65,2.7905e-66,1.6878e-64,7.3622e+07,1.9512e+13,2.8622e+05,701.73
2.48e-134,8.1143e-130,3.8071e-127,1.8143e-117,1.2906e-52,4.6011e-62,3.7946e-59,0,4.9337e-57,4.8868e-56,0,9.6683e+12,0,12629,8.19e+05
4.8715e+12,1.7276e+09,8.6845e+08,8.8737e+06,1.6216,1.0127e+06,0,1.342e+05,9.2635e-05,2.9746e+07,154.02,20254,0,2.3976e+05,1.2912e+06
5.1184e-195,3.6409e-130,2.0935e-124,1.4931e-59,1.0621e+06,0.0053157,1.3111e+13,2.1891e+06,1.7124e+09,7.7118e+07,0,6.348e+07,3.6723e+08,1.7486e+06,9.6529e+05
3.9301e-13,0.0061629,1.2633e-09,0,6.079e-10,536.12,0,0.4421,1.3451e-10,0.0026669,7.1854e-12,0.0081994,4.5793e+08,1.0173e+13,1.3432e+06
2.0866e-12,3.1301e+06,2.0018e+09,0,9.7314e+05,0,1.295e+05,1.6745,0.080005,4.0278e+12,0,254.78,13919,9.9527e+05,2.613e+06
6.9249e-56,4.926e+09,1.252e+13,1.6073e+08,0,4.583e+06,2.835e+10,5.5406e+05,6.8761e+08,2.4696e+05,328.71,0,1.4203e+05,0.53216,4.3465e+05
1.8662e-71,8.1994e-75,2.0074e-66,3.9682e-58,4.2325e-61,3.4369e-61,3.1846e+07,28191,8.607e+12,3.0681e+09,0.027106,1.9493e+09,664.3,93.765,1.2879e+06
7.1696e-61,3.1135e-56,0,2.236e+09,2326.5,3.3349e+07,7934.4,2.2741e+06,1.5246e+13,1.4534e+06,6.1398e+07,0,0,0,4.6854e+05
4.1394e-05,8.1623e+06,1.0769e+10,0,1.4583e+06,0,16.718,15.306,31325,2.0519e+13,0,1298,70912,5.0704e+06,30505
2.0104e-64,1.0003e-57,2.107e-66,5.3861e-62,2.0343e-52,0,1.15e-62,1.215e-55,0,7.3784e-60,5.1524e-64,1.6524e-55,1.618e-63,1.6117e+13,3.3763e+05
3.6043e-05,1.8212e+12,2273.9,64242,0,1.2172e+07,5377.4,1.3963e+07,13232,1.7059e+05,5.5129e+08,1.269e+05,0.015732,0,1.899e+06
1.9572,4.0156e+06,3334.7,1.856e+12,6.3976e+09,5.379e-05,1.5647e+12,5.2307e+05,0,5.9831e+07,0.0033639,5.8452e+08,227.51,7.1773e+06,1.0067e+06
1.5801e-66,0.1124,2.2951e-08,0,2.8417e+06,1.0122e-05,6.4351e-05,41.056,0.2987,5.6748e+12,0,2.2242e+12,0,0,422.88
0.0055653,15955,1.0674e+10,2.4294e+12,0,3.398e+05,60.844,0,1.0305e+08,0,3.9481,1.8379e+07,6.381e+07,56.136,1.2839e+06
0.0025143,2.4176e+09,3.848,1.1763e+07,1.3102e+06,19061,8.2162e+12,9.2358e+06,0,3.912e+07,8.7858e+07,3.2756e+08,8.4463e+08,1.455e+06,4509.1
3.3205e-67,5.1192e-61,7.6775e-81,1.8597e-69,1.597e-64,5.2035e-63,2.5626e-65,46204,0.031812,4.4116e-11,4.6539e-05,9.8814e+12,0.0046343,6.8861e+05,0
0.0011662,2604.4,7.4851e+09,0,5.5685e+08,1.1032e+08,0.048317,1.4999e+13,3.9664e+06,7.3449e-05,0,9.4376e+08,0,1.5018e+07,4.1142e+05
2.1039e+05,253.57,119.21,8.0162e+07,874.21,1.3061e-07,1.9034e+05,0,1.2209e-11,0,23269,451.47,6.1755e+12,0.0013872,0
1.7588e-124,0,1.2511e-59,7.9733e-58,3.8972e-76,4.3726e-53,2.3773e-57,3.1866e+12,24355,1.0193e+07,39977,1.7303e+09,0,1.1142e+06,1.1823e+06
0.13732,2.7622e-06,12912,5.4343e+07,7466.3,0,3.1619,208.37,25.25,1.1614e+05,3612.4,1.0345e+13,52298,5.9485e+05,4.049e+05
4.2242e-125,1.1243e-121,5.1846e-125,9.6407e-132,9.8705e-130,1.5927e-117,1.1528e-52,6.5127e-58,2.3239e-57,4.6365e-65,8.3136e+12,2.869e+05,2.394e+08,1.0356e+09,517.4
1.7619e-131,1.2533e-66,3.9047e-77,9.6574e-70,0,1.0138e-83,0,2.749e-63,2.9429e-66,2.835e-70,217.64,0.00076136,3.1378e-10,7.6145e+12,1.5605e+06
3.7661e-12,0.92122,5.0231e+07,1.8235e+12,6.6994e+08,0,19.285,3810,3.5195e+09,5.7749e+05,0.99387,92361,0.0049344,4.6541e+07,2.8929e+06
1.5948e-08,0.00017533,0.063919,32039,4.2634e+09,5.5739e-20,13874,3.846e+06,2.6441e+07,2.1556e+12,0,8.5876e+07,32.183,2.0336e+06,1.4195e+06
1.3981e-55,2.0123e-56,1.648e-52,1.2683e+13,44.487,9.2129e+09,4.6202,0,1.0886e+05,0,1.0608,4.1198e+05,5.0993e-05,2.5335e+08,64975
6.3843e-53,4.5414e+12,89143,40682,6641,0,5.2446e+10,2.7534e+09,6.0611e+09,5.753e+05,1.0443e+08,2.1898e+07,2.2735e+07,1.1085e+09,2.8385e+05
4.3133e-57,6.2081e-58,5.1095e-60,6.1329e+08,20649,4.5066e+05,0.000226,0,9.0107e+12,1.4327e+06,0.61065,2.8245e+05,0,5.0948e+08,40454
3.3701e-126,9.8438e-123,7.2638e-58,1.1426e-64,1.2787e-77,2.2627e-60,3.832e-61,0,3.0842e-61,0,6.2496e+07,883.66,1.0965e+13,1.5226,1.1841e+06
0.041483,92928,22.94,0,6.9688e+08,4.0546e-06,1.2247e+06,3015.2,2.7469e+05,5.1253e+12,0,1.1316e+12,6.5366e+07,22242,1.1813e+06
1.8923e-15,2838.7,1.8154e+06,3.4724e+12,1.5644e+09,7.6891e-14,1.8852e+09,3.2067e+09,4.6342e+09,3.816e+05,0,3.2774e+06,0,1.0148e+06,2.6385e+06
1.7721e-60,1.2605e+05,1.7043e+12,4.2136e+05,6.3303e+08,3.153e-06,17.871,2.6035e+05,3.2635e+09,5.3549e+05,7.4486e+08,3.2394e+07,0.0047933,4.521e+07,2.6682e+06
9.6436e-68,1.939e-64,4.2164e-68,8.671e-70,1.1085e-69,14.963,6.037e-11,1.5052e+06,1610,0.24493,2.3929e+12,6.8256e+11,4.9497e-09,0,2.1711e+06
10122,5.1732e+08,1.3055e+06,2.5863e+06,0.38169,0.00014487,9890.8,6.4959e+05,5.9574e+12,0,9.9635e+05,0,7.1347e+06,5.2308e+07,1.2413e+06
1.1324e-132,8.0554e-68,7.66e-72,1.1562e-63,6.3937e-74,3.8575e-69,1.3162e-56,8.6504e-70,1.4964e-59,6.3966e-53,0,4.6861e+12,0,1.4442e+08,2.1149e+06
2.8725e-131,2.0433e-66,2.6243e-61,4.28e-57,2.7162e-61,6.1328e-61,1.2379e-62,4.5887e-53,5.7971e-56,0,0,1.1992e-53,7.9099e+12,0.00027749,7.1334e+05
8.8915,8.3242e+12,2.1773e+08,4.3066e+07,5.4722e+07,0,5.4628e+09,2.057e+06,1.9284e-05,20148,2.7996e+07,1.7579e+09,0,2.3222e+06,2545.1
20808,3.8421e+12,0,1.4536,4.0078e-07,1.5556e+06,1.0576e+08,3.2996e+07,7.0966e+09,1.0596e+08,0.04733,5.0983,38512,1.1503e+08,1.475e+06
1446.5,0,2.1008e+08,699.27,4333.8,0.015232,758.73,0.0011732,3170.2,912.04,0,45556,6.0793e+12,0.21035,1.5286e+06
5.4057e-07,219.83,1.9969e+07,0,125.99,0,2.0517e+12,2.7651e+09,4.3911e+08,6.5686e+05,8.8117e+08,4.3558e+07,0,0,2.9412e+06
9.0881e-63,2.2457e-55,2.0335e-52,1.5443e+13,54.165,1.1217e+10,768.9,2.9343e+07,2.5116e+06,0,49593,1856.5,0.24851,6.6005e+07,4.5866e+05
1.9964e-05,44.722,1.1437e+09,0,1.0496e+13,0.063139,7.9103e+07,4.1521e+07,3.8253e+09,1.1152e+09,0,8.8743e+07,3.8354e-05,4.2351e+06,1.2358e+06
5.3841e+06,1.0896e+13,9.0486e+09,2.9722e+09,7.4953e+09,1.4549e+09,1.7037e+10,5.3587e+07,5.1678e+09,1.5048e+08,0,5.1944e+08,1.9113e-10,0.32452,34370
2.9924e-10,290.22,5.3759e-07,4.1007e+07,179.76,59.054,0,6.0532e+12,1830.1,3.2623e+07,4.2182e+09,1.7551e+05,2.3166e+09,6.2752e+08,6.683e+05
2.3858e-66,9.6971e-59,2.6334e-62,7.1294e+06,5.184e+12,0,0.00095774,3.5212e+05,2.5531e+07,1.3324e+08,7.4571e-05,0,1.9203e+08,4.0912e+05,3.1027e+05
2.5702e+07,919.44,193.25,1.6895e+12,2.3649e+07,0.2322,810.98,4.8055e+07,1.1494e+05,1.0868e+09,153.5,5.9124e+06,0,0.132,1.6402e+06
0.78976,39881,35.189,1.7587e+10,17803,19853,0,2.2899e+06,13.683,0,1.035e+13,44217,0,6.8196e+06,3.9529e+05
2.0971e-16,3.8333e-12,1.4177e-15,7.1474e-05,20.668,4.1935e-06,9.4264e+12,5.1417e+07,0.46068,9.6801e+07,42511,1.2672e+08,0,9.4616e+06,3.6546e+05
0.00025784,1.0953e+05,1.8734e+08,44911,79.171,0.068095,277.3,2.2734e+05,4.1789e+12,8.7735e+05,0,1.6139e+08,0,6.1448e+07,2.5538e+06
1.1811e-55,1.3212e-61,5.3441e-53,2.2164e-65,4.1677e+12,0,1.2407e+08,1.7648e+07,7.6771e+09,5.5237e+08,0,5231.4,1764.7,1.4315e+06,2.1147e+06
2.0276e-52,1.4423e+13,5531.1,388.55,0,0.00010638,7.511e+09,1.386e+10,1.6673e+10,1.5825e+06,6.3825e+07,8.0556e+06,3.9474e+08,3.8042e+05,4.8175e+05
1.3926e-127,9.9059e-63,704.65,3.1862e+08,1.2321e+13,8.695e-10,8.2676e+09,109.99,11289,6.4604e+08,0,974.99,11.445,809.84,101.72
0.0097575,21858,3.0151e+07,0,2.2467e+06,4.9979e+12,2.5396e+08,0,1.5495,2.5775e+07,0.053117,1.1826e+09,51810,4.6613e+06,1.0145e+06
0.0059138,1.154e+09,2.5926e+12,6.8984e+06,1.0843e+05,8.6384e+05,802.16,0,7.9421e+06,3.6969e+05,1.4073e+06,5.5067e+07,1.5445e+08,5521.2,1.5477e+06
0.00010732,240.42,6.9095e+08,0,5.0218e+12,0.029218,1.8433e+07,2.0109e+07,1.832e+09,17.499,0,1.1579e+12,6.6177e+07,1.117e+07,1.1961e+06
1.2822e-125,2.3472e-122,1.4544e-117,1.0431e-52,2.8239e-63,8.1232e-54,1.2139e+13,1.0177e+10,2.0942e+07,5.8674e+05,3.5379e+09,2.2561e+08,2337.8,4.1967e+08,0
2.0929e-62,0,2.2953e-57,4.7088e-63,1.6473e+08,19.089,3225.7,0,2.0435e-11,0,0.00025222,852.27,1.0157e+13,0,7.8091e+05
1.2515e-08,0.00057979,3.9628,6.0806e-05,7.1962e-20,5.8912e-06,0.0063203,0,1.7382e-05,2251.3,0.08068,0.0075172,4.3409e+08,1.7796e+13,1232.8
472.87,1.3114e+09,0,6.1225e+12,6.2701e+10,7.2893e+05,1.6084e+08,0,1.0039e+09,0.02102,3.9799,9.6353e+08,3.9799e+08,0,7.0127e+05
0.060464,3611.1,2.4654e+07,379.69,0.13586,0,39233,0,1427.1,6.4981e+09,2.4236e+05,22462,0,1.5273e+13,182.67
1.4353e-66,7.0442e-60,1.601e-62,1.1247e-62,7.5374e-53,0,1.0162e-63,3.2208e-56,0,2.7038e-60,1.9103e-64,6.055e-56,9.0259e-66,5.9061e+12,1.0792e+06
2.3862e+06,1785.4,2.4821e-15,7.7824e+12,1.5931e+08,559.92,7.4906e+07,8.3683e+07,1.2501e+08,3.3833e+07,0,1.7035e+09,7.1545e+08,2.5631,899.58
0.011711,466.69,0,1.1036e+06,3.3728e-11,1.0386e+13,4.5448e+07,8925.7,4.1555e+06,6.4562e+08,1.9574e+07,581.91,2.2621e+09,3.7525e+06,8.1951e+05
4.0927e+06,4932.5,2.2363e+10,9.6902e+12,1.0457e+08,1.2072e+06,2.0999e+08,1089.6,2.8247e-06,0,2.9465e+09,6.6212e+07,0,0.00028181,3.445e+05
6.658e-61,0,1.1632e-63,1.122e-58,0,3.7742e-55,1.9014e-73,4.8784e-58,2.9858e+10,6.6362e+12,0.72857,429.69,2.8341e+08,13688,1.8108e+06
1.4807e-58,3.7168e-53,9.5743e-57,6.2964e-59,0,2.7472e+12,11459,2.9342e+05,1754.7,1.5486e+07,4.881,3.8265e+08,49.095,1.611e+08,1.6002e+06
1.1549e-14,0.011201,2.0748e-11,1582.6,0.0069378,0.00020604,0,3.3335e+08,0.1007,1795.1,2.321e+05,1795.7,1.2968e+13,1.205e+09,9.3486e+05
2.2473e+07,0,3.3651e-07,1215.2,4.5514e+12,4.7563e+06,791.81,0.24102,0.73094,1.3044e+05,2.783e-06,3.5939e+09,0,9.4927e-07,9.2175e+05
9.4267,5.9484e+08,1.7048e+05,5.5432e-06,1.3308,1.3447e+13,1.2531e+07,0.65909,1.9653e+06,5.4215,3767.6,0,0,2.099e+06,4.3955e+05
5.3136e-68,1.8424e-60,7.1136e-57,5.2244e+08,430.66,0.17579,715.24,5.6537e+05,1.0873e+13,1.999e+06,0,3.4901e+07,3.2031e-08,1.5846e+08,1.2572e+06
1.3362e+10,0,1.2613e+13,4.1115e+09,0,7233.5,1.8655e+10,6.7345e+07,29.582,1.223e+06,30.086,8.3626e+07,35.642,0.022853,25649
3.8722,3.399e-06,4459.7,1.7134e+09,7.8405e-16,0,6.5928e+12,3.8165e+09,2.6599e+09,76764,5.7732e+07,1.9215e+12,1.6573e+05,2.069e+07,4.8584e+05
0.53227,25063,1.6177e+07,0,7864.1,3.3844e+12,1.6322e+09,2.6396e+09,1.3655,1066.2,0,2.5568e+06,0.02582,1.2071e+06,2.3296e+06
4.1342e-127,1.0356e-119,2.9848e-117,2.3808e-52,6.1748e-63,2.4591e-55,1.8041e+13,1.5125e+10,3.2104e+06,0,0,7.1313e+05,9.1057e+08,377.44,871.83
1.122e-07,1.3031e-19,0.00010591,1.3835,3.6582e-13,7.3193e-10,2.6063e+06,11.47,1.7993e+13,1.4659e+06,36.061,1.0023e+08,42.72,0.046245,3.4758e+05
8.2538e+05,3.3747e+12,0,0,200.7,2.3947e+09,1.4929e+07,3.0354e+05,164.89,5.0152e+05,0,1.1063e+07,0,39.328,2.6214e+06
5.8069e-06,1.1243e+05,8.3409e-07,22755,1.6139e+08,1632.4,0.096898,1.4158e+12,1.7654e+08,3.3568e+05,0,5.5726e+07,0,0,1.4699e+06
3.1906e+07,0,0.013503,2044.1,6.4908e+12,3.7321e+06,367.49,0.23227,0,1.8592e+05,0,5.9066e+09,0,0,1.0847e+06
1.4002e-69,8.2204e-63,1.066e-56,5.2605e-63,6.9334e-61,1.2566e-60,5.9293e-60,5.2987e-53,6.7587e-56,1.2777e-55,0,1.1664e-59,4.5615e+12,0.00016002,2.3935e+06
2.392e-65,4.3787e-62,2.7131e-57,1.9458e+08,31583,0,1.1635e+13,5.1849e+08,0,2.5378e+10,4.5077e+09,2.4092e+08,97514,0.77902,4.8467e+05
3.4009e-05,1.2388e+05,3.0977e+08,3.5653e+12,1.8895e-07,2.0055e+06,0.03008,3.1021e+09,1.8509e+08,5.6704e+06,542.3,0,0,1.3777e+06,1.0053e+06
1.9029e-70,3.1469e-64,22.42,0,2.461e-07,0.00015027,5.7525e+07,14.187,7466.9,294.9,7.6178e+12,1.5865e+08,2.2631e+08,1.3417e+06,6.8638e+05
0.0063712,2.1195e+06,10.632,1768.7,30.431,51982,1761.3,0,50.343,0.39776,3.9717e+12,5.8682e+09,1.7846e+05,94225,1.7622e+06
1.4003e-135,9.961e-71,7.0857e-06,2.4452,0.00010904,1.5139e-05,1.7982e+05,1.0052e+09,0.00020126,9.5507e+12,0,3.6227e+08,1.5993e+09,0,3.8166e+05
0.063885,4.2765e+10,3.2501,7.5725e-09,0,0,0.096504,1.2059e+05,0,18636,1.2731e+13,6.4342e+08,41.877,0,4.1115e+05
1.4485e-66,3.0417e-70,6.172e-70,2.6993e-60,1.0282e-70,1.0943e-56,2.2796e-53,3.7081e-58,1.824e-60,1.5325e-58,1.7175e+12,358.71,109.2,4.1958e+05,1.7245e+06
18682,1.5061e+08,1.4163e+05,1.0355,1.0205,3.4975,1.6945e+13,9.4578e+07,1.8323e+06,1.7229e+08,1.0113e+06,9.3368e+07,0,1.3445e+06,4.2181e+05
2.5436,3.7148e+05,0,2.4436e+08,3.1425,2.0583e+10,1.1831,15.651,1.1601e+13,1.2115e+08,2.359e+07,737.11,2.5622e+09,2.9594e+08,9.03e+05
7.1367,1.8437e+07,5438.6,6.5292e+12,0.56125,31.218,1.3214,0,0,2.9274e+05,15.266,1.8207e+09,0,1.5508e+07,1.7869e+06
0.013249,1001.8,1.0348e+06,0,6.5383e-05,1.9847e+13,1912.2,1.3981,2.423e+06,2.5125e+09,0.026803,6.2125e+05,0,8.1914e+07,68.806
3.4035e-61,6.846e-66,6.741e-64,6.0222e-58,8.4291e-62,0,3.5696e-65,2.3524e-63,9.2498e-72,1.3094e-60,5.0487e+07,8.1724e+12,41315,2.4314e+05,3.5986e+05
1.268e-78,1.9884e-68,1.2377e-84,4.0616e-63,0,1.515e-68,5.518e-87,4.088e-66,1.5216e-67,0,0,8.747e-58,1.8275e-52,1.3057e+13,9.5233e+05
1.803e-08,6.139e-09,3.9549e-13,2.9336e-08,0.0007118,0.0060428,0.010179,0.010646,0.01064,0.010387,0.010219,0.006051,0.053105,0.0057922,0.0062909
