70000,1189.63
0 0 0 0 0 0 0 0 0 9.59975 2.75955 0 0 0 0 105.138 0 0 0 0 
0 0 0 0 0 0 0 0 0 0 0 0 0 0 0 0 117.997 0 0 0 
0 0 0 0 0 0 0 0 0 0 0 0 0 0 0 0 0 0 0 106.997 
0 0 0 0 0 0 0 0 0 0 0 0 0 0 0 0 97.8213 0 0 23.675 
0 0 0 0 0 0 0 0 0 0.0682005 0.0295748 2.23273 1.10735 0 42.5059 0 0 0 18.2636 38.3194 
0 0 0 0 0 0 0 0 0 16.5517 6.0718 0 0 0 0 95.3834 0 0 0 0 
0 0 0 0 0 0 0 0 0 0.182309 0.0179116 0.0139502 0.0357554 0 0.518364 0.620378 0.690112 16.3229 3.40575 5.69354 
0 0 0 0 0 0 0 0 0 16.5776 5.98932 1.06074 0 0 0 94.37 0 0 0 0 
0 0 0 0 0 0 0 0 0 16.5776 5.98932 1.06074 0 0 0 94.37 0 0 0 0 
0 0 0 0 0 0 0 0 0 16.5327 5.97857 1.05828 0 0 0 94.4353 0 0 0 0 
0 0 0 0 0 0 0 0 0 18.7339 8.35967 0 0 0 0 90.9066 0 0 0 0 
0 0 0 0 0 0 0 0 0 0 0 0 0 0 0 0 2.50461 0 28.4983 102.493 
0 0 0 0 0 0 0 0 0 0 0 0 0 0 0 0 8.98615 0 76.1166 36.9104 
0 0 0 0 0 0 0 0 0 0 0 0 0 0 0 0 27.8732 0 98.1271 0 
0 0 0 0 0 0 0 0 0 16.5776 5.98932 1.06074 0 0 0 94.37 0 0 0 0 
0 0 0 0 0 0 0 0 0 0 0 0.886285 2.43635 0 50.0604 0 0 19.0164 30.4063 10.7446 
0 0 0 0 0 0 0 0 0 9.71875 2.83627 0 0 0 0 104.944 0 0 0 0 
0 0 0 0 0 0 0 0 0 16.5776 5.98932 1.06074 0 0 0 94.37 0 0 0 0 
0 0 0 0 0 0 0 0 0 16.5776 5.98932 1.06074 0 0 0 94.37 0 0 0 0 
0 0 0 0 0 0 0 0 0 16.5776 5.98932 1.06074 0 0 0 94.37 0 0 0 0 
0 0 0 0 0 0 0 0 0 0 0 0 0 65.9922 0 0 0 0 0 0 
0 0 0 0 0 0 0 0 0 9.97539 3.05825 0 0 0 0 104.464 0 0 0 0 
0 0 0 0 0 0 0 0 0 0 0 0 0 0 0 0 0 0 104.498 0 
0 0 0 0 0 0 0 0 0 0 0 0 0 0 0 0 0 69.3021 64.1939 0 
0 0 0 0 0 0 0 0 0 0 0 0 0 0 0 0 0 126 0 0 

